clade	species	ts	te
0	1	86.004747415889	84.7212716544324
0	2	85.0298676565556	80.6159583737709
0	3	84.6553138156927	83.3884502307659
0	4	165.270352392064	161.373583754847
0	5	172.017706975651	167.569432270664
0	6	182.741568644296	178.803549271137
0	7	165.904462891215	164.275191742083
0	8	129.6289153447	127.79318751422
0	9	131.619138084359	129.695161086698
0	10	88.4766189086007	70.1442086148272
0	11	100.30433846166	98.7463766858547
0	12	83.269282549488	81.9629133662309
0	13	100.432419755814	87.3566250430652
0	14	82.041945672673	66.3375106747054
0	15	84.3883556178812	83.0952660496477
0	16	90.8007103260841	89.7293018952054
0	17	90.450497226782	68.925962242477
0	18	84.7110573883166	66.3759719636731
0	19	90.3364107769879	88.4200656650981
0	20	85.3136845347659	72.233786449913
0	21	82.329657936732	81.0481407875979
0	22	113.782340428196	89.4307955494762
0	23	76.5724322680779	72.2408324411118
0	24	84.9755700796924	83.5827432173047
0	25	66.7848421555455	65.6469143048853
0	26	86.2183069039395	73.8300557919423
0	27	77.3911995392007	75.2934509898828
0	28	86.1706944857285	84.801231975919
0	29	92.7452838911658	89.6302458994944
0	30	94.4523577674146	93.2058547375002
0	31	54.8452065893762	45.3445623888
0	32	95.4848040844057	94.2892257992332
0	33	62.3365469514075	60.6011149645191
0	34	82.027786410737	73.1037311139525
0	35	57.5286223958703	56.2397491758789
0	36	95.8569044114268	91.9838808265756
0	37	53.6257858204144	39.197716653366
0	38	134.341277437549	125.896443482075
0	39	112.279652971713	100.047759563525
0	40	80.8838765822362	67.7663499891021
0	41	96.127119788794	94.9075446750928
0	42	66.2274417550196	50.3819450678257
0	43	66.4884876566908	62.5497897678432
0	44	168.467588559523	166.738779629967
0	45	57.7061716315375	56.3972318948056
0	46	51.4297615222284	49.470424915116
0	47	55.2574825182313	37.3001110314803
0	48	59.4180612156827	58.1954962287309
0	49	178.311982493843	172.003923934266
0	50	71.0250234949762	69.0214125921609
0	51	137.02805941513	135.252303357958
0	52	55.3991193013141	39.8472972710175
0	53	71.7509209810926	66.4105498054632
0	54	57.2441494962837	55.7871629059709
0	55	0.926459168198311	0
0	56	70.1127628096178	68.7489669827723
0	57	60.0103594306049	58.9834572281851
0	58	22.4811317216729	2.03578909326989
0	59	69.4566366449721	68.1636892289861
0	60	64.9130386873867	55.1337851030582
0	61	53.2176703164359	51.6290419049588
0	62	55.3018582917242	42.8113465470098
0	63	69.8506409461322	65.2952092192128
0	64	22.5499914827578	12.5321376068379
0	65	58.9848119995904	55.7121442969838
0	66	66.5248043179945	60.5057924621943
0	67	54.8836071625084	40.106429812683
0	68	77.4825399393025	60.764856131111
0	69	46.3509831322114	37.4032663529702
0	70	168.138375443722	166.458185650887
0	71	57.9864558019793	56.6740236567367
0	72	136.304696889359	134.515919387555
0	73	101.302829753945	99.8017658247292
0	74	67.0483973846027	57.0592552997882
0	75	57.0714087191621	33.609977192384
0	76	56.7752718230325	37.1906053045868
0	77	53.8375804588069	39.3609862622035
0	78	64.6480327748756	63.4111639123136
0	79	165.116883528916	163.404901693678
0	80	96.0990056464259	94.8584304961096
0	81	102.075957685205	93.612528956115
0	82	113.74241859332	105.937203039161
0	83	49.7956238179442	39.0454088228062
0	84	28.3060751569112	2.51022379295607
0	85	48.4623728865168	44.2460079673167
0	86	167.590952421378	165.863820657927
0	87	120.010809933367	118.15974246131
0	88	165.244785926562	163.540903716099
0	89	137.863804707908	134.321098366356
0	90	178.011503017685	163.173245414414
0	91	179.721758829249	172.12674266884
0	92	164.058196071314	162.403286971617
0	93	128.814904266715	127.0154042323
0	94	168.349655382853	166.692421748862
0	95	156.173629928501	138.182570502638
0	96	151.186941325918	149.591331042029
0	97	56.7516696858813	55.3722762783481
0	98	57.5032563869579	45.3057378205184
0	99	55.6832861503531	38.8515391043288
0	100	66.9826131756684	65.7916408474669
0	101	138.830817852626	136.910051580039
0	102	93.7885072181094	70.8343979398115
0	103	47.7918314952457	37.0750223587291
0	104	71.0827777053104	62.1967081557247
0	105	108.322902784595	95.6586872839747
0	106	92.8264363462884	70.2792445192329
0	107	55.6410717833912	46.4231382978354
0	108	155.755657821385	143.279320947559
0	109	83.6486365235326	66.9785178655066
0	110	72.7325435939931	66.3382062409574
0	111	73.2216735608565	66.9184692648572
0	112	81.780540358699	69.7273712433811
0	113	70.7867951175028	66.0899883937076
0	114	71.9907829535935	65.8509194900661
0	115	70.4196801913536	66.7905754129157
0	116	56.2401066497021	46.6891381455144
0	117	71.4559740511243	69.396084947155
0	118	72.4127685861494	66.4916437025166
0	119	106.560052806216	95.7645542551456
0	120	99.5868559815161	98.191853325615
0	121	80.9910532025297	65.1430055811183
0	122	69.6400837573742	68.4217447679354
0	123	20.9905601192498	17.5422932892816
0	124	28.4319925519644	0
0	125	51.9276799782548	50.3272974504112
0	126	59.7679951879193	51.4876223454666
0	127	39.6257436458345	38.2578445603743
0	128	6.72344953818838	0
0	129	6.72344953818838	0
0	130	4.64603762720311	0
0	131	4.64603762720311	0
0	132	0.594212013612898	0
0	133	0.594212013612898	0
0	134	6.72045458650659	0
0	135	6.72045458650659	0
0	136	6.72469969535745	0
0	137	6.72472766607548	0
0	138	6.71474200017545	0
0	139	2.89916596450536	0
0	140	3.04205426056919	0
0	141	1.9120361373798	0
0	142	3.70323061225926	0
0	143	3.04205426056919	0
0	144	3.27726650931663	0
0	145	6.43857169421945	0
0	146	6.66778075349626	0
0	147	1.9120361373798	0
0	148	6.72466465299382	0
0	149	4.52213835595465	0
0	150	4.4243213021831	0
0	151	4.99465491182013	0
0	152	1.84678636739727	0
0	153	1.84678636739727	0
0	154	3.87391768974959	0
0	155	6.39058575479345	0
0	156	4.99465491182013	0
0	157	4.76114101893648	0
0	158	4.76114101893648	0
0	159	3.8245078839104	0
0	160	3.8245078839104	0
0	161	6.72472793373169	0
0	162	6.72472794702165	0
0	163	4.52213835595465	0
