time	diversity	m_div	M_div
0.0	10.0	10	10
0.10005475667327478	10.0	10	10
0.20010951334654956	10.0	10	10
0.3001642700198243	10.0	10	10
0.4002190266930991	10.0	10	10
0.5002737833663738	10.0	10	10
0.6003285400396486	10.0	10	10
0.7003832967129234	10.0	10	10
0.8004380533861982	10.0	10	10
0.900492810059473	10.0	10	10
1.0005475667327477	10.0	10	10
1.1006023234060225	10.0	10	10
1.2006570800792973	10.0	10	10
1.300711836752572	10.0	10	10
1.4007665934258469	10.0	10	10
1.5008213500991217	10.0	10	10
1.6008761067723964	10.0	10	10
1.7009308634456712	10.0	10	10
1.800985620118946	10.0	10	10
1.9010403767922208	10.0	10	10
2.0010951334654954	10.0	10	10
2.10114989013877	10.0	10	10
2.201204646812045	10.0	10	10
2.3012594034853198	10.0	10	10
2.4013141601585946	10.0	10	10
2.5013689168318693	10.0	10	10
2.601423673505144	10.0	10	10
2.701478430178419	10.0	10	10
2.8015331868516937	10.0	10	10
2.9015879435249685	10.0	10	10
3.0016427001982433	10.0	10	10
3.101697456871518	10.0	10	10
3.201752213544793	10.0	10	10
3.3018069702180677	10.0	10	10
3.4018617268913425	10.0	10	10
3.5019164835646173	10.0	10	10
3.601971240237892	10.0	10	10
3.702025996911167	10.0	10	10
3.8020807535844416	10.0	10	10
3.9021355102577164	10.0	10	10
4.002190266930991	10.0	10	10
4.102245023604266	10.0	10	10
4.20229978027754	10.0	10	10
4.302354536950816	10.0	10	10
4.40240929362409	10.0	10	10
4.502464050297365	10.0	10	10
4.6025188069706395	10.0	10	10
4.702573563643915	10.0	10	10
4.802628320317189	10.0	10	10
4.902683076990464	10.0	10	10
5.002737833663739	10.0	10	10
5.102792590337014	10.0	10	10
5.202847347010288	10.0	10	10
5.3029021036835635	10.0	10	10
5.402956860356838	10.0	10	10
5.503011617030113	10.0	10	10
5.6030663737033874	10.0	10	10
5.703121130376663	10.0	10	10
5.803175887049937	10.0	10	10
5.903230643723212	10.0	10	10
6.003285400396487	10.0	10	10
6.103340157069762	10.0	10	10
6.203394913743036	10.0	10	10
6.303449670416311	10.0	10	10
6.403504427089586	10.0	10	10
6.50355918376286	10.0	10	10
6.603613940436135	10.0	10	10
6.70366869710941	10.0	10	10
6.803723453782685	10.0	10	10
6.903778210455959	10.0	10	10
7.0038329671292345	10.0	10	10
7.103887723802509	10.0	10	10
7.203942480475784	10.0	10	10
7.3039972371490585	10.0	10	10
7.404051993822334	10.0	10	10
7.504106750495608	10.0	10	10
7.604161507168883	10.0	10	10
7.704216263842158	10.0	10	10
7.804271020515433	10.0	10	10
7.904325777188707	10.0	10	10
8.004380533861982	10.0	10	10
8.104435290535257	10.0	10	10
8.204490047208532	10.0	10	10
8.304544803881807	10.0	10	10
8.40459956055508	10.0	10	10
8.504654317228356	10.0	10	10
8.604709073901631	10.0	10	10
8.704763830574906	10.0	10	10
8.80481858724818	10.0	10	10
8.904873343921455	10.0	10	10
9.00492810059473	10.0	10	10
9.104982857268006	10.0	10	10
9.205037613941279	10.0	10	10
9.305092370614554	10.0	10	10
9.40514712728783	10.0	10	10
9.505201883961105	10.0	10	10
9.605256640634378	10.0	10	10
9.705311397307653	10.0	10	10
9.805366153980929	10.0	10	10
9.905420910654202	10.0	10	10
10.005475667327477	10.0	10	10
10.105530424000753	10.0	10	10
10.205585180674028	10.0	10	10
10.305639937347301	10.0	10	10
10.405694694020577	10.0	10	10
10.505749450693852	10.0	10	10
10.605804207367127	10.0	10	10
10.7058589640404	10.0	10	10
10.805913720713676	10.0	10	10
10.905968477386951	10.0	10	10
11.006023234060226	10.0	10	10
11.1060779907335	10.0	10	10
11.206132747406775	10.0	10	10
11.30618750408005	10.0	10	10
11.406242260753325	10.0	10	10
11.506297017426599	10.0	10	10
11.606351774099874	10.0	10	10
11.70640653077315	10.0	10	10
11.806461287446425	10.0	10	10
11.906516044119698	10.0	10	10
12.006570800792973	10.0	10	10
12.106625557466248	10.0	10	10
12.206680314139524	10.0	10	10
12.306735070812797	10.0	10	10
12.406789827486072	10.0	10	10
12.506844584159348	10.0	10	10
12.606899340832623	10.0	10	10
12.706954097505896	10.0	10	10
12.807008854179172	10.0	10	10
12.907063610852447	10.0	10	10
13.00711836752572	10.0	10	10
13.107173124198995	10.0	10	10
13.20722788087227	10.0	10	10
13.307282637545546	10.0	10	10
13.40733739421882	10.0	10	10
13.507392150892095	10.0	10	10
13.60744690756537	10.0	10	10
13.707501664238645	10.0	10	10
13.807556420911919	10.0	10	10
13.907611177585194	10.0	10	10
14.007665934258469	10.0	10	10
14.107720690931744	10.0	10	10
14.207775447605018	10.0	10	10
14.307830204278293	10.0	10	10
14.407884960951568	10.0	10	10
14.507939717624843	10.0	10	10
14.607994474298117	10.0	10	10
14.708049230971392	10.0	10	10
14.808103987644667	10.0	10	10
14.908158744317943	10.0	10	10
15.008213500991216	10.0	10	10
15.108268257664491	10.0	10	10
15.208323014337767	10.0	10	10
15.308377771011042	10.0	10	10
15.408432527684315	10.0	10	10
15.50848728435759	10.0	10	10
15.608542041030866	10.0	10	10
15.708596797704141	10.0	10	10
15.808651554377414	10.0	10	10
15.90870631105069	10.0	10	10
16.008761067723963	10.0	10	10
16.10881582439724	10.0	10	10
16.208870581070514	10.0	10	10
16.308925337743787	10.0	10	10
16.408980094417064	10.0	10	10
16.509034851090338	10.0	10	10
16.609089607763615	10.0	10	10
16.709144364436888	10.0	10	10
16.80919912111016	10.0	10	10
16.90925387778344	10.0	10	10
17.009308634456712	10.0	10	10
17.109363391129985	10.0	10	10
17.209418147803262	10.0	10	10
17.309472904476536	10.0	10	10
17.409527661149813	10.0	10	10
17.509582417823086	10.0	10	10
17.60963717449636	10.0	10	10
17.709691931169637	10.0	10	10
17.80974668784291	10.0	10	10
17.909801444516184	10.0	10	10
18.00985620118946	10.0	10	10
18.109910957862734	10.0	10	10
18.20996571453601	10.0	10	10
18.310020471209285	10.0	10	10
18.410075227882558	10.0	10	10
18.510129984555835	10.0	10	10
18.61018474122911	10.0	10	10
18.710239497902382	10.0	10	10
18.81029425457566	10.0	10	10
18.910349011248933	10.0	10	10
19.01040376792221	10.0	10	10
19.110458524595483	10.0	10	10
19.210513281268756	10.0	10	10
19.310568037942033	10.0	10	10
19.410622794615307	10.0	10	10
19.51067755128858	10.0	10	10
19.610732307961857	10.0	10	10
19.71078706463513	10.0	10	10
19.810841821308404	10.0	10	10
19.91089657798168	10.0	10	10
20.010951334654955	10.0	10	10
20.111006091328232	10.0	10	10
20.211060848001505	10.0	10	10
20.31111560467478	10.0	10	10
20.411170361348056	10.0	10	10
20.51122511802133	10.0	10	10
20.611279874694603	10.0	10	10
20.71133463136788	10.0	10	10
20.811389388041153	10.0	10	10
20.91144414471443	11.0	11	11
21.011498901387704	11.0	11	11
21.111553658060977	11.0	11	11
21.211608414734254	11.0	11	11
21.311663171407528	11.0	11	11
21.4117179280808	11.0	11	11
21.511772684754078	11.0	11	11
21.61182744142735	11.0	11	11
21.71188219810063	11.0	11	11
21.811936954773902	11.0	11	11
21.911991711447175	11.0	11	11
22.012046468120452	11.0	11	11
22.112101224793726	11.0	11	11
22.212155981467	11.0	11	11
22.312210738140276	11.0	11	11
22.41226549481355	11.0	11	11
22.512320251486823	11.0	11	11
22.6123750081601	11.0	11	11
22.712429764833374	11.0	11	11
22.81248452150665	11.0	11	11
22.912539278179924	11.0	11	11
23.012594034853198	11.0	11	11
23.112648791526475	11.0	11	11
23.212703548199748	11.0	11	11
23.31275830487302	11.0	11	11
23.4128130615463	11.0	11	11
23.512867818219572	11.0	11	11
23.61292257489285	11.0	11	11
23.712977331566123	11.0	11	11
23.813032088239396	11.0	11	11
23.913086844912673	11.0	11	11
24.013141601585946	11.0	11	11
24.11319635825922	11.0	11	11
24.213251114932497	11.0	11	11
24.31330587160577	11.0	11	11
24.413360628279047	11.0	11	11
24.51341538495232	11.0	11	11
24.613470141625594	11.0	11	11
24.71352489829887	11.0	11	11
24.813579654972145	11.0	11	11
24.91363441164542	11.0	11	11
25.013689168318695	11.0	11	11
25.11374392499197	11.0	11	11
25.213798681665246	11.0	11	11
25.31385343833852	11.0	11	11
25.413908195011793	11.0	11	11
25.51396295168507	11.0	11	11
25.614017708358343	11.0	11	11
25.714072465031617	11.0	11	11
25.814127221704894	11.0	11	11
25.914181978378167	11.0	11	11
26.01423673505144	11.0	11	11
26.114291491724718	11.0	11	11
26.21434624839799	11.0	11	11
26.314401005071268	11.0	11	11
26.41445576174454	11.0	11	11
26.514510518417815	11.0	11	11
26.614565275091092	11.0	11	11
26.714620031764365	11.0	11	11
26.81467478843764	11.0	11	11
26.914729545110916	11.0	11	11
27.01478430178419	11.0	11	11
27.114839058457466	11.0	11	11
27.21489381513074	11.0	11	11
27.314948571804013	11.0	11	11
27.41500332847729	11.0	11	11
27.515058085150564	11.0	11	11
27.615112841823837	11.0	11	11
27.715167598497114	11.0	11	11
27.815222355170388	11.0	11	11
27.915277111843665	12.0	12	12
28.015331868516938	12.0	12	12
28.11538662519021	12.0	12	12
28.21544138186349	12.0	12	12
28.315496138536762	12.0	12	12
28.415550895210036	12.0	12	12
28.515605651883313	12.0	12	12
28.615660408556586	12.0	12	12
28.715715165229863	12.0	12	12
28.815769921903136	12.0	12	12
28.91582467857641	12.0	12	12
29.015879435249687	12.0	12	12
29.11593419192296	12.0	12	12
29.215988948596234	12.0	12	12
29.31604370526951	12.0	12	12
29.416098461942784	12.0	12	12
29.516153218616058	12.0	12	12
29.616207975289335	12.0	12	12
29.71626273196261	12.0	12	12
29.816317488635885	12.0	12	12
29.91637224530916	12.0	12	12
30.016427001982432	12.0	12	12
30.11648175865571	12.0	12	12
30.216536515328983	12.0	12	12
30.316591272002256	12.0	12	12
30.416646028675533	12.0	12	12
30.516700785348807	12.0	12	12
30.616755542022084	12.0	12	12
30.716810298695357	12.0	12	12
30.81686505536863	12.0	12	12
30.916919812041908	12.0	12	12
31.01697456871518	12.0	12	12
31.117029325388454	12.0	12	12
31.21708408206173	12.0	12	12
31.317138838735005	12.0	12	12
31.417193595408282	12.0	12	12
31.517248352081555	12.0	12	12
31.61730310875483	12.0	12	12
31.717357865428106	12.0	12	12
31.81741262210138	12.0	12	12
31.917467378774653	12.0	12	12
32.017522135447926	12.0	12	12
32.11757689212121	12.0	12	12
32.21763164879448	12.0	12	12
32.317686405467754	12.0	12	12
32.41774116214103	12.0	12	12
32.5177959188143	13.0	13	13
32.617850675487574	13.0	13	13
32.717905432160855	12.0	12	12
32.81796018883413	12.0	12	12
32.9180149455074	12.0	12	12
33.018069702180675	12.0	12	12
33.11812445885395	12.0	12	12
33.21817921552723	12.0	12	12
33.3182339722005	12.0	12	12
33.418288728873776	12.0	12	12
33.51834348554705	12.0	12	12
33.61839824222032	12.0	12	12
33.7184529988936	12.0	12	12
33.81850775556688	12.0	12	12
33.91856251224015	12.0	12	12
34.018617268913424	12.0	12	12
34.1186720255867	12.0	12	12
34.21872678225997	12.0	12	12
34.31878153893325	12.0	12	12
34.418836295606525	12.0	12	12
34.5188910522798	12.0	12	12
34.61894580895307	12.0	12	12
34.719000565626345	12.0	12	12
34.819055322299626	12.0	12	12
34.9191100789729	12.0	12	12
35.01916483564617	12.0	12	12
35.119219592319446	12.0	12	12
35.21927434899272	12.0	12	12
35.31932910566599	12.0	12	12
35.419383862339274	12.0	12	12
35.51943861901255	12.0	12	12
35.61949337568582	12.0	12	12
35.719548132359094	12.0	12	12
35.81960288903237	12.0	12	12
35.91965764570565	12.0	12	12
36.01971240237892	13.0	13	13
36.119767159052195	13.0	13	13
36.21982191572547	13.0	13	13
36.31987667239874	13.0	13	13
36.41993142907202	13.0	13	13
36.519986185745296	13.0	13	13
36.62004094241857	13.0	13	13
36.72009569909184	13.0	13	13
36.820150455765116	13.0	13	13
36.92020521243839	14.0	14	14
37.02025996911167	14.0	14	14
37.120314725784944	14.0	14	14
37.22036948245822	14.0	14	14
37.32042423913149	14.0	14	14
37.420478995804764	14.0	14	14
37.520533752478045	14.0	14	14
37.62058850915132	15.0	15	15
37.72064326582459	15.0	15	15
37.820698022497865	15.0	15	15
37.92075277917114	15.0	15	15
38.02080753584442	15.0	15	15
38.12086229251769	15.0	15	15
38.220917049190966	15.0	15	15
38.32097180586424	15.0	15	15
38.42102656253751	15.0	15	15
38.521081319210786	15.0	15	15
38.62113607588407	15.0	15	15
38.72119083255734	15.0	15	15
38.821245589230614	15.0	15	15
38.92130034590389	15.0	15	15
39.02135510257716	15.0	15	15
39.12140985925044	15.0	15	15
39.221464615923715	15.0	15	15
39.32151937259699	15.0	15	15
39.42157412927026	15.0	15	15
39.521628885943535	15.0	15	15
39.62168364261681	15.0	15	15
39.72173839929009	15.0	15	15
39.82179315596336	15.0	15	15
39.921847912636636	15.0	15	15
40.02190266930991	15.0	15	15
40.12195742598318	15.0	15	15
40.222012182656464	15.0	15	15
40.32206693932974	15.0	15	15
40.42212169600301	15.0	15	15
40.522176452676284	15.0	15	15
40.62223120934956	15.0	15	15
40.72228596602284	15.0	15	15
40.82234072269611	15.0	15	15
40.922395479369385	15.0	15	15
41.02245023604266	15.0	15	15
41.12250499271593	15.0	15	15
41.222559749389205	15.0	15	15
41.322614506062486	15.0	15	15
41.42266926273576	15.0	15	15
41.52272401940903	15.0	15	15
41.622778776082306	15.0	15	15
41.72283353275558	15.0	15	15
41.82288828942886	16.0	16	16
41.922943046102134	16.0	16	16
42.02299780277541	16.0	16	16
42.12305255944868	16.0	16	16
42.223107316121954	16.0	16	16
42.32316207279523	16.0	16	16
42.42321682946851	16.0	16	16
42.52327158614178	17.0	17	17
42.623326342815055	17.0	17	17
42.72338109948833	17.0	17	17
42.8234358561616	17.0	17	17
42.92349061283488	17.0	17	17
43.023545369508156	17.0	17	17
43.12360012618143	17.0	17	17
43.2236548828547	17.0	17	17
43.323709639527976	17.0	17	17
43.42376439620126	17.0	17	17
43.52381915287453	18.0	18	18
43.623873909547804	18.0	18	18
43.72392866622108	18.0	18	18
43.82398342289435	18.0	18	18
43.924038179567624	18.0	18	18
44.024092936240905	18.0	18	18
44.12414769291418	18.0	18	18
44.22420244958745	18.0	18	18
44.324257206260725	18.0	18	18
44.424311962934	18.0	18	18
44.52436671960728	18.0	18	18
44.62442147628055	18.0	18	18
44.724476232953826	18.0	18	18
44.8245309896271	18.0	18	18
44.92458574630037	18.0	18	18
45.02464050297365	17.0	17	17
45.12469525964693	17.0	17	17
45.2247500163202	17.0	17	17
45.324804772993474	16.0	16	16
45.42485952966675	16.0	16	16
45.52491428634002	16.0	16	16
45.6249690430133	16.0	16	16
45.725023799686575	16.0	16	16
45.82507855635985	16.0	16	16
45.92513331303312	16.0	16	16
46.025188069706395	16.0	16	16
46.125242826379676	16.0	16	16
46.22529758305295	16.0	16	16
46.32535233972622	16.0	16	16
46.425407096399496	16.0	16	16
46.52546185307277	16.0	16	16
46.62551660974604	16.0	16	16
46.725571366419324	16.0	16	16
46.8256261230926	16.0	16	16
46.92568087976587	16.0	16	16
47.025735636439144	16.0	16	16
47.12579039311242	16.0	16	16
47.2258451497857	16.0	16	16
47.32589990645897	16.0	16	16
47.425954663132245	15.0	15	15
47.52600941980552	15.0	15	15
47.62606417647879	15.0	15	15
47.72611893315207	15.0	15	15
47.826173689825346	15.0	15	15
47.92622844649862	15.0	15	15
48.02628320317189	15.0	15	15
48.126337959845166	15.0	15	15
48.22639271651844	15.0	15	15
48.32644747319172	16.0	16	16
48.426502229864994	16.0	16	16
48.52655698653827	16.0	16	16
48.62661174321154	16.0	16	16
48.726666499884814	16.0	16	16
48.826721256558095	16.0	16	16
48.92677601323137	16.0	16	16
49.02683076990464	16.0	16	16
49.126885526577915	16.0	16	16
49.22694028325119	16.0	16	16
49.32699503992446	16.0	16	16
49.42704979659774	16.0	16	16
49.527104553271016	16.0	16	16
49.62715930994429	16.0	16	16
49.72721406661756	16.0	16	16
49.82726882329084	16.0	16	16
49.92732357996412	16.0	16	16
50.02737833663739	16.0	16	16
50.127433093310664	16.0	16	16
50.22748784998394	16.0	16	16
50.32754260665721	16.0	16	16
50.42759736333049	17.0	17	17
50.527652120003765	17.0	17	17
50.62770687667704	17.0	17	17
50.72776163335031	17.0	17	17
50.827816390023585	17.0	17	17
50.92787114669686	17.0	17	17
51.02792590337014	17.0	17	17
51.12798066004341	16.0	16	16
51.228035416716686	16.0	16	16
51.32809017338996	16.0	16	16
51.42814493006323	16.0	16	16
51.528199686736514	16.0	16	16
51.62825444340979	16.0	16	16
51.72830920008306	16.0	16	16
51.828363956756334	16.0	16	16
51.92841871342961	16.0	16	16
52.02847347010288	16.0	16	16
52.12852822677616	16.0	16	16
52.228582983449435	16.0	16	16
52.32863774012271	16.0	16	16
52.42869249679598	16.0	16	16
52.528747253469255	16.0	16	16
52.628802010142536	16.0	16	16
52.72885676681581	16.0	16	16
52.82891152348908	16.0	16	16
52.928966280162356	16.0	16	16
53.02902103683563	16.0	16	16
53.12907579350891	16.0	16	16
53.229130550182184	16.0	16	16
53.32918530685546	16.0	16	16
53.42924006352873	16.0	16	16
53.529294820202004	16.0	16	16
53.62934957687528	16.0	16	16
53.72940433354856	16.0	16	16
53.82945909022183	16.0	16	16
53.929513846895105	16.0	16	16
54.02956860356838	16.0	16	16
54.12962336024165	16.0	16	16
54.22967811691493	16.0	16	16
54.329732873588206	16.0	16	16
54.42978763026148	16.0	16	16
54.52984238693475	16.0	16	16
54.62989714360803	16.0	16	16
54.7299519002813	16.0	16	16
54.83000665695458	16.0	16	16
54.930061413627854	16.0	16	16
55.03011617030113	16.0	16	16
55.1301709269744	16.0	16	16
55.230225683647674	16.0	16	16
55.330280440320955	16.0	16	16
55.43033519699423	16.0	16	16
55.5303899536675	15.0	15	15
55.630444710340775	15.0	15	15
55.73049946701405	15.0	15	15
55.83055422368733	14.0	14	14
55.9306089803606	14.0	14	14
56.030663737033876	14.0	14	14
56.13071849370715	14.0	14	14
56.23077325038042	14.0	14	14
56.3308280070537	13.0	13	13
56.43088276372698	13.0	13	13
56.53093752040025	13.0	13	13
56.630992277073524	13.0	13	13
56.7310470337468	13.0	13	13
56.83110179042007	13.0	13	13
56.93115654709335	13.0	13	13
57.031211303766625	13.0	13	13
57.1312660604399	13.0	13	13
57.23132081711317	13.0	13	13
57.331375573786445	13.0	13	13
57.431430330459726	13.0	13	13
57.531485087133	13.0	13	13
57.63153984380627	13.0	13	13
57.731594600479546	13.0	13	13
57.83164935715282	13.0	13	13
57.93170411382609	14.0	14	14
58.031758870499374	14.0	14	14
58.13181362717265	14.0	14	14
58.23186838384592	14.0	14	14
58.331923140519194	14.0	14	14
58.43197789719247	14.0	14	14
58.53203265386575	14.0	14	14
58.63208741053902	14.0	14	14
58.732142167212295	14.0	14	14
58.83219692388557	14.0	14	14
58.93225168055884	14.0	14	14
59.032306437232116	14.0	14	14
59.132361193905396	14.0	14	14
59.23241595057867	14.0	14	14
59.33247070725194	13.0	13	13
59.43252546392522	13.0	13	13
59.53258022059849	13.0	13	13
59.63263497727177	13.0	13	13
59.732689733945044	13.0	13	13
59.83274449061832	13.0	13	13
59.93279924729159	12.0	12	12
60.032854003964864	12.0	12	12
60.132908760638145	12.0	12	12
60.23296351731142	12.0	12	12
60.33301827398469	12.0	12	12
60.433073030657965	11.0	11	11
60.53312778733124	11.0	11	11
60.63318254400451	11.0	11	11
60.73323730067779	11.0	11	11
60.833292057351066	11.0	11	11
60.93334681402434	11.0	11	11
61.03340157069761	11.0	11	11
61.13345632737089	11.0	11	11
61.23351108404417	10.0	10	10
61.33356584071744	10.0	10	10
61.433620597390714	10.0	10	10
61.53367535406399	10.0	10	10
61.63373011073726	10.0	10	10
61.733784867410535	10.0	10	10
61.833839624083815	10.0	10	10
61.93389438075709	10.0	10	10
62.03394913743036	10.0	10	10
62.134003894103635	10.0	10	10
62.23405865077691	10.0	10	10
62.33411340745019	10.0	10	10
62.43416816412346	10.0	10	10
62.534222920796736	10.0	10	10
62.63427767747001	10.0	10	10
62.73433243414328	10.0	10	10
62.834387190816564	10.0	10	10
62.93444194748984	10.0	10	10
63.03449670416311	10.0	10	10
63.134551460836384	10.0	10	10
63.23460621750966	10.0	10	10
63.33466097418293	10.0	10	10
63.43471573085621	10.0	10	10
63.534770487529485	10.0	10	10
63.63482524420276	10.0	10	10
63.73488000087603	10.0	10	10
63.834934757549306	10.0	10	10
63.934989514222586	10.0	10	10
64.03504427089585	10.0	10	10
64.13509902756913	10.0	10	10
64.23515378424241	10.0	10	10
64.33520854091569	10.0	10	10
64.43526329758896	10.0	10	10
64.53531805426223	9.0	9	9
64.63537281093551	9.0	9	9
64.73542756760878	8.0	8	8
64.83548232428205	8.0	8	8
64.93553708095533	8.0	8	8
65.0355918376286	9.0	9	9
65.13564659430187	9.0	9	9
65.23570135097515	9.0	9	9
65.33575610764844	10.0	10	10
65.43581086432171	10.0	10	10
65.53586562099498	10.0	10	10
65.63592037766826	11.0	11	11
65.73597513434153	11.0	11	11
65.8360298910148	11.0	11	11
65.93608464768808	12.0	12	12
66.03613940436135	12.0	12	12
66.13619416103462	12.0	12	12
66.2362489177079	12.0	12	12
66.33630367438118	12.0	12	12
66.43635843105446	12.0	12	12
66.53641318772773	13.0	13	13
66.636467944401	13.0	13	13
66.73652270107428	13.0	13	13
66.83657745774755	13.0	13	13
66.93663221442083	13.0	13	13
67.0366869710941	13.0	13	13
67.13674172776737	13.0	13	13
67.23679648444065	14.0	14	14
67.33685124111392	14.0	14	14
67.4369059977872	14.0	14	14
67.53696075446048	14.0	14	14
67.63701551113375	13.0	13	13
67.73707026780703	13.0	13	13
67.8371250244803	13.0	13	13
67.93717978115357	13.0	13	13
68.03723453782685	13.0	13	13
68.13728929450012	13.0	13	13
68.2373440511734	13.0	13	13
68.33739880784667	13.0	13	13
68.43745356451994	13.0	13	13
68.53750832119323	13.0	13	13
68.6375630778665	12.0	12	12
68.73761783453978	12.0	12	12
68.83767259121305	12.0	12	12
68.93772734788632	11.0	11	11
69.0377821045596	11.0	11	11
69.13783686123287	11.0	11	11
69.23789161790614	11.0	11	11
69.33794637457942	11.0	11	11
69.43800113125269	11.0	11	11
69.53805588792596	11.0	11	11
69.63811064459925	11.0	11	11
69.73816540127252	11.0	11	11
69.8382201579458	11.0	11	11
69.93827491461907	11.0	11	11
70.03832967129235	11.0	11	11
70.13838442796562	11.0	11	11
70.23843918463889	11.0	11	11
70.33849394131217	11.0	11	11
70.43854869798544	11.0	11	11
70.53860345465871	11.0	11	11
70.63865821133199	11.0	11	11
70.73871296800527	11.0	11	11
70.83876772467855	11.0	11	11
70.93882248135182	11.0	11	11
71.0388772380251	11.0	11	11
71.13893199469837	11.0	11	11
71.23898675137164	11.0	11	11
71.33904150804491	11.0	11	11
71.43909626471819	11.0	11	11
71.53915102139146	11.0	11	11
71.63920577806473	11.0	11	11
71.73926053473802	11.0	11	11
71.8393152914113	11.0	11	11
71.93937004808457	11.0	11	11
72.03942480475784	11.0	11	11
72.13947956143112	11.0	11	11
72.23953431810439	11.0	11	11
72.33958907477766	11.0	11	11
72.43964383145094	11.0	11	11
72.53969858812421	11.0	11	11
72.63975334479748	11.0	11	11
72.73980810147076	11.0	11	11
72.83986285814404	11.0	11	11
72.93991761481732	11.0	11	11
73.03997237149059	11.0	11	11
73.14002712816387	12.0	12	12
73.24008188483714	12.0	12	12
73.34013664151041	12.0	12	12
73.44019139818369	12.0	12	12
73.54024615485696	12.0	12	12
73.64030091153023	12.0	12	12
73.7403556682035	12.0	12	12
73.84041042487678	12.0	12	12
73.94046518155007	12.0	12	12
74.04051993822334	12.0	12	12
74.14057469489661	12.0	12	12
74.24062945156989	12.0	12	12
74.34068420824316	12.0	12	12
74.44073896491643	12.0	12	12
74.54079372158971	12.0	12	12
74.64084847826298	12.0	12	12
74.74090323493625	12.0	12	12
74.84095799160953	12.0	12	12
74.9410127482828	12.0	12	12
75.04106750495609	12.0	12	12
75.14112226162936	12.0	12	12
75.24117701830264	12.0	12	12
75.34123177497591	12.0	12	12
75.44128653164918	12.0	12	12
75.54134128832246	12.0	12	12
75.64139604499573	12.0	12	12
75.741450801669	12.0	12	12
75.84150555834228	12.0	12	12
75.94156031501555	12.0	12	12
76.04161507168884	12.0	12	12
76.14166982836211	12.0	12	12
76.24172458503539	12.0	12	12
76.34177934170866	12.0	12	12
76.44183409838193	12.0	12	12
76.5418888550552	12.0	12	12
76.64194361172848	12.0	12	12
76.74199836840175	12.0	12	12
76.84205312507503	12.0	12	12
76.9421078817483	12.0	12	12
77.04216263842157	12.0	12	12
77.14221739509486	12.0	12	12
77.24227215176813	12.0	12	12
77.34232690844141	12.0	12	12
77.44238166511468	12.0	12	12
77.54243642178795	12.0	12	12
77.64249117846123	12.0	12	12
77.7425459351345	12.0	12	12
77.84260069180777	13.0	13	13
77.94265544848105	13.0	13	13
78.04271020515432	13.0	13	13
78.1427649618276	12.0	12	12
78.24281971850088	11.0	11	11
78.34287447517416	11.0	11	11
78.44292923184743	11.0	11	11
78.5429839885207	11.0	11	11
78.64303874519398	11.0	11	11
78.74309350186725	11.0	11	11
78.84314825854052	11.0	11	11
78.9432030152138	11.0	11	11
79.04325777188707	11.0	11	11
79.14331252856034	11.0	11	11
79.24336728523362	11.0	11	11
79.3434220419069	11.0	11	11
79.44347679858018	11.0	11	11
79.54353155525345	11.0	11	11
79.64358631192673	11.0	11	11
79.7436410686	11.0	11	11
79.84369582527327	11.0	11	11
79.94375058194655	11.0	11	11
80.04380533861982	11.0	11	11
80.14386009529309	11.0	11	11
80.24391485196637	12.0	12	12
80.34396960863964	12.0	12	12
80.44402436531293	12.0	12	12
80.5440791219862	12.0	12	12
80.64413387865947	12.0	12	12
80.74418863533275	12.0	12	12
80.84424339200602	12.0	12	12
80.9442981486793	12.0	12	12
81.04435290535257	12.0	12	12
81.14440766202584	12.0	12	12
81.24446241869911	12.0	12	12
81.34451717537239	12.0	12	12
81.44457193204568	12.0	12	12
81.54462668871895	12.0	12	12
81.64468144539222	12.0	12	12
81.7447362020655	12.0	12	12
81.84479095873877	12.0	12	12
81.94484571541204	12.0	12	12
82.04490047208532	12.0	12	12
82.14495522875859	12.0	12	12
82.24500998543186	12.0	12	12
82.34506474210514	12.0	12	12
82.44511949877841	12.0	12	12
82.5451742554517	12.0	12	12
82.64522901212497	12.0	12	12
82.74528376879825	12.0	12	12
82.84533852547152	12.0	12	12
82.94539328214479	13.0	13	13
83.04544803881807	13.0	13	13
83.14550279549134	13.0	13	13
83.24555755216461	13.0	13	13
83.34561230883789	13.0	13	13
83.44566706551116	13.0	13	13
83.54572182218443	12.0	12	12
83.64577657885772	11.0	11	11
83.745831335531	11.0	11	11
83.84588609220427	11.0	11	11
83.94594084887754	11.0	11	11
84.04599560555081	11.0	11	11
84.14605036222409	11.0	11	11
84.24610511889736	11.0	11	11
84.34615987557063	11.0	11	11
84.44621463224391	11.0	11	11
84.54626938891718	11.0	11	11
84.64632414559046	11.0	11	11
84.74637890226374	10.0	10	10
84.84643365893702	10.0	10	10
84.94648841561029	10.0	10	10
85.04654317228356	10.0	10	10
85.14659792895684	10.0	10	10
85.24665268563011	10.0	10	10
85.34670744230338	10.0	10	10
85.44676219897666	10.0	10	10
85.54681695564993	10.0	10	10
85.6468717123232	10.0	10	10
85.74692646899649	10.0	10	10
85.84698122566977	10.0	10	10
85.94703598234304	10.0	10	10
86.04709073901631	10.0	10	10
86.14714549568959	10.0	10	10
86.24720025236286	10.0	10	10
86.34725500903613	10.0	10	10
86.4473097657094	10.0	10	10
86.54736452238268	10.0	10	10
86.64741927905595	10.0	10	10
86.74747403572923	10.0	10	10
86.84752879240251	10.0	10	10
86.94758354907579	10.0	10	10
87.04763830574906	10.0	10	10
87.14769306242233	10.0	10	10
87.24774781909561	10.0	10	10
87.34780257576888	10.0	10	10
87.44785733244215	10.0	10	10
87.54791208911543	10.0	10	10
87.6479668457887	10.0	10	10
87.74802160246198	10.0	10	10
87.84807635913525	10.0	10	10
87.94813111580854	10.0	10	10
88.04818587248181	10.0	10	10
88.14824062915508	10.0	10	10
88.24829538582836	10.0	10	10
88.34835014250163	10.0	10	10
88.4484048991749	10.0	10	10
88.54845965584818	10.0	10	10
88.64851441252145	10.0	10	10
88.74856916919472	10.0	10	10
88.848623925868	10.0	10	10
88.94867868254127	10.0	10	10
89.04873343921456	10.0	10	10
89.14878819588783	9.0	9	9
89.2488429525611	9.0	9	9
89.34889770923438	9.0	9	9
89.44895246590765	9.0	9	9
89.54900722258093	9.0	9	9
89.6490619792542	9.0	9	9
89.74911673592747	9.0	9	9
89.84917149260075	9.0	9	9
89.94922624927402	9.0	9	9
90.0492810059473	9.0	9	9
90.14933576262058	9.0	9	9
90.24939051929385	9.0	9	9
90.34944527596713	9.0	9	9
90.4495000326404	9.0	9	9
90.54955478931367	9.0	9	9
90.64960954598695	9.0	9	9
90.74966430266022	9.0	9	9
90.8497190593335	9.0	9	9
90.94977381600677	9.0	9	9
91.04982857268004	9.0	9	9
91.14988332935333	9.0	9	9
91.2499380860266	9.0	9	9
91.34999284269988	9.0	9	9
91.45004759937315	9.0	9	9
91.55010235604642	9.0	9	9
91.6501571127197	9.0	9	9
91.75021186939297	9.0	9	9
91.85026662606624	9.0	9	9
91.95032138273952	9.0	9	9
92.05037613941279	9.0	9	9
92.15043089608606	10.0	10	10
92.25048565275935	10.0	10	10
92.35054040943263	10.0	10	10
92.4505951661059	10.0	10	10
92.55064992277917	10.0	10	10
92.65070467945245	10.0	10	10
92.75075943612572	10.0	10	10
92.85081419279899	10.0	10	10
92.95086894947227	10.0	10	10
93.05092370614554	10.0	10	10
93.15097846281881	10.0	10	10
93.25103321949209	10.0	10	10
93.35108797616537	10.0	10	10
93.45114273283865	10.0	10	10
93.55119748951192	10.0	10	10
93.6512522461852	10.0	10	10
93.75130700285847	10.0	10	10
93.85136175953174	10.0	10	10
93.95141651620501	10.0	10	10
94.05147127287829	10.0	10	10
94.15152602955156	10.0	10	10
94.25158078622484	10.0	10	10
94.35163554289811	10.0	10	10
94.4516902995714	10.0	10	10
94.55174505624467	10.0	10	10
94.65179981291794	10.0	10	10
94.75185456959122	10.0	10	10
94.85190932626449	10.0	10	10
94.95196408293776	10.0	10	10
95.05201883961104	10.0	10	10
95.15207359628431	10.0	10	10
95.25212835295758	10.0	10	10
95.35218310963086	10.0	10	10
95.45223786630415	10.0	10	10
95.55229262297742	10.0	10	10
95.65234737965069	10.0	10	10
95.75240213632397	11.0	11	11
95.85245689299724	11.0	11	11
95.95251164967051	11.0	11	11
96.05256640634379	11.0	11	11
96.15262116301706	11.0	11	11
96.25267591969033	11.0	11	11
96.3527306763636	11.0	11	11
96.45278543303688	11.0	11	11
96.55284018971017	11.0	11	11
96.65289494638344	11.0	11	11
96.75294970305671	11.0	11	11
96.85300445972999	11.0	11	11
96.95305921640326	11.0	11	11
97.05311397307653	11.0	11	11
97.15316872974981	11.0	11	11
97.25322348642308	11.0	11	11
97.35327824309636	11.0	11	11
97.45333299976963	11.0	11	11
97.5533877564429	11.0	11	11
97.65344251311619	11.0	11	11
97.75349726978946	11.0	11	11
97.85355202646274	11.0	11	11
97.95360678313601	11.0	11	11
98.05366153980928	11.0	11	11
98.15371629648256	11.0	11	11
98.25377105315583	11.0	11	11
98.3538258098291	11.0	11	11
98.45388056650238	11.0	11	11
98.55393532317565	11.0	11	11
98.65399007984892	11.0	11	11
98.75404483652221	11.0	11	11
98.85409959319549	11.0	11	11
98.95415434986876	11.0	11	11
99.05420910654203	12.0	12	12
99.1542638632153	12.0	12	12
99.25431861988858	12.0	12	12
99.35437337656185	12.0	12	12
99.45442813323513	12.0	12	12
99.5544828899084	12.0	12	12
99.65453764658167	12.0	12	12
99.75459240325495	12.0	12	12
99.85464715992823	12.0	12	12
99.95470191660151	12.0	12	12
100.05475667327478	12.0	12	12
100.15481142994805	12.0	12	12
100.25486618662133	12.0	12	12
100.3549209432946	12.0	12	12
100.45497569996787	12.0	12	12
100.55503045664115	12.0	12	12
100.65508521331442	12.0	12	12
100.7551399699877	12.0	12	12
100.85519472666098	12.0	12	12
100.95524948333426	12.0	12	12
101.05530424000753	12.0	12	12
101.1553589966808	12.0	12	12
101.25541375335408	12.0	12	12
101.35546851002735	12.0	12	12
101.45552326670062	12.0	12	12
101.5555780233739	12.0	12	12
101.65563278004717	12.0	12	12
101.75568753672044	12.0	12	12
101.85574229339372	12.0	12	12
101.955797050067	12.0	12	12
102.05585180674028	12.0	12	12
102.15590656341355	12.0	12	12
102.25596132008683	12.0	12	12
102.3560160767601	12.0	12	12
102.45607083343337	12.0	12	12
102.55612559010665	12.0	12	12
102.65618034677992	12.0	12	12
102.75623510345319	12.0	12	12
102.85628986012647	12.0	12	12
102.95634461679974	12.0	12	12
103.05639937347303	12.0	12	12
103.1564541301463	12.0	12	12
103.25650888681957	12.0	12	12
103.35656364349285	12.0	12	12
103.45661840016612	12.0	12	12
103.5566731568394	12.0	12	12
103.65672791351267	12.0	12	12
103.75678267018594	12.0	12	12
103.85683742685922	12.0	12	12
103.95689218353249	12.0	12	12
104.05694694020576	12.0	12	12
104.15700169687905	12.0	12	12
104.25705645355232	12.0	12	12
104.3571112102256	12.0	12	12
104.45716596689887	12.0	12	12
104.55722072357214	12.0	12	12
104.65727548024542	12.0	12	12
104.75733023691869	12.0	12	12
104.85738499359196	12.0	12	12
104.95743975026524	12.0	12	12
105.05749450693851	12.0	12	12
105.1575492636118	12.0	12	12
105.25760402028507	12.0	12	12
105.35765877695835	12.0	12	12
105.45771353363162	12.0	12	12
105.55776829030489	12.0	12	12
105.65782304697817	12.0	12	12
105.75787780365144	12.0	12	12
105.85793256032471	12.0	12	12
105.95798731699799	12.0	12	12
106.05804207367126	12.0	12	12
106.15809683034453	12.0	12	12
106.25815158701782	12.0	12	12
106.3582063436911	12.0	12	12
106.45826110036437	12.0	12	12
106.55831585703764	11.0	11	11
106.65837061371091	11.0	11	11
106.75842537038419	11.0	11	11
106.85848012705746	11.0	11	11
106.95853488373074	11.0	11	11
107.05858964040401	11.0	11	11
107.15864439707728	11.0	11	11
107.25869915375056	11.0	11	11
107.35875391042384	11.0	11	11
107.45880866709712	11.0	11	11
107.55886342377039	11.0	11	11
107.65891818044366	11.0	11	11
107.75897293711694	11.0	11	11
107.85902769379021	11.0	11	11
107.95908245046348	11.0	11	11
108.05913720713676	11.0	11	11
108.15919196381003	11.0	11	11
108.2592467204833	11.0	11	11
108.35930147715658	11.0	11	11
108.45935623382987	11.0	11	11
108.55941099050314	11.0	11	11
108.65946574717641	11.0	11	11
108.75952050384969	11.0	11	11
108.85957526052296	11.0	11	11
108.95963001719623	11.0	11	11
109.0596847738695	11.0	11	11
109.15973953054278	11.0	11	11
109.25979428721605	11.0	11	11
109.35984904388933	11.0	11	11
109.4599038005626	11.0	11	11
109.55995855723589	11.0	11	11
109.66001331390916	11.0	11	11
109.76006807058243	11.0	11	11
109.86012282725571	10.0	10	10
109.96017758392898	10.0	10	10
110.06023234060225	10.0	10	10
110.16028709727553	10.0	10	10
110.2603418539488	10.0	10	10
110.36039661062208	10.0	10	10
110.46045136729535	10.0	10	10
110.56050612396864	10.0	10	10
110.66056088064191	10.0	10	10
110.76061563731518	10.0	10	10
110.86067039398846	10.0	10	10
110.96072515066173	10.0	10	10
111.060779907335	10.0	10	10
111.16083466400828	10.0	10	10
111.26088942068155	10.0	10	10
111.36094417735482	10.0	10	10
111.4609989340281	10.0	10	10
111.56105369070137	10.0	10	10
111.66110844737466	10.0	10	10
111.76116320404793	10.0	10	10
111.8612179607212	10.0	10	10
111.96127271739448	10.0	10	10
112.06132747406775	10.0	10	10
112.16138223074103	10.0	10	10
112.2614369874143	10.0	10	10
112.36149174408757	10.0	10	10
112.46154650076085	10.0	10	10
112.56160125743412	10.0	10	10
112.6616560141074	10.0	10	10
112.76171077078068	10.0	10	10
112.86176552745395	10.0	10	10
112.96182028412723	10.0	10	10
113.0618750408005	10.0	10	10
113.16192979747377	10.0	10	10
113.26198455414705	10.0	10	10
113.36203931082032	10.0	10	10
113.4620940674936	10.0	10	10
113.56214882416687	10.0	10	10
113.66220358084014	10.0	10	10
113.76225833751342	10.0	10	10
113.8623130941867	10.0	10	10
113.96236785085998	10.0	10	10
114.06242260753325	10.0	10	10
114.16247736420652	10.0	10	10
114.2625321208798	10.0	10	10
114.36258687755307	10.0	10	10
114.46264163422634	10.0	10	10
114.56269639089962	9.0	9	9
114.66275114757289	9.0	9	9
114.76280590424616	9.0	9	9
114.86286066091945	9.0	9	9
114.96291541759273	9.0	9	9
115.062970174266	9.0	9	9
115.16302493093927	9.0	9	9
115.26307968761255	9.0	9	9
115.36313444428582	10.0	10	10
115.46318920095909	10.0	10	10
115.56324395763237	10.0	10	10
115.66329871430564	10.0	10	10
115.76335347097891	10.0	10	10
115.86340822765219	10.0	10	10
115.96346298432547	10.0	10	10
116.06351774099875	10.0	10	10
116.16357249767202	10.0	10	10
116.2636272543453	10.0	10	10
116.36368201101857	10.0	10	10
116.46373676769184	10.0	10	10
116.56379152436512	10.0	10	10
116.66384628103839	10.0	10	10
116.76390103771166	10.0	10	10
116.86395579438494	10.0	10	10
116.96401055105821	10.0	10	10
117.0640653077315	10.0	10	10
117.16412006440477	10.0	10	10
117.26417482107804	10.0	10	10
117.36422957775132	10.0	10	10
117.46428433442459	10.0	10	10
117.56433909109786	10.0	10	10
117.66439384777114	10.0	10	10
117.76444860444441	10.0	10	10
117.86450336111768	10.0	10	10
117.96455811779096	10.0	10	10
118.06461287446423	10.0	10	10
118.16466763113752	9.0	9	9
118.26472238781079	9.0	9	9
118.36477714448407	10.0	10	10
118.46483190115734	10.0	10	10
118.56488665783061	10.0	10	10
118.66494141450389	10.0	10	10
118.76499617117716	10.0	10	10
118.86505092785043	10.0	10	10
118.9651056845237	10.0	10	10
119.06516044119698	10.0	10	10
119.16521519787025	10.0	10	10
119.26526995454354	10.0	10	10
119.36532471121681	9.0	9	9
119.46537946789009	9.0	9	9
119.56543422456336	9.0	9	9
119.66548898123663	9.0	9	9
119.76554373790991	9.0	9	9
119.86559849458318	9.0	9	9
119.96565325125646	9.0	9	9
120.06570800792973	9.0	9	9
120.165762764603	9.0	9	9
120.26581752127629	9.0	9	9
120.36587227794956	9.0	9	9
120.46592703462284	9.0	9	9
120.56598179129611	9.0	9	9
120.66603654796938	9.0	9	9
120.76609130464266	9.0	9	9
120.86614606131593	9.0	9	9
120.9662008179892	9.0	9	9
121.06625557466248	9.0	9	9
121.16631033133575	9.0	9	9
121.26636508800902	9.0	9	9
121.36641984468231	9.0	9	9
121.46647460135559	9.0	9	9
121.56652935802886	9.0	9	9
121.66658411470213	9.0	9	9
121.7666388713754	9.0	9	9
121.86669362804868	9.0	9	9
121.96674838472195	9.0	9	9
122.06680314139523	9.0	9	9
122.1668578980685	9.0	9	9
122.26691265474177	9.0	9	9
122.36696741141505	9.0	9	9
122.46702216808833	9.0	9	9
122.56707692476161	9.0	9	9
122.66713168143488	9.0	9	9
122.76718643810815	9.0	9	9
122.86724119478143	9.0	9	9
122.9672959514547	9.0	9	9
123.06735070812798	10.0	10	10
123.16740546480125	10.0	10	10
123.26746022147452	10.0	10	10
123.3675149781478	10.0	10	10
123.46756973482107	10.0	10	10
123.56762449149436	10.0	10	10
123.66767924816763	10.0	10	10
123.7677340048409	10.0	10	10
123.86778876151418	10.0	10	10
123.96784351818745	10.0	10	10
124.06789827486072	10.0	10	10
124.167953031534	10.0	10	10
124.26800778820727	10.0	10	10
124.36806254488054	10.0	10	10
124.46811730155382	10.0	10	10
124.5681720582271	10.0	10	10
124.66822681490038	10.0	10	10
124.76828157157365	10.0	10	10
124.86833632824693	10.0	10	10
124.9683910849202	10.0	10	10
125.06844584159347	10.0	10	10
125.16850059826675	10.0	10	10
125.26855535494002	10.0	10	10
125.3686101116133	10.0	10	10
125.46866486828657	10.0	10	10
125.56871962495984	10.0	10	10
125.66877438163313	10.0	10	10
125.7688291383064	10.0	10	10
125.86888389497967	10.0	10	10
125.96893865165295	10.0	10	10
126.06899340832622	10.0	10	10
126.1690481649995	10.0	10	10
126.26910292167277	10.0	10	10
126.36915767834604	10.0	10	10
126.46921243501932	10.0	10	10
126.56926719169259	10.0	10	10
126.66932194836586	9.0	9	9
126.76937670503915	9.0	9	9
126.86943146171242	9.0	9	9
126.9694862183857	9.0	9	9
127.06954097505897	9.0	9	9
127.16959573173224	9.0	9	9
127.26965048840552	9.0	9	9
127.36970524507879	9.0	9	9
127.46976000175206	9.0	9	9
127.56981475842534	9.0	9	9
127.66986951509861	9.0	9	9
127.76992427177188	9.0	9	9
127.86997902844517	9.0	9	9
127.97003378511845	9.0	9	9
128.0700885417917	9.0	9	9
128.17014329846498	9.0	9	9
128.27019805513825	9.0	9	9
128.37025281181155	9.0	9	9
128.47030756848483	9.0	9	9
128.5703623251581	9.0	9	9
128.67041708183137	9.0	9	9
128.77047183850465	9.0	9	9
128.87052659517792	9.0	9	9
128.9705813518512	9.0	9	9
129.07063610852447	9.0	9	9
129.17069086519774	9.0	9	9
129.27074562187101	9.0	9	9
129.3708003785443	9.0	9	9
129.47085513521756	9.0	9	9
129.57090989189084	9.0	9	9
129.6709646485641	9.0	9	9
129.77101940523738	9.0	9	9
129.87107416191066	9.0	9	9
129.97112891858393	9.0	9	9
130.0711836752572	9.0	9	9
130.17123843193048	9.0	9	9
130.27129318860375	9.0	9	9
130.37134794527702	9.0	9	9
130.4714027019503	9.0	9	9
130.5714574586236	9.0	9	9
130.67151221529687	9.0	9	9
130.77156697197015	10.0	10	10
130.87162172864342	10.0	10	10
130.9716764853167	10.0	10	10
131.07173124198997	10.0	10	10
131.17178599866324	10.0	10	10
131.2718407553365	10.0	10	10
131.3718955120098	10.0	10	10
131.47195026868306	9.0	9	9
131.57200502535633	9.0	9	9
131.6720597820296	9.0	9	9
131.77211453870288	9.0	9	9
131.87216929537615	9.0	9	9
131.97222405204943	9.0	9	9
132.0722788087227	10.0	10	10
132.17233356539597	10.0	10	10
132.27238832206925	10.0	10	10
132.37244307874252	10.0	10	10
132.4724978354158	10.0	10	10
132.57255259208907	10.0	10	10
132.67260734876237	10.0	10	10
132.77266210543564	11.0	11	11
132.87271686210892	11.0	11	11
132.9727716187822	11.0	11	11
133.07282637545546	11.0	11	11
133.17288113212874	11.0	11	11
133.272935888802	11.0	11	11
133.37299064547528	11.0	11	11
133.47304540214856	11.0	11	11
133.57310015882183	11.0	11	11
133.6731549154951	11.0	11	11
133.77320967216838	11.0	11	11
133.87326442884165	11.0	11	11
133.97331918551492	11.0	11	11
134.0733739421882	11.0	11	11
134.17342869886147	11.0	11	11
134.27348345553474	11.0	11	11
134.37353821220802	11.0	11	11
134.4735929688813	12.0	12	12
134.57364772555457	12.0	12	12
134.67370248222784	12.0	12	12
134.7737572389011	12.0	12	12
134.8738119955744	12.0	12	12
134.9738667522477	12.0	12	12
135.07392150892096	12.0	12	12
135.17397626559423	12.0	12	12
135.2740310222675	12.0	12	12
135.37408577894078	12.0	12	12
135.47414053561405	12.0	12	12
135.57419529228733	12.0	12	12
135.6742500489606	12.0	12	12
135.77430480563388	12.0	12	12
135.87435956230715	12.0	12	12
135.97441431898042	12.0	12	12
136.0744690756537	12.0	12	12
136.17452383232697	12.0	12	12
136.27457858900024	12.0	12	12
136.37463334567352	12.0	12	12
136.4746881023468	12.0	12	12
136.57474285902006	12.0	12	12
136.67479761569334	12.0	12	12
136.7748523723666	12.0	12	12
136.87490712903988	12.0	12	12
136.97496188571318	12.0	12	12
137.07501664238646	12.0	12	12
137.17507139905973	12.0	12	12
137.275126155733	12.0	12	12
137.37518091240628	12.0	12	12
137.47523566907955	12.0	12	12
137.57529042575283	12.0	12	12
137.6753451824261	12.0	12	12
137.77539993909937	12.0	12	12
137.87545469577265	12.0	12	12
137.97550945244592	12.0	12	12
138.0755642091192	12.0	12	12
138.17561896579247	12.0	12	12
138.27567372246574	12.0	12	12
138.375728479139	12.0	12	12
138.4757832358123	12.0	12	12
138.57583799248556	12.0	12	12
138.67589274915883	12.0	12	12
138.7759475058321	12.0	12	12
138.87600226250538	12.0	12	12
138.97605701917865	12.0	12	12
139.07611177585193	12.0	12	12
139.17616653252523	12.0	12	12
139.2762212891985	12.0	12	12
139.37627604587178	12.0	12	12
139.47633080254505	12.0	12	12
139.57638555921832	12.0	12	12
139.6764403158916	12.0	12	12
139.77649507256487	12.0	12	12
139.87654982923814	12.0	12	12
139.97660458591142	12.0	12	12
140.0766593425847	12.0	12	12
140.17671409925796	12.0	12	12
140.27676885593124	12.0	12	12
140.3768236126045	12.0	12	12
140.47687836927778	12.0	12	12
140.57693312595106	12.0	12	12
140.67698788262433	11.0	11	11
140.7770426392976	11.0	11	11
140.87709739597088	11.0	11	11
140.97715215264415	11.0	11	11
141.07720690931743	11.0	11	11
141.1772616659907	11.0	11	11
141.27731642266397	11.0	11	11
141.37737117933727	10.0	10	10
141.47742593601055	10.0	10	10
141.57748069268382	10.0	10	10
141.6775354493571	10.0	10	10
141.77759020603037	10.0	10	10
141.87764496270364	10.0	10	10
141.97769971937691	9.0	9	9
142.0777544760502	9.0	9	9
142.17780923272346	9.0	9	9
142.27786398939674	9.0	9	9
142.37791874607	9.0	9	9
142.47797350274328	9.0	9	9
142.57802825941656	9.0	9	9
142.67808301608983	9.0	9	9
142.7781377727631	9.0	9	9
142.87819252943638	9.0	9	9
142.97824728610965	9.0	9	9
143.07830204278292	8.0	8	8
143.1783567994562	8.0	8	8
143.27841155612947	8.0	8	8
143.37846631280274	8.0	8	8
143.47852106947605	8.0	8	8
143.57857582614932	8.0	8	8
143.6786305828226	8.0	8	8
143.77868533949587	8.0	8	8
143.87874009616914	8.0	8	8
143.9787948528424	8.0	8	8
144.0788496095157	8.0	8	8
144.17890436618896	8.0	8	8
144.27895912286223	7.0	7	7
144.3790138795355	7.0	7	7
144.47906863620878	7.0	7	7
144.57912339288205	7.0	7	7
144.67917814955533	7.0	7	7
144.7792329062286	8.0	8	8
144.87928766290187	8.0	8	8
144.97934241957515	8.0	8	8
145.07939717624842	8.0	8	8
145.1794519329217	8.0	8	8
145.27950668959497	8.0	8	8
145.37956144626824	8.0	8	8
145.47961620294151	9.0	9	9
145.5796709596148	9.0	9	9
145.6797257162881	9.0	9	9
145.77978047296136	9.0	9	9
145.87983522963464	9.0	9	9
145.9798899863079	9.0	9	9
146.07994474298118	9.0	9	9
146.17999949965446	9.0	9	9
146.28005425632773	9.0	9	9
146.380109013001	9.0	9	9
146.48016376967428	9.0	9	9
146.58021852634755	9.0	9	9
146.68027328302082	9.0	9	9
146.7803280396941	9.0	9	9
146.88038279636737	9.0	9	9
146.98043755304064	9.0	9	9
147.08049230971392	9.0	9	9
147.1805470663872	9.0	9	9
147.28060182306046	9.0	9	9
147.38065657973374	9.0	9	9
147.480711336407	9.0	9	9
147.58076609308029	9.0	9	9
147.68082084975356	9.0	9	9
147.78087560642686	9.0	9	9
147.88093036310013	9.0	9	9
147.9809851197734	9.0	9	9
148.08103987644668	9.0	9	9
148.18109463311995	9.0	9	9
148.28114938979323	9.0	9	9
148.3812041464665	9.0	9	9
148.48125890313977	9.0	9	9
148.58131365981305	9.0	9	9
148.68136841648632	9.0	9	9
148.7814231731596	9.0	9	9
148.88147792983287	9.0	9	9
148.98153268650614	9.0	9	9
149.08158744317942	9.0	9	9
149.1816421998527	9.0	9	9
149.28169695652596	9.0	9	9
149.38175171319924	9.0	9	9
149.4818064698725	9.0	9	9
149.58186122654578	9.0	9	9
149.68191598321906	9.0	9	9
149.78197073989233	9.0	9	9
149.8820254965656	9.0	9	9
149.9820802532389	9.0	9	9
150.08213500991218	9.0	9	9
150.18218976658545	9.0	9	9
150.28224452325873	9.0	9	9
150.382299279932	9.0	9	9
150.48235403660527	9.0	9	9
150.58240879327855	9.0	9	9
150.68246354995182	9.0	9	9
150.7825183066251	9.0	9	9
150.88257306329837	9.0	9	9
150.98262781997164	9.0	9	9
151.0826825766449	9.0	9	9
151.1827373333182	9.0	9	9
151.28279208999146	8.0	8	8
151.38284684666473	8.0	8	8
151.482901603338	8.0	8	8
151.58295636001128	8.0	8	8
151.68301111668455	8.0	8	8
151.78306587335783	8.0	8	8
151.8831206300311	8.0	8	8
151.98317538670437	8.0	8	8
152.08323014337768	8.0	8	8
152.18328490005095	8.0	8	8
152.28333965672422	8.0	8	8
152.3833944133975	8.0	8	8
152.48344917007077	8.0	8	8
152.58350392674404	8.0	8	8
152.68355868341732	8.0	8	8
152.7836134400906	9.0	9	9
152.88366819676386	9.0	9	9
152.98372295343714	9.0	9	9
153.0837777101104	9.0	9	9
153.18383246678368	9.0	9	9
153.28388722345696	9.0	9	9
153.38394198013023	9.0	9	9
153.4839967368035	9.0	9	9
153.58405149347678	9.0	9	9
153.68410625015005	9.0	9	9
153.78416100682333	9.0	9	9
153.8842157634966	9.0	9	9
153.98427052016987	9.0	9	9
154.08432527684315	9.0	9	9
154.18438003351642	9.0	9	9
154.28443479018972	9.0	9	9
154.384489546863	9.0	9	9
154.48454430353627	9.0	9	9
154.58459906020954	9.0	9	9
154.68465381688281	9.0	9	9
154.7847085735561	9.0	9	9
154.88476333022936	8.0	8	8
154.98481808690264	8.0	8	8
155.0848728435759	8.0	8	8
155.18492760024918	8.0	8	8
155.28498235692246	8.0	8	8
155.38503711359573	8.0	8	8
155.485091870269	8.0	8	8
155.58514662694228	7.0	7	7
155.68520138361555	7.0	7	7
155.78525614028882	7.0	7	7
155.8853108969621	7.0	7	7
155.98536565363537	7.0	7	7
156.08542041030864	7.0	7	7
156.18547516698192	7.0	7	7
156.2855299236552	7.0	7	7
156.3855846803285	7.0	7	7
156.48563943700177	7.0	7	7
156.58569419367504	7.0	7	7
156.6857489503483	7.0	7	7
156.78580370702159	7.0	7	7
156.88585846369486	7.0	7	7
156.98591322036813	7.0	7	7
157.0859679770414	7.0	7	7
157.18602273371468	7.0	7	7
157.28607749038795	7.0	7	7
157.38613224706123	7.0	7	7
157.4861870037345	7.0	7	7
157.58624176040777	6.0	6	6
157.68629651708105	6.0	6	6
157.78635127375432	6.0	6	6
157.8864060304276	6.0	6	6
157.98646078710087	6.0	6	6
158.08651554377414	6.0	6	6
158.1865703004474	6.0	6	6
158.2866250571207	6.0	6	6
158.38667981379396	6.0	6	6
158.48673457046723	6.0	6	6
158.58678932714054	6.0	6	6
158.6868440838138	6.0	6	6
158.78689884048708	6.0	6	6
158.88695359716036	6.0	6	6
158.98700835383363	6.0	6	6
159.0870631105069	6.0	6	6
159.18711786718018	6.0	6	6
159.28717262385345	6.0	6	6
159.38722738052672	6.0	6	6
159.4872821372	6.0	6	6
159.58733689387327	6.0	6	6
159.68739165054654	6.0	6	6
159.78744640721982	6.0	6	6
159.8875011638931	6.0	6	6
159.98755592056636	6.0	6	6
160.08761067723964	6.0	6	6
160.1876654339129	6.0	6	6
160.28772019058619	6.0	6	6
160.38777494725946	6.0	6	6
160.48782970393273	6.0	6	6
160.587884460606	6.0	6	6
160.68793921727928	6.0	6	6
160.78799397395258	6.0	6	6
160.88804873062585	6.0	6	6
160.98810348729913	6.0	6	6
161.0881582439724	6.0	6	6
161.18821300064567	6.0	6	6
161.28826775731895	6.0	6	6
161.38832251399222	6.0	6	6
161.4883772706655	6.0	6	6
161.58843202733877	6.0	6	6
161.68848678401204	6.0	6	6
161.78854154068532	6.0	6	6
161.8885962973586	6.0	6	6
161.98865105403186	6.0	6	6
162.08870581070514	6.0	6	6
162.1887605673784	5.0	5	5
162.28881532405168	5.0	5	5
162.38887008072496	5.0	5	5
162.48892483739823	5.0	5	5
162.5889795940715	5.0	5	5
162.68903435074478	5.0	5	5
162.78908910741805	5.0	5	5
162.88914386409135	5.0	5	5
162.98919862076463	5.0	5	5
163.0892533774379	5.0	5	5
163.18930813411117	5.0	5	5
163.28936289078445	5.0	5	5
163.38941764745772	5.0	5	5
163.489472404131	5.0	5	5
163.58952716080427	5.0	5	5
163.68958191747754	5.0	5	5
163.7896366741508	5.0	5	5
163.8896914308241	5.0	5	5
163.98974618749736	5.0	5	5
164.08980094417063	6.0	6	6
164.1898557008439	6.0	6	6
164.28991045751718	6.0	6	6
164.38996521419045	6.0	6	6
164.49001997086373	6.0	6	6
164.590074727537	6.0	6	6
164.69012948421027	6.0	6	6
164.79018424088355	6.0	6	6
164.89023899755682	6.0	6	6
164.9902937542301	6.0	6	6
165.0903485109034	6.0	6	6
165.19040326757667	6.0	6	6
165.29045802424994	6.0	6	6
165.39051278092322	6.0	6	6
165.4905675375965	7.0	7	7
165.59062229426976	7.0	7	7
165.69067705094304	7.0	7	7
165.7907318076163	7.0	7	7
165.89078656428958	7.0	7	7
165.99084132096286	7.0	7	7
166.09089607763613	7.0	7	7
166.1909508343094	7.0	7	7
166.29100559098268	7.0	7	7
166.39106034765595	7.0	7	7
166.49111510432923	7.0	7	7
166.5911698610025	7.0	7	7
166.69122461767577	8.0	8	8
166.79127937434905	8.0	8	8
166.89133413102232	8.0	8	8
166.9913888876956	8.0	8	8
167.09144364436887	8.0	8	8
167.19149840104217	8.0	8	8
167.29155315771544	8.0	8	8
167.39160791438871	8.0	8	8
167.491662671062	8.0	8	8
167.59171742773526	8.0	8	8
167.69177218440853	8.0	8	8
167.7918269410818	8.0	8	8
167.89188169775508	8.0	8	8
167.99193645442836	8.0	8	8
168.09199121110163	8.0	8	8
168.1920459677749	8.0	8	8
168.29210072444818	8.0	8	8
168.39215548112145	8.0	8	8
168.49221023779472	8.0	8	8
168.592264994468	8.0	8	8
168.69231975114127	8.0	8	8
168.79237450781454	8.0	8	8
168.89242926448782	8.0	8	8
168.9924840211611	7.0	7	7
169.09253877783436	7.0	7	7
169.19259353450764	7.0	7	7
169.2926482911809	7.0	7	7
169.3927030478542	7.0	7	7
169.49275780452749	7.0	7	7
169.59281256120076	7.0	7	7
169.69286731787403	7.0	7	7
169.7929220745473	7.0	7	7
169.89297683122058	7.0	7	7
169.99303158789385	7.0	7	7
170.09308634456713	6.0	6	6
170.1931411012404	5.0	5	5
170.29319585791367	4.0	4	4
170.39325061458695	4.0	4	4
170.49330537126022	4.0	4	4
170.5933601279335	4.0	4	4
170.69341488460677	4.0	4	4
170.79346964128004	4.0	4	4
170.8935243979533	4.0	4	4
170.9935791546266	4.0	4	4
171.09363391129986	4.0	4	4
171.19368866797313	4.0	4	4
171.2937434246464	4.0	4	4
171.39379818131968	4.0	4	4
171.49385293799298	4.0	4	4
171.59390769466626	4.0	4	4
171.69396245133953	4.0	4	4
171.7940172080128	4.0	4	4
171.89407196468608	4.0	4	4
171.99412672135935	4.0	4	4
172.09418147803262	4.0	4	4
172.1942362347059	4.0	4	4
172.29429099137917	4.0	4	4
172.39434574805244	4.0	4	4
172.49440050472572	4.0	4	4
172.594455261399	4.0	4	4
172.69451001807226	4.0	4	4
172.79456477474554	4.0	4	4
172.8946195314188	4.0	4	4
172.99467428809209	4.0	4	4
173.09472904476536	4.0	4	4
173.19478380143863	4.0	4	4
173.2948385581119	4.0	4	4
173.39489331478518	4.0	4	4
173.49494807145845	4.0	4	4
173.59500282813173	4.0	4	4
173.69505758480503	4.0	4	4
173.7951123414783	4.0	4	4
173.89516709815157	4.0	4	4
173.99522185482485	4.0	4	4
174.09527661149812	4.0	4	4
174.1953313681714	4.0	4	4
174.29538612484467	4.0	4	4
174.39544088151794	4.0	4	4
174.49549563819122	4.0	4	4
174.5955503948645	4.0	4	4
174.69560515153776	4.0	4	4
174.79565990821104	4.0	4	4
174.8957146648843	4.0	4	4
174.99576942155758	4.0	4	4
175.09582417823086	4.0	4	4
175.19587893490413	4.0	4	4
175.2959336915774	4.0	4	4
175.39598844825068	4.0	4	4
175.49604320492395	4.0	4	4
175.59609796159722	4.0	4	4
175.6961527182705	4.0	4	4
175.7962074749438	4.0	4	4
175.89626223161707	4.0	4	4
175.99631698829035	4.0	4	4
176.09637174496362	4.0	4	4
176.1964265016369	4.0	4	4
176.29648125831017	4.0	4	4
176.39653601498344	4.0	4	4
176.4965907716567	4.0	4	4
176.59664552833	4.0	4	4
176.69670028500326	4.0	4	4
176.79675504167653	4.0	4	4
176.8968097983498	4.0	4	4
176.99686455502308	4.0	4	4
177.09691931169635	4.0	4	4
177.19697406836963	4.0	4	4
177.2970288250429	4.0	4	4
177.39708358171617	4.0	4	4
177.49713833838945	4.0	4	4
177.59719309506272	4.0	4	4
177.697247851736	4.0	4	4
177.79730260840927	4.0	4	4
177.89735736508254	4.0	4	4
177.99741212175584	4.0	4	4
178.09746687842912	4.0	4	4
178.1975216351024	4.0	4	4
178.29757639177566	4.0	4	4
178.39763114844894	3.0	3	3
178.4976859051222	3.0	3	3
178.59774066179548	3.0	3	3
178.69779541846876	3.0	3	3
178.79785017514203	3.0	3	3
178.8979049318153	3.0	3	3
178.99795968848858	3.0	3	3
179.09801444516185	3.0	3	3
179.19806920183512	3.0	3	3
179.2981239585084	3.0	3	3
179.39817871518167	3.0	3	3
179.49823347185495	3.0	3	3
179.59828822852822	3.0	3	3
179.6983429852015	3.0	3	3
179.79839774187477	3.0	3	3
179.89845249854804	3.0	3	3
179.9985072552213	3.0	3	3
180.0985620118946	3.0	3	3
180.1986167685679	3.0	3	3
180.29867152524116	3.0	3	3
180.39872628191443	3.0	3	3
180.4987810385877	3.0	3	3
180.59883579526098	3.0	3	3
180.69889055193426	3.0	3	3
180.79894530860753	3.0	3	3
180.8990000652808	3.0	3	3
180.99905482195408	3.0	3	3
181.09910957862735	2.0	2	2
181.19916433530062	2.0	2	2
181.2992190919739	2.0	2	2
181.39927384864717	2.0	2	2
181.49932860532044	2.0	2	2
181.59938336199372	2.0	2	2
181.699438118667	2.0	2	2
181.79949287534026	2.0	2	2
181.89954763201354	2.0	2	2
181.9996023886868	2.0	2	2
182.09965714536008	2.0	2	2
182.19971190203336	2.0	2	2
182.29976665870666	2.0	2	2
182.39982141537993	1.0	1	1
182.4998761720532	1.0	1	1
182.59993092872648	1.0	1	1
182.69998568539975	1.0	1	1
182.80004044207303	1.0	1	1
182.9000951987463	1.0	1	1
183.00014995541957	1.0	1	1
183.10020471209285	1.0	1	1
183.20025946876612	1.0	1	1
183.3003142254394	1.0	1	1
183.40036898211267	1.0	1	1
183.50042373878594	1.0	1	1
183.6004784954592	1.0	1	1
183.7005332521325	1.0	1	1
183.80058800880576	1.0	1	1
183.90064276547903	1.0	1	1
184.0006975221523	1.0	1	1
184.10075227882558	1.0	1	1
184.20080703549885	1.0	1	1
184.30086179217213	1.0	1	1
