time	diversity	m_div	M_div
0.0	10.0	10	10
0.10008233966012253	10.0	10	10
0.20016467932024506	10.0	10	10
0.3002470189803676	10.0	10	10
0.40032935864049013	10.0	10	10
0.5004116983006126	10.0	10	10
0.6004940379607352	10.0	10	10
0.7005763776208578	10.0	10	10
0.8006587172809803	10.0	10	10
0.9007410569411027	10.0	10	10
1.0008233966012252	10.0	10	10
1.100905736261348	10.0	10	10
1.2009880759214704	10.0	10	10
1.3010704155815929	10.0	10	10
1.4011527552417156	10.0	10	10
1.501235094901838	10.0	10	10
1.6013174345619605	10.0	10	10
1.701399774222083	10.0	10	10
1.8014821138822055	10.0	10	10
1.9015644535423282	10.0	10	10
2.0016467932024504	10.0	10	10
2.101729132862573	10.0	10	10
2.201811472522696	10.0	10	10
2.301893812182818	10.0	10	10
2.4019761518429408	10.0	10	10
2.5020584915030635	10.0	10	10
2.6021408311631857	10.0	10	10
2.7022231708233084	10.0	10	10
2.802305510483431	10.0	10	10
2.9023878501435534	10.0	10	10
3.002470189803676	10.0	10	10
3.1025525294637983	10.0	10	10
3.202634869123921	10.0	10	10
3.3027172087840437	10.0	10	10
3.402799548444166	10.0	10	10
3.5028818881042887	10.0	10	10
3.602964227764411	10.0	10	10
3.7030465674245336	10.0	10	10
3.8031289070846563	10.0	10	10
3.9032112467447786	10.0	10	10
4.003293586404901	10.0	10	10
4.1033759260650235	10.0	10	10
4.203458265725146	10.0	10	10
4.303540605385269	10.0	10	10
4.403622945045392	10.0	10	10
4.503705284705514	10.0	10	10
4.603787624365636	10.0	10	10
4.703869964025759	10.0	10	10
4.8039523036858816	10.0	10	10
4.904034643346004	10.0	10	10
5.004116983006127	10.0	10	10
5.104199322666249	10.0	10	10
5.2042816623263715	10.0	10	10
5.304364001986494	10.0	10	10
5.404446341646617	10.0	10	10
5.50452868130674	10.0	10	10
5.604611020966862	10.0	10	10
5.704693360626984	10.0	10	10
5.804775700287107	10.0	10	10
5.9048580399472295	10.0	10	10
6.004940379607352	10.0	10	10
6.105022719267475	10.0	10	10
6.205105058927597	10.0	10	10
6.305187398587719	10.0	10	10
6.405269738247842	10.0	10	10
6.505352077907965	10.0	10	10
6.6054344175680875	10.0	10	10
6.705516757228209	10.0	10	10
6.805599096888332	10.0	10	10
6.905681436548455	10.0	10	10
7.005763776208577	10.0	10	10
7.1058461158687	10.0	10	10
7.205928455528822	10.0	10	10
7.306010795188945	10.0	10	10
7.406093134849067	10.0	10	10
7.50617547450919	10.0	10	10
7.606257814169313	10.0	10	10
7.706340153829435	10.0	10	10
7.806422493489557	10.0	10	10
7.90650483314968	10.0	10	10
8.006587172809802	10.0	10	10
8.106669512469924	10.0	10	10
8.206751852130047	10.0	10	10
8.30683419179017	10.0	10	10
8.406916531450292	10.0	10	10
8.506998871110415	10.0	10	10
8.607081210770538	10.0	10	10
8.70716355043066	10.0	10	10
8.807245890090783	10.0	10	10
8.907328229750906	10.0	10	10
9.007410569411029	10.0	10	10
9.10749290907115	10.0	10	10
9.207575248731272	10.0	10	10
9.307657588391395	10.0	10	10
9.407739928051518	10.0	10	10
9.50782226771164	10.0	10	10
9.607904607371763	10.0	10	10
9.707986947031886	10.0	10	10
9.808069286692009	10.0	10	10
9.908151626352131	10.0	10	10
10.008233966012254	10.0	10	10
10.108316305672377	10.0	10	10
10.208398645332498	10.0	10	10
10.30848098499262	10.0	10	10
10.408563324652743	10.0	10	10
10.508645664312866	10.0	10	10
10.608728003972988	10.0	10	10
10.708810343633111	10.0	10	10
10.808892683293234	10.0	10	10
10.908975022953356	10.0	10	10
11.00905736261348	10.0	10	10
11.109139702273602	10.0	10	10
11.209222041933725	10.0	10	10
11.309304381593845	10.0	10	10
11.409386721253968	10.0	10	10
11.50946906091409	10.0	10	10
11.609551400574214	10.0	10	10
11.709633740234336	10.0	10	10
11.809716079894459	10.0	10	10
11.909798419554582	10.0	10	10
12.009880759214704	10.0	10	10
12.109963098874827	10.0	10	10
12.21004543853495	10.0	10	10
12.31012777819507	10.0	10	10
12.410210117855193	10.0	10	10
12.510292457515316	10.0	10	10
12.610374797175439	10.0	10	10
12.710457136835561	10.0	10	10
12.810539476495684	10.0	10	10
12.910621816155807	10.0	10	10
13.01070415581593	10.0	10	10
13.110786495476052	10.0	10	10
13.210868835136175	10.0	10	10
13.310951174796298	10.0	10	10
13.411033514456419	10.0	10	10
13.511115854116541	10.0	10	10
13.611198193776664	10.0	10	10
13.711280533436787	10.0	10	10
13.81136287309691	10.0	10	10
13.911445212757032	10.0	10	10
14.011527552417155	10.0	10	10
14.111609892077277	10.0	10	10
14.2116922317374	10.0	10	10
14.311774571397523	10.0	10	10
14.411856911057644	10.0	10	10
14.511939250717766	10.0	10	10
14.61202159037789	10.0	10	10
14.712103930038012	10.0	10	10
14.812186269698135	10.0	10	10
14.912268609358257	10.0	10	10
15.01235094901838	10.0	10	10
15.112433288678503	10.0	10	10
15.212515628338625	10.0	10	10
15.312597967998748	10.0	10	10
15.41268030765887	10.0	10	10
15.512762647318992	10.0	10	10
15.612844986979114	10.0	10	10
15.712927326639237	10.0	10	10
15.81300966629936	10.0	10	10
15.913092005959482	10.0	10	10
16.013174345619603	10.0	10	10
16.113256685279726	10.0	10	10
16.21333902493985	10.0	10	10
16.31342136459997	10.0	10	10
16.413503704260094	10.0	10	10
16.513586043920217	10.0	10	10
16.61366838358034	10.0	10	10
16.713750723240462	10.0	10	10
16.813833062900585	10.0	10	10
16.913915402560708	11.0	11	11
17.01399774222083	11.0	11	11
17.114080081880953	11.0	11	11
17.214162421541076	11.0	11	11
17.3142447612012	11.0	11	11
17.41432710086132	11.0	11	11
17.514409440521444	11.0	11	11
17.614491780181567	11.0	11	11
17.71457411984169	11.0	11	11
17.814656459501812	11.0	11	11
17.914738799161935	11.0	11	11
18.014821138822057	11.0	11	11
18.11490347848218	11.0	11	11
18.2149858181423	11.0	11	11
18.315068157802422	11.0	11	11
18.415150497462545	11.0	11	11
18.515232837122667	11.0	11	11
18.61531517678279	11.0	11	11
18.715397516442913	11.0	11	11
18.815479856103035	11.0	11	11
18.915562195763158	11.0	11	11
19.01564453542328	11.0	11	11
19.115726875083404	11.0	11	11
19.215809214743526	11.0	11	11
19.31589155440365	11.0	11	11
19.41597389406377	11.0	11	11
19.516056233723894	11.0	11	11
19.616138573384017	11.0	11	11
19.71622091304414	11.0	11	11
19.816303252704262	11.0	11	11
19.916385592364385	11.0	11	11
20.016467932024508	11.0	11	11
20.11655027168463	11.0	11	11
20.216632611344753	11.0	11	11
20.316714951004872	11.0	11	11
20.416797290664995	11.0	11	11
20.516879630325118	11.0	11	11
20.61696196998524	11.0	11	11
20.717044309645363	11.0	11	11
20.817126649305486	11.0	11	11
20.91720898896561	11.0	11	11
21.01729132862573	11.0	11	11
21.117373668285854	11.0	11	11
21.217456007945977	11.0	11	11
21.3175383476061	11.0	11	11
21.417620687266222	11.0	11	11
21.517703026926345	11.0	11	11
21.617785366586467	11.0	11	11
21.71786770624659	11.0	11	11
21.817950045906713	11.0	11	11
21.918032385566836	11.0	11	11
22.01811472522696	11.0	11	11
22.11819706488708	11.0	11	11
22.218279404547204	11.0	11	11
22.318361744207326	11.0	11	11
22.41844408386745	11.0	11	11
22.518526423527568	11.0	11	11
22.61860876318769	11.0	11	11
22.718691102847814	11.0	11	11
22.818773442507936	11.0	11	11
22.91885578216806	11.0	11	11
23.01893812182818	11.0	11	11
23.119020461488304	11.0	11	11
23.219102801148427	11.0	11	11
23.31918514080855	11.0	11	11
23.419267480468672	11.0	11	11
23.519349820128795	11.0	11	11
23.619432159788918	11.0	11	11
23.71951449944904	11.0	11	11
23.819596839109163	11.0	11	11
23.919679178769286	11.0	11	11
24.01976151842941	11.0	11	11
24.11984385808953	11.0	11	11
24.219926197749654	11.0	11	11
24.320008537409777	11.0	11	11
24.4200908770699	11.0	11	11
24.520173216730022	11.0	11	11
24.62025555639014	11.0	11	11
24.720337896050264	11.0	11	11
24.820420235710387	11.0	11	11
24.92050257537051	11.0	11	11
25.020584915030632	11.0	11	11
25.120667254690755	11.0	11	11
25.220749594350877	11.0	11	11
25.320831934011	11.0	11	11
25.420914273671123	11.0	11	11
25.520996613331246	11.0	11	11
25.62107895299137	11.0	11	11
25.72116129265149	11.0	11	11
25.821243632311614	11.0	11	11
25.921325971971736	11.0	11	11
26.02140831163186	11.0	11	11
26.121490651291982	11.0	11	11
26.221572990952104	11.0	11	11
26.321655330612227	11.0	11	11
26.42173767027235	11.0	11	11
26.521820009932473	11.0	11	11
26.621902349592595	11.0	11	11
26.721984689252714	11.0	11	11
26.822067028912837	11.0	11	11
26.92214936857296	11.0	11	11
27.022231708233083	11.0	11	11
27.122314047893205	11.0	11	11
27.222396387553328	11.0	11	11
27.32247872721345	11.0	11	11
27.422561066873573	11.0	11	11
27.522643406533696	11.0	11	11
27.62272574619382	11.0	11	11
27.72280808585394	11.0	11	11
27.822890425514064	11.0	11	11
27.922972765174187	11.0	11	11
28.02305510483431	11.0	11	11
28.123137444494432	12.0	12	12
28.223219784154555	12.0	12	12
28.323302123814678	12.0	12	12
28.4233844634748	12.0	12	12
28.523466803134923	12.0	12	12
28.623549142795046	12.0	12	12
28.72363148245517	12.0	12	12
28.823713822115288	12.0	12	12
28.92379616177541	12.0	12	12
29.023878501435533	12.0	12	12
29.123960841095656	12.0	12	12
29.22404318075578	12.0	12	12
29.3241255204159	12.0	12	12
29.424207860076024	12.0	12	12
29.524290199736146	12.0	12	12
29.62437253939627	12.0	12	12
29.724454879056392	12.0	12	12
29.824537218716515	11.0	11	11
29.924619558376637	11.0	11	11
30.02470189803676	11.0	11	11
30.124784237696883	11.0	11	11
30.224866577357005	11.0	11	11
30.324948917017128	11.0	11	11
30.42503125667725	11.0	11	11
30.525113596337373	11.0	11	11
30.625195935997496	11.0	11	11
30.72527827565762	11.0	11	11
30.82536061531774	11.0	11	11
30.925442954977864	11.0	11	11
31.025525294637983	11.0	11	11
31.125607634298106	11.0	11	11
31.22568997395823	11.0	11	11
31.32577231361835	11.0	11	11
31.425854653278474	11.0	11	11
31.525936992938597	11.0	11	11
31.62601933259872	11.0	11	11
31.726101672258842	11.0	11	11
31.826184011918965	11.0	11	11
31.926266351579088	11.0	11	11
32.02634869123921	11.0	11	11
32.12643103089933	11.0	11	11
32.22651337055945	11.0	11	11
32.32659571021958	11.0	11	11
32.4266780498797	11.0	11	11
32.526760389539824	11.0	11	11
32.62684272919994	11.0	11	11
32.72692506886007	11.0	11	11
32.82700740852019	11.0	11	11
32.927089748180315	11.0	11	11
33.027172087840434	11.0	11	11
33.12725442750056	11.0	11	11
33.22733676716068	11.0	11	11
33.327419106820805	11.0	11	11
33.427501446480925	11.0	11	11
33.52758378614105	11.0	11	11
33.62766612580117	11.0	11	11
33.727748465461296	11.0	11	11
33.827830805121415	11.0	11	11
33.92791314478154	11.0	11	11
34.02799548444166	11.0	11	11
34.12807782410179	11.0	11	11
34.228160163761906	11.0	11	11
34.328242503422025	11.0	11	11
34.42832484308215	11.0	11	11
34.52840718274227	11.0	11	11
34.6284895224024	11.0	11	11
34.728571862062516	11.0	11	11
34.82865420172264	11.0	11	11
34.92873654138276	11.0	11	11
35.02881888104289	11.0	11	11
35.12890122070301	12.0	12	12
35.22898356036313	12.0	12	12
35.32906590002325	12.0	12	12
35.42914823968338	12.0	12	12
35.5292305793435	12.0	12	12
35.629312919003624	12.0	12	12
35.72939525866374	12.0	12	12
35.82947759832387	12.0	12	12
35.92955993798399	12.0	12	12
36.029642277644115	12.0	12	12
36.129724617304234	12.0	12	12
36.22980695696436	12.0	12	12
36.32988929662448	12.0	12	12
36.4299716362846	12.0	12	12
36.530053975944725	12.0	12	12
36.630136315604844	13.0	13	13
36.73021865526497	14.0	14	14
36.83030099492509	14.0	14	14
36.930383334585215	14.0	14	14
37.030465674245335	14.0	14	14
37.13054801390546	14.0	14	14
37.23063035356558	14.0	14	14
37.330712693225706	14.0	14	14
37.430795032885825	14.0	14	14
37.53087737254595	14.0	14	14
37.63095971220607	14.0	14	14
37.7310420518662	14.0	14	14
37.831124391526316	14.0	14	14
37.93120673118644	15.0	15	15
38.03128907084656	15.0	15	15
38.13137141050669	15.0	15	15
38.23145375016681	15.0	15	15
38.33153608982693	16.0	16	16
38.43161842948705	16.0	16	16
38.53170076914717	16.0	16	16
38.6317831088073	16.0	16	16
38.73186544846742	16.0	16	16
38.83194778812754	16.0	16	16
38.93203012778766	16.0	16	16
39.03211246744779	16.0	16	16
39.13219480710791	16.0	16	16
39.232277146768034	16.0	16	16
39.33235948642815	16.0	16	16
39.43244182608828	17.0	17	17
39.5325241657484	17.0	17	17
39.632606505408525	17.0	17	17
39.732688845068644	17.0	17	17
39.83277118472877	17.0	17	17
39.93285352438889	17.0	17	17
40.032935864049016	17.0	17	17
40.133018203709135	17.0	17	17
40.23310054336926	17.0	17	17
40.33318288302938	17.0	17	17
40.433265222689506	17.0	17	17
40.533347562349626	17.0	17	17
40.633429902009745	17.0	17	17
40.73351224166987	17.0	17	17
40.83359458132999	17.0	17	17
40.933676920990116	17.0	17	17
41.033759260650235	17.0	17	17
41.13384160031036	17.0	17	17
41.23392393997048	17.0	17	17
41.33400627963061	17.0	17	17
41.434088619290726	17.0	17	17
41.53417095895085	17.0	17	17
41.63425329861097	17.0	17	17
41.7343356382711	17.0	17	17
41.83441797793122	17.0	17	17
41.93450031759134	17.0	17	17
42.03458265725146	17.0	17	17
42.13466499691159	17.0	17	17
42.23474733657171	17.0	17	17
42.334829676231834	17.0	17	17
42.43491201589195	17.0	17	17
42.53499435555208	17.0	17	17
42.6350766952122	17.0	17	17
42.73515903487232	17.0	17	17
42.835241374532444	17.0	17	17
42.93532371419256	17.0	17	17
43.03540605385269	17.0	17	17
43.13548839351281	17.0	17	17
43.235570733172935	17.0	17	17
43.335653072833054	17.0	17	17
43.43573541249318	17.0	17	17
43.5358177521533	17.0	17	17
43.635900091813426	17.0	17	17
43.735982431473545	17.0	17	17
43.83606477113367	17.0	17	17
43.93614711079379	17.0	17	17
44.03622945045392	17.0	17	17
44.136311790114036	17.0	17	17
44.23639412977416	17.0	17	17
44.33647646943428	17.0	17	17
44.43655880909441	17.0	17	17
44.536641148754526	17.0	17	17
44.63672348841465	17.0	17	17
44.73680582807477	17.0	17	17
44.8368881677349	17.0	17	17
44.93697050739502	17.0	17	17
45.037052847055136	17.0	17	17
45.13713518671526	17.0	17	17
45.23721752637538	17.0	17	17
45.33729986603551	17.0	17	17
45.43738220569563	17.0	17	17
45.53746454535575	17.0	17	17
45.63754688501587	17.0	17	17
45.737629224676	17.0	17	17
45.83771156433612	17.0	17	17
45.937793903996244	17.0	17	17
46.03787624365636	17.0	17	17
46.13795858331649	17.0	17	17
46.23804092297661	17.0	17	17
46.338123262636735	17.0	17	17
46.438205602296854	17.0	17	17
46.53828794195698	16.0	16	16
46.6383702816171	16.0	16	16
46.738452621277226	16.0	16	16
46.838534960937345	16.0	16	16
46.93861730059747	16.0	16	16
47.03869964025759	16.0	16	16
47.13878197991771	16.0	16	16
47.238864319577836	16.0	16	16
47.338946659237955	16.0	16	16
47.43902899889808	16.0	16	16
47.5391113385582	16.0	16	16
47.63919367821833	16.0	16	16
47.739276017878446	15.0	15	15
47.83935835753857	15.0	15	15
47.93944069719869	15.0	15	15
48.03952303685882	15.0	15	15
48.13960537651894	15.0	15	15
48.23968771617906	15.0	15	15
48.33977005583918	15.0	15	15
48.43985239549931	15.0	15	15
48.53993473515943	16.0	16	16
48.64001707481955	16.0	16	16
48.74009941447967	16.0	16	16
48.8401817541398	16.0	16	16
48.94026409379992	16.0	16	16
49.040346433460044	16.0	16	16
49.14042877312016	15.0	15	15
49.24051111278028	15.0	15	15
49.34059345244041	15.0	15	15
49.44067579210053	15.0	15	15
49.540758131760654	15.0	15	15
49.64084047142077	15.0	15	15
49.7409228110809	15.0	15	15
49.84100515074102	15.0	15	15
49.941087490401145	15.0	15	15
50.041169830061264	15.0	15	15
50.14125216972139	15.0	15	15
50.24133450938151	15.0	15	15
50.341416849041636	15.0	15	15
50.441499188701755	15.0	15	15
50.54158152836188	15.0	15	15
50.641663868022	15.0	15	15
50.74174620768213	15.0	15	15
50.841828547342246	15.0	15	15
50.94191088700237	15.0	15	15
51.04199322666249	15.0	15	15
51.14207556632262	15.0	15	15
51.24215790598274	15.0	15	15
51.342240245642856	15.0	15	15
51.44232258530298	15.0	15	15
51.5424049249631	15.0	15	15
51.64248726462323	15.0	15	15
51.74256960428335	15.0	15	15
51.84265194394347	15.0	15	15
51.94273428360359	15.0	15	15
52.04281662326372	15.0	15	15
52.14289896292384	15.0	15	15
52.242981302583964	15.0	15	15
52.34306364224408	15.0	15	15
52.44314598190421	15.0	15	15
52.54322832156433	15.0	15	15
52.643310661224454	15.0	15	15
52.74339300088457	14.0	14	14
52.8434753405447	14.0	14	14
52.94355768020482	15.0	15	15
53.043640019864945	15.0	15	15
53.143722359525064	15.0	15	15
53.24380469918519	15.0	15	15
53.34388703884531	15.0	15	15
53.44396937850543	15.0	15	15
53.544051718165555	16.0	16	16
53.644134057825674	16.0	16	16
53.7442163974858	16.0	16	16
53.84429873714592	16.0	16	16
53.944381076806046	16.0	16	16
54.044463416466165	16.0	16	16
54.14454575612629	16.0	16	16
54.24462809578641	16.0	16	16
54.34471043544654	16.0	16	16
54.444792775106656	16.0	16	16
54.54487511476678	14.0	14	14
54.6449574544269	14.0	14	14
54.74503979408703	14.0	14	14
54.84512213374715	14.0	14	14
54.94520447340727	14.0	14	14
55.04528681306739	14.0	14	14
55.14536915272752	14.0	14	14
55.24545149238764	14.0	14	14
55.345533832047764	14.0	14	14
55.44561617170788	14.0	14	14
55.545698511368	14.0	14	14
55.64578085102813	14.0	14	14
55.74586319068825	14.0	14	14
55.845945530348374	14.0	14	14
55.94602787000849	14.0	14	14
56.04611020966862	14.0	14	14
56.14619254932874	14.0	14	14
56.246274888988864	14.0	14	14
56.34635722864898	14.0	14	14
56.44643956830911	14.0	14	14
56.54652190796923	14.0	14	14
56.646604247629355	14.0	14	14
56.746686587289474	14.0	14	14
56.8467689269496	14.0	14	14
56.94685126660972	14.0	14	14
57.046933606269846	14.0	14	14
57.147015945929965	13.0	13	13
57.24709828559009	13.0	13	13
57.34718062525021	13.0	13	13
57.44726296491034	13.0	13	13
57.547345304570456	11.0	11	11
57.647427644230575	11.0	11	11
57.7475099838907	11.0	11	11
57.84759232355082	11.0	11	11
57.94767466321095	11.0	11	11
58.047757002871066	10.0	10	10
58.14783934253119	10.0	10	10
58.24792168219131	10.0	10	10
58.34800402185144	10.0	10	10
58.44808636151156	10.0	10	10
58.54816870117168	10.0	10	10
58.6482510408318	10.0	10	10
58.74833338049193	10.0	10	10
58.84841572015205	10.0	10	10
58.948498059812174	11.0	11	11
59.04858039947229	11.0	11	11
59.14866273913242	11.0	11	11
59.24874507879254	11.0	11	11
59.348827418452665	11.0	11	11
59.448909758112784	11.0	11	11
59.54899209777291	11.0	11	11
59.64907443743303	11.0	11	11
59.749156777093155	11.0	11	11
59.849239116753274	11.0	11	11
59.949321456413394	10.0	10	10
60.04940379607352	10.0	10	10
60.14948613573364	10.0	10	10
60.249568475393765	10.0	10	10
60.349650815053884	10.0	10	10
60.44973315471401	10.0	10	10
60.54981549437413	10.0	10	10
60.649897834034256	10.0	10	10
60.749980173694375	10.0	10	10
60.8500625133545	10.0	10	10
60.95014485301462	10.0	10	10
61.05022719267475	10.0	10	10
61.150309532334866	10.0	10	10
61.25039187199499	10.0	10	10
61.35047421165511	10.0	10	10
61.45055655131524	10.0	10	10
61.55063889097536	10.0	10	10
61.65072123063548	10.0	10	10
61.7508035702956	10.0	10	10
61.85088590995573	10.0	10	10
61.95096824961585	10.0	10	10
62.05105058927597	10.0	10	10
62.15113292893609	10.0	10	10
62.25121526859621	10.0	10	10
62.35129760825634	10.0	10	10
62.45137994791646	10.0	10	10
62.551462287576584	10.0	10	10
62.6515446272367	10.0	10	10
62.75162696689683	10.0	10	10
62.85170930655695	10.0	10	10
62.951791646217075	10.0	10	10
63.051873985877194	10.0	10	10
63.15195632553732	10.0	10	10
63.25203866519744	10.0	10	10
63.352121004857565	10.0	10	10
63.452203344517685	10.0	10	10
63.55228568417781	10.0	10	10
63.65236802383793	10.0	10	10
63.752450363498056	10.0	10	10
63.852532703158175	10.0	10	10
63.9526150428183	10.0	10	10
64.05269738247841	10.0	10	10
64.15277972213855	10.0	10	10
64.25286206179867	10.0	10	10
64.35294440145879	10.0	10	10
64.4530267411189	10.0	10	10
64.55310908077904	10.0	10	10
64.65319142043916	10.0	10	10
64.75327376009928	10.0	10	10
64.8533560997594	10.0	10	10
64.95343843941953	10.0	10	10
65.05352077907965	10.0	10	10
65.15360311873977	10.0	10	10
65.25368545839989	11.0	11	11
65.35376779806002	12.0	12	12
65.45385013772014	12.0	12	12
65.55393247738026	12.0	12	12
65.65401481704038	12.0	12	12
65.75409715670051	12.0	12	12
65.85417949636063	13.0	13	13
65.95426183602075	13.0	13	13
66.05434417568087	13.0	13	13
66.154426515341	13.0	13	13
66.25450885500112	13.0	13	13
66.35459119466124	13.0	13	13
66.45467353432136	12.0	12	12
66.55475587398148	12.0	12	12
66.65483821364161	12.0	12	12
66.75492055330173	12.0	12	12
66.85500289296185	12.0	12	12
66.95508523262197	12.0	12	12
67.0551675722821	12.0	12	12
67.15524991194222	13.0	13	13
67.25533225160234	13.0	13	13
67.35541459126246	13.0	13	13
67.45549693092259	13.0	13	13
67.55557927058271	13.0	13	13
67.65566161024283	13.0	13	13
67.75574394990295	13.0	13	13
67.85582628956308	13.0	13	13
67.9559086292232	13.0	13	13
68.05599096888332	12.0	12	12
68.15607330854344	12.0	12	12
68.25615564820357	12.0	12	12
68.3562379878637	12.0	12	12
68.45632032752381	12.0	12	12
68.55640266718393	12.0	12	12
68.65648500684405	12.0	12	12
68.75656734650418	12.0	12	12
68.8566496861643	12.0	12	12
68.95673202582442	12.0	12	12
69.05681436548454	12.0	12	12
69.15689670514467	12.0	12	12
69.2569790448048	11.0	11	11
69.35706138446491	11.0	11	11
69.45714372412503	11.0	11	11
69.55722606378517	12.0	12	12
69.65730840344528	12.0	12	12
69.7573907431054	12.0	12	12
69.85747308276552	12.0	12	12
69.95755542242566	12.0	12	12
70.05763776208578	12.0	12	12
70.1577201017459	12.0	12	12
70.25780244140601	12.0	12	12
70.35788478106615	12.0	12	12
70.45796712072627	12.0	12	12
70.55804946038639	12.0	12	12
70.6581318000465	12.0	12	12
70.75821413970662	12.0	12	12
70.85829647936676	12.0	12	12
70.95837881902688	12.0	12	12
71.058461158687	12.0	12	12
71.15854349834711	11.0	11	11
71.25862583800725	11.0	11	11
71.35870817766737	11.0	11	11
71.45879051732749	11.0	11	11
71.5588728569876	11.0	11	11
71.65895519664774	11.0	11	11
71.75903753630786	11.0	11	11
71.85911987596798	11.0	11	11
71.9592022156281	11.0	11	11
72.05928455528823	11.0	11	11
72.15936689494835	11.0	11	11
72.25944923460847	11.0	11	11
72.35953157426859	11.0	11	11
72.45961391392872	11.0	11	11
72.55969625358884	11.0	11	11
72.65977859324896	12.0	12	12
72.75986093290908	12.0	12	12
72.8599432725692	12.0	12	12
72.96002561222933	12.0	12	12
73.06010795188945	12.0	12	12
73.16019029154957	12.0	12	12
73.26027263120969	12.0	12	12
73.36035497086982	12.0	12	12
73.46043731052994	12.0	12	12
73.56051965019006	12.0	12	12
73.66060198985018	12.0	12	12
73.76068432951031	12.0	12	12
73.86076666917043	12.0	12	12
73.96084900883055	12.0	12	12
74.06093134849067	12.0	12	12
74.1610136881508	12.0	12	12
74.26109602781092	12.0	12	12
74.36117836747104	12.0	12	12
74.46126070713116	12.0	12	12
74.5613430467913	12.0	12	12
74.66142538645141	12.0	12	12
74.76150772611153	12.0	12	12
74.86159006577165	12.0	12	12
74.96167240543177	12.0	12	12
75.0617547450919	12.0	12	12
75.16183708475202	12.0	12	12
75.26191942441214	12.0	12	12
75.36200176407226	12.0	12	12
75.4620841037324	12.0	12	12
75.56216644339251	12.0	12	12
75.66224878305263	12.0	12	12
75.76233112271275	12.0	12	12
75.86241346237288	12.0	12	12
75.962495802033	12.0	12	12
76.06257814169312	12.0	12	12
76.16266048135324	12.0	12	12
76.26274282101338	12.0	12	12
76.3628251606735	12.0	12	12
76.46290750033361	12.0	12	12
76.56298983999373	11.0	11	11
76.66307217965387	11.0	11	11
76.76315451931399	11.0	11	11
76.8632368589741	11.0	11	11
76.96331919863422	11.0	11	11
77.06340153829434	11.0	11	11
77.16348387795448	11.0	11	11
77.2635662176146	11.0	11	11
77.36364855727471	11.0	11	11
77.46373089693483	11.0	11	11
77.56381323659497	10.0	10	10
77.66389557625509	10.0	10	10
77.7639779159152	10.0	10	10
77.86406025557532	10.0	10	10
77.96414259523546	10.0	10	10
78.06422493489558	10.0	10	10
78.1643072745557	10.0	10	10
78.26438961421582	10.0	10	10
78.36447195387595	10.0	10	10
78.46455429353607	10.0	10	10
78.56463663319619	10.0	10	10
78.6647189728563	10.0	10	10
78.76480131251644	11.0	11	11
78.86488365217656	11.0	11	11
78.96496599183668	11.0	11	11
79.0650483314968	11.0	11	11
79.16513067115692	11.0	11	11
79.26521301081705	11.0	11	11
79.36529535047717	11.0	11	11
79.46537769013729	11.0	11	11
79.5654600297974	11.0	11	11
79.66554236945754	11.0	11	11
79.76562470911766	11.0	11	11
79.86570704877778	12.0	12	12
79.9657893884379	12.0	12	12
80.06587172809803	12.0	12	12
80.16595406775815	12.0	12	12
80.26603640741827	12.0	12	12
80.36611874707839	12.0	12	12
80.46620108673852	12.0	12	12
80.56628342639864	12.0	12	12
80.66636576605876	12.0	12	12
80.76644810571888	12.0	12	12
80.86653044537901	12.0	12	12
80.96661278503913	12.0	12	12
81.06669512469925	12.0	12	12
81.16677746435937	12.0	12	12
81.26685980401949	12.0	12	12
81.36694214367962	12.0	12	12
81.46702448333974	12.0	12	12
81.56710682299986	12.0	12	12
81.66718916265998	12.0	12	12
81.76727150232011	12.0	12	12
81.86735384198023	12.0	12	12
81.96743618164035	12.0	12	12
82.06751852130047	12.0	12	12
82.1676008609606	11.0	11	11
82.26768320062072	11.0	11	11
82.36776554028084	11.0	11	11
82.46784787994096	11.0	11	11
82.5679302196011	11.0	11	11
82.66801255926121	11.0	11	11
82.76809489892133	11.0	11	11
82.86817723858145	11.0	11	11
82.96825957824159	11.0	11	11
83.0683419179017	10.0	10	10
83.16842425756182	10.0	10	10
83.26850659722194	10.0	10	10
83.36858893688206	10.0	10	10
83.4686712765422	10.0	10	10
83.56875361620232	10.0	10	10
83.66883595586243	10.0	10	10
83.76891829552255	10.0	10	10
83.86900063518269	10.0	10	10
83.9690829748428	10.0	10	10
84.06916531450292	10.0	10	10
84.16924765416304	10.0	10	10
84.26932999382318	10.0	10	10
84.3694123334833	10.0	10	10
84.46949467314342	11.0	11	11
84.56957701280353	11.0	11	11
84.66965935246367	11.0	11	11
84.76974169212379	11.0	11	11
84.8698240317839	11.0	11	11
84.96990637144403	11.0	11	11
85.06998871110416	11.0	11	11
85.17007105076428	11.0	11	11
85.2701533904244	11.0	11	11
85.37023573008452	11.0	11	11
85.47031806974464	11.0	11	11
85.57040040940477	11.0	11	11
85.67048274906489	11.0	11	11
85.77056508872501	11.0	11	11
85.87064742838513	11.0	11	11
85.97072976804526	10.0	10	10
86.07081210770538	10.0	10	10
86.1708944473655	10.0	10	10
86.27097678702562	10.0	10	10
86.37105912668575	10.0	10	10
86.47114146634587	10.0	10	10
86.57122380600599	10.0	10	10
86.67130614566611	10.0	10	10
86.77138848532624	10.0	10	10
86.87147082498636	10.0	10	10
86.97155316464648	10.0	10	10
87.0716355043066	10.0	10	10
87.17171784396673	10.0	10	10
87.27180018362685	10.0	10	10
87.37188252328697	10.0	10	10
87.47196486294709	10.0	10	10
87.57204720260721	10.0	10	10
87.67212954226734	10.0	10	10
87.77221188192746	10.0	10	10
87.87229422158758	10.0	10	10
87.9723765612477	10.0	10	10
88.07245890090783	10.0	10	10
88.17254124056795	10.0	10	10
88.27262358022807	10.0	10	10
88.37270591988819	9.0	9	9
88.47278825954832	9.0	9	9
88.57287059920844	9.0	9	9
88.67295293886856	9.0	9	9
88.77303527852868	9.0	9	9
88.87311761818881	9.0	9	9
88.97319995784893	9.0	9	9
89.07328229750905	9.0	9	9
89.17336463716917	9.0	9	9
89.2734469768293	9.0	9	9
89.37352931648942	9.0	9	9
89.47361165614954	9.0	9	9
89.57369399580966	9.0	9	9
89.6737763354698	9.0	9	9
89.77385867512992	9.0	9	9
89.87394101479003	9.0	9	9
89.97402335445015	9.0	9	9
90.07410569411027	9.0	9	9
90.1741880337704	9.0	9	9
90.27427037343053	9.0	9	9
90.37435271309064	9.0	9	9
90.47443505275076	9.0	9	9
90.5745173924109	9.0	9	9
90.67459973207102	9.0	9	9
90.77468207173114	9.0	9	9
90.87476441139125	9.0	9	9
90.97484675105139	9.0	9	9
91.0749290907115	9.0	9	9
91.17501143037163	9.0	9	9
91.27509377003175	9.0	9	9
91.37517610969188	9.0	9	9
91.475258449352	9.0	9	9
91.57534078901212	9.0	9	9
91.67542312867224	9.0	9	9
91.77550546833237	9.0	9	9
91.87558780799249	9.0	9	9
91.97567014765261	9.0	9	9
92.07575248731273	9.0	9	9
92.17583482697285	9.0	9	9
92.27591716663298	9.0	9	9
92.3759995062931	9.0	9	9
92.47608184595322	9.0	9	9
92.57616418561334	9.0	9	9
92.67624652527347	9.0	9	9
92.77632886493359	9.0	9	9
92.87641120459371	9.0	9	9
92.97649354425383	9.0	9	9
93.07657588391396	9.0	9	9
93.17665822357408	9.0	9	9
93.2767405632342	9.0	9	9
93.37682290289432	9.0	9	9
93.47690524255445	9.0	9	9
93.57698758221457	9.0	9	9
93.67706992187469	9.0	9	9
93.77715226153481	9.0	9	9
93.87723460119494	9.0	9	9
93.97731694085506	9.0	9	9
94.07739928051518	9.0	9	9
94.1774816201753	9.0	9	9
94.27756395983542	10.0	10	10
94.37764629949555	10.0	10	10
94.47772863915567	10.0	10	10
94.57781097881579	10.0	10	10
94.67789331847591	10.0	10	10
94.77797565813604	10.0	10	10
94.87805799779616	10.0	10	10
94.97814033745628	10.0	10	10
95.0782226771164	10.0	10	10
95.17830501677653	10.0	10	10
95.27838735643665	10.0	10	10
95.37846969609677	10.0	10	10
95.47855203575689	10.0	10	10
95.57863437541702	10.0	10	10
95.67871671507714	10.0	10	10
95.77879905473726	10.0	10	10
95.87888139439738	10.0	10	10
95.97896373405752	10.0	10	10
96.07904607371763	10.0	10	10
96.17912841337775	10.0	10	10
96.27921075303787	10.0	10	10
96.37929309269799	9.0	9	9
96.47937543235813	9.0	9	9
96.57945777201824	9.0	9	9
96.67954011167836	9.0	9	9
96.77962245133848	9.0	9	9
96.87970479099862	9.0	9	9
96.97978713065874	9.0	9	9
97.07986947031885	9.0	9	9
97.17995180997897	9.0	9	9
97.2800341496391	9.0	9	9
97.38011648929923	9.0	9	9
97.48019882895935	9.0	9	9
97.58028116861946	9.0	9	9
97.6803635082796	9.0	9	9
97.78044584793972	10.0	10	10
97.88052818759984	10.0	10	10
97.98061052725996	10.0	10	10
98.08069286692009	10.0	10	10
98.18077520658021	10.0	10	10
98.28085754624033	10.0	10	10
98.38093988590045	10.0	10	10
98.48102222556057	10.0	10	10
98.5811045652207	10.0	10	10
98.68118690488082	10.0	10	10
98.78126924454094	10.0	10	10
98.88135158420106	10.0	10	10
98.98143392386119	11.0	11	11
99.08151626352131	11.0	11	11
99.18159860318143	11.0	11	11
99.28168094284155	11.0	11	11
99.38176328250168	11.0	11	11
99.4818456221618	11.0	11	11
99.58192796182192	11.0	11	11
99.68201030148204	11.0	11	11
99.78209264114217	11.0	11	11
99.88217498080229	11.0	11	11
99.98225732046241	11.0	11	11
100.08233966012253	11.0	11	11
100.18242199978266	11.0	11	11
100.28250433944278	11.0	11	11
100.3825866791029	11.0	11	11
100.48266901876302	11.0	11	11
100.58275135842314	11.0	11	11
100.68283369808327	11.0	11	11
100.78291603774339	11.0	11	11
100.88299837740351	11.0	11	11
100.98308071706363	11.0	11	11
101.08316305672376	11.0	11	11
101.18324539638388	11.0	11	11
101.283327736044	11.0	11	11
101.38341007570412	11.0	11	11
101.48349241536425	11.0	11	11
101.58357475502437	11.0	11	11
101.68365709468449	11.0	11	11
101.78373943434461	11.0	11	11
101.88382177400474	11.0	11	11
101.98390411366486	11.0	11	11
102.08398645332498	11.0	11	11
102.1840687929851	11.0	11	11
102.28415113264523	11.0	11	11
102.38423347230535	11.0	11	11
102.48431581196547	11.0	11	11
102.58439815162559	11.0	11	11
102.68448049128571	11.0	11	11
102.78456283094584	11.0	11	11
102.88464517060596	11.0	11	11
102.98472751026608	11.0	11	11
103.0848098499262	11.0	11	11
103.18489218958634	11.0	11	11
103.28497452924645	11.0	11	11
103.38505686890657	11.0	11	11
103.4851392085667	11.0	11	11
103.58522154822683	11.0	11	11
103.68530388788695	11.0	11	11
103.78538622754706	11.0	11	11
103.88546856720718	11.0	11	11
103.98555090686732	11.0	11	11
104.08563324652744	11.0	11	11
104.18571558618756	11.0	11	11
104.28579792584767	11.0	11	11
104.38588026550781	11.0	11	11
104.48596260516793	11.0	11	11
104.58604494482805	10.0	10	10
104.68612728448817	10.0	10	10
104.78620962414828	10.0	10	10
104.88629196380842	10.0	10	10
104.98637430346854	10.0	10	10
105.08645664312866	10.0	10	10
105.18653898278878	10.0	10	10
105.28662132244891	10.0	10	10
105.38670366210903	10.0	10	10
105.48678600176915	10.0	10	10
105.58686834142927	10.0	10	10
105.6869506810894	10.0	10	10
105.78703302074952	10.0	10	10
105.88711536040964	10.0	10	10
105.98719770006976	10.0	10	10
106.08728003972989	10.0	10	10
106.18736237939001	10.0	10	10
106.28744471905013	10.0	10	10
106.38752705871025	10.0	10	10
106.48760939837038	10.0	10	10
106.5876917380305	10.0	10	10
106.68777407769062	10.0	10	10
106.78785641735074	10.0	10	10
106.88793875701086	10.0	10	10
106.98802109667099	10.0	10	10
107.08810343633111	10.0	10	10
107.18818577599123	10.0	10	10
107.28826811565135	10.0	10	10
107.38835045531148	10.0	10	10
107.4884327949716	10.0	10	10
107.58851513463172	10.0	10	10
107.68859747429184	10.0	10	10
107.78867981395197	10.0	10	10
107.88876215361209	10.0	10	10
107.98884449327221	10.0	10	10
108.08892683293233	10.0	10	10
108.18900917259246	10.0	10	10
108.28909151225258	10.0	10	10
108.3891738519127	10.0	10	10
108.48925619157282	10.0	10	10
108.58933853123295	10.0	10	10
108.68942087089307	10.0	10	10
108.78950321055319	10.0	10	10
108.88958555021331	10.0	10	10
108.98966788987343	10.0	10	10
109.08975022953356	10.0	10	10
109.18983256919368	10.0	10	10
109.2899149088538	10.0	10	10
109.38999724851392	10.0	10	10
109.49007958817405	10.0	10	10
109.59016192783417	11.0	11	11
109.6902442674943	11.0	11	11
109.79032660715441	11.0	11	11
109.89040894681455	11.0	11	11
109.99049128647466	11.0	11	11
110.09057362613478	11.0	11	11
110.1906559657949	11.0	11	11
110.29073830545504	11.0	11	11
110.39082064511516	12.0	12	12
110.49090298477527	12.0	12	12
110.5909853244354	12.0	12	12
110.69106766409553	12.0	12	12
110.79115000375565	12.0	12	12
110.89123234341577	12.0	12	12
110.99131468307588	12.0	12	12
111.091397022736	12.0	12	12
111.19147936239614	12.0	12	12
111.29156170205626	12.0	12	12
111.39164404171638	12.0	12	12
111.4917263813765	12.0	12	12
111.59180872103663	12.0	12	12
111.69189106069675	12.0	12	12
111.79197340035687	12.0	12	12
111.89205574001699	12.0	12	12
111.99213807967712	12.0	12	12
112.09222041933724	12.0	12	12
112.19230275899736	12.0	12	12
112.29238509865748	12.0	12	12
112.39246743831761	11.0	11	11
112.49254977797773	11.0	11	11
112.59263211763785	11.0	11	11
112.69271445729797	11.0	11	11
112.7927967969581	11.0	11	11
112.89287913661822	11.0	11	11
112.99296147627834	11.0	11	11
113.09304381593846	11.0	11	11
113.19312615559858	11.0	11	11
113.29320849525871	11.0	11	11
113.39329083491883	11.0	11	11
113.49337317457895	11.0	11	11
113.59345551423907	11.0	11	11
113.6935378538992	11.0	11	11
113.79362019355932	11.0	11	11
113.89370253321944	11.0	11	11
113.99378487287956	11.0	11	11
114.09386721253969	11.0	11	11
114.19394955219981	11.0	11	11
114.29403189185993	11.0	11	11
114.39411423152005	11.0	11	11
114.49419657118018	11.0	11	11
114.5942789108403	11.0	11	11
114.69436125050042	11.0	11	11
114.79444359016054	11.0	11	11
114.89452592982067	11.0	11	11
114.99460826948079	11.0	11	11
115.09469060914091	11.0	11	11
115.19477294880103	11.0	11	11
115.29485528846115	11.0	11	11
115.39493762812128	11.0	11	11
115.4950199677814	11.0	11	11
115.59510230744152	11.0	11	11
115.69518464710164	11.0	11	11
115.79526698676177	11.0	11	11
115.8953493264219	11.0	11	11
115.99543166608201	11.0	11	11
116.09551400574213	11.0	11	11
116.19559634540227	11.0	11	11
116.29567868506238	11.0	11	11
116.3957610247225	11.0	11	11
116.49584336438262	11.0	11	11
116.59592570404276	11.0	11	11
116.69600804370288	11.0	11	11
116.796090383363	11.0	11	11
116.89617272302311	11.0	11	11
116.99625506268325	11.0	11	11
117.09633740234337	11.0	11	11
117.19641974200348	11.0	11	11
117.2965020816636	11.0	11	11
117.39658442132374	11.0	11	11
117.49666676098386	10.0	10	10
117.59674910064398	10.0	10	10
117.6968314403041	10.0	10	10
117.79691377996421	10.0	10	10
117.89699611962435	10.0	10	10
117.99707845928447	10.0	10	10
118.09716079894459	10.0	10	10
118.1972431386047	10.0	10	10
118.29732547826484	10.0	10	10
118.39740781792496	10.0	10	10
118.49749015758508	10.0	10	10
118.5975724972452	10.0	10	10
118.69765483690533	10.0	10	10
118.79773717656545	10.0	10	10
118.89781951622557	10.0	10	10
118.99790185588569	10.0	10	10
119.09798419554582	10.0	10	10
119.19806653520594	9.0	9	9
119.29814887486606	9.0	9	9
119.39823121452618	9.0	9	9
119.49831355418631	9.0	9	9
119.59839589384643	9.0	9	9
119.69847823350655	9.0	9	9
119.79856057316667	9.0	9	9
119.89864291282679	9.0	9	9
119.99872525248692	9.0	9	9
120.09880759214704	9.0	9	9
120.19888993180716	9.0	9	9
120.29897227146728	9.0	9	9
120.39905461112741	9.0	9	9
120.49913695078753	9.0	9	9
120.59921929044765	9.0	9	9
120.69930163010777	9.0	9	9
120.7993839697679	9.0	9	9
120.89946630942802	9.0	9	9
120.99954864908814	9.0	9	9
121.09963098874826	9.0	9	9
121.1997133284084	9.0	9	9
121.29979566806851	9.0	9	9
121.39987800772863	9.0	9	9
121.49996034738875	9.0	9	9
121.60004268704888	9.0	9	9
121.700125026709	9.0	9	9
121.80020736636912	9.0	9	9
121.90028970602924	9.0	9	9
122.00037204568936	10.0	10	10
122.1004543853495	10.0	10	10
122.20053672500961	10.0	10	10
122.30061906466973	10.0	10	10
122.40070140432985	10.0	10	10
122.50078374398998	10.0	10	10
122.6008660836501	10.0	10	10
122.70094842331022	10.0	10	10
122.80103076297034	10.0	10	10
122.90111310263048	10.0	10	10
123.0011954422906	10.0	10	10
123.10127778195071	10.0	10	10
123.20136012161083	10.0	10	10
123.30144246127097	10.0	10	10
123.40152480093109	10.0	10	10
123.5016071405912	10.0	10	10
123.60168948025132	10.0	10	10
123.70177181991146	10.0	10	10
123.80185415957158	10.0	10	10
123.9019364992317	10.0	10	10
124.00201883889181	10.0	10	10
124.10210117855193	10.0	10	10
124.20218351821207	10.0	10	10
124.30226585787219	10.0	10	10
124.4023481975323	10.0	10	10
124.50243053719242	10.0	10	10
124.60251287685256	10.0	10	10
124.70259521651268	10.0	10	10
124.8026775561728	10.0	10	10
124.90275989583292	10.0	10	10
125.00284223549305	10.0	10	10
125.10292457515317	10.0	10	10
125.20300691481329	10.0	10	10
125.3030892544734	10.0	10	10
125.40317159413354	10.0	10	10
125.50325393379366	10.0	10	10
125.60333627345378	10.0	10	10
125.7034186131139	10.0	10	10
125.80350095277403	9.0	9	9
125.90358329243415	9.0	9	9
126.00366563209427	9.0	9	9
126.10374797175439	9.0	9	9
126.2038303114145	9.0	9	9
126.30391265107464	9.0	9	9
126.40399499073476	9.0	9	9
126.50407733039488	9.0	9	9
126.604159670055	9.0	9	9
126.70424200971513	9.0	9	9
126.80432434937525	9.0	9	9
126.90440668903537	9.0	9	9
127.00448902869549	9.0	9	9
127.10457136835562	9.0	9	9
127.20465370801574	9.0	9	9
127.30473604767586	9.0	9	9
127.40481838733598	9.0	9	9
127.50490072699611	9.0	9	9
127.60498306665623	9.0	9	9
127.70506540631635	8.0	8	8
127.80514774597647	8.0	8	8
127.9052300856366	8.0	8	8
128.00531242529672	8.0	8	8
128.10539476495683	8.0	8	8
128.20547710461696	8.0	8	8
128.3055594442771	8.0	8	8
128.4056417839372	8.0	8	8
128.50572412359733	8.0	8	8
128.60580646325747	8.0	8	8
128.70588880291757	8.0	8	8
128.8059711425777	8.0	8	8
128.9060534822378	8.0	8	8
129.00613582189794	8.0	8	8
129.10621816155808	8.0	8	8
129.20630050121818	8.0	8	8
129.3063828408783	8.0	8	8
129.40646518053845	8.0	8	8
129.50654752019855	8.0	8	8
129.60662985985869	8.0	8	8
129.7067121995188	8.0	8	8
129.80679453917892	8.0	8	8
129.90687687883906	8.0	8	8
130.00695921849916	8.0	8	8
130.1070415581593	8.0	8	8
130.20712389781943	8.0	8	8
130.30720623747953	8.0	8	8
130.40728857713967	8.0	8	8
130.50737091679977	8.0	8	8
130.6074532564599	8.0	8	8
130.70753559612004	9.0	9	9
130.80761793578014	9.0	9	9
130.90770027544028	9.0	9	9
131.00778261510038	9.0	9	9
131.10786495476052	9.0	9	9
131.20794729442065	10.0	10	10
131.30802963408075	10.0	10	10
131.4081119737409	10.0	10	10
131.50819431340102	10.0	10	10
131.60827665306113	10.0	10	10
131.70835899272126	10.0	10	10
131.80844133238136	10.0	10	10
131.9085236720415	10.0	10	10
132.00860601170163	10.0	10	10
132.10868835136174	10.0	10	10
132.20877069102187	10.0	10	10
132.308853030682	10.0	10	10
132.4089353703421	10.0	10	10
132.50901771000224	10.0	10	10
132.60910004966235	10.0	10	10
132.70918238932248	10.0	10	10
132.8092647289826	10.0	10	10
132.90934706864272	10.0	10	10
133.00942940830285	10.0	10	10
133.10951174796296	10.0	10	10
133.2095940876231	10.0	10	10
133.30967642728322	10.0	10	10
133.40975876694333	10.0	10	10
133.50984110660346	10.0	10	10
133.6099234462636	10.0	10	10
133.7100057859237	10.0	10	10
133.81008812558383	10.0	10	10
133.91017046524394	10.0	10	10
134.01025280490407	10.0	10	10
134.1103351445642	10.0	10	10
134.2104174842243	10.0	10	10
134.31049982388444	10.0	10	10
134.41058216354457	10.0	10	10
134.51066450320468	11.0	11	11
134.6107468428648	11.0	11	11
134.71082918252492	11.0	11	11
134.81091152218505	11.0	11	11
134.91099386184518	11.0	11	11
135.0110762015053	11.0	11	11
135.11115854116542	12.0	12	12
135.21124088082553	12.0	12	12
135.31132322048566	12.0	12	12
135.4114055601458	12.0	12	12
135.5114878998059	12.0	12	12
135.61157023946603	12.0	12	12
135.71165257912617	12.0	12	12
135.81173491878627	12.0	12	12
135.9118172584464	12.0	12	12
136.0118995981065	12.0	12	12
136.11198193776664	12.0	12	12
136.21206427742678	12.0	12	12
136.31214661708688	12.0	12	12
136.41222895674701	12.0	12	12
136.51231129640715	12.0	12	12
136.61239363606725	12.0	12	12
136.7124759757274	12.0	12	12
136.8125583153875	12.0	12	12
136.91264065504762	12.0	12	12
137.01272299470776	12.0	12	12
137.11280533436786	12.0	12	12
137.212887674028	12.0	12	12
137.3129700136881	12.0	12	12
137.41305235334823	12.0	12	12
137.51313469300837	12.0	12	12
137.61321703266847	12.0	12	12
137.7132993723286	12.0	12	12
137.81338171198874	12.0	12	12
137.91346405164884	12.0	12	12
138.01354639130898	12.0	12	12
138.11362873096908	12.0	12	12
138.21371107062922	12.0	12	12
138.31379341028935	12.0	12	12
138.41387574994945	12.0	12	12
138.5139580896096	12.0	12	12
138.61404042926972	12.0	12	12
138.71412276892983	12.0	12	12
138.81420510858996	12.0	12	12
138.91428744825006	12.0	12	12
139.0143697879102	12.0	12	12
139.11445212757033	12.0	12	12
139.21453446723044	12.0	12	12
139.31461680689057	12.0	12	12
139.41469914655067	12.0	12	12
139.5147814862108	12.0	12	12
139.61486382587094	12.0	12	12
139.71494616553105	12.0	12	12
139.81502850519118	12.0	12	12
139.9151108448513	13.0	13	13
140.01519318451142	13.0	13	13
140.11527552417155	13.0	13	13
140.21535786383166	13.0	13	13
140.3154402034918	13.0	13	13
140.41552254315192	13.0	13	13
140.51560488281203	13.0	13	13
140.61568722247216	13.0	13	13
140.7157695621323	13.0	13	13
140.8158519017924	13.0	13	13
140.91593424145253	13.0	13	13
141.01601658111264	13.0	13	13
141.11609892077277	13.0	13	13
141.2161812604329	13.0	13	13
141.316263600093	13.0	13	13
141.41634593975314	13.0	13	13
141.51642827941325	13.0	13	13
141.61651061907338	12.0	12	12
141.71659295873351	12.0	12	12
141.81667529839362	12.0	12	12
141.91675763805375	12.0	12	12
142.0168399777139	11.0	11	11
142.116922317374	11.0	11	11
142.21700465703412	11.0	11	11
142.31708699669423	11.0	11	11
142.41716933635436	11.0	11	11
142.5172516760145	11.0	11	11
142.6173340156746	11.0	11	11
142.71741635533473	11.0	11	11
142.81749869499487	11.0	11	11
142.91758103465497	11.0	11	11
143.0176633743151	11.0	11	11
143.1177457139752	11.0	11	11
143.21782805363534	11.0	11	11
143.31791039329548	11.0	11	11
143.41799273295558	11.0	11	11
143.51807507261572	11.0	11	11
143.61815741227582	11.0	11	11
143.71823975193595	11.0	11	11
143.8183220915961	11.0	11	11
143.9184044312562	11.0	11	11
144.01848677091633	11.0	11	11
144.11856911057646	11.0	11	11
144.21865145023656	11.0	11	11
144.3187337898967	11.0	11	11
144.4188161295568	10.0	10	10
144.51889846921694	10.0	10	10
144.61898080887707	9.0	9	9
144.71906314853717	9.0	9	9
144.8191454881973	9.0	9	9
144.91922782785744	9.0	9	9
145.01931016751755	9.0	9	9
145.11939250717768	10.0	10	10
145.21947484683778	10.0	10	10
145.31955718649792	10.0	10	10
145.41963952615805	10.0	10	10
145.51972186581816	10.0	10	10
145.6198042054783	10.0	10	10
145.7198865451384	10.0	10	10
145.81996888479853	10.0	10	10
145.92005122445866	10.0	10	10
146.02013356411877	10.0	10	10
146.1202159037789	10.0	10	10
146.22029824343903	10.0	10	10
146.32038058309914	10.0	10	10
146.42046292275927	10.0	10	10
146.52054526241938	10.0	10	10
146.6206276020795	10.0	10	10
146.72070994173964	10.0	10	10
146.82079228139975	10.0	10	10
146.92087462105988	10.0	10	10
147.02095696072	10.0	10	10
147.12103930038012	10.0	10	10
147.22112164004025	9.0	9	9
147.32120397970036	9.0	9	9
147.4212863193605	9.0	9	9
147.52136865902062	9.0	9	9
147.62145099868073	9.0	9	9
147.72153333834086	9.0	9	9
147.82161567800097	9.0	9	9
147.9216980176611	9.0	9	9
148.02178035732123	9.0	9	9
148.12186269698134	9.0	9	9
148.22194503664147	9.0	9	9
148.3220273763016	9.0	9	9
148.4221097159617	9.0	9	9
148.52219205562184	9.0	9	9
148.62227439528195	9.0	9	9
148.72235673494208	9.0	9	9
148.82243907460222	9.0	9	9
148.92252141426232	9.0	9	9
149.02260375392245	9.0	9	9
149.1226860935826	9.0	9	9
149.2227684332427	9.0	9	9
149.32285077290283	9.0	9	9
149.42293311256293	9.0	9	9
149.52301545222306	9.0	9	9
149.6230977918832	9.0	9	9
149.7231801315433	9.0	9	9
149.82326247120344	9.0	9	9
149.92334481086354	9.0	9	9
150.02342715052367	9.0	9	9
150.1235094901838	9.0	9	9
150.2235918298439	9.0	9	9
150.32367416950405	9.0	9	9
150.42375650916418	9.0	9	9
150.52383884882428	9.0	9	9
150.62392118848442	9.0	9	9
150.72400352814452	9.0	9	9
150.82408586780465	9.0	9	9
150.9241682074648	9.0	9	9
151.0242505471249	9.0	9	9
151.12433288678503	9.0	9	9
151.22441522644516	9.0	9	9
151.32449756610526	9.0	9	9
151.4245799057654	9.0	9	9
151.5246622454255	8.0	8	8
151.62474458508564	8.0	8	8
151.72482692474577	8.0	8	8
151.82490926440587	8.0	8	8
151.924991604066	8.0	8	8
152.0250739437261	9.0	9	9
152.12515628338625	9.0	9	9
152.22523862304638	9.0	9	9
152.32532096270648	9.0	9	9
152.42540330236662	9.0	9	9
152.52548564202675	9.0	9	9
152.62556798168686	9.0	9	9
152.725650321347	9.0	9	9
152.8257326610071	9.0	9	9
152.92581500066723	9.0	9	9
153.02589734032736	9.0	9	9
153.12597967998747	9.0	9	9
153.2260620196476	9.0	9	9
153.32614435930773	9.0	9	9
153.42622669896784	9.0	9	9
153.52630903862797	9.0	9	9
153.62639137828808	9.0	9	9
153.7264737179482	9.0	9	9
153.82655605760834	9.0	9	9
153.92663839726845	9.0	9	9
154.02672073692858	9.0	9	9
154.1268030765887	9.0	9	9
154.22688541624882	9.0	9	9
154.32696775590895	9.0	9	9
154.42705009556906	9.0	9	9
154.5271324352292	9.0	9	9
154.62721477488932	9.0	9	9
154.72729711454943	9.0	9	9
154.82737945420956	9.0	9	9
154.92746179386967	9.0	9	9
155.0275441335298	9.0	9	9
155.12762647318993	9.0	9	9
155.22770881285004	9.0	9	9
155.32779115251017	9.0	9	9
155.4278734921703	9.0	9	9
155.5279558318304	9.0	9	9
155.62803817149054	9.0	9	9
155.72812051115065	9.0	9	9
155.82820285081078	9.0	9	9
155.92828519047092	9.0	9	9
156.02836753013102	9.0	9	9
156.12844986979115	9.0	9	9
156.22853220945126	9.0	9	9
156.3286145491114	9.0	9	9
156.42869688877153	9.0	9	9
156.52877922843163	9.0	9	9
156.62886156809176	9.0	9	9
156.7289439077519	9.0	9	9
156.829026247412	9.0	9	9
156.92910858707214	9.0	9	9
157.02919092673224	9.0	9	9
157.12927326639237	9.0	9	9
157.2293556060525	9.0	9	9
157.3294379457126	9.0	9	9
157.42952028537275	9.0	9	9
157.52960262503288	9.0	9	9
157.62968496469298	8.0	8	8
157.72976730435312	8.0	8	8
157.82984964401322	8.0	8	8
157.92993198367336	8.0	8	8
158.0300143233335	8.0	8	8
158.1300966629936	8.0	8	8
158.23017900265373	8.0	8	8
158.33026134231383	8.0	8	8
158.43034368197397	8.0	8	8
158.5304260216341	8.0	8	8
158.6305083612942	8.0	8	8
158.73059070095434	8.0	8	8
158.83067304061447	8.0	8	8
158.93075538027458	7.0	7	7
159.0308377199347	7.0	7	7
159.1309200595948	7.0	7	7
159.23100239925495	7.0	7	7
159.33108473891508	7.0	7	7
159.43116707857519	6.0	6	6
159.53124941823532	6.0	6	6
159.63133175789545	6.0	6	6
159.73141409755556	6.0	6	6
159.8314964372157	6.0	6	6
159.9315787768758	6.0	6	6
160.03166111653593	6.0	6	6
160.13174345619606	6.0	6	6
160.23182579585617	6.0	6	6
160.3319081355163	6.0	6	6
160.4319904751764	6.0	6	6
160.53207281483654	6.0	6	6
160.63215515449667	6.0	6	6
160.73223749415678	6.0	6	6
160.8323198338169	6.0	6	6
160.93240217347704	6.0	6	6
161.03248451313715	6.0	6	6
161.13256685279728	6.0	6	6
161.2326491924574	6.0	6	6
161.33273153211752	6.0	6	6
161.43281387177765	6.0	6	6
161.53289621143776	6.0	6	6
161.6329785510979	6.0	6	6
161.73306089075803	6.0	6	6
161.83314323041813	6.0	6	6
161.93322557007826	6.0	6	6
162.03330790973837	6.0	6	6
162.1333902493985	6.0	6	6
162.23347258905864	6.0	6	6
162.33355492871874	6.0	6	6
162.43363726837887	6.0	6	6
162.53371960803898	6.0	6	6
162.6338019476991	6.0	6	6
162.73388428735925	6.0	6	6
162.83396662701935	6.0	6	6
162.93404896667948	6.0	6	6
163.03413130633962	6.0	6	6
163.13421364599972	6.0	6	6
163.23429598565986	6.0	6	6
163.33437832531996	6.0	6	6
163.4344606649801	6.0	6	6
163.53454300464023	6.0	6	6
163.63462534430033	6.0	6	6
163.73470768396047	6.0	6	6
163.8347900236206	7.0	7	7
163.9348723632807	7.0	7	7
164.03495470294084	7.0	7	7
164.13503704260094	7.0	7	7
164.23511938226108	7.0	7	7
164.3352017219212	8.0	8	8
164.4352840615813	8.0	8	8
164.53536640124145	8.0	8	8
164.63544874090155	8.0	8	8
164.73553108056169	8.0	8	8
164.83561342022182	8.0	8	8
164.93569575988192	8.0	8	8
165.03577809954206	8.0	8	8
165.1358604392022	8.0	8	8
165.2359427788623	8.0	8	8
165.33602511852243	7.0	7	7
165.43610745818253	7.0	7	7
165.53618979784267	7.0	7	7
165.6362721375028	8.0	8	8
165.7363544771629	8.0	8	8
165.83643681682304	8.0	8	8
165.93651915648317	8.0	8	8
166.03660149614328	8.0	8	8
166.1366838358034	8.0	8	8
166.23676617546352	8.0	8	8
166.33684851512365	8.0	8	8
166.43693085478378	8.0	8	8
166.5370131944439	8.0	8	8
166.63709553410402	8.0	8	8
166.73717787376413	8.0	8	8
166.83726021342426	8.0	8	8
166.9373425530844	8.0	8	8
167.0374248927445	8.0	8	8
167.13750723240463	8.0	8	8
167.23758957206476	8.0	8	8
167.33767191172487	8.0	8	8
167.437754251385	8.0	8	8
167.5378365910451	8.0	8	8
167.63791893070524	8.0	8	8
167.73800127036537	8.0	8	8
167.83808361002548	8.0	8	8
167.9381659496856	7.0	7	7
168.03824828934574	7.0	7	7
168.13833062900585	7.0	7	7
168.23841296866598	7.0	7	7
168.3384953083261	7.0	7	7
168.43857764798622	7.0	7	7
168.53865998764635	7.0	7	7
168.63874232730646	7.0	7	7
168.7388246669666	7.0	7	7
168.8389070066267	7.0	7	7
168.93898934628683	6.0	6	6
169.03907168594696	5.0	5	5
169.13915402560707	5.0	5	5
169.2392363652672	5.0	5	5
169.33931870492734	5.0	5	5
169.43940104458744	5.0	5	5
169.53948338424757	5.0	5	5
169.63956572390768	5.0	5	5
169.7396480635678	5.0	5	5
169.83973040322795	5.0	5	5
169.93981274288805	5.0	5	5
170.03989508254818	5.0	5	5
170.13997742220832	5.0	5	5
170.24005976186842	5.0	5	5
170.34014210152856	5.0	5	5
170.44022444118866	5.0	5	5
170.5403067808488	5.0	5	5
170.64038912050893	5.0	5	5
170.74047146016903	5.0	5	5
170.84055379982917	5.0	5	5
170.94063613948927	5.0	5	5
171.0407184791494	5.0	5	5
171.14080081880954	5.0	5	5
171.24088315846964	5.0	5	5
171.34096549812978	5.0	5	5
171.4410478377899	5.0	5	5
171.54113017745001	5.0	5	5
171.64121251711015	5.0	5	5
171.74129485677025	5.0	5	5
171.8413771964304	5.0	5	5
171.94145953609052	5.0	5	5
172.04154187575062	5.0	5	5
172.14162421541076	5.0	5	5
172.2417065550709	5.0	5	5
172.341788894731	5.0	5	5
172.44187123439113	5.0	5	5
172.54195357405123	5.0	5	5
172.64203591371137	5.0	5	5
172.7421182533715	5.0	5	5
172.8422005930316	5.0	5	5
172.94228293269174	5.0	5	5
173.04236527235184	4.0	4	4
173.14244761201198	4.0	4	4
173.2425299516721	4.0	4	4
173.34261229133222	4.0	4	4
173.44269463099235	4.0	4	4
173.54277697065248	4.0	4	4
173.6428593103126	4.0	4	4
173.74294164997272	4.0	4	4
173.84302398963283	4.0	4	4
173.94310632929296	4.0	4	4
174.0431886689531	4.0	4	4
174.1432710086132	4.0	4	4
174.24335334827333	4.0	4	4
174.34343568793346	4.0	4	4
174.44351802759357	4.0	4	4
174.5436003672537	4.0	4	4
174.6436827069138	4.0	4	4
174.74376504657394	4.0	4	4
174.84384738623407	4.0	4	4
174.94392972589418	4.0	4	4
175.0440120655543	4.0	4	4
175.14409440521442	4.0	4	4
175.24417674487455	4.0	4	4
175.34425908453468	4.0	4	4
175.4443414241948	4.0	4	4
175.54442376385492	4.0	4	4
175.64450610351506	4.0	4	4
175.74458844317516	4.0	4	4
175.8446707828353	4.0	4	4
175.9447531224954	4.0	4	4
176.04483546215553	4.0	4	4
176.14491780181567	4.0	4	4
176.24500014147577	4.0	4	4
176.3450824811359	4.0	4	4
176.44516482079604	4.0	4	4
176.54524716045614	4.0	4	4
176.64532950011628	4.0	4	4
176.74541183977638	4.0	4	4
176.8454941794365	4.0	4	4
176.94557651909665	4.0	4	4
177.04565885875675	4.0	4	4
177.14574119841689	4.0	4	4
177.245823538077	4.0	4	4
177.34590587773712	4.0	4	4
177.44598821739726	4.0	4	4
177.54607055705736	4.0	4	4
177.6461528967175	4.0	4	4
177.74623523637763	4.0	4	4
177.84631757603773	4.0	4	4
177.94639991569787	4.0	4	4
178.04648225535797	4.0	4	4
178.1465645950181	4.0	4	4
178.24664693467824	4.0	4	4
178.34672927433834	4.0	4	4
178.44681161399848	4.0	4	4
178.5468939536586	4.0	4	4
178.64697629331872	4.0	4	4
178.74705863297885	4.0	4	4
178.84714097263895	3.0	3	3
178.9472233122991	3.0	3	3
179.04730565195922	3.0	3	3
179.14738799161933	3.0	3	3
179.24747033127946	3.0	3	3
179.3475526709396	3.0	3	3
179.4476350105997	3.0	3	3
179.54771735025983	3.0	3	3
179.64779968991994	3.0	3	3
179.74788202958007	3.0	3	3
179.8479643692402	3.0	3	3
179.9480467089003	3.0	3	3
180.04812904856044	3.0	3	3
180.14821138822055	3.0	3	3
180.24829372788068	3.0	3	3
180.3483760675408	3.0	3	3
180.44845840720092	3.0	3	3
180.54854074686105	3.0	3	3
180.64862308652118	3.0	3	3
180.7487054261813	3.0	3	3
180.84878776584142	3.0	3	3
180.94887010550153	3.0	3	3
181.04895244516166	3.0	3	3
181.1490347848218	3.0	3	3
181.2491171244819	3.0	3	3
181.34919946414203	3.0	3	3
181.44928180380217	3.0	3	3
181.54936414346227	3.0	3	3
181.6494464831224	3.0	3	3
181.7495288227825	3.0	3	3
181.84961116244264	3.0	3	3
181.94969350210278	3.0	3	3
182.04977584176288	3.0	3	3
182.149858181423	3.0	3	3
182.24994052108312	3.0	3	3
182.35002286074325	3.0	3	3
182.45010520040339	3.0	3	3
182.5501875400635	3.0	3	3
182.65026987972362	3.0	3	3
182.75035221938376	3.0	3	3
182.85043455904386	3.0	3	3
182.950516898704	3.0	3	3
183.0505992383641	3.0	3	3
183.15068157802423	3.0	3	3
183.25076391768437	3.0	3	3
183.35084625734447	3.0	3	3
183.4509285970046	3.0	3	3
183.55101093666474	3.0	3	3
183.65109327632484	3.0	3	3
183.75117561598498	3.0	3	3
183.85125795564508	3.0	3	3
183.95134029530522	3.0	3	3
184.05142263496535	3.0	3	3
184.15150497462545	3.0	3	3
184.2515873142856	3.0	3	3
184.3516696539457	3.0	3	3
184.45175199360582	3.0	3	3
184.55183433326596	3.0	3	3
184.65191667292606	2.0	2	2
184.7519990125862	2.0	2	2
184.85208135224633	2.0	2	2
184.95216369190643	2.0	2	2
185.05224603156657	2.0	2	2
185.15232837122667	2.0	2	2
185.2524107108868	1.0	1	1
185.35249305054694	1.0	1	1
185.45257539020704	1.0	1	1
185.55265772986718	1.0	1	1
185.6527400695273	1.0	1	1
185.75282240918742	1.0	1	1
185.85290474884755	1.0	1	1
185.95298708850765	1.0	1	1
186.0530694281678	1.0	1	1
186.15315176782792	1.0	1	1
186.25323410748803	1.0	1	1
186.35331644714816	1.0	1	1
186.45339878680826	1.0	1	1
186.5534811264684	1.0	1	1
186.65356346612853	1.0	1	1
186.75364580578864	1.0	1	1
186.85372814544877	1.0	1	1
186.9538104851089	1.0	1	1
