time	diversity	m_div	M_div
0.0	10.0	10	10
0.10007191067951912	10.0	10	10
0.20014382135903824	10.0	10	10
0.30021573203855734	10.0	10	10
0.4002876427180765	10.0	10	10
0.5003595533975956	10.0	10	10
0.6004314640771147	10.0	10	10
0.7005033747566338	10.0	10	10
0.800575285436153	10.0	10	10
0.9006471961156721	10.0	10	10
1.0007191067951913	10.0	10	10
1.1007910174747104	10.0	10	10
1.2008629281542293	10.0	10	10
1.3009348388337485	10.0	10	10
1.4010067495132676	10.0	10	10
1.5010786601927868	10.0	10	10
1.601150570872306	10.0	10	10
1.701222481551825	10.0	10	10
1.8012943922313442	10.0	10	10
1.9013663029108634	10.0	10	10
2.0014382135903825	10.0	10	10
2.1015101242699017	10.0	10	10
2.201582034949421	10.0	10	10
2.30165394562894	10.0	10	10
2.4017258563084587	10.0	10	10
2.501797766987978	10.0	10	10
2.601869677667497	10.0	10	10
2.701941588347016	10.0	10	10
2.8020134990265353	10.0	10	10
2.9020854097060544	10.0	10	10
3.0021573203855736	10.0	10	10
3.1022292310650927	10.0	10	10
3.202301141744612	10.0	10	10
3.302373052424131	10.0	10	10
3.40244496310365	10.0	10	10
3.5025168737831693	10.0	10	10
3.6025887844626885	10.0	10	10
3.7026606951422076	10.0	10	10
3.802732605821727	10.0	10	10
3.902804516501246	10.0	10	10
4.002876427180765	10.0	10	10
4.102948337860284	10.0	10	10
4.203020248539803	10.0	10	10
4.3030921592193225	10.0	10	10
4.403164069898842	10.0	10	10
4.503235980578361	10.0	10	10
4.60330789125788	10.0	10	10
4.703379801937399	10.0	10	10
4.803451712616917	10.0	10	10
4.9035236232964365	10.0	10	10
5.003595533975956	10.0	10	10
5.103667444655475	10.0	10	10
5.203739355334994	10.0	10	10
5.303811266014513	10.0	10	10
5.403883176694032	10.0	10	10
5.503955087373551	10.0	10	10
5.604026998053071	10.0	10	10
5.70409890873259	10.0	10	10
5.804170819412109	10.0	10	10
5.904242730091628	10.0	10	10
6.004314640771147	10.0	10	10
6.104386551450666	10.0	10	10
6.2044584621301855	10.0	10	10
6.304530372809705	10.0	10	10
6.404602283489224	10.0	10	10
6.504674194168743	10.0	10	10
6.604746104848262	10.0	10	10
6.704818015527781	10.0	10	10
6.8048899262073	10.0	10	10
6.9049618368868195	10.0	10	10
7.005033747566339	10.0	10	10
7.105105658245858	10.0	10	10
7.205177568925377	10.0	10	10
7.305249479604896	10.0	10	10
7.405321390284415	10.0	10	10
7.505393300963934	10.0	10	10
7.605465211643454	10.0	10	10
7.705537122322973	10.0	10	10
7.805609033002492	10.0	10	10
7.905680943682011	10.0	10	10
8.00575285436153	10.0	10	10
8.10582476504105	10.0	10	10
8.205896675720568	10.0	10	10
8.305968586400088	10.0	10	10
8.406040497079607	10.0	10	10
8.506112407759126	10.0	10	10
8.606184318438645	10.0	10	10
8.706256229118164	10.0	10	10
8.806328139797683	10.0	10	10
8.906400050477203	10.0	10	10
9.006471961156722	10.0	10	10
9.10654387183624	10.0	10	10
9.20661578251576	10.0	10	10
9.306687693195279	10.0	10	10
9.406759603874798	10.0	10	10
9.506831514554317	10.0	10	10
9.606903425233835	10.0	10	10
9.706975335913354	10.0	10	10
9.807047246592873	10.0	10	10
9.907119157272392	10.0	10	10
10.007191067951911	10.0	10	10
10.10726297863143	10.0	10	10
10.20733488931095	10.0	10	10
10.307406799990469	10.0	10	10
10.407478710669988	10.0	10	10
10.507550621349507	10.0	10	10
10.607622532029026	10.0	10	10
10.707694442708545	10.0	10	10
10.807766353388065	10.0	10	10
10.907838264067584	10.0	10	10
11.007910174747103	10.0	10	10
11.107982085426622	10.0	10	10
11.208053996106141	10.0	10	10
11.30812590678566	10.0	10	10
11.40819781746518	10.0	10	10
11.508269728144699	10.0	10	10
11.608341638824218	10.0	10	10
11.708413549503737	10.0	10	10
11.808485460183256	10.0	10	10
11.908557370862775	10.0	10	10
12.008629281542294	10.0	10	10
12.108701192221814	10.0	10	10
12.208773102901333	10.0	10	10
12.308845013580852	10.0	10	10
12.408916924260371	10.0	10	10
12.50898883493989	10.0	10	10
12.60906074561941	10.0	10	10
12.709132656298928	10.0	10	10
12.809204566978448	10.0	10	10
12.909276477657967	10.0	10	10
13.009348388337486	10.0	10	10
13.109420299017005	10.0	10	10
13.209492209696524	10.0	10	10
13.309564120376043	10.0	10	10
13.409636031055562	10.0	10	10
13.509707941735082	10.0	10	10
13.6097798524146	10.0	10	10
13.70985176309412	10.0	10	10
13.809923673773639	10.0	10	10
13.909995584453158	10.0	10	10
14.010067495132677	10.0	10	10
14.110139405812197	10.0	10	10
14.210211316491716	10.0	10	10
14.310283227171235	10.0	10	10
14.410355137850754	10.0	10	10
14.510427048530273	10.0	10	10
14.610498959209792	10.0	10	10
14.710570869889311	10.0	10	10
14.81064278056883	10.0	10	10
14.91071469124835	10.0	10	10
15.010786601927869	10.0	10	10
15.110858512607388	10.0	10	10
15.210930423286907	10.0	10	10
15.311002333966426	10.0	10	10
15.411074244645945	10.0	10	10
15.511146155325465	10.0	10	10
15.611218066004984	10.0	10	10
15.711289976684503	10.0	10	10
15.811361887364022	10.0	10	10
15.911433798043541	10.0	10	10
16.01150570872306	10.0	10	10
16.111577619402578	10.0	10	10
16.2116495300821	10.0	10	10
16.311721440761616	10.0	10	10
16.411793351441137	10.0	10	10
16.511865262120654	10.0	10	10
16.611937172800175	10.0	10	10
16.712009083479693	10.0	10	10
16.812080994159214	11.0	11	11
16.91215290483873	11.0	11	11
17.012224815518252	11.0	11	11
17.11229672619777	11.0	11	11
17.21236863687729	11.0	11	11
17.312440547556808	11.0	11	11
17.41251245823633	11.0	11	11
17.512584368915846	11.0	11	11
17.612656279595367	11.0	11	11
17.712728190274884	11.0	11	11
17.812800100954405	11.0	11	11
17.912872011633922	11.0	11	11
18.012943922313443	11.0	11	11
18.11301583299296	11.0	11	11
18.21308774367248	11.0	11	11
18.313159654352	11.0	11	11
18.41323156503152	11.0	11	11
18.513303475711037	11.0	11	11
18.613375386390558	11.0	11	11
18.713447297070076	11.0	11	11
18.813519207749597	11.0	11	11
18.913591118429114	11.0	11	11
19.013663029108635	11.0	11	11
19.113734939788152	11.0	11	11
19.21380685046767	11.0	11	11
19.31387876114719	11.0	11	11
19.413950671826708	11.0	11	11
19.51402258250623	11.0	11	11
19.614094493185746	11.0	11	11
19.714166403865267	11.0	11	11
19.814238314544784	11.0	11	11
19.914310225224305	11.0	11	11
20.014382135903823	11.0	11	11
20.114454046583344	11.0	11	11
20.21452595726286	11.0	11	11
20.314597867942382	11.0	11	11
20.4146697786219	11.0	11	11
20.51474168930142	11.0	11	11
20.614813599980938	11.0	11	11
20.71488551066046	11.0	11	11
20.814957421339976	11.0	11	11
20.915029332019497	11.0	11	11
21.015101242699014	11.0	11	11
21.115173153378535	11.0	11	11
21.215245064058053	11.0	11	11
21.315316974737573	11.0	11	11
21.41538888541709	11.0	11	11
21.51546079609661	11.0	11	11
21.61553270677613	11.0	11	11
21.71560461745565	11.0	11	11
21.815676528135167	11.0	11	11
21.91574843881469	11.0	11	11
22.015820349494206	11.0	11	11
22.115892260173727	11.0	11	11
22.215964170853244	11.0	11	11
22.316036081532765	11.0	11	11
22.416107992212282	11.0	11	11
22.516179902891803	11.0	11	11
22.61625181357132	11.0	11	11
22.71632372425084	11.0	11	11
22.81639563493036	11.0	11	11
22.91646754560988	11.0	11	11
23.016539456289397	11.0	11	11
23.116611366968918	11.0	11	11
23.216683277648436	11.0	11	11
23.316755188327956	11.0	11	11
23.416827099007474	11.0	11	11
23.516899009686995	11.0	11	11
23.616970920366512	11.0	11	11
23.717042831046033	11.0	11	11
23.81711474172555	11.0	11	11
23.91718665240507	11.0	11	11
24.01725856308459	11.0	11	11
24.11733047376411	11.0	11	11
24.217402384443627	11.0	11	11
24.317474295123148	11.0	11	11
24.417546205802665	11.0	11	11
24.517618116482186	11.0	11	11
24.617690027161704	11.0	11	11
24.717761937841225	11.0	11	11
24.817833848520742	11.0	11	11
24.917905759200263	11.0	11	11
25.01797766987978	11.0	11	11
25.1180495805593	11.0	11	11
25.21812149123882	11.0	11	11
25.31819340191834	11.0	11	11
25.418265312597857	11.0	11	11
25.518337223277378	11.0	11	11
25.618409133956895	11.0	11	11
25.718481044636412	11.0	11	11
25.818552955315933	11.0	11	11
25.91862486599545	11.0	11	11
26.01869677667497	11.0	11	11
26.11876868735449	11.0	11	11
26.21884059803401	11.0	11	11
26.318912508713527	11.0	11	11
26.41898441939305	11.0	11	11
26.519056330072566	11.0	11	11
26.619128240752087	11.0	11	11
26.719200151431604	11.0	11	11
26.819272062111125	11.0	11	11
26.919343972790642	11.0	11	11
27.019415883470163	11.0	11	11
27.11948779414968	11.0	11	11
27.2195597048292	11.0	11	11
27.31963161550872	11.0	11	11
27.41970352618824	11.0	11	11
27.519775436867757	11.0	11	11
27.619847347547278	11.0	11	11
27.719919258226795	11.0	11	11
27.819991168906316	11.0	11	11
27.920063079585834	11.0	11	11
28.020134990265355	11.0	11	11
28.120206900944872	11.0	11	11
28.220278811624393	11.0	11	11
28.32035072230391	11.0	11	11
28.42042263298343	11.0	11	11
28.52049454366295	11.0	11	11
28.62056645434247	11.0	11	11
28.720638365021987	11.0	11	11
28.820710275701508	11.0	11	11
28.920782186381025	11.0	11	11
29.020854097060546	11.0	11	11
29.120926007740064	11.0	11	11
29.220997918419584	11.0	11	11
29.321069829099102	11.0	11	11
29.421141739778623	11.0	11	11
29.52121365045814	11.0	11	11
29.62128556113766	11.0	11	11
29.72135747181718	11.0	11	11
29.8214293824967	12.0	12	12
29.921501293176217	12.0	12	12
30.021573203855738	12.0	12	12
30.121645114535255	12.0	12	12
30.221717025214776	12.0	12	12
30.321788935894293	12.0	12	12
30.421860846573814	12.0	12	12
30.52193275725333	12.0	12	12
30.622004667932853	12.0	12	12
30.72207657861237	12.0	12	12
30.82214848929189	12.0	12	12
30.92222039997141	12.0	12	12
31.02229231065093	12.0	12	12
31.122364221330447	12.0	12	12
31.222436132009967	12.0	12	12
31.322508042689485	12.0	12	12
31.422579953369006	12.0	12	12
31.522651864048523	12.0	12	12
31.622723774728044	12.0	12	12
31.72279568540756	12.0	12	12
31.822867596087082	12.0	12	12
31.9229395067666	12.0	12	12
32.02301141744612	12.0	12	12
32.12308332812564	12.0	12	12
32.223155238805155	12.0	12	12
32.32322714948467	12.0	12	12
32.4232990601642	12.0	12	12
32.523370970843715	12.0	12	12
32.62344288152323	12.0	12	12
32.72351479220275	12.0	12	12
32.823586702882274	12.0	12	12
32.92365861356179	12.0	12	12
33.02373052424131	12.0	12	12
33.123802434920826	12.0	12	12
33.22387434560035	12.0	12	12
33.32394625627987	12.0	12	12
33.424018166959385	12.0	12	12
33.5240900776389	12.0	12	12
33.62416198831843	12.0	12	12
33.724233898997944	12.0	12	12
33.82430580967746	12.0	12	12
33.92437772035698	12.0	12	12
34.024449631036504	12.0	12	12
34.12452154171602	12.0	12	12
34.22459345239554	12.0	12	12
34.324665363075056	12.0	12	12
34.42473727375458	13.0	13	13
34.5248091844341	13.0	13	13
34.624881095113615	13.0	13	13
34.72495300579313	13.0	13	13
34.82502491647266	13.0	13	13
34.925096827152174	13.0	13	13
35.02516873783169	13.0	13	13
35.12524064851121	13.0	13	13
35.22531255919073	13.0	13	13
35.32538446987025	13.0	13	13
35.42545638054977	13.0	13	13
35.525528291229286	13.0	13	13
35.62560020190881	13.0	13	13
35.72567211258833	13.0	13	13
35.825744023267845	13.0	13	13
35.92581593394736	13.0	13	13
36.02588784462689	13.0	13	13
36.125959755306404	13.0	13	13
36.22603166598592	13.0	13	13
36.32610357666544	13.0	13	13
36.42617548734496	13.0	13	13
36.52624739802448	13.0	13	13
36.626319308704	13.0	13	13
36.726391219383515	13.0	13	13
36.82646313006304	13.0	13	13
36.92653504074256	13.0	13	13
37.026606951422075	13.0	13	13
37.12667886210159	13.0	13	13
37.226750772781116	13.0	13	13
37.326822683460634	14.0	14	14
37.42689459414015	14.0	14	14
37.52696650481967	14.0	14	14
37.62703841549919	14.0	14	14
37.72711032617871	15.0	15	15
37.82718223685823	15.0	15	15
37.927254147537745	15.0	15	15
38.02732605821727	15.0	15	15
38.12739796889679	16.0	16	16
38.227469879576304	16.0	16	16
38.32754179025582	16.0	16	16
38.42761370093534	16.0	16	16
38.527685611614864	16.0	16	16
38.62775752229438	16.0	16	16
38.7278294329739	16.0	16	16
38.827901343653416	16.0	16	16
38.92797325433294	16.0	16	16
39.02804516501246	16.0	16	16
39.128117075691975	16.0	16	16
39.22818898637149	16.0	16	16
39.32826089705102	16.0	16	16
39.428332807730534	16.0	16	16
39.52840471841005	16.0	16	16
39.62847662908957	16.0	16	16
39.72854853976909	16.0	16	16
39.82862045044861	16.0	16	16
39.92869236112813	16.0	16	16
40.028764271807646	16.0	16	16
40.12883618248717	16.0	16	16
40.22890809316669	16.0	16	16
40.328980003846205	16.0	16	16
40.42905191452572	16.0	16	16
40.52912382520525	16.0	16	16
40.629195735884764	16.0	16	16
40.72926764656428	16.0	16	16
40.8293395572438	16.0	16	16
40.92941146792332	16.0	16	16
41.02948337860284	16.0	16	16
41.12955528928236	16.0	16	16
41.229627199961875	16.0	16	16
41.3296991106414	16.0	16	16
41.42977102132092	16.0	16	16
41.529842932000435	16.0	16	16
41.62991484267995	16.0	16	16
41.729986753359476	16.0	16	16
41.830058664038994	16.0	16	16
41.93013057471851	16.0	16	16
42.03020248539803	17.0	17	17
42.13027439607755	17.0	17	17
42.23034630675707	17.0	17	17
42.33041821743659	17.0	17	17
42.430490128116105	17.0	17	17
42.53056203879563	17.0	17	17
42.63063394947515	16.0	16	16
42.730705860154664	16.0	16	16
42.83077777083418	16.0	16	16
42.930849681513706	17.0	17	17
43.03092159219322	17.0	17	17
43.13099350287274	17.0	17	17
43.23106541355226	17.0	17	17
43.33113732423178	17.0	17	17
43.4312092349113	18.0	18	18
43.53128114559082	18.0	18	18
43.631353056270335	18.0	18	18
43.73142496694986	18.0	18	18
43.83149687762938	18.0	18	18
43.931568788308894	18.0	18	18
44.03164069898841	18.0	18	18
44.131712609667936	18.0	18	18
44.23178452034745	18.0	18	18
44.33185643102697	18.0	18	18
44.43192834170649	18.0	18	18
44.53200025238601	18.0	18	18
44.63207216306553	18.0	18	18
44.73214407374505	18.0	18	18
44.832215984424565	18.0	18	18
44.93228789510408	18.0	18	18
45.03235980578361	18.0	18	18
45.132431716463124	18.0	18	18
45.23250362714264	18.0	18	18
45.33257553782216	18.0	18	18
45.43264744850168	18.0	18	18
45.5327193591812	18.0	18	18
45.63279126986072	18.0	18	18
45.732863180540235	18.0	18	18
45.83293509121976	18.0	18	18
45.93300700189928	18.0	18	18
46.033078912578794	18.0	18	18
46.13315082325831	18.0	18	18
46.233222733937836	18.0	18	18
46.333294644617354	18.0	18	18
46.43336655529687	18.0	18	18
46.53343846597639	18.0	18	18
46.63351037665591	18.0	18	18
46.73358228733543	18.0	18	18
46.83365419801495	18.0	18	18
46.933726108694465	18.0	18	18
47.03379801937399	18.0	18	18
47.13386993005351	18.0	18	18
47.233941840733024	18.0	18	18
47.33401375141254	18.0	18	18
47.434085662092066	18.0	18	18
47.53415757277158	18.0	18	18
47.6342294834511	18.0	18	18
47.73430139413062	18.0	18	18
47.83437330481014	18.0	18	18
47.93444521548966	18.0	18	18
48.03451712616918	17.0	17	17
48.134589036848695	16.0	16	16
48.23466094752822	16.0	16	16
48.33473285820774	16.0	16	16
48.434804768887254	16.0	16	16
48.53487667956677	16.0	16	16
48.634948590246296	16.0	16	16
48.73502050092581	16.0	16	16
48.83509241160533	17.0	17	17
48.93516432228485	17.0	17	17
49.03523623296437	17.0	17	17
49.13530814364389	17.0	17	17
49.23538005432341	17.0	17	17
49.335451965002925	17.0	17	17
49.43552387568245	17.0	17	17
49.53559578636197	17.0	17	17
49.635667697041484	17.0	17	17
49.735739607721	18.0	18	18
49.835811518400526	18.0	18	18
49.93588342908004	18.0	18	18
50.03595533975956	18.0	18	18
50.13602725043908	18.0	18	18
50.2360991611186	18.0	18	18
50.33617107179812	18.0	18	18
50.43624298247764	17.0	17	17
50.536314893157154	17.0	17	17
50.63638680383668	17.0	17	17
50.736458714516196	17.0	17	17
50.836530625195714	17.0	17	17
50.93660253587523	16.0	16	16
51.036674446554755	16.0	16	16
51.13674635723427	16.0	16	16
51.23681826791379	16.0	16	16
51.33689017859331	16.0	16	16
51.436962089272825	16.0	16	16
51.53703399995235	16.0	16	16
51.63710591063187	16.0	16	16
51.737177821311384	16.0	16	16
51.8372497319909	16.0	16	16
51.937321642670426	16.0	16	16
52.03739355334994	16.0	16	16
52.13746546402946	16.0	16	16
52.23753737470898	16.0	16	16
52.3376092853885	16.0	16	16
52.43768119606802	16.0	16	16
52.53775310674754	16.0	16	16
52.637825017427055	16.0	16	16
52.73789692810658	16.0	16	16
52.8379688387861	16.0	16	16
52.938040749465614	16.0	16	16
53.03811266014513	16.0	16	16
53.138184570824656	16.0	16	16
53.23825648150417	16.0	16	16
53.33832839218369	16.0	16	16
53.43840030286321	16.0	16	16
53.53847221354273	16.0	16	16
53.63854412422225	16.0	16	16
53.73861603490177	16.0	16	16
53.838687945581285	16.0	16	16
53.93875985626081	16.0	16	16
54.038831766940326	16.0	16	16
54.138903677619844	16.0	16	16
54.23897558829936	16.0	16	16
54.339047498978886	16.0	16	16
54.4391194096584	16.0	16	16
54.53919132033792	16.0	16	16
54.63926323101744	16.0	16	16
54.73933514169696	16.0	16	16
54.83940705237648	15.0	15	15
54.939478963056	14.0	14	14
55.039550873735514	14.0	14	14
55.13962278441504	14.0	14	14
55.239694695094556	14.0	14	14
55.339766605774074	14.0	14	14
55.43983851645359	14.0	14	14
55.539910427133115	14.0	14	14
55.63998233781263	14.0	14	14
55.74005424849215	14.0	14	14
55.84012615917167	14.0	14	14
55.94019806985119	14.0	14	14
56.04026998053071	14.0	14	14
56.14034189121023	14.0	14	14
56.240413801889744	14.0	14	14
56.34048571256927	14.0	14	14
56.440557623248786	13.0	13	13
56.5406295339283	13.0	13	13
56.64070144460782	13.0	13	13
56.740773355287345	13.0	13	13
56.84084526596686	13.0	13	13
56.94091717664638	13.0	13	13
57.0409890873259	13.0	13	13
57.14106099800542	13.0	13	13
57.24113290868494	13.0	13	13
57.34120481936446	13.0	13	13
57.441276730043974	13.0	13	13
57.5413486407235	13.0	13	13
57.641420551403016	13.0	13	13
57.74149246208253	13.0	13	13
57.84156437276205	13.0	13	13
57.94163628344157	13.0	13	13
58.04170819412109	13.0	13	13
58.14178010480061	13.0	13	13
58.24185201548013	13.0	13	13
58.341923926159645	13.0	13	13
58.44199583683917	13.0	13	13
58.542067747518686	13.0	13	13
58.642139658198204	13.0	13	13
58.74221156887772	13.0	13	13
58.842283479557246	13.0	13	13
58.94235539023676	13.0	13	13
59.04242730091628	13.0	13	13
59.1424992115958	13.0	13	13
59.24257112227532	12.0	12	12
59.34264303295484	12.0	12	12
59.44271494363436	12.0	12	12
59.542786854313874	12.0	12	12
59.6428587649934	11.0	11	11
59.742930675672916	10.0	10	10
59.84300258635243	10.0	10	10
59.94307449703195	10.0	10	10
60.043146407711475	9.0	9	9
60.14321831839099	9.0	9	9
60.24329022907051	9.0	9	9
60.34336213975003	9.0	9	9
60.44343405042955	9.0	9	9
60.54350596110907	9.0	9	9
60.64357787178859	9.0	9	9
60.743649782468104	9.0	9	9
60.84372169314763	9.0	9	9
60.943793603827146	9.0	9	9
61.04386551450666	9.0	9	9
61.14393742518618	10.0	10	10
61.244009335865705	10.0	10	10
61.34408124654522	10.0	10	10
61.44415315722474	10.0	10	10
61.54422506790426	10.0	10	10
61.64429697858378	10.0	10	10
61.7443688892633	10.0	10	10
61.84444079994282	10.0	10	10
61.944512710622334	10.0	10	10
62.04458462130186	10.0	10	10
62.144656531981376	10.0	10	10
62.24472844266089	10.0	10	10
62.34480035334041	10.0	10	10
62.444872264019935	10.0	10	10
62.54494417469945	10.0	10	10
62.64501608537897	10.0	10	10
62.74508799605849	10.0	10	10
62.84515990673801	10.0	10	10
62.94523181741753	10.0	10	10
63.045303728097046	10.0	10	10
63.145375638776564	10.0	10	10
63.24544754945609	10.0	10	10
63.345519460135606	10.0	10	10
63.44559137081512	9.0	9	9
63.54566328149464	9.0	9	9
63.645735192174165	9.0	9	9
63.74580710285368	9.0	9	9
63.8458790135332	9.0	9	9
63.94595092421272	9.0	9	9
64.04602283489224	9.0	9	9
64.14609474557176	9.0	9	9
64.24616665625128	9.0	9	9
64.3462385669308	9.0	9	9
64.44631047761031	9.0	9	9
64.54638238828983	9.0	9	9
64.64645429896935	9.0	9	9
64.74652620964888	9.0	9	9
64.8465981203284	10.0	10	10
64.94667003100791	10.0	10	10
65.04674194168743	10.0	10	10
65.14681385236695	11.0	11	11
65.24688576304646	11.0	11	11
65.34695767372598	11.0	11	11
65.4470295844055	11.0	11	11
65.54710149508503	12.0	12	12
65.64717340576455	12.0	12	12
65.74724531644407	14.0	14	14
65.84731722712358	14.0	14	14
65.9473891378031	14.0	14	14
66.04746104848262	14.0	14	14
66.14753295916213	15.0	15	15
66.24760486984165	15.0	15	15
66.34767678052118	15.0	15	15
66.4477486912007	15.0	15	15
66.54782060188022	15.0	15	15
66.64789251255974	15.0	15	15
66.74796442323925	15.0	15	15
66.84803633391877	15.0	15	15
66.94810824459829	15.0	15	15
67.0481801552778	14.0	14	14
67.14825206595734	14.0	14	14
67.24832397663685	13.0	13	13
67.34839588731637	13.0	13	13
67.44846779799589	13.0	13	13
67.5485397086754	12.0	12	12
67.64861161935492	12.0	12	12
67.74868353003444	12.0	12	12
67.84875544071396	12.0	12	12
67.94882735139349	12.0	12	12
68.04889926207301	12.0	12	12
68.14897117275252	12.0	12	12
68.24904308343204	12.0	12	12
68.34911499411156	12.0	12	12
68.44918690479108	12.0	12	12
68.5492588154706	12.0	12	12
68.64933072615011	12.0	12	12
68.74940263682964	12.0	12	12
68.84947454750916	12.0	12	12
68.94954645818868	12.0	12	12
69.0496183688682	12.0	12	12
69.14969027954771	12.0	12	12
69.24976219022723	12.0	12	12
69.34983410090675	12.0	12	12
69.44990601158626	12.0	12	12
69.5499779222658	12.0	12	12
69.65004983294531	12.0	12	12
69.75012174362483	12.0	12	12
69.85019365430435	12.0	12	12
69.95026556498387	12.0	12	12
70.05033747566338	12.0	12	12
70.1504093863429	12.0	12	12
70.25048129702242	12.0	12	12
70.35055320770195	12.0	12	12
70.45062511838147	12.0	12	12
70.55069702906098	12.0	12	12
70.6507689397405	12.0	12	12
70.75084085042002	12.0	12	12
70.85091276109954	12.0	12	12
70.95098467177905	13.0	13	13
71.05105658245857	13.0	13	13
71.15112849313809	13.0	13	13
71.25120040381762	13.0	13	13
71.35127231449714	13.0	13	13
71.45134422517665	13.0	13	13
71.55141613585617	13.0	13	13
71.65148804653569	13.0	13	13
71.7515599572152	13.0	13	13
71.85163186789472	12.0	12	12
71.95170377857424	12.0	12	12
72.05177568925377	12.0	12	12
72.15184759993329	12.0	12	12
72.25191951061281	12.0	12	12
72.35199142129233	12.0	12	12
72.45206333197184	12.0	12	12
72.55213524265136	12.0	12	12
72.65220715333088	12.0	12	12
72.7522790640104	12.0	12	12
72.85235097468993	12.0	12	12
72.95242288536944	12.0	12	12
73.05249479604896	12.0	12	12
73.15256670672848	12.0	12	12
73.252638617408	12.0	12	12
73.35271052808751	12.0	12	12
73.45278243876703	12.0	12	12
73.55285434944655	12.0	12	12
73.65292626012608	12.0	12	12
73.7529981708056	12.0	12	12
73.85307008148511	12.0	12	12
73.95314199216463	12.0	12	12
74.05321390284415	12.0	12	12
74.15328581352367	12.0	12	12
74.25335772420318	12.0	12	12
74.3534296348827	12.0	12	12
74.45350154556223	12.0	12	12
74.55357345624175	12.0	12	12
74.65364536692127	12.0	12	12
74.75371727760078	12.0	12	12
74.8537891882803	12.0	12	12
74.95386109895982	12.0	12	12
75.05393300963934	12.0	12	12
75.15400492031885	12.0	12	12
75.25407683099839	12.0	12	12
75.3541487416779	12.0	12	12
75.45422065235742	12.0	12	12
75.55429256303694	12.0	12	12
75.65436447371646	12.0	12	12
75.75443638439597	12.0	12	12
75.85450829507549	12.0	12	12
75.95458020575501	12.0	12	12
76.05465211643454	12.0	12	12
76.15472402711406	12.0	12	12
76.25479593779357	12.0	12	12
76.35486784847309	12.0	12	12
76.45493975915261	12.0	12	12
76.55501166983213	12.0	12	12
76.65508358051164	12.0	12	12
76.75515549119116	12.0	12	12
76.85522740187068	12.0	12	12
76.95529931255021	12.0	12	12
77.05537122322973	12.0	12	12
77.15544313390924	11.0	11	11
77.25551504458876	11.0	11	11
77.35558695526828	11.0	11	11
77.4556588659478	11.0	11	11
77.55573077662731	11.0	11	11
77.65580268730683	11.0	11	11
77.75587459798636	11.0	11	11
77.85594650866588	10.0	10	10
77.9560184193454	10.0	10	10
78.05609033002492	10.0	10	10
78.15616224070443	10.0	10	10
78.25623415138395	10.0	10	10
78.35630606206347	10.0	10	10
78.45637797274298	10.0	10	10
78.55644988342252	10.0	10	10
78.65652179410203	10.0	10	10
78.75659370478155	10.0	10	10
78.85666561546107	10.0	10	10
78.95673752614059	10.0	10	10
79.0568094368201	10.0	10	10
79.15688134749962	10.0	10	10
79.25695325817914	11.0	11	11
79.35702516885867	11.0	11	11
79.45709707953819	11.0	11	11
79.5571689902177	11.0	11	11
79.65724090089722	11.0	11	11
79.75731281157674	11.0	11	11
79.85738472225626	11.0	11	11
79.95745663293577	11.0	11	11
80.05752854361529	11.0	11	11
80.15760045429482	11.0	11	11
80.25767236497434	11.0	11	11
80.35774427565386	12.0	12	12
80.45781618633337	12.0	12	12
80.55788809701289	12.0	12	12
80.65796000769241	12.0	12	12
80.75803191837193	12.0	12	12
80.85810382905144	12.0	12	12
80.95817573973098	12.0	12	12
81.0582476504105	11.0	11	11
81.15831956109001	11.0	11	11
81.25839147176953	10.0	10	10
81.35846338244905	10.0	10	10
81.45853529312856	10.0	10	10
81.55860720380808	10.0	10	10
81.6586791144876	10.0	10	10
81.75875102516713	10.0	10	10
81.85882293584665	10.0	10	10
81.95889484652616	10.0	10	10
82.05896675720568	10.0	10	10
82.1590386678852	10.0	10	10
82.25911057856472	10.0	10	10
82.35918248924423	10.0	10	10
82.45925439992375	10.0	10	10
82.55932631060328	10.0	10	10
82.6593982212828	10.0	10	10
82.75947013196232	10.0	10	10
82.85954204264183	10.0	10	10
82.95961395332135	10.0	10	10
83.05968586400087	10.0	10	10
83.15975777468039	10.0	10	10
83.2598296853599	10.0	10	10
83.35990159603942	10.0	10	10
83.45997350671895	10.0	10	10
83.56004541739847	10.0	10	10
83.66011732807799	10.0	10	10
83.7601892387575	10.0	10	10
83.86026114943702	10.0	10	10
83.96033306011654	10.0	10	10
84.06040497079606	10.0	10	10
84.16047688147557	10.0	10	10
84.2605487921551	10.0	10	10
84.36062070283462	11.0	11	11
84.46069261351414	11.0	11	11
84.56076452419366	11.0	11	11
84.66083643487318	11.0	11	11
84.76090834555269	11.0	11	11
84.86098025623221	11.0	11	11
84.96105216691173	11.0	11	11
85.06112407759126	11.0	11	11
85.16119598827078	11.0	11	11
85.2612678989503	11.0	11	11
85.36133980962981	11.0	11	11
85.46141172030933	11.0	11	11
85.56148363098885	11.0	11	11
85.66155554166836	11.0	11	11
85.76162745234788	11.0	11	11
85.86169936302741	11.0	11	11
85.96177127370693	10.0	10	10
86.06184318438645	10.0	10	10
86.16191509506596	10.0	10	10
86.26198700574548	10.0	10	10
86.362058916425	10.0	10	10
86.46213082710452	10.0	10	10
86.56220273778403	10.0	10	10
86.66227464846357	10.0	10	10
86.76234655914308	10.0	10	10
86.8624184698226	10.0	10	10
86.96249038050212	10.0	10	10
87.06256229118164	10.0	10	10
87.16263420186115	10.0	10	10
87.26270611254067	10.0	10	10
87.36277802322019	10.0	10	10
87.46284993389972	10.0	10	10
87.56292184457924	10.0	10	10
87.66299375525875	10.0	10	10
87.76306566593827	10.0	10	10
87.86313757661779	9.0	9	9
87.9632094872973	9.0	9	9
88.06328139797682	9.0	9	9
88.16335330865634	9.0	9	9
88.26342521933587	9.0	9	9
88.36349713001539	9.0	9	9
88.4635690406949	9.0	9	9
88.56364095137442	9.0	9	9
88.66371286205394	9.0	9	9
88.76378477273346	9.0	9	9
88.86385668341298	9.0	9	9
88.9639285940925	9.0	9	9
89.06400050477203	9.0	9	9
89.16407241545154	9.0	9	9
89.26414432613106	9.0	9	9
89.36421623681058	9.0	9	9
89.4642881474901	9.0	9	9
89.56436005816961	9.0	9	9
89.66443196884913	9.0	9	9
89.76450387952865	9.0	9	9
89.86457579020816	9.0	9	9
89.9646477008877	9.0	9	9
90.06471961156721	9.0	9	9
90.16479152224673	9.0	9	9
90.26486343292625	9.0	9	9
90.36493534360577	9.0	9	9
90.46500725428528	9.0	9	9
90.5650791649648	9.0	9	9
90.66515107564432	9.0	9	9
90.76522298632385	9.0	9	9
90.86529489700337	9.0	9	9
90.96536680768288	9.0	9	9
91.0654387183624	9.0	9	9
91.16551062904192	9.0	9	9
91.26558253972144	9.0	9	9
91.36565445040095	9.0	9	9
91.46572636108047	9.0	9	9
91.56579827176	9.0	9	9
91.66587018243952	9.0	9	9
91.76594209311904	9.0	9	9
91.86601400379855	9.0	9	9
91.96608591447807	9.0	9	9
92.06615782515759	9.0	9	9
92.1662297358371	9.0	9	9
92.26630164651662	9.0	9	9
92.36637355719616	9.0	9	9
92.46644546787567	9.0	9	9
92.56651737855519	9.0	9	9
92.66658928923471	9.0	9	9
92.76666119991422	9.0	9	9
92.86673311059374	9.0	9	9
92.96680502127326	9.0	9	9
93.06687693195278	9.0	9	9
93.16694884263231	9.0	9	9
93.26702075331183	9.0	9	9
93.36709266399134	9.0	9	9
93.46716457467086	9.0	9	9
93.56723648535038	9.0	9	9
93.6673083960299	9.0	9	9
93.76738030670941	9.0	9	9
93.86745221738893	9.0	9	9
93.96752412806846	9.0	9	9
94.06759603874798	9.0	9	9
94.1676679494275	9.0	9	9
94.26773986010701	9.0	9	9
94.36781177078653	10.0	10	10
94.46788368146605	10.0	10	10
94.56795559214557	10.0	10	10
94.66802750282508	10.0	10	10
94.76809941350461	10.0	10	10
94.86817132418413	10.0	10	10
94.96824323486365	10.0	10	10
95.06831514554317	10.0	10	10
95.16838705622268	10.0	10	10
95.2684589669022	10.0	10	10
95.36853087758172	10.0	10	10
95.46860278826124	10.0	10	10
95.56867469894077	10.0	10	10
95.66874660962029	10.0	10	10
95.7688185202998	10.0	10	10
95.86889043097932	10.0	10	10
95.96896234165884	11.0	11	11
96.06903425233835	11.0	11	11
96.16910616301787	11.0	11	11
96.26917807369739	11.0	11	11
96.3692499843769	11.0	11	11
96.46932189505644	11.0	11	11
96.56939380573596	11.0	11	11
96.66946571641547	11.0	11	11
96.76953762709499	11.0	11	11
96.86960953777451	11.0	11	11
96.96968144845403	11.0	11	11
97.06975335913354	11.0	11	11
97.16982526981306	11.0	11	11
97.26989718049259	11.0	11	11
97.36996909117211	11.0	11	11
97.47004100185163	11.0	11	11
97.57011291253114	11.0	11	11
97.67018482321066	11.0	11	11
97.77025673389018	11.0	11	11
97.8703286445697	11.0	11	11
97.97040055524921	12.0	12	12
98.07047246592875	12.0	12	12
98.17054437660826	12.0	12	12
98.27061628728778	12.0	12	12
98.3706881979673	12.0	12	12
98.47076010864681	12.0	12	12
98.57083201932633	12.0	12	12
98.67090393000585	12.0	12	12
98.77097584068537	12.0	12	12
98.8710477513649	12.0	12	12
98.97111966204442	12.0	12	12
99.07119157272393	12.0	12	12
99.17126348340345	11.0	11	11
99.27133539408297	11.0	11	11
99.37140730476249	11.0	11	11
99.471479215442	11.0	11	11
99.57155112612152	11.0	11	11
99.67162303680105	11.0	11	11
99.77169494748057	11.0	11	11
99.87176685816009	11.0	11	11
99.9718387688396	11.0	11	11
100.07191067951912	11.0	11	11
100.17198259019864	11.0	11	11
100.27205450087816	11.0	11	11
100.37212641155767	11.0	11	11
100.4721983222372	11.0	11	11
100.57227023291672	11.0	11	11
100.67234214359624	11.0	11	11
100.77241405427576	11.0	11	11
100.87248596495527	11.0	11	11
100.97255787563479	11.0	11	11
101.07262978631431	11.0	11	11
101.17270169699383	11.0	11	11
101.27277360767336	11.0	11	11
101.37284551835288	11.0	11	11
101.47291742903239	11.0	11	11
101.57298933971191	11.0	11	11
101.67306125039143	11.0	11	11
101.77313316107094	11.0	11	11
101.87320507175046	11.0	11	11
101.97327698242998	11.0	11	11
102.07334889310951	11.0	11	11
102.17342080378903	11.0	11	11
102.27349271446855	11.0	11	11
102.37356462514806	11.0	11	11
102.47363653582758	11.0	11	11
102.5737084465071	11.0	11	11
102.67378035718662	11.0	11	11
102.77385226786613	11.0	11	11
102.87392417854565	11.0	11	11
102.97399608922518	11.0	11	11
103.0740679999047	11.0	11	11
103.17413991058422	11.0	11	11
103.27421182126373	11.0	11	11
103.37428373194325	11.0	11	11
103.47435564262277	11.0	11	11
103.57442755330229	11.0	11	11
103.6744994639818	11.0	11	11
103.77457137466133	11.0	11	11
103.87464328534085	11.0	11	11
103.97471519602037	11.0	11	11
104.07478710669989	11.0	11	11
104.1748590173794	11.0	11	11
104.27493092805892	11.0	11	11
104.37500283873844	11.0	11	11
104.47507474941796	11.0	11	11
104.57514666009749	11.0	11	11
104.675218570777	11.0	11	11
104.77529048145652	11.0	11	11
104.87536239213604	11.0	11	11
104.97543430281556	11.0	11	11
105.07550621349507	11.0	11	11
105.17557812417459	11.0	11	11
105.27565003485411	11.0	11	11
105.37572194553364	11.0	11	11
105.47579385621316	11.0	11	11
105.57586576689268	11.0	11	11
105.6759376775722	11.0	11	11
105.77600958825171	11.0	11	11
105.87608149893123	11.0	11	11
105.97615340961075	11.0	11	11
106.07622532029026	11.0	11	11
106.1762972309698	11.0	11	11
106.27636914164931	11.0	11	11
106.37644105232883	11.0	11	11
106.47651296300835	11.0	11	11
106.57658487368786	11.0	11	11
106.67665678436738	11.0	11	11
106.7767286950469	11.0	11	11
106.87680060572642	11.0	11	11
106.97687251640595	11.0	11	11
107.07694442708546	11.0	11	11
107.17701633776498	11.0	11	11
107.2770882484445	11.0	11	11
107.37716015912402	11.0	11	11
107.47723206980353	11.0	11	11
107.57730398048305	11.0	11	11
107.67737589116257	10.0	10	10
107.7774478018421	10.0	10	10
107.87751971252162	10.0	10	10
107.97759162320114	10.0	10	10
108.07766353388065	10.0	10	10
108.17773544456017	10.0	10	10
108.27780735523969	10.0	10	10
108.3778792659192	10.0	10	10
108.47795117659872	10.0	10	10
108.57802308727825	10.0	10	10
108.67809499795777	10.0	10	10
108.77816690863729	10.0	10	10
108.8782388193168	10.0	10	10
108.97831072999632	10.0	10	10
109.07838264067584	10.0	10	10
109.17845455135536	10.0	10	10
109.27852646203488	10.0	10	10
109.37859837271439	10.0	10	10
109.47867028339392	10.0	10	10
109.57874219407344	10.0	10	10
109.67881410475296	10.0	10	10
109.77888601543248	10.0	10	10
109.878957926112	10.0	10	10
109.97902983679151	10.0	10	10
110.07910174747103	10.0	10	10
110.17917365815055	10.0	10	10
110.27924556883008	10.0	10	10
110.3793174795096	10.0	10	10
110.47938939018911	10.0	10	10
110.57946130086863	10.0	10	10
110.67953321154815	10.0	10	10
110.77960512222766	10.0	10	10
110.87967703290718	10.0	10	10
110.9797489435867	10.0	10	10
111.07982085426623	10.0	10	10
111.17989276494575	10.0	10	10
111.27996467562527	10.0	10	10
111.38003658630478	10.0	10	10
111.4801084969843	10.0	10	10
111.58018040766382	10.0	10	10
111.68025231834334	10.0	10	10
111.78032422902285	10.0	10	10
111.88039613970238	10.0	10	10
111.9804680503819	10.0	10	10
112.08053996106142	10.0	10	10
112.18061187174094	10.0	10	10
112.28068378242045	11.0	11	11
112.38075569309997	11.0	11	11
112.48082760377949	11.0	11	11
112.580899514459	11.0	11	11
112.68097142513854	11.0	11	11
112.78104333581805	11.0	11	11
112.88111524649757	11.0	11	11
112.98118715717709	12.0	12	12
113.0812590678566	11.0	11	11
113.18133097853612	11.0	11	11
113.28140288921564	11.0	11	11
113.38147479989516	11.0	11	11
113.48154671057469	11.0	11	11
113.58161862125421	11.0	11	11
113.68169053193373	11.0	11	11
113.78176244261324	11.0	11	11
113.88183435329276	11.0	11	11
113.98190626397228	11.0	11	11
114.0819781746518	11.0	11	11
114.18205008533131	11.0	11	11
114.28212199601084	11.0	11	11
114.38219390669036	11.0	11	11
114.48226581736988	11.0	11	11
114.5823377280494	10.0	10	10
114.68240963872891	10.0	10	10
114.78248154940843	10.0	10	10
114.88255346008795	10.0	10	10
114.98262537076747	10.0	10	10
115.082697281447	10.0	10	10
115.18276919212651	10.0	10	10
115.28284110280603	10.0	10	10
115.38291301348555	10.0	10	10
115.48298492416507	10.0	10	10
115.58305683484458	10.0	10	10
115.6831287455241	10.0	10	10
115.78320065620362	10.0	10	10
115.88327256688314	10.0	10	10
115.98334447756267	10.0	10	10
116.08341638824218	10.0	10	10
116.1834882989217	10.0	10	10
116.28356020960122	10.0	10	10
116.38363212028074	10.0	10	10
116.48370403096025	10.0	10	10
116.58377594163977	10.0	10	10
116.68384785231929	10.0	10	10
116.78391976299882	10.0	10	10
116.88399167367834	10.0	10	10
116.98406358435786	10.0	10	10
117.08413549503737	10.0	10	10
117.18420740571689	10.0	10	10
117.28427931639641	10.0	10	10
117.38435122707592	10.0	10	10
117.48442313775544	10.0	10	10
117.58449504843497	10.0	10	10
117.68456695911449	10.0	10	10
117.78463886979401	10.0	10	10
117.88471078047353	10.0	10	10
117.98478269115304	10.0	10	10
118.08485460183256	10.0	10	10
118.18492651251208	10.0	10	10
118.2849984231916	10.0	10	10
118.38507033387113	10.0	10	10
118.48514224455064	10.0	10	10
118.58521415523016	10.0	10	10
118.68528606590968	10.0	10	10
118.7853579765892	10.0	10	10
118.88542988726871	10.0	10	10
118.98550179794823	10.0	10	10
119.08557370862775	10.0	10	10
119.18564561930728	11.0	11	11
119.2857175299868	11.0	11	11
119.38578944066631	11.0	11	11
119.48586135134583	11.0	11	11
119.58593326202535	11.0	11	11
119.68600517270487	11.0	11	11
119.78607708338438	11.0	11	11
119.8861489940639	11.0	11	11
119.98622090474343	11.0	11	11
120.08629281542295	11.0	11	11
120.18636472610247	11.0	11	11
120.28643663678199	11.0	11	11
120.3865085474615	11.0	11	11
120.48658045814102	11.0	11	11
120.58665236882054	11.0	11	11
120.68672427950005	11.0	11	11
120.78679619017959	11.0	11	11
120.8868681008591	11.0	11	11
120.98694001153862	11.0	11	11
121.08701192221814	11.0	11	11
121.18708383289766	11.0	11	11
121.28715574357717	11.0	11	11
121.38722765425669	10.0	10	10
121.48729956493621	10.0	10	10
121.58737147561574	10.0	10	10
121.68744338629526	10.0	10	10
121.78751529697477	10.0	10	10
121.88758720765429	10.0	10	10
121.98765911833381	10.0	10	10
122.08773102901333	10.0	10	10
122.18780293969284	10.0	10	10
122.28787485037236	10.0	10	10
122.38794676105188	10.0	10	10
122.48801867173141	10.0	10	10
122.58809058241093	10.0	10	10
122.68816249309045	10.0	10	10
122.78823440376996	10.0	10	10
122.88830631444948	10.0	10	10
122.988378225129	10.0	10	10
123.08845013580851	10.0	10	10
123.18852204648803	10.0	10	10
123.28859395716756	10.0	10	10
123.38866586784708	10.0	10	10
123.4887377785266	10.0	10	10
123.58880968920612	10.0	10	10
123.68888159988563	10.0	10	10
123.78895351056515	10.0	10	10
123.88902542124467	10.0	10	10
123.98909733192419	10.0	10	10
124.08916924260372	10.0	10	10
124.18924115328323	10.0	10	10
124.28931306396275	10.0	10	10
124.38938497464227	9.0	9	9
124.48945688532179	9.0	9	9
124.5895287960013	9.0	9	9
124.68960070668082	9.0	9	9
124.78967261736034	9.0	9	9
124.88974452803987	9.0	9	9
124.98981643871939	9.0	9	9
125.0898883493989	9.0	9	9
125.18996026007842	9.0	9	9
125.29003217075794	9.0	9	9
125.39010408143746	9.0	9	9
125.49017599211697	9.0	9	9
125.59024790279649	9.0	9	9
125.69031981347602	9.0	9	9
125.79039172415554	9.0	9	9
125.89046363483506	9.0	9	9
125.99053554551458	9.0	9	9
126.09060745619409	8.0	8	8
126.19067936687361	8.0	8	8
126.29075127755313	8.0	8	8
126.39082318823264	8.0	8	8
126.49089509891218	8.0	8	8
126.5909670095917	8.0	8	8
126.69103892027121	8.0	8	8
126.79111083095073	8.0	8	8
126.89118274163025	8.0	8	8
126.99125465230976	8.0	8	8
127.09132656298928	8.0	8	8
127.1913984736688	8.0	8	8
127.29147038434833	8.0	8	8
127.39154229502785	8.0	8	8
127.49161420570736	8.0	8	8
127.59168611638688	8.0	8	8
127.6917580270664	8.0	8	8
127.79182993774592	8.0	8	8
127.89190184842543	8.0	8	8
127.99197375910495	8.0	8	8
128.09204566978448	8.0	8	8
128.192117580464	8.0	8	8
128.29218949114352	8.0	8	8
128.39226140182302	8.0	8	8
128.49233331250255	8.0	8	8
128.59240522318208	8.0	8	8
128.6924771338616	8.0	8	8
128.79254904454112	8.0	8	8
128.89262095522062	8.0	8	8
128.99269286590015	8.0	8	8
129.09276477657966	8.0	8	8
129.1928366872592	8.0	8	8
129.2929085979387	8.0	8	8
129.39298050861822	8.0	8	8
129.49305241929775	8.0	8	8
129.59312432997726	8.0	8	8
129.6931962406568	8.0	8	8
129.7932681513363	8.0	8	8
129.89334006201582	8.0	8	8
129.99341197269533	8.0	8	8
130.09348388337486	8.0	8	8
130.1935557940544	8.0	8	8
130.2936277047339	8.0	8	8
130.39369961541342	8.0	8	8
130.49377152609293	8.0	8	8
130.59384343677246	8.0	8	8
130.69391534745196	8.0	8	8
130.7939872581315	8.0	8	8
130.894059168811	8.0	8	8
130.99413107949053	8.0	8	8
131.09420299017006	9.0	9	9
131.19427490084956	9.0	9	9
131.2943468115291	9.0	9	9
131.3944187222086	10.0	10	10
131.49449063288813	10.0	10	10
131.59456254356763	10.0	10	10
131.69463445424716	10.0	10	10
131.7947063649267	10.0	10	10
131.8947782756062	10.0	10	10
131.99485018628573	10.0	10	10
132.09492209696523	10.0	10	10
132.19499400764477	10.0	10	10
132.29506591832427	10.0	10	10
132.3951378290038	10.0	10	10
132.4952097396833	10.0	10	10
132.59528165036284	10.0	10	10
132.69535356104237	10.0	10	10
132.79542547172187	11.0	11	11
132.8954973824014	11.0	11	11
132.9955692930809	11.0	11	11
133.09564120376044	11.0	11	11
133.19571311443994	11.0	11	11
133.29578502511947	11.0	11	11
133.395856935799	11.0	11	11
133.4959288464785	11.0	11	11
133.59600075715804	11.0	11	11
133.69607266783754	11.0	11	11
133.79614457851707	11.0	11	11
133.89621648919658	11.0	11	11
133.9962883998761	11.0	11	11
134.0963603105556	11.0	11	11
134.19643222123514	11.0	11	11
134.29650413191467	11.0	11	11
134.39657604259418	11.0	11	11
134.4966479532737	11.0	11	11
134.5967198639532	11.0	11	11
134.69679177463274	11.0	11	11
134.79686368531225	11.0	11	11
134.89693559599178	11.0	11	11
134.99700750667128	11.0	11	11
135.0970794173508	11.0	11	11
135.19715132803034	11.0	11	11
135.29722323870985	11.0	11	11
135.39729514938938	11.0	11	11
135.49736706006888	11.0	11	11
135.5974389707484	11.0	11	11
135.69751088142792	11.0	11	11
135.79758279210745	11.0	11	11
135.89765470278698	11.0	11	11
135.99772661346648	11.0	11	11
136.09779852414601	11.0	11	11
136.19787043482552	11.0	11	11
136.29794234550505	11.0	11	11
136.39801425618455	11.0	11	11
136.49808616686408	11.0	11	11
136.5981580775436	11.0	11	11
136.69822998822312	11.0	11	11
136.79830189890265	11.0	11	11
136.89837380958215	11.0	11	11
136.99844572026169	11.0	11	11
137.0985176309412	11.0	11	11
137.19858954162072	11.0	11	11
137.29866145230022	11.0	11	11
137.39873336297975	11.0	11	11
137.4988052736593	11.0	11	11
137.5988771843388	11.0	11	11
137.69894909501832	11.0	11	11
137.79902100569782	11.0	11	11
137.89909291637736	11.0	11	11
137.99916482705686	11.0	11	11
138.0992367377364	11.0	11	11
138.1993086484159	11.0	11	11
138.29938055909543	11.0	11	11
138.39945246977496	11.0	11	11
138.49952438045446	11.0	11	11
138.599596291134	11.0	11	11
138.6996682018135	11.0	11	11
138.79974011249303	11.0	11	11
138.89981202317253	11.0	11	11
138.99988393385206	11.0	11	11
139.0999558445316	11.0	11	11
139.2000277552111	12.0	12	12
139.30009966589063	12.0	12	12
139.40017157657013	12.0	12	12
139.50024348724966	12.0	12	12
139.60031539792917	12.0	12	12
139.7003873086087	12.0	12	12
139.8004592192882	13.0	13	13
139.90053112996773	13.0	13	13
140.00060304064726	13.0	13	13
140.10067495132677	13.0	13	13
140.2007468620063	13.0	13	13
140.3008187726858	13.0	13	13
140.40089068336533	13.0	13	13
140.50096259404484	13.0	13	13
140.60103450472437	13.0	13	13
140.7011064154039	13.0	13	13
140.8011783260834	13.0	13	13
140.90125023676293	13.0	13	13
141.00132214744244	13.0	13	13
141.10139405812197	13.0	13	13
141.20146596880147	13.0	13	13
141.301537879481	13.0	13	13
141.4016097901605	13.0	13	13
141.50168170084004	12.0	12	12
141.60175361151957	12.0	12	12
141.70182552219907	11.0	11	11
141.8018974328786	11.0	11	11
141.9019693435581	11.0	11	11
142.00204125423764	11.0	11	11
142.10211316491714	10.0	10	10
142.20218507559667	10.0	10	10
142.30225698627618	10.0	10	10
142.4023288969557	10.0	10	10
142.50240080763524	10.0	10	10
142.60247271831474	10.0	10	10
142.70254462899427	10.0	10	10
142.80261653967378	10.0	10	10
142.9026884503533	10.0	10	10
143.0027603610328	10.0	10	10
143.10283227171234	10.0	10	10
143.20290418239188	10.0	10	10
143.30297609307138	10.0	10	10
143.4030480037509	10.0	10	10
143.5031199144304	10.0	10	10
143.60319182510995	9.0	9	9
143.70326373578945	9.0	9	9
143.80333564646898	9.0	9	9
143.90340755714848	9.0	9	9
144.00347946782802	9.0	9	9
144.10355137850755	9.0	9	9
144.20362328918705	9.0	9	9
144.30369519986658	9.0	9	9
144.40376711054608	9.0	9	9
144.50383902122562	9.0	9	9
144.60391093190512	9.0	9	9
144.70398284258465	9.0	9	9
144.80405475326418	9.0	9	9
144.90412666394369	9.0	9	9
145.00419857462322	9.0	9	9
145.10427048530272	8.0	8	8
145.20434239598225	8.0	8	8
145.30441430666176	8.0	8	8
145.4044862173413	8.0	8	8
145.5045581280208	8.0	8	8
145.60463003870032	8.0	8	8
145.70470194937985	8.0	8	8
145.80477386005936	8.0	8	8
145.9048457707389	8.0	8	8
146.0049176814184	8.0	8	8
146.10498959209792	8.0	8	8
146.20506150277743	8.0	8	8
146.30513341345696	8.0	8	8
146.4052053241365	8.0	8	8
146.505277234816	8.0	8	8
146.60534914549552	8.0	8	8
146.70542105617503	8.0	8	8
146.80549296685456	8.0	8	8
146.90556487753406	8.0	8	8
147.0056367882136	9.0	9	9
147.1057086988931	9.0	9	9
147.20578060957263	9.0	9	9
147.30585252025216	9.0	9	9
147.40592443093166	9.0	9	9
147.5059963416112	9.0	9	9
147.6060682522907	9.0	9	9
147.70614016297023	9.0	9	9
147.80621207364973	9.0	9	9
147.90628398432926	9.0	9	9
148.00635589500877	9.0	9	9
148.1064278056883	9.0	9	9
148.20649971636783	9.0	9	9
148.30657162704733	9.0	9	9
148.40664353772686	9.0	9	9
148.50671544840637	9.0	9	9
148.6067873590859	9.0	9	9
148.7068592697654	9.0	9	9
148.80693118044493	9.0	9	9
148.90700309112447	9.0	9	9
149.00707500180397	9.0	9	9
149.1071469124835	9.0	9	9
149.207218823163	9.0	9	9
149.30729073384254	9.0	9	9
149.40736264452204	9.0	9	9
149.50743455520157	9.0	9	9
149.60750646588107	9.0	9	9
149.7075783765606	9.0	9	9
149.80765028724014	9.0	9	9
149.90772219791964	9.0	9	9
150.00779410859917	9.0	9	9
150.10786601927867	9.0	9	9
150.2079379299582	9.0	9	9
150.3080098406377	9.0	9	9
150.40808175131724	9.0	9	9
150.50815366199677	9.0	9	9
150.60822557267628	9.0	9	9
150.7082974833558	9.0	9	9
150.8083693940353	9.0	9	9
150.90844130471484	9.0	9	9
151.00851321539434	9.0	9	9
151.10858512607388	9.0	9	9
151.20865703675338	10.0	10	10
151.3087289474329	10.0	10	10
151.40880085811244	10.0	10	10
151.50887276879195	10.0	10	10
151.60894467947148	10.0	10	10
151.70901659015098	10.0	10	10
151.8090885008305	10.0	10	10
151.90916041151002	10.0	10	10
152.00923232218955	10.0	10	10
152.10930423286908	10.0	10	10
152.20937614354858	10.0	10	10
152.3094480542281	10.0	10	10
152.40951996490762	10.0	10	10
152.50959187558715	10.0	10	10
152.60966378626665	10.0	10	10
152.70973569694618	10.0	10	10
152.8098076076257	10.0	10	10
152.90987951830522	10.0	10	10
153.00995142898475	10.0	10	10
153.11002333966425	10.0	10	10
153.21009525034378	10.0	10	10
153.3101671610233	10.0	10	10
153.41023907170282	10.0	10	10
153.51031098238232	9.0	9	9
153.61038289306185	9.0	9	9
153.71045480374136	9.0	9	9
153.8105267144209	9.0	9	9
153.91059862510042	9.0	9	9
154.01067053577992	9.0	9	9
154.11074244645945	9.0	9	9
154.21081435713896	9.0	9	9
154.3108862678185	9.0	9	9
154.410958178498	9.0	9	9
154.51103008917752	9.0	9	9
154.61110199985706	9.0	9	9
154.71117391053656	9.0	9	9
154.8112458212161	9.0	9	9
154.9113177318956	9.0	9	9
155.01138964257512	9.0	9	9
155.11146155325463	9.0	9	9
155.21153346393416	9.0	9	9
155.31160537461366	9.0	9	9
155.4116772852932	8.0	8	8
155.51174919597273	8.0	8	8
155.61182110665223	8.0	8	8
155.71189301733176	8.0	8	8
155.81196492801126	8.0	8	8
155.9120368386908	8.0	8	8
156.0121087493703	8.0	8	8
156.11218066004983	8.0	8	8
156.21225257072936	8.0	8	8
156.31232448140887	8.0	8	8
156.4123963920884	8.0	8	8
156.5124683027679	7.0	7	7
156.61254021344743	7.0	7	7
156.71261212412693	7.0	7	7
156.81268403480647	7.0	7	7
156.91275594548597	7.0	7	7
157.0128278561655	7.0	7	7
157.11289976684503	7.0	7	7
157.21297167752454	7.0	7	7
157.31304358820407	7.0	7	7
157.41311549888357	7.0	7	7
157.5131874095631	7.0	7	7
157.6132593202426	7.0	7	7
157.71333123092214	7.0	7	7
157.81340314160167	7.0	7	7
157.91347505228117	6.0	6	6
158.0135469629607	6.0	6	6
158.1136188736402	6.0	6	6
158.21369078431974	6.0	6	6
158.31376269499924	6.0	6	6
158.41383460567877	6.0	6	6
158.51390651635828	6.0	6	6
158.6139784270378	6.0	6	6
158.71405033771734	6.0	6	6
158.81412224839684	6.0	6	6
158.91419415907637	6.0	6	6
159.01426606975588	6.0	6	6
159.1143379804354	6.0	6	6
159.2144098911149	6.0	6	6
159.31448180179444	6.0	6	6
159.41455371247397	6.0	6	6
159.51462562315348	6.0	6	6
159.614697533833	6.0	6	6
159.7147694445125	6.0	6	6
159.81484135519204	6.0	6	6
159.91491326587155	6.0	6	6
160.01498517655108	6.0	6	6
160.11505708723058	6.0	6	6
160.2151289979101	6.0	6	6
160.31520090858965	6.0	6	6
160.41527281926915	6.0	6	6
160.51534472994868	6.0	6	6
160.61541664062818	6.0	6	6
160.71548855130771	6.0	6	6
160.81556046198722	6.0	6	6
160.91563237266675	6.0	6	6
161.01570428334625	6.0	6	6
161.11577619402578	6.0	6	6
161.21584810470532	6.0	6	6
161.31592001538482	6.0	6	6
161.41599192606435	6.0	6	6
161.51606383674385	6.0	6	6
161.61613574742339	6.0	6	6
161.7162076581029	6.0	6	6
161.81627956878242	6.0	6	6
161.91635147946195	6.0	6	6
162.01642339014145	6.0	6	6
162.116495300821	6.0	6	6
162.2165672115005	6.0	6	6
162.31663912218002	6.0	6	6
162.41671103285952	6.0	6	6
162.51678294353906	6.0	6	6
162.61685485421856	6.0	6	6
162.7169267648981	6.0	6	6
162.81699867557762	6.0	6	6
162.91707058625713	6.0	6	6
163.01714249693666	6.0	6	6
163.11721440761616	6.0	6	6
163.2172863182957	6.0	6	6
163.3173582289752	6.0	6	6
163.41743013965473	6.0	6	6
163.51750205033426	6.0	6	6
163.61757396101376	6.0	6	6
163.7176458716933	6.0	6	6
163.8177177823728	6.0	6	6
163.91778969305233	6.0	6	6
164.01786160373183	6.0	6	6
164.11793351441136	6.0	6	6
164.21800542509087	6.0	6	6
164.3180773357704	6.0	6	6
164.41814924644993	6.0	6	6
164.51822115712943	6.0	6	6
164.61829306780896	6.0	6	6
164.71836497848847	6.0	6	6
164.818436889168	6.0	6	6
164.9185087998475	6.0	6	6
165.01858071052703	7.0	7	7
165.11865262120656	7.0	7	7
165.21872453188607	7.0	7	7
165.3187964425656	8.0	8	8
165.4188683532451	8.0	8	8
165.51894026392463	8.0	8	8
165.61901217460414	8.0	8	8
165.71908408528367	8.0	8	8
165.81915599596317	8.0	8	8
165.9192279066427	8.0	8	8
166.01929981732223	8.0	8	8
166.11937172800174	8.0	8	8
166.21944363868127	8.0	8	8
166.31951554936077	8.0	8	8
166.4195874600403	8.0	8	8
166.5196593707198	7.0	7	7
166.61973128139934	7.0	7	7
166.71980319207884	7.0	7	7
166.81987510275837	7.0	7	7
166.9199470134379	7.0	7	7
167.0200189241174	8.0	8	8
167.12009083479694	8.0	8	8
167.22016274547644	8.0	8	8
167.32023465615598	8.0	8	8
167.42030656683548	8.0	8	8
167.520378477515	8.0	8	8
167.62045038819454	8.0	8	8
167.72052229887404	8.0	8	8
167.82059420955358	8.0	8	8
167.92066612023308	8.0	8	8
168.0207380309126	8.0	8	8
168.1208099415921	8.0	8	8
168.22088185227165	8.0	8	8
168.32095376295115	8.0	8	8
168.42102567363068	8.0	8	8
168.5210975843102	8.0	8	8
168.62116949498972	8.0	8	8
168.72124140566925	8.0	8	8
168.82131331634875	8.0	8	8
168.92138522702828	8.0	8	8
169.02145713770778	7.0	7	7
169.12152904838732	7.0	7	7
169.22160095906685	7.0	7	7
169.32167286974635	7.0	7	7
169.42174478042588	7.0	7	7
169.52181669110539	7.0	7	7
169.62188860178492	6.0	6	6
169.72196051246442	6.0	6	6
169.82203242314395	6.0	6	6
169.92210433382346	6.0	6	6
170.022176244503	6.0	6	6
170.12224815518252	5.0	5	5
170.22232006586202	5.0	5	5
170.32239197654155	5.0	5	5
170.42246388722106	5.0	5	5
170.5225357979006	5.0	5	5
170.6226077085801	5.0	5	5
170.72267961925962	5.0	5	5
170.82275152993915	4.0	4	4
170.92282344061866	4.0	4	4
171.0228953512982	4.0	4	4
171.1229672619777	4.0	4	4
171.22303917265722	4.0	4	4
171.32311108333673	4.0	4	4
171.42318299401626	4.0	4	4
171.52325490469576	4.0	4	4
171.6233268153753	4.0	4	4
171.72339872605482	4.0	4	4
171.82347063673433	4.0	4	4
171.92354254741386	4.0	4	4
172.02361445809336	4.0	4	4
172.1236863687729	4.0	4	4
172.2237582794524	4.0	4	4
172.32383019013193	4.0	4	4
172.42390210081146	4.0	4	4
172.52397401149096	4.0	4	4
172.6240459221705	4.0	4	4
172.72411783285	4.0	4	4
172.82418974352953	4.0	4	4
172.92426165420903	4.0	4	4
173.02433356488856	4.0	4	4
173.12440547556807	4.0	4	4
173.2244773862476	4.0	4	4
173.32454929692713	4.0	4	4
173.42462120760663	4.0	4	4
173.52469311828617	4.0	4	4
173.62476502896567	4.0	4	4
173.7248369396452	4.0	4	4
173.8249088503247	4.0	4	4
173.92498076100424	4.0	4	4
174.02505267168374	4.0	4	4
174.12512458236327	4.0	4	4
174.2251964930428	4.0	4	4
174.3252684037223	4.0	4	4
174.42534031440184	4.0	4	4
174.52541222508134	4.0	4	4
174.62548413576087	4.0	4	4
174.72555604644037	4.0	4	4
174.8256279571199	4.0	4	4
174.92569986779944	4.0	4	4
175.02577177847894	4.0	4	4
175.12584368915847	4.0	4	4
175.22591559983798	4.0	4	4
175.3259875105175	4.0	4	4
175.426059421197	4.0	4	4
175.52613133187654	4.0	4	4
175.62620324255604	4.0	4	4
175.72627515323558	4.0	4	4
175.8263470639151	4.0	4	4
175.9264189745946	4.0	4	4
176.02649088527414	4.0	4	4
176.12656279595365	4.0	4	4
176.22663470663318	4.0	4	4
176.32670661731268	4.0	4	4
176.4267785279922	4.0	4	4
176.52685043867174	4.0	4	4
176.62692234935125	4.0	4	4
176.72699426003078	4.0	4	4
176.82706617071028	4.0	4	4
176.9271380813898	4.0	4	4
177.02720999206932	4.0	4	4
177.12728190274885	4.0	4	4
177.22735381342835	4.0	4	4
177.32742572410788	4.0	4	4
177.42749763478741	4.0	4	4
177.52756954546692	4.0	4	4
177.62764145614645	4.0	4	4
177.72771336682595	4.0	4	4
177.82778527750548	4.0	4	4
177.927857188185	4.0	4	4
178.02792909886452	4.0	4	4
178.12800100954405	4.0	4	4
178.22807292022355	4.0	4	4
178.32814483090308	4.0	4	4
178.4282167415826	4.0	4	4
178.52828865226212	4.0	4	4
178.62836056294162	4.0	4	4
178.72843247362115	4.0	4	4
178.82850438430066	4.0	4	4
178.9285762949802	4.0	4	4
179.02864820565972	4.0	4	4
179.12872011633922	4.0	4	4
179.22879202701876	4.0	4	4
179.32886393769826	4.0	4	4
179.4289358483778	4.0	4	4
179.5290077590573	4.0	4	4
179.62907966973683	4.0	4	4
179.72915158041633	4.0	4	4
179.82922349109586	4.0	4	4
179.9292954017754	4.0	4	4
180.0293673124549	4.0	4	4
180.12943922313443	4.0	4	4
180.22951113381393	4.0	4	4
180.32958304449346	4.0	4	4
180.42965495517296	4.0	4	4
180.5297268658525	4.0	4	4
180.62979877653203	4.0	4	4
180.72987068721153	4.0	4	4
180.82994259789106	4.0	4	4
180.93001450857057	4.0	4	4
181.0300864192501	4.0	4	4
181.1301583299296	4.0	4	4
181.23023024060913	4.0	4	4
181.33030215128863	4.0	4	4
181.43037406196817	3.0	3	3
181.5304459726477	3.0	3	3
181.6305178833272	3.0	3	3
181.73058979400673	3.0	3	3
181.83066170468624	3.0	3	3
181.93073361536577	3.0	3	3
182.03080552604527	3.0	3	3
182.1308774367248	3.0	3	3
182.23094934740433	3.0	3	3
182.33102125808384	3.0	3	3
182.43109316876337	2.0	2	2
182.53116507944287	2.0	2	2
182.6312369901224	2.0	2	2
182.7313089008019	2.0	2	2
182.83138081148144	2.0	2	2
182.93145272216094	2.0	2	2
183.03152463284047	2.0	2	2
183.13159654352	2.0	2	2
183.2316684541995	2.0	2	2
183.33174036487904	2.0	2	2
183.43181227555854	2.0	2	2
183.53188418623807	2.0	2	2
183.63195609691758	2.0	2	2
183.7320280075971	2.0	2	2
183.83209991827664	2.0	2	2
183.93217182895614	2.0	2	2
184.03224373963567	2.0	2	2
184.13231565031518	2.0	2	2
184.2323875609947	2.0	2	2
184.3324594716742	2.0	2	2
184.43253138235374	2.0	2	2
184.53260329303325	1.0	1	1
184.63267520371278	1.0	1	1
184.7327471143923	1.0	1	1
184.8328190250718	1.0	1	1
184.93289093575135	1.0	1	1
185.03296284643085	1.0	1	1
185.13303475711038	1.0	1	1
185.23310666778988	1.0	1	1
185.33317857846941	1.0	1	1
185.43325048914895	1.0	1	1
185.53332239982845	1.0	1	1
185.63339431050798	1.0	1	1
185.73346622118748	1.0	1	1
185.83353813186702	1.0	1	1
185.93361004254652	1.0	1	1
186.03368195322605	1.0	1	1
