time	diversity	m_div	M_div
0.0	10.0	10	10
0.10010351557685768	10.0	10	10
0.20020703115371535	10.0	10	10
0.300310546730573	10.0	10	10
0.4004140623074307	10.0	10	10
0.5005175778842884	10.0	10	10
0.600621093461146	10.0	10	10
0.7007246090380037	10.0	10	10
0.8008281246148614	10.0	10	10
0.9009316401917191	10.0	10	10
1.0010351557685768	10.0	10	10
1.1011386713454345	10.0	10	10
1.201242186922292	10.0	10	10
1.3013457024991497	10.0	10	10
1.4014492180760074	10.0	10	10
1.5015527336528651	10.0	10	10
1.6016562492297228	10.0	10	10
1.7017597648065805	10.0	10	10
1.8018632803834382	10.0	10	10
1.901966795960296	10.0	10	10
2.0020703115371536	10.0	10	10
2.102173827114011	10.0	10	10
2.202277342690869	10.0	10	10
2.3023808582677265	10.0	10	10
2.402484373844584	10.0	10	10
2.502587889421442	10.0	10	10
2.6026914049982994	10.0	10	10
2.7027949205751574	10.0	10	10
2.802898436152015	10.0	10	10
2.9030019517288728	10.0	10	10
3.0031054673057302	10.0	10	10
3.103208982882588	10.0	10	10
3.2033124984594457	10.0	10	10
3.303416014036303	10.0	10	10
3.403519529613161	10.0	10	10
3.5036230451900185	10.0	10	10
3.6037265607668765	10.0	10	10
3.703830076343734	10.0	10	10
3.803933591920592	10.0	10	10
3.9040371074974494	10.0	10	10
4.004140623074307	10.0	10	10
4.104244138651165	10.0	10	10
4.204347654228022	10.0	10	10
4.30445116980488	10.0	10	10
4.404554685381738	10.0	10	10
4.504658200958596	10.0	10	10
4.604761716535453	10.0	10	10
4.704865232112311	10.0	10	10
4.804968747689168	10.0	10	10
4.905072263266026	10.0	10	10
5.005175778842884	10.0	10	10
5.105279294419741	10.0	10	10
5.205382809996599	10.0	10	10
5.305486325573457	10.0	10	10
5.405589841150315	10.0	10	10
5.505693356727172	10.0	10	10
5.60579687230403	10.0	10	10
5.705900387880887	10.0	10	10
5.8060039034577455	10.0	10	10
5.906107419034603	10.0	10	10
6.0062109346114605	10.0	10	10
6.106314450188318	10.0	10	10
6.206417965765176	10.0	10	10
6.306521481342034	10.0	10	10
6.406624996918891	10.0	10	10
6.506728512495749	10.0	10	10
6.606832028072606	10.0	10	10
6.706935543649465	10.0	10	10
6.807039059226322	10.0	10	10
6.90714257480318	10.0	10	10
7.007246090380037	10.0	10	10
7.1073496059568955	10.0	10	10
7.207453121533753	10.0	10	10
7.30755663711061	10.0	10	10
7.407660152687468	10.0	10	10
7.507763668264325	10.0	10	10
7.607867183841184	10.0	10	10
7.707970699418041	10.0	10	10
7.808074214994899	10.0	10	10
7.908177730571756	10.0	10	10
8.008281246148615	10.0	10	10
8.108384761725471	10.0	10	10
8.20848827730233	10.0	10	10
8.308591792879188	10.0	10	10
8.408695308456045	10.0	10	10
8.508798824032903	10.0	10	10
8.60890233960976	10.0	10	10
8.709005855186618	10.0	10	10
8.809109370763476	10.0	10	10
8.909212886340333	10.0	10	10
9.009316401917191	10.0	10	10
9.109419917494048	10.0	10	10
9.209523433070906	10.0	10	10
9.309626948647765	10.0	10	10
9.409730464224621	10.0	10	10
9.50983397980148	10.0	10	10
9.609937495378336	10.0	10	10
9.710041010955194	10.0	10	10
9.810144526532053	10.0	10	10
9.91024804210891	10.0	10	10
10.010351557685768	10.0	10	10
10.110455073262626	10.0	10	10
10.210558588839483	10.0	10	10
10.310662104416341	10.0	10	10
10.410765619993198	10.0	10	10
10.510869135570056	10.0	10	10
10.610972651146914	10.0	10	10
10.711076166723771	10.0	10	10
10.81117968230063	10.0	10	10
10.911283197877486	10.0	10	10
11.011386713454344	10.0	10	10
11.111490229031203	10.0	10	10
11.21159374460806	10.0	10	10
11.311697260184918	10.0	10	10
11.411800775761774	10.0	10	10
11.511904291338633	10.0	10	10
11.612007806915491	10.0	10	10
11.712111322492348	10.0	10	10
11.812214838069206	10.0	10	10
11.912318353646064	10.0	10	10
12.012421869222921	10.0	10	10
12.11252538479978	10.0	10	10
12.212628900376636	10.0	10	10
12.312732415953494	10.0	10	10
12.412835931530353	10.0	10	10
12.51293944710721	10.0	10	10
12.613042962684068	10.0	10	10
12.713146478260924	10.0	10	10
12.813249993837783	10.0	10	10
12.913353509414641	10.0	10	10
13.013457024991498	10.0	10	10
13.113560540568356	10.0	10	10
13.213664056145213	10.0	10	10
13.313767571722071	10.0	10	10
13.41387108729893	10.0	10	10
13.513974602875786	10.0	10	10
13.614078118452644	10.0	10	10
13.7141816340295	10.0	10	10
13.81428514960636	10.0	10	10
13.914388665183218	10.0	10	10
14.014492180760074	10.0	10	10
14.114595696336933	10.0	10	10
14.214699211913791	10.0	10	10
14.314802727490648	10.0	10	10
14.414906243067506	10.0	10	10
14.515009758644362	10.0	10	10
14.61511327422122	10.0	10	10
14.71521678979808	10.0	10	10
14.815320305374936	10.0	10	10
14.915423820951794	10.0	10	10
15.01552733652865	10.0	10	10
15.11563085210551	10.0	10	10
15.215734367682368	10.0	10	10
15.315837883259224	10.0	10	10
15.415941398836082	10.0	10	10
15.516044914412939	10.0	10	10
15.616148429989797	10.0	10	10
15.716251945566656	10.0	10	10
15.816355461143512	10.0	10	10
15.91645897672037	10.0	10	10
16.01656249229723	10.0	10	10
16.116666007874088	10.0	10	10
16.216769523450942	10.0	10	10
16.3168730390278	10.0	10	10
16.41697655460466	10.0	10	10
16.517080070181517	10.0	10	10
16.617183585758376	10.0	10	10
16.71728710133523	10.0	10	10
16.81739061691209	10.0	10	10
16.917494132488947	10.0	10	10
17.017597648065806	10.0	10	10
17.117701163642664	10.0	10	10
17.21780467921952	10.0	10	10
17.317908194796377	10.0	10	10
17.418011710373236	10.0	10	10
17.518115225950094	10.0	10	10
17.618218741526952	10.0	10	10
17.718322257103807	10.0	10	10
17.818425772680666	10.0	10	10
17.918529288257524	10.0	10	10
18.018632803834382	10.0	10	10
18.11873631941124	10.0	10	10
18.218839834988096	10.0	10	10
18.318943350564954	10.0	10	10
18.419046866141812	10.0	10	10
18.51915038171867	11.0	11	11
18.61925389729553	11.0	11	11
18.719357412872384	11.0	11	11
18.819460928449242	11.0	11	11
18.9195644440261	11.0	11	11
19.01966795960296	11.0	11	11
19.119771475179817	11.0	11	11
19.219874990756672	11.0	11	11
19.31997850633353	11.0	11	11
19.42008202191039	11.0	11	11
19.520185537487247	11.0	11	11
19.620289053064106	11.0	11	11
19.720392568640964	11.0	11	11
19.82049608421782	11.0	11	11
19.920599599794677	11.0	11	11
20.020703115371536	11.0	11	11
20.120806630948394	11.0	11	11
20.220910146525252	11.0	11	11
20.321013662102107	11.0	11	11
20.421117177678966	11.0	11	11
20.521220693255824	11.0	11	11
20.621324208832682	11.0	11	11
20.72142772440954	11.0	11	11
20.821531239986395	11.0	11	11
20.921634755563254	11.0	11	11
21.021738271140112	11.0	11	11
21.12184178671697	11.0	11	11
21.22194530229383	11.0	11	11
21.322048817870684	11.0	11	11
21.422152333447542	11.0	11	11
21.5222558490244	11.0	11	11
21.62235936460126	11.0	11	11
21.722462880178117	11.0	11	11
21.822566395754972	11.0	11	11
21.92266991133183	11.0	11	11
22.02277342690869	11.0	11	11
22.122876942485547	11.0	11	11
22.222980458062406	11.0	11	11
22.32308397363926	11.0	11	11
22.42318748921612	11.0	11	11
22.523291004792977	11.0	11	11
22.623394520369835	11.0	11	11
22.723498035946694	11.0	11	11
22.82360155152355	11.0	11	11
22.923705067100407	11.0	11	11
23.023808582677265	11.0	11	11
23.123912098254124	11.0	11	11
23.224015613830982	11.0	11	11
23.324119129407837	11.0	11	11
23.424222644984695	11.0	11	11
23.524326160561554	11.0	11	11
23.624429676138412	11.0	11	11
23.72453319171527	11.0	11	11
23.82463670729213	11.0	11	11
23.924740222868984	11.0	11	11
24.024843738445842	11.0	11	11
24.1249472540227	11.0	11	11
24.22505076959956	11.0	11	11
24.325154285176417	11.0	11	11
24.425257800753272	11.0	11	11
24.52536131633013	11.0	11	11
24.62546483190699	11.0	11	11
24.725568347483847	11.0	11	11
24.825671863060705	11.0	11	11
24.92577537863756	11.0	11	11
25.02587889421442	11.0	11	11
25.125982409791277	11.0	11	11
25.226085925368135	11.0	11	11
25.326189440944994	11.0	11	11
25.42629295652185	11.0	11	11
25.526396472098707	11.0	11	11
25.626499987675565	11.0	11	11
25.726603503252424	11.0	11	11
25.826707018829282	11.0	11	11
25.926810534406137	11.0	11	11
26.026914049982995	11.0	11	11
26.127017565559854	11.0	11	11
26.227121081136712	11.0	11	11
26.32722459671357	11.0	11	11
26.427328112290425	11.0	11	11
26.527431627867283	11.0	11	11
26.627535143444142	11.0	11	11
26.727638659021	11.0	11	11
26.82774217459786	11.0	11	11
26.927845690174713	11.0	11	11
27.027949205751572	11.0	11	11
27.12805272132843	11.0	11	11
27.22815623690529	11.0	11	11
27.328259752482147	11.0	11	11
27.428363268059	11.0	11	11
27.52846678363586	11.0	11	11
27.62857029921272	11.0	11	11
27.728673814789577	11.0	11	11
27.828777330366435	11.0	11	11
27.928880845943294	11.0	11	11
28.02898436152015	11.0	11	11
28.129087877097007	11.0	11	11
28.229191392673865	11.0	11	11
28.329294908250723	11.0	11	11
28.429398423827582	11.0	11	11
28.529501939404437	12.0	12	12
28.629605454981295	12.0	12	12
28.729708970558153	12.0	12	12
28.829812486135012	12.0	12	12
28.92991600171187	12.0	12	12
29.030019517288725	12.0	12	12
29.130123032865583	12.0	12	12
29.23022654844244	12.0	12	12
29.3303300640193	12.0	12	12
29.43043357959616	12.0	12	12
29.530537095173013	12.0	12	12
29.63064061074987	12.0	12	12
29.73074412632673	12.0	12	12
29.83084764190359	12.0	12	12
29.930951157480447	12.0	12	12
30.0310546730573	12.0	12	12
30.13115818863416	12.0	12	12
30.23126170421102	12.0	12	12
30.331365219787877	12.0	12	12
30.431468735364735	12.0	12	12
30.53157225094159	12.0	12	12
30.63167576651845	12.0	12	12
30.731779282095307	12.0	12	12
30.831882797672165	12.0	12	12
30.931986313249023	12.0	12	12
31.032089828825878	12.0	12	12
31.132193344402737	12.0	12	12
31.232296859979595	12.0	12	12
31.332400375556453	12.0	12	12
31.43250389113331	12.0	12	12
31.532607406710166	12.0	12	12
31.632710922287025	12.0	12	12
31.732814437863883	12.0	12	12
31.83291795344074	12.0	12	12
31.9330214690176	12.0	12	12
32.03312498459446	12.0	12	12
32.13322850017131	12.0	12	12
32.233332015748175	12.0	12	12
32.33343553132503	12.0	12	12
32.433539046901885	12.0	12	12
32.53364256247875	12.0	12	12
32.6337460780556	12.0	12	12
32.73384959363246	12.0	12	12
32.83395310920932	12.0	12	12
32.93405662478617	13.0	13	13
33.034160140363035	13.0	13	13
33.13426365593989	13.0	13	13
33.23436717151675	13.0	13	13
33.33447068709361	13.0	13	13
33.43457420267046	13.0	13	13
33.53467771824732	13.0	13	13
33.63478123382418	13.0	13	13
33.73488474940104	13.0	13	13
33.834988264977895	13.0	13	13
33.93509178055475	13.0	13	13
34.03519529613161	13.0	13	13
34.135298811708466	13.0	13	13
34.23540232728533	13.0	13	13
34.33550584286218	13.0	13	13
34.43560935843904	13.0	13	13
34.5357128740159	13.0	13	13
34.635816389592755	13.0	13	13
34.73591990516962	13.0	13	13
34.83602342074647	13.0	13	13
34.936126936323326	13.0	13	13
35.03623045190019	13.0	13	13
35.13633396747704	13.0	13	13
35.236437483053905	13.0	13	13
35.33654099863076	13.0	13	13
35.436644514207615	13.0	13	13
35.536748029784476	13.0	13	13
35.63685154536133	13.0	13	13
35.73695506093819	13.0	13	13
35.83705857651505	13.0	13	13
35.9371620920919	13.0	13	13
36.037265607668765	13.0	13	13
36.13736912324562	14.0	14	14
36.23747263882248	14.0	14	14
36.337576154399336	14.0	14	14
36.43767966997619	14.0	14	14
36.53778318555305	14.0	14	14
36.63788670112991	14.0	14	14
36.73799021670677	14.0	14	14
36.838093732283625	15.0	15	15
36.93819724786048	15.0	15	15
37.03830076343734	15.0	15	15
37.138404279014196	15.0	15	15
37.23850779459106	15.0	15	15
37.33861131016791	15.0	15	15
37.43871482574477	15.0	15	15
37.53881834132163	15.0	15	15
37.638921856898484	15.0	15	15
37.739025372475346	16.0	16	16
37.8391288880522	16.0	16	16
37.939232403629056	16.0	16	16
38.03933591920592	16.0	16	16
38.13943943478277	16.0	16	16
38.239542950359635	16.0	16	16
38.33964646593649	16.0	16	16
38.439749981513344	16.0	16	16
38.539853497090206	16.0	16	16
38.63995701266706	16.0	16	16
38.74006052824392	16.0	16	16
38.84016404382078	16.0	16	16
38.94026755939764	16.0	16	16
39.040371074974495	16.0	16	16
39.14047459055135	16.0	16	16
39.24057810612821	16.0	16	16
39.340681621705066	16.0	16	16
39.44078513728193	16.0	16	16
39.54088865285878	16.0	16	16
39.64099216843564	16.0	16	16
39.7410956840125	16.0	16	16
39.841199199589354	16.0	16	16
39.941302715166216	16.0	16	16
40.04140623074307	16.0	16	16
40.141509746319926	16.0	16	16
40.24161326189679	16.0	16	16
40.34171677747364	16.0	16	16
40.441820293050505	16.0	16	16
40.54192380862736	16.0	16	16
40.642027324204214	16.0	16	16
40.742130839781076	16.0	16	16
40.84223435535793	16.0	16	16
40.94233787093479	16.0	16	16
41.04244138651165	16.0	16	16
41.1425449020885	16.0	16	16
41.242648417665364	16.0	16	16
41.34275193324222	16.0	16	16
41.44285544881908	16.0	16	16
41.542958964395936	16.0	16	16
41.64306247997279	16.0	16	16
41.74316599554965	16.0	16	16
41.84326951112651	16.0	16	16
41.94337302670337	16.0	16	16
42.043476542280224	17.0	17	17
42.14358005785708	17.0	17	17
42.24368357343394	17.0	17	17
42.343787089010796	17.0	17	17
42.44389060458766	17.0	17	17
42.54399412016451	17.0	17	17
42.64409763574137	17.0	17	17
42.74420115131823	17.0	17	17
42.844304666895084	17.0	17	17
42.944408182471946	17.0	17	17
43.0445116980488	17.0	17	17
43.144615213625656	17.0	17	17
43.24471872920252	17.0	17	17
43.34482224477937	17.0	17	17
43.444925760356234	17.0	17	17
43.54502927593309	17.0	17	17
43.645132791509944	16.0	16	16
43.745236307086806	16.0	16	16
43.84533982266366	16.0	16	16
43.94544333824052	16.0	16	16
44.04554685381738	16.0	16	16
44.14565036939423	16.0	16	16
44.245753884971094	16.0	16	16
44.34585740054795	16.0	16	16
44.44596091612481	17.0	17	17
44.546064431701666	17.0	17	17
44.64616794727852	18.0	18	18
44.74627146285538	18.0	18	18
44.84637497843224	18.0	18	18
44.9464784940091	18.0	18	18
45.046582009585954	17.0	17	17
45.14668552516281	17.0	17	17
45.24678904073967	17.0	17	17
45.346892556316526	17.0	17	17
45.44699607189339	17.0	17	17
45.54709958747024	17.0	17	17
45.6472031030471	17.0	17	17
45.74730661862396	17.0	17	17
45.847410134200814	17.0	17	17
45.947513649777676	17.0	17	17
46.04761716535453	17.0	17	17
46.147720680931386	17.0	17	17
46.24782419650825	17.0	17	17
46.3479277120851	17.0	17	17
46.448031227661964	17.0	17	17
46.54813474323882	17.0	17	17
46.648238258815674	16.0	16	16
46.748341774392536	16.0	16	16
46.84844528996939	16.0	16	16
46.94854880554625	16.0	16	16
47.04865232112311	16.0	16	16
47.14875583669997	16.0	16	16
47.248859352276824	16.0	16	16
47.34896286785368	17.0	17	17
47.44906638343054	17.0	17	17
47.549169899007396	17.0	17	17
47.64927341458426	17.0	17	17
47.74937693016111	17.0	17	17
47.84948044573797	16.0	16	16
47.94958396131483	16.0	16	16
48.049687476891684	16.0	16	16
48.149790992468546	16.0	16	16
48.2498945080454	16.0	16	16
48.349998023622256	16.0	16	16
48.45010153919912	16.0	16	16
48.55020505477597	16.0	16	16
48.650308570352834	16.0	16	16
48.75041208592969	16.0	16	16
48.850515601506544	16.0	16	16
48.950619117083406	16.0	16	16
49.05072263266026	16.0	16	16
49.15082614823712	16.0	16	16
49.25092966381398	16.0	16	16
49.35103317939083	15.0	15	15
49.451136694967694	15.0	15	15
49.55124021054455	15.0	15	15
49.65134372612141	15.0	15	15
49.751447241698266	15.0	15	15
49.85155075727512	16.0	16	16
49.95165427285198	16.0	16	16
50.05175778842884	16.0	16	16
50.1518613040057	16.0	16	16
50.251964819582554	16.0	16	16
50.35206833515941	16.0	16	16
50.45217185073627	16.0	16	16
50.552275366313125	16.0	16	16
50.65237888188999	16.0	16	16
50.75248239746684	16.0	16	16
50.8525859130437	16.0	16	16
50.95268942862056	16.0	16	16
51.052792944197414	16.0	16	16
51.152896459774276	16.0	16	16
51.25299997535113	16.0	16	16
51.353103490927985	16.0	16	16
51.45320700650485	16.0	16	16
51.5533105220817	16.0	16	16
51.653414037658564	16.0	16	16
51.75351755323542	16.0	16	16
51.853621068812274	16.0	16	16
51.953724584389136	16.0	16	16
52.05382809996599	16.0	16	16
52.15393161554285	16.0	16	16
52.25403513111971	16.0	16	16
52.35413864669656	16.0	16	16
52.454242162273424	16.0	16	16
52.55434567785028	16.0	16	16
52.65444919342714	16.0	16	16
52.754552709003995	16.0	16	16
52.85465622458085	16.0	16	16
52.95475974015771	16.0	16	16
53.05486325573457	16.0	16	16
53.15496677131143	16.0	16	16
53.255070286888284	16.0	16	16
53.35517380246514	16.0	16	16
53.455277318042	16.0	16	16
53.555380833618855	16.0	16	16
53.65548434919572	16.0	16	16
53.75558786477257	16.0	16	16
53.85569138034943	16.0	16	16
53.95579489592629	16.0	16	16
54.055898411503144	16.0	16	16
54.156001927080005	16.0	16	16
54.25610544265686	16.0	16	16
54.356208958233715	16.0	16	16
54.45631247381058	16.0	16	16
54.55641598938743	16.0	16	16
54.656519504964294	16.0	16	16
54.75662302054115	16.0	16	16
54.856726536118	16.0	16	16
54.956830051694865	16.0	16	16
55.05693356727172	16.0	16	16
55.15703708284858	16.0	16	16
55.25714059842544	16.0	16	16
55.35724411400229	16.0	16	16
55.457347629579154	16.0	16	16
55.55745114515601	16.0	16	16
55.65755466073287	16.0	16	16
55.757658176309725	16.0	16	16
55.85776169188659	16.0	16	16
55.95786520746344	16.0	16	16
56.0579687230403	16.0	16	16
56.15807223861716	16.0	16	16
56.25817575419401	16.0	16	16
56.358279269770875	15.0	15	15
56.45838278534773	14.0	14	14
56.558486300924585	13.0	13	13
56.65858981650145	13.0	13	13
56.7586933320783	13.0	13	13
56.858796847655164	13.0	13	13
56.95890036323202	13.0	13	13
57.05900387880887	13.0	13	13
57.159107394385735	13.0	13	13
57.25921090996259	13.0	13	13
57.35931442553945	13.0	13	13
57.45941794111631	13.0	13	13
57.55952145669316	13.0	13	13
57.659624972270024	13.0	13	13
57.75972848784688	13.0	13	13
57.85983200342374	13.0	13	13
57.959935519000595	13.0	13	13
58.06003903457745	13.0	13	13
58.16014255015431	13.0	13	13
58.26024606573117	13.0	13	13
58.36034958130803	13.0	13	13
58.46045309688488	13.0	13	13
58.56055661246174	13.0	13	13
58.6606601280386	12.0	12	12
58.760763643615455	13.0	13	13
58.86086715919232	13.0	13	13
58.96097067476917	13.0	13	13
59.06107419034603	12.0	12	12
59.16117770592289	12.0	12	12
59.26128122149974	12.0	12	12
59.361384737076605	12.0	12	12
59.46148825265346	12.0	12	12
59.561591768230315	12.0	12	12
59.66169528380718	12.0	12	12
59.76179879938403	12.0	12	12
59.86190231496089	12.0	12	12
59.96200583053775	12.0	12	12
60.0621093461146	11.0	11	11
60.162212861691465	11.0	11	11
60.26231637726832	11.0	11	11
60.36241989284518	11.0	11	11
60.46252340842204	11.0	11	11
60.56262692399889	10.0	10	10
60.66273043957575	10.0	10	10
60.76283395515261	10.0	10	10
60.86293747072947	10.0	10	10
60.963040986306325	10.0	10	10
61.06314450188318	10.0	10	10
61.16324801746004	10.0	10	10
61.2633515330369	10.0	10	10
61.36345504861376	10.0	10	10
61.46355856419061	10.0	10	10
61.56366207976747	10.0	10	10
61.66376559534433	10.0	10	10
61.763869110921185	10.0	10	10
61.86397262649805	10.0	10	10
61.9640761420749	10.0	10	10
62.064179657651756	10.0	10	10
62.16428317322862	10.0	10	10
62.26438668880547	10.0	10	10
62.364490204382335	10.0	10	10
62.46459371995919	10.0	10	10
62.564697235536045	10.0	10	10
62.66480075111291	10.0	10	10
62.76490426668976	10.0	10	10
62.86500778226662	10.0	10	10
62.96511129784348	10.0	10	10
63.06521481342033	10.0	10	10
63.165318328997195	9.0	9	9
63.26542184457405	9.0	9	9
63.36552536015091	9.0	9	9
63.46562887572777	9.0	9	9
63.56573239130462	9.0	9	9
63.66583590688148	9.0	9	9
63.76593942245834	9.0	9	9
63.8660429380352	9.0	9	9
63.966146453612055	9.0	9	9
64.06624996918892	9.0	9	9
64.16635348476576	9.0	9	9
64.26645700034263	9.0	9	9
64.36656051591949	9.0	9	9
64.46666403149635	9.0	9	9
64.5667675470732	9.0	9	9
64.66687106265006	9.0	9	9
64.76697457822692	9.0	9	9
64.86707809380377	9.0	9	9
64.96718160938063	9.0	9	9
65.0672851249575	9.0	9	9
65.16738864053434	9.0	9	9
65.2674921561112	9.0	9	9
65.36759567168806	9.0	9	9
65.46769918726493	9.0	9	9
65.56780270284177	9.0	9	9
65.66790621841864	9.0	9	9
65.7680097339955	10.0	10	10
65.86811324957235	11.0	11	11
65.96821676514921	11.0	11	11
66.06832028072607	12.0	12	12
66.16842379630292	13.0	13	13
66.26852731187978	14.0	14	14
66.36863082745664	13.0	13	13
66.4687343430335	13.0	13	13
66.56883785861035	13.0	13	13
66.66894137418721	13.0	13	13
66.76904488976407	13.0	13	13
66.86914840534092	13.0	13	13
66.96925192091778	13.0	13	13
67.06935543649465	13.0	13	13
67.1694589520715	13.0	13	13
67.26956246764836	13.0	13	13
67.36966598322522	13.0	13	13
67.46976949880208	13.0	13	13
67.56987301437893	13.0	13	13
67.66997652995579	12.0	12	12
67.77008004553265	12.0	12	12
67.8701835611095	13.0	13	13
67.97028707668636	13.0	13	13
68.07039059226322	13.0	13	13
68.17049410784007	13.0	13	13
68.27059762341693	13.0	13	13
68.3707011389938	13.0	13	13
68.47080465457066	13.0	13	13
68.5709081701475	13.0	13	13
68.67101168572437	13.0	13	13
68.77111520130123	12.0	12	12
68.87121871687808	12.0	12	12
68.97132223245494	12.0	12	12
69.0714257480318	12.0	12	12
69.17152926360866	12.0	12	12
69.27163277918551	12.0	12	12
69.37173629476237	12.0	12	12
69.47183981033923	12.0	12	12
69.57194332591608	12.0	12	12
69.67204684149294	12.0	12	12
69.7721503570698	12.0	12	12
69.87225387264665	12.0	12	12
69.97235738822351	12.0	12	12
70.07246090380038	12.0	12	12
70.17256441937724	12.0	12	12
70.27266793495409	12.0	12	12
70.37277145053095	12.0	12	12
70.47287496610781	12.0	12	12
70.57297848168466	12.0	12	12
70.67308199726152	12.0	12	12
70.77318551283838	13.0	13	13
70.87328902841523	13.0	13	13
70.97339254399209	13.0	13	13
71.07349605956895	13.0	13	13
71.17359957514581	13.0	13	13
71.27370309072266	13.0	13	13
71.37380660629952	13.0	13	13
71.47391012187639	13.0	13	13
71.57401363745323	12.0	12	12
71.6741171530301	12.0	12	12
71.77422066860696	12.0	12	12
71.8743241841838	12.0	12	12
71.97442769976067	12.0	12	12
72.07453121533753	12.0	12	12
72.17463473091439	12.0	12	12
72.27473824649124	12.0	12	12
72.3748417620681	12.0	12	12
72.47494527764496	12.0	12	12
72.57504879322181	12.0	12	12
72.67515230879867	12.0	12	12
72.77525582437553	12.0	12	12
72.87535933995238	12.0	12	12
72.97546285552924	12.0	12	12
73.0755663711061	12.0	12	12
73.17566988668297	12.0	12	12
73.27577340225982	12.0	12	12
73.37587691783668	12.0	12	12
73.47598043341354	12.0	12	12
73.57608394899039	12.0	12	12
73.67618746456725	12.0	12	12
73.77629098014411	12.0	12	12
73.87639449572096	12.0	12	12
73.97649801129782	12.0	12	12
74.07660152687468	12.0	12	12
74.17670504245154	12.0	12	12
74.27680855802839	12.0	12	12
74.37691207360525	12.0	12	12
74.47701558918212	12.0	12	12
74.57711910475896	12.0	12	12
74.67722262033583	12.0	12	12
74.77732613591269	12.0	12	12
74.87742965148954	12.0	12	12
74.9775331670664	12.0	12	12
75.07763668264326	12.0	12	12
75.17774019822012	12.0	12	12
75.27784371379697	12.0	12	12
75.37794722937383	12.0	12	12
75.47805074495069	12.0	12	12
75.57815426052754	12.0	12	12
75.6782577761044	12.0	12	12
75.77836129168126	12.0	12	12
75.87846480725811	12.0	12	12
75.97856832283497	12.0	12	12
76.07867183841184	12.0	12	12
76.1787753539887	12.0	12	12
76.27887886956555	12.0	12	12
76.37898238514241	12.0	12	12
76.47908590071927	12.0	12	12
76.57918941629612	12.0	12	12
76.67929293187298	12.0	12	12
76.77939644744984	12.0	12	12
76.87949996302669	12.0	12	12
76.97960347860355	11.0	11	11
77.07970699418041	11.0	11	11
77.17981050975727	11.0	11	11
77.27991402533412	11.0	11	11
77.38001754091098	10.0	10	10
77.48012105648785	10.0	10	10
77.5802245720647	10.0	10	10
77.68032808764156	10.0	10	10
77.78043160321842	10.0	10	10
77.88053511879528	10.0	10	10
77.98063863437213	10.0	10	10
78.08074214994899	10.0	10	10
78.18084566552585	11.0	11	11
78.2809491811027	11.0	11	11
78.38105269667956	11.0	11	11
78.48115621225642	11.0	11	11
78.58125972783327	11.0	11	11
78.68136324341013	11.0	11	11
78.781466758987	11.0	11	11
78.88157027456386	11.0	11	11
78.9816737901407	11.0	11	11
79.08177730571757	11.0	11	11
79.18188082129443	11.0	11	11
79.28198433687128	11.0	11	11
79.38208785244814	12.0	12	12
79.482191368025	12.0	12	12
79.58229488360185	12.0	12	12
79.68239839917871	12.0	12	12
79.78250191475557	12.0	12	12
79.88260543033243	12.0	12	12
79.98270894590928	12.0	12	12
80.08281246148614	12.0	12	12
80.182915977063	12.0	12	12
80.28301949263985	12.0	12	12
80.38312300821671	12.0	12	12
80.48322652379358	12.0	12	12
80.58333003937042	12.0	12	12
80.68343355494729	12.0	12	12
80.78353707052415	12.0	12	12
80.88364058610101	12.0	12	12
80.98374410167786	12.0	12	12
81.08384761725472	11.0	11	11
81.18395113283158	11.0	11	11
81.28405464840843	11.0	11	11
81.38415816398529	11.0	11	11
81.48426167956215	11.0	11	11
81.584365195139	11.0	11	11
81.68446871071586	11.0	11	11
81.78457222629272	11.0	11	11
81.88467574186959	11.0	11	11
81.98477925744643	11.0	11	11
82.0848827730233	11.0	11	11
82.18498628860016	11.0	11	11
82.285089804177	11.0	11	11
82.38519331975387	11.0	11	11
82.48529683533073	11.0	11	11
82.58540035090758	11.0	11	11
82.68550386648444	11.0	11	11
82.7856073820613	11.0	11	11
82.88571089763816	11.0	11	11
82.98581441321501	11.0	11	11
83.08591792879187	11.0	11	11
83.18602144436873	11.0	11	11
83.28612495994558	11.0	11	11
83.38622847552244	11.0	11	11
83.4863319910993	11.0	11	11
83.58643550667615	11.0	11	11
83.68653902225302	11.0	11	11
83.78664253782988	12.0	12	12
83.88674605340674	12.0	12	12
83.98684956898359	11.0	11	11
84.08695308456045	11.0	11	11
84.18705660013731	11.0	11	11
84.28716011571416	11.0	11	11
84.38726363129102	11.0	11	11
84.48736714686788	11.0	11	11
84.58747066244473	11.0	11	11
84.68757417802159	11.0	11	11
84.78767769359845	11.0	11	11
84.88778120917532	11.0	11	11
84.98788472475216	11.0	11	11
85.08798824032903	11.0	11	11
85.18809175590589	11.0	11	11
85.28819527148273	11.0	11	11
85.3882987870596	11.0	11	11
85.48840230263646	11.0	11	11
85.58850581821332	11.0	11	11
85.68860933379017	10.0	10	10
85.78871284936703	10.0	10	10
85.88881636494389	10.0	10	10
85.98891988052074	10.0	10	10
86.0890233960976	10.0	10	10
86.18912691167446	10.0	10	10
86.28923042725131	10.0	10	10
86.38933394282817	10.0	10	10
86.48943745840504	10.0	10	10
86.5895409739819	10.0	10	10
86.68964448955875	10.0	10	10
86.7897480051356	10.0	10	10
86.88985152071247	10.0	10	10
86.98995503628932	10.0	10	10
87.09005855186618	10.0	10	10
87.19016206744304	10.0	10	10
87.29026558301989	10.0	10	10
87.39036909859675	10.0	10	10
87.49047261417361	10.0	10	10
87.59057612975047	10.0	10	10
87.69067964532732	10.0	10	10
87.79078316090418	10.0	10	10
87.89088667648105	10.0	10	10
87.9909901920579	10.0	10	10
88.09109370763476	10.0	10	10
88.19119722321162	10.0	10	10
88.29130073878846	10.0	10	10
88.39140425436533	10.0	10	10
88.49150776994219	10.0	10	10
88.59161128551905	10.0	10	10
88.6917148010959	10.0	10	10
88.79181831667276	10.0	10	10
88.89192183224962	10.0	10	10
88.99202534782647	10.0	10	10
89.09212886340333	10.0	10	10
89.1922323789802	10.0	10	10
89.29233589455704	10.0	10	10
89.3924394101339	10.0	10	10
89.49254292571077	10.0	10	10
89.59264644128763	9.0	9	9
89.69274995686447	9.0	9	9
89.79285347244134	9.0	9	9
89.8929569880182	9.0	9	9
89.99306050359505	9.0	9	9
90.09316401917191	9.0	9	9
90.19326753474877	9.0	9	9
90.29337105032562	9.0	9	9
90.39347456590248	9.0	9	9
90.49357808147934	9.0	9	9
90.5936815970562	9.0	9	9
90.69378511263305	9.0	9	9
90.79388862820991	9.0	9	9
90.89399214378678	9.0	9	9
90.99409565936362	9.0	9	9
91.09419917494048	9.0	9	9
91.19430269051735	9.0	9	9
91.2944062060942	9.0	9	9
91.39450972167106	9.0	9	9
91.49461323724792	9.0	9	9
91.59471675282478	9.0	9	9
91.69482026840163	9.0	9	9
91.79492378397849	9.0	9	9
91.89502729955535	9.0	9	9
91.9951308151322	9.0	9	9
92.09523433070906	9.0	9	9
92.19533784628592	9.0	9	9
92.29544136186277	9.0	9	9
92.39554487743963	9.0	9	9
92.4956483930165	9.0	9	9
92.59575190859336	9.0	9	9
92.6958554241702	9.0	9	9
92.79595893974707	9.0	9	9
92.89606245532393	10.0	10	10
92.99616597090078	10.0	10	10
93.09626948647764	10.0	10	10
93.1963730020545	10.0	10	10
93.29647651763135	10.0	10	10
93.39658003320821	10.0	10	10
93.49668354878507	10.0	10	10
93.59678706436193	10.0	10	10
93.69689057993878	10.0	10	10
93.79699409551564	10.0	10	10
93.8970976110925	10.0	10	10
93.99720112666935	10.0	10	10
94.09730464224621	10.0	10	10
94.19740815782308	10.0	10	10
94.29751167339994	10.0	10	10
94.39761518897679	10.0	10	10
94.49771870455365	10.0	10	10
94.59782222013051	10.0	10	10
94.69792573570736	10.0	10	10
94.79802925128422	10.0	10	10
94.89813276686108	10.0	10	10
94.99823628243793	10.0	10	10
95.09833979801479	10.0	10	10
95.19844331359165	10.0	10	10
95.29854682916852	11.0	11	11
95.39865034474536	11.0	11	11
95.49875386032222	11.0	11	11
95.59885737589909	11.0	11	11
95.69896089147593	11.0	11	11
95.7990644070528	11.0	11	11
95.89916792262966	11.0	11	11
95.9992714382065	11.0	11	11
96.09937495378337	11.0	11	11
96.19947846936023	11.0	11	11
96.29958198493709	11.0	11	11
96.39968550051394	11.0	11	11
96.4997890160908	11.0	11	11
96.59989253166766	11.0	11	11
96.69999604724451	11.0	11	11
96.80009956282137	11.0	11	11
96.90020307839823	11.0	11	11
97.00030659397508	11.0	11	11
97.10041010955194	11.0	11	11
97.2005136251288	11.0	11	11
97.30061714070567	11.0	11	11
97.40072065628252	11.0	11	11
97.50082417185938	11.0	11	11
97.60092768743624	11.0	11	11
97.70103120301309	11.0	11	11
97.80113471858995	11.0	11	11
97.90123823416681	11.0	11	11
98.00134174974366	11.0	11	11
98.10144526532052	11.0	11	11
98.20154878089738	11.0	11	11
98.30165229647424	11.0	11	11
98.40175581205109	11.0	11	11
98.50185932762795	11.0	11	11
98.60196284320482	11.0	11	11
98.70206635878166	11.0	11	11
98.80216987435853	11.0	11	11
98.90227338993539	11.0	11	11
99.00237690551224	11.0	11	11
99.1024804210891	11.0	11	11
99.20258393666596	12.0	12	12
99.30268745224282	12.0	12	12
99.40279096781967	12.0	12	12
99.50289448339653	12.0	12	12
99.6029979989734	12.0	12	12
99.70310151455024	12.0	12	12
99.8032050301271	12.0	12	12
99.90330854570396	12.0	12	12
100.00341206128081	12.0	12	12
100.10351557685767	12.0	12	12
100.20361909243454	12.0	12	12
100.3037226080114	12.0	12	12
100.40382612358825	12.0	12	12
100.50392963916511	12.0	12	12
100.60403315474197	12.0	12	12
100.70413667031882	12.0	12	12
100.80424018589568	12.0	12	12
100.90434370147254	12.0	12	12
101.00444721704939	12.0	12	12
101.10455073262625	12.0	12	12
101.20465424820311	12.0	12	12
101.30475776377997	12.0	12	12
101.40486127935682	12.0	12	12
101.50496479493368	12.0	12	12
101.60506831051055	12.0	12	12
101.7051718260874	12.0	12	12
101.80527534166426	12.0	12	12
101.90537885724112	12.0	12	12
102.00548237281797	12.0	12	12
102.10558588839483	12.0	12	12
102.20568940397169	12.0	12	12
102.30579291954855	12.0	12	12
102.4058964351254	12.0	12	12
102.50599995070226	12.0	12	12
102.60610346627912	12.0	12	12
102.70620698185597	12.0	12	12
102.80631049743283	12.0	12	12
102.9064140130097	12.0	12	12
103.00651752858656	12.0	12	12
103.1066210441634	12.0	12	12
103.20672455974027	12.0	12	12
103.30682807531713	12.0	12	12
103.40693159089398	12.0	12	12
103.50703510647084	12.0	12	12
103.6071386220477	12.0	12	12
103.70724213762455	12.0	12	12
103.80734565320141	12.0	12	12
103.90744916877827	12.0	12	12
104.00755268435513	12.0	12	12
104.10765619993198	12.0	12	12
104.20775971550884	12.0	12	12
104.3078632310857	12.0	12	12
104.40796674666255	12.0	12	12
104.50807026223941	12.0	12	12
104.60817377781628	12.0	12	12
104.70827729339312	12.0	12	12
104.80838080896999	12.0	12	12
104.90848432454685	12.0	12	12
105.00858784012371	12.0	12	12
105.10869135570056	12.0	12	12
105.20879487127742	12.0	12	12
105.30889838685428	12.0	12	12
105.40900190243113	12.0	12	12
105.50910541800799	12.0	12	12
105.60920893358485	12.0	12	12
105.7093124491617	12.0	12	12
105.80941596473856	12.0	12	12
105.90951948031542	12.0	12	12
106.00962299589229	12.0	12	12
106.10972651146913	12.0	12	12
106.209830027046	12.0	12	12
106.30993354262286	12.0	12	12
106.4100370581997	12.0	12	12
106.51014057377657	12.0	12	12
106.61024408935343	12.0	12	12
106.71034760493028	12.0	12	12
106.81045112050714	12.0	12	12
106.910554636084	12.0	12	12
107.01065815166086	12.0	12	12
107.11076166723771	12.0	12	12
107.21086518281457	11.0	11	11
107.31096869839143	11.0	11	11
107.41107221396828	11.0	11	11
107.51117572954514	11.0	11	11
107.611279245122	11.0	11	11
107.71138276069885	11.0	11	11
107.81148627627572	11.0	11	11
107.91158979185258	11.0	11	11
108.01169330742944	11.0	11	11
108.11179682300629	11.0	11	11
108.21190033858315	11.0	11	11
108.31200385416001	11.0	11	11
108.41210736973686	11.0	11	11
108.51221088531372	11.0	11	11
108.61231440089058	11.0	11	11
108.71241791646743	11.0	11	11
108.81252143204429	11.0	11	11
108.91262494762115	10.0	10	10
109.01272846319802	10.0	10	10
109.11283197877486	10.0	10	10
109.21293549435173	10.0	10	10
109.31303900992859	10.0	10	10
109.41314252550544	10.0	10	10
109.5132460410823	10.0	10	10
109.61334955665916	10.0	10	10
109.713453072236	10.0	10	10
109.81355658781287	11.0	11	11
109.91366010338973	11.0	11	11
110.01376361896659	11.0	11	11
110.11386713454344	11.0	11	11
110.2139706501203	11.0	11	11
110.31407416569716	11.0	11	11
110.41417768127401	11.0	11	11
110.51428119685087	11.0	11	11
110.61438471242774	11.0	11	11
110.71448822800458	11.0	11	11
110.81459174358145	11.0	11	11
110.91469525915831	11.0	11	11
111.01479877473517	11.0	11	11
111.11490229031202	11.0	11	11
111.21500580588888	11.0	11	11
111.31510932146574	11.0	11	11
111.41521283704259	11.0	11	11
111.51531635261945	11.0	11	11
111.61541986819631	11.0	11	11
111.71552338377317	11.0	11	11
111.81562689935002	11.0	11	11
111.91573041492688	11.0	11	11
112.01583393050375	10.0	10	10
112.1159374460806	10.0	10	10
112.21604096165746	10.0	10	10
112.31614447723432	10.0	10	10
112.41624799281117	10.0	10	10
112.51635150838803	10.0	10	10
112.61645502396489	10.0	10	10
112.71655853954175	10.0	10	10
112.8166620551186	10.0	10	10
112.91676557069546	10.0	10	10
113.01686908627232	10.0	10	10
113.11697260184917	10.0	10	10
113.21707611742603	10.0	10	10
113.3171796330029	10.0	10	10
113.41728314857974	10.0	10	10
113.5173866641566	10.0	10	10
113.61749017973347	10.0	10	10
113.71759369531033	10.0	10	10
113.81769721088718	10.0	10	10
113.91780072646404	10.0	10	10
114.0179042420409	10.0	10	10
114.11800775761775	10.0	10	10
114.21811127319461	10.0	10	10
114.31821478877147	10.0	10	10
114.41831830434832	10.0	10	10
114.51842181992518	10.0	10	10
114.61852533550204	10.0	10	10
114.7186288510789	10.0	10	10
114.81873236665575	10.0	10	10
114.91883588223261	10.0	10	10
115.01893939780948	10.0	10	10
115.11904291338632	10.0	10	10
115.21914642896319	10.0	10	10
115.31924994454005	10.0	10	10
115.4193534601169	10.0	10	10
115.51945697569376	10.0	10	10
115.61956049127062	10.0	10	10
115.71966400684748	10.0	10	10
115.81976752242433	10.0	10	10
115.91987103800119	10.0	10	10
116.01997455357805	10.0	10	10
116.1200780691549	10.0	10	10
116.22018158473176	10.0	10	10
116.32028510030862	10.0	10	10
116.42038861588547	10.0	10	10
116.52049213146233	10.0	10	10
116.6205956470392	10.0	10	10
116.72069916261606	10.0	10	10
116.8208026781929	10.0	10	10
116.92090619376977	10.0	10	10
117.02100970934663	11.0	11	11
117.12111322492348	11.0	11	11
117.22121674050034	11.0	11	11
117.3213202560772	11.0	11	11
117.42142377165405	11.0	11	11
117.52152728723091	11.0	11	11
117.62163080280777	11.0	11	11
117.72173431838463	11.0	11	11
117.82183783396148	11.0	11	11
117.92194134953834	11.0	11	11
118.0220448651152	11.0	11	11
118.12214838069205	11.0	11	11
118.22225189626892	11.0	11	11
118.32235541184578	11.0	11	11
118.42245892742262	11.0	11	11
118.52256244299949	11.0	11	11
118.62266595857635	11.0	11	11
118.72276947415321	11.0	11	11
118.82287298973006	11.0	11	11
118.92297650530692	11.0	11	11
119.02308002088378	11.0	11	11
119.12318353646063	11.0	11	11
119.22328705203749	11.0	11	11
119.32339056761435	11.0	11	11
119.4234940831912	11.0	11	11
119.52359759876806	11.0	11	11
119.62370111434493	11.0	11	11
119.72380462992179	11.0	11	11
119.82390814549863	11.0	11	11
119.9240116610755	11.0	11	11
120.02411517665236	11.0	11	11
120.1242186922292	11.0	11	11
120.22432220780607	11.0	11	11
120.32442572338293	10.0	10	10
120.42452923895979	10.0	10	10
120.52463275453664	9.0	9	9
120.6247362701135	9.0	9	9
120.72483978569036	9.0	9	9
120.82494330126721	9.0	9	9
120.92504681684407	9.0	9	9
121.02515033242094	9.0	9	9
121.12525384799778	8.0	8	8
121.22535736357464	8.0	8	8
121.3254608791515	8.0	8	8
121.42556439472837	8.0	8	8
121.52566791030522	8.0	8	8
121.62577142588208	8.0	8	8
121.72587494145894	8.0	8	8
121.82597845703579	8.0	8	8
121.92608197261265	9.0	9	9
122.02618548818951	9.0	9	9
122.12628900376636	9.0	9	9
122.22639251934322	9.0	9	9
122.32649603492008	9.0	9	9
122.42659955049695	9.0	9	9
122.5267030660738	9.0	9	9
122.62680658165065	9.0	9	9
122.72691009722752	9.0	9	9
122.82701361280436	9.0	9	9
122.92711712838123	9.0	9	9
123.02722064395809	9.0	9	9
123.12732415953494	9.0	9	9
123.2274276751118	9.0	9	9
123.32753119068866	9.0	9	9
123.42763470626552	9.0	9	9
123.52773822184237	9.0	9	9
123.62784173741923	9.0	9	9
123.7279452529961	9.0	9	9
123.82804876857294	9.0	9	9
123.9281522841498	9.0	9	9
124.02825579972667	9.0	9	9
124.12835931530351	9.0	9	9
124.22846283088037	9.0	9	9
124.32856634645724	9.0	9	9
124.4286698620341	9.0	9	9
124.52877337761095	9.0	9	9
124.62887689318781	9.0	9	9
124.72898040876467	9.0	9	9
124.82908392434152	9.0	9	9
124.92918743991838	9.0	9	9
125.02929095549524	9.0	9	9
125.12939447107209	9.0	9	9
125.22949798664895	9.0	9	9
125.32960150222581	9.0	9	9
125.42970501780268	9.0	9	9
125.52980853337952	9.0	9	9
125.62991204895638	9.0	9	9
125.73001556453325	9.0	9	9
125.8301190801101	9.0	9	9
125.93022259568696	9.0	9	9
126.03032611126382	9.0	9	9
126.13042962684067	9.0	9	9
126.23053314241753	9.0	9	9
126.33063665799439	9.0	9	9
126.43074017357125	9.0	9	9
126.5308436891481	9.0	9	9
126.63094720472496	9.0	9	9
126.73105072030182	9.0	9	9
126.83115423587867	9.0	9	9
126.93125775145553	9.0	9	9
127.0313612670324	9.0	9	9
127.13146478260924	9.0	9	9
127.2315682981861	9.0	9	9
127.33167181376297	9.0	9	9
127.43177532933983	9.0	9	9
127.53187884491668	9.0	9	9
127.63198236049354	9.0	9	9
127.7320858760704	9.0	9	9
127.83218939164725	9.0	9	9
127.93229290722411	9.0	9	9
128.03239642280096	9.0	9	9
128.13249993837783	9.0	9	9
128.23260345395468	9.0	9	9
128.33270696953153	9.0	9	9
128.4328104851084	9.0	9	9
128.53291400068525	9.0	9	9
128.63301751626213	9.0	9	9
128.73312103183898	9.0	9	9
128.83322454741582	9.0	9	9
128.9333280629927	9.0	9	9
129.03343157856955	9.0	9	9
129.1335350941464	9.0	9	9
129.23363860972327	9.0	9	9
129.33374212530012	9.0	9	9
129.43384564087697	8.0	8	8
129.53394915645384	8.0	8	8
129.6340526720307	8.0	8	8
129.73415618760754	8.0	8	8
129.83425970318442	8.0	8	8
129.93436321876126	8.0	8	8
130.0344667343381	8.0	8	8
130.134570249915	9.0	9	9
130.23467376549183	9.0	9	9
130.33477728106868	9.0	9	9
130.43488079664556	9.0	9	9
130.5349843122224	9.0	9	9
130.63508782779928	9.0	9	9
130.73519134337613	9.0	9	9
130.83529485895298	9.0	9	9
130.93539837452985	9.0	9	9
131.0355018901067	9.0	9	9
131.13560540568355	9.0	9	9
131.23570892126043	9.0	9	9
131.33581243683727	9.0	9	9
131.43591595241412	9.0	9	9
131.536019467991	9.0	9	9
131.63612298356784	9.0	9	9
131.7362264991447	9.0	9	9
131.83633001472157	9.0	9	9
131.93643353029842	10.0	10	10
132.03653704587526	10.0	10	10
132.13664056145214	10.0	10	10
132.236744077029	10.0	10	10
132.33684759260584	10.0	10	10
132.4369511081827	10.0	10	10
132.53705462375956	10.0	10	10
132.63715813933644	10.0	10	10
132.73726165491328	10.0	10	10
132.83736517049013	10.0	10	10
132.937468686067	10.0	10	10
133.03757220164385	10.0	10	10
133.1376757172207	10.0	10	10
133.23777923279758	10.0	10	10
133.33788274837443	10.0	10	10
133.43798626395127	10.0	10	10
133.53808977952815	10.0	10	10
133.638193295105	10.0	10	10
133.73829681068185	10.0	10	10
133.83840032625872	11.0	11	11
133.93850384183557	11.0	11	11
134.03860735741242	11.0	11	11
134.1387108729893	11.0	11	11
134.23881438856614	12.0	12	12
134.338917904143	12.0	12	12
134.43902141971986	12.0	12	12
134.5391249352967	12.0	12	12
134.6392284508736	12.0	12	12
134.73933196645044	12.0	12	12
134.83943548202728	12.0	12	12
134.93953899760416	12.0	12	12
135.039642513181	12.0	12	12
135.13974602875786	12.0	12	12
135.23984954433473	12.0	12	12
135.33995305991158	12.0	12	12
135.44005657548843	12.0	12	12
135.5401600910653	12.0	12	12
135.64026360664215	12.0	12	12
135.740367122219	12.0	12	12
135.84047063779587	12.0	12	12
135.94057415337272	12.0	12	12
136.04067766894957	12.0	12	12
136.14078118452645	12.0	12	12
136.2408847001033	12.0	12	12
136.34098821568014	12.0	12	12
136.44109173125702	12.0	12	12
136.54119524683387	12.0	12	12
136.64129876241074	12.0	12	12
136.7414022779876	12.0	12	12
136.84150579356444	12.0	12	12
136.9416093091413	12.0	12	12
137.04171282471816	12.0	12	12
137.141816340295	12.0	12	12
137.24191985587188	12.0	12	12
137.34202337144873	12.0	12	12
137.44212688702558	12.0	12	12
137.54223040260246	12.0	12	12
137.6423339181793	12.0	12	12
137.74243743375615	12.0	12	12
137.84254094933303	12.0	12	12
137.94264446490988	12.0	12	12
138.04274798048672	12.0	12	12
138.1428514960636	12.0	12	12
138.24295501164045	12.0	12	12
138.34305852721732	12.0	12	12
138.44316204279417	12.0	12	12
138.54326555837102	12.0	12	12
138.6433690739479	12.0	12	12
138.74347258952474	12.0	12	12
138.8435761051016	12.0	12	12
138.94367962067847	12.0	12	12
139.0437831362553	12.0	12	12
139.14388665183216	12.0	12	12
139.24399016740904	12.0	12	12
139.34409368298589	12.0	12	12
139.44419719856273	12.0	12	12
139.5443007141396	12.0	12	12
139.64440422971646	12.0	12	12
139.7445077452933	12.0	12	12
139.84461126087018	12.0	12	12
139.94471477644703	12.0	12	12
140.04481829202388	12.0	12	12
140.14492180760075	12.0	12	12
140.2450253231776	11.0	11	11
140.34512883875448	11.0	11	11
140.44523235433132	11.0	11	11
140.54533586990817	11.0	11	11
140.64543938548505	10.0	10	10
140.7455429010619	10.0	10	10
140.84564641663874	10.0	10	10
140.94574993221562	10.0	10	10
141.04585344779247	10.0	10	10
141.14595696336931	10.0	10	10
141.2460604789462	10.0	10	10
141.34616399452304	10.0	10	10
141.4462675100999	10.0	10	10
141.54637102567676	10.0	10	10
141.6464745412536	10.0	10	10
141.74657805683046	10.0	10	10
141.84668157240733	10.0	10	10
141.94678508798418	10.0	10	10
142.04688860356103	10.0	10	10
142.1469921191379	10.0	10	10
142.24709563471475	10.0	10	10
142.34719915029163	9.0	9	9
142.44730266586848	9.0	9	9
142.54740618144533	9.0	9	9
142.6475096970222	9.0	9	9
142.74761321259905	9.0	9	9
142.8477167281759	10.0	10	10
142.94782024375277	10.0	10	10
143.04792375932962	10.0	10	10
143.14802727490647	10.0	10	10
143.24813079048334	10.0	10	10
143.3482343060602	10.0	10	10
143.44833782163704	10.0	10	10
143.54844133721392	10.0	10	10
143.64854485279076	10.0	10	10
143.7486483683676	9.0	9	9
143.8487518839445	9.0	9	9
143.94885539952134	9.0	9	9
144.04895891509818	9.0	9	9
144.14906243067506	9.0	9	9
144.2491659462519	9.0	9	9
144.34926946182878	9.0	9	9
144.44937297740563	9.0	9	9
144.54947649298248	9.0	9	9
144.64958000855935	9.0	9	9
144.7496835241362	9.0	9	9
144.84978703971305	9.0	9	9
144.94989055528993	9.0	9	9
145.04999407086677	9.0	9	9
145.15009758644362	9.0	9	9
145.2502011020205	10.0	10	10
145.35030461759735	10.0	10	10
145.4504081331742	10.0	10	10
145.55051164875107	10.0	10	10
145.65061516432792	10.0	10	10
145.75071867990476	10.0	10	10
145.85082219548164	10.0	10	10
145.9509257110585	10.0	10	10
146.05102922663536	9.0	9	9
146.1511327422122	9.0	9	9
146.25123625778906	9.0	9	9
146.35133977336594	9.0	9	9
146.45144328894278	9.0	9	9
146.55154680451963	9.0	9	9
146.6516503200965	9.0	9	9
146.75175383567336	9.0	9	9
146.8518573512502	9.0	9	9
146.95196086682708	9.0	9	9
147.05206438240393	9.0	9	9
147.15216789798077	9.0	9	9
147.25227141355765	9.0	9	9
147.3523749291345	9.0	9	9
147.45247844471135	9.0	9	9
147.55258196028822	9.0	9	9
147.65268547586507	9.0	9	9
147.75278899144192	9.0	9	9
147.8528925070188	9.0	9	9
147.95299602259564	9.0	9	9
148.05309953817252	9.0	9	9
148.15320305374937	9.0	9	9
148.2533065693262	9.0	9	9
148.3534100849031	9.0	9	9
148.45351360047994	9.0	9	9
148.55361711605678	9.0	9	9
148.65372063163366	9.0	9	9
148.7538241472105	9.0	9	9
148.85392766278736	9.0	9	9
148.95403117836423	9.0	9	9
149.05413469394108	9.0	9	9
149.15423820951793	9.0	9	9
149.2543417250948	9.0	9	9
149.35444524067165	9.0	9	9
149.4545487562485	9.0	9	9
149.55465227182538	9.0	9	9
149.65475578740222	9.0	9	9
149.75485930297907	9.0	9	9
149.85496281855595	9.0	9	9
149.9550663341328	9.0	9	9
150.05516984970967	9.0	9	9
150.15527336528652	9.0	9	9
150.25537688086337	9.0	9	9
150.35548039644024	9.0	9	9
150.4555839120171	9.0	9	9
150.55568742759394	9.0	9	9
150.6557909431708	9.0	9	9
150.75589445874766	9.0	9	9
150.8559979743245	9.0	9	9
150.95610148990139	9.0	9	9
151.05620500547823	9.0	9	9
151.15630852105508	9.0	9	9
151.25641203663196	9.0	9	9
151.3565155522088	9.0	9	9
151.45661906778565	9.0	9	9
151.55672258336253	9.0	9	9
151.65682609893938	9.0	9	9
151.75692961451622	9.0	9	9
151.8570331300931	9.0	9	9
151.95713664566995	9.0	9	9
152.05724016124682	8.0	8	8
152.15734367682367	8.0	8	8
152.25744719240052	8.0	8	8
152.3575507079774	8.0	8	8
152.45765422355424	8.0	8	8
152.5577577391311	8.0	8	8
152.65786125470797	9.0	9	9
152.75796477028481	9.0	9	9
152.85806828586166	9.0	9	9
152.95817180143854	9.0	9	9
153.0582753170154	9.0	9	9
153.15837883259223	9.0	9	9
153.2584823481691	9.0	9	9
153.35858586374596	9.0	9	9
153.4586893793228	9.0	9	9
153.55879289489968	9.0	9	9
153.65889641047653	9.0	9	9
153.75899992605338	9.0	9	9
153.85910344163025	9.0	9	9
153.9592069572071	9.0	9	9
154.05931047278398	9.0	9	9
154.15941398836082	9.0	9	9
154.25951750393767	9.0	9	9
154.35962101951455	9.0	9	9
154.4597245350914	9.0	9	9
154.55982805066824	9.0	9	9
154.65993156624512	9.0	9	9
154.76003508182197	9.0	9	9
154.86013859739882	9.0	9	9
154.9602421129757	9.0	9	9
155.06034562855254	9.0	9	9
155.1604491441294	9.0	9	9
155.26055265970626	9.0	9	9
155.3606561752831	9.0	9	9
155.46075969085996	9.0	9	9
155.56086320643684	9.0	9	9
155.66096672201368	9.0	9	9
155.76107023759056	9.0	9	9
155.8611737531674	9.0	9	9
155.96127726874425	9.0	9	9
156.06138078432113	9.0	9	9
156.16148429989798	9.0	9	9
156.26158781547483	9.0	9	9
156.3616913310517	9.0	9	9
156.46179484662855	9.0	9	9
156.5618983622054	9.0	9	9
156.66200187778227	9.0	9	9
156.76210539335912	9.0	9	9
156.86220890893597	9.0	9	9
156.96231242451285	9.0	9	9
157.0624159400897	9.0	9	9
157.16251945566654	9.0	9	9
157.26262297124342	9.0	9	9
157.36272648682026	9.0	9	9
157.4628300023971	8.0	8	8
157.562933517974	8.0	8	8
157.66303703355084	8.0	8	8
157.7631405491277	8.0	8	8
157.86324406470456	8.0	8	8
157.9633475802814	8.0	8	8
158.06345109585828	8.0	8	8
158.16355461143513	8.0	8	8
158.26365812701198	7.0	7	7
158.36376164258886	7.0	7	7
158.4638651581657	7.0	7	7
158.56396867374255	7.0	7	7
158.66407218931943	7.0	7	7
158.76417570489627	7.0	7	7
158.86427922047312	7.0	7	7
158.96438273605	7.0	7	7
159.06448625162685	7.0	7	7
159.1645897672037	7.0	7	7
159.26469328278057	6.0	6	6
159.36479679835742	6.0	6	6
159.46490031393427	6.0	6	6
159.56500382951114	6.0	6	6
159.665107345088	6.0	6	6
159.76521086066487	6.0	6	6
159.8653143762417	6.0	6	6
159.96541789181856	6.0	6	6
160.06552140739544	6.0	6	6
160.16562492297228	6.0	6	6
160.26572843854913	6.0	6	6
160.365831954126	6.0	6	6
160.46593546970286	6.0	6	6
160.5660389852797	6.0	6	6
160.66614250085658	6.0	6	6
160.76624601643343	6.0	6	6
160.86634953201028	6.0	6	6
160.96645304758715	6.0	6	6
161.066556563164	6.0	6	6
161.16666007874085	6.0	6	6
161.26676359431772	6.0	6	6
161.36686710989457	6.0	6	6
161.46697062547142	6.0	6	6
161.5670741410483	6.0	6	6
161.66717765662514	6.0	6	6
161.76728117220202	6.0	6	6
161.86738468777887	6.0	6	6
161.9674882033557	6.0	6	6
162.0675917189326	6.0	6	6
162.16769523450944	6.0	6	6
162.26779875008629	6.0	6	6
162.36790226566316	6.0	6	6
162.46800578124	6.0	6	6
162.56810929681686	6.0	6	6
162.66821281239373	6.0	6	6
162.76831632797058	6.0	6	6
162.86841984354743	6.0	6	6
162.9685233591243	6.0	6	6
163.06862687470115	6.0	6	6
163.168730390278	6.0	6	6
163.26883390585488	6.0	6	6
163.36893742143172	6.0	6	6
163.4690409370086	6.0	6	6
163.56914445258545	6.0	6	6
163.6692479681623	6.0	6	6
163.76935148373917	6.0	6	6
163.86945499931602	6.0	6	6
163.96955851489287	6.0	6	6
164.06966203046974	6.0	6	6
164.1697655460466	6.0	6	6
164.26986906162344	6.0	6	6
164.36997257720031	6.0	6	6
164.47007609277716	6.0	6	6
164.570179608354	5.0	5	5
164.6702831239309	5.0	5	5
164.77038663950773	5.0	5	5
164.87049015508458	5.0	5	5
164.97059367066146	5.0	5	5
165.0706971862383	6.0	6	6
165.17080070181515	6.0	6	6
165.27090421739203	7.0	7	7
165.37100773296888	7.0	7	7
165.47111124854575	7.0	7	7
165.5712147641226	7.0	7	7
165.67131827969945	7.0	7	7
165.77142179527632	7.0	7	7
165.87152531085317	7.0	7	7
165.97162882643002	7.0	7	7
166.0717323420069	7.0	7	7
166.17183585758374	7.0	7	7
166.2719393731606	7.0	7	7
166.37204288873747	7.0	7	7
166.47214640431432	7.0	7	7
166.57224991989116	7.0	7	7
166.67235343546804	7.0	7	7
166.7724569510449	8.0	8	8
166.87256046662174	8.0	8	8
166.9726639821986	8.0	8	8
167.07276749777546	8.0	8	8
167.1728710133523	8.0	8	8
167.27297452892918	8.0	8	8
167.37307804450603	8.0	8	8
167.4731815600829	8.0	8	8
167.57328507565975	8.0	8	8
167.6733885912366	8.0	8	8
167.77349210681348	8.0	8	8
167.87359562239033	8.0	8	8
167.97369913796717	8.0	8	8
168.07380265354405	8.0	8	8
168.1739061691209	8.0	8	8
168.27400968469775	8.0	8	8
168.37411320027462	8.0	8	8
168.47421671585147	8.0	8	8
168.57432023142832	8.0	8	8
168.6744237470052	8.0	8	8
168.77452726258204	8.0	8	8
168.8746307781589	8.0	8	8
168.97473429373576	8.0	8	8
169.0748378093126	8.0	8	8
169.17494132488946	8.0	8	8
169.27504484046634	8.0	8	8
169.37514835604318	8.0	8	8
169.47525187162006	8.0	8	8
169.5753553871969	8.0	8	8
169.67545890277376	7.0	7	7
169.77556241835063	5.0	5	5
169.87566593392748	5.0	5	5
169.97576944950433	5.0	5	5
170.0758729650812	5.0	5	5
170.17597648065805	5.0	5	5
170.2760799962349	5.0	5	5
170.37618351181177	5.0	5	5
170.47628702738862	4.0	4	4
170.57639054296547	4.0	4	4
170.67649405854235	4.0	4	4
170.7765975741192	4.0	4	4
170.87670108969604	4.0	4	4
170.97680460527292	4.0	4	4
171.07690812084977	4.0	4	4
171.17701163642664	4.0	4	4
171.2771151520035	4.0	4	4
171.37721866758034	4.0	4	4
171.4773221831572	4.0	4	4
171.57742569873406	4.0	4	4
171.6775292143109	4.0	4	4
171.77763272988778	4.0	4	4
171.87773624546463	4.0	4	4
171.97783976104148	4.0	4	4
172.07794327661836	4.0	4	4
172.1780467921952	4.0	4	4
172.27815030777205	4.0	4	4
172.37825382334893	4.0	4	4
172.47835733892578	4.0	4	4
172.57846085450262	4.0	4	4
172.6785643700795	4.0	4	4
172.77866788565635	4.0	4	4
172.8787714012332	4.0	4	4
172.97887491681007	4.0	4	4
173.07897843238692	4.0	4	4
173.1790819479638	4.0	4	4
173.27918546354064	4.0	4	4
173.3792889791175	4.0	4	4
173.47939249469437	4.0	4	4
173.5794960102712	4.0	4	4
173.67959952584806	4.0	4	4
173.77970304142494	4.0	4	4
173.87980655700179	4.0	4	4
173.97991007257863	4.0	4	4
174.0800135881555	4.0	4	4
174.18011710373236	4.0	4	4
174.2802206193092	4.0	4	4
174.38032413488608	4.0	4	4
174.48042765046293	4.0	4	4
174.58053116603978	4.0	4	4
174.68063468161665	4.0	4	4
174.7807381971935	4.0	4	4
174.88084171277035	4.0	4	4
174.98094522834722	4.0	4	4
175.08104874392407	4.0	4	4
175.18115225950095	4.0	4	4
175.2812557750778	4.0	4	4
175.38135929065464	4.0	4	4
175.48146280623152	4.0	4	4
175.58156632180837	4.0	4	4
175.68166983738521	4.0	4	4
175.7817733529621	4.0	4	4
175.88187686853894	4.0	4	4
175.9819803841158	4.0	4	4
176.08208389969266	4.0	4	4
176.1821874152695	4.0	4	4
176.28229093084636	4.0	4	4
176.38239444642323	4.0	4	4
176.48249796200008	4.0	4	4
176.58260147757693	4.0	4	4
176.6827049931538	4.0	4	4
176.78280850873065	4.0	4	4
176.8829120243075	4.0	4	4
176.98301553988438	4.0	4	4
177.08311905546122	4.0	4	4
177.1832225710381	4.0	4	4
177.28332608661495	4.0	4	4
177.3834296021918	4.0	4	4
177.48353311776867	4.0	4	4
177.58363663334552	4.0	4	4
177.68374014892237	4.0	4	4
177.78384366449924	4.0	4	4
177.8839471800761	4.0	4	4
177.98405069565294	4.0	4	4
178.08415421122982	4.0	4	4
178.18425772680666	4.0	4	4
178.2843612423835	4.0	4	4
178.3844647579604	4.0	4	4
178.48456827353723	4.0	4	4
178.58467178911408	4.0	4	4
178.68477530469096	4.0	4	4
178.7848788202678	4.0	4	4
178.88498233584465	4.0	4	4
178.98508585142153	4.0	4	4
179.08518936699838	4.0	4	4
179.18529288257525	4.0	4	4
179.2853963981521	4.0	4	4
179.38549991372895	4.0	4	4
179.48560342930583	4.0	4	4
179.58570694488267	4.0	4	4
179.68581046045952	4.0	4	4
179.7859139760364	4.0	4	4
179.88601749161325	4.0	4	4
179.9861210071901	4.0	4	4
180.08622452276697	4.0	4	4
180.18632803834382	3.0	3	3
180.28643155392066	3.0	3	3
180.38653506949754	2.0	2	2
180.4866385850744	2.0	2	2
180.58674210065124	2.0	2	2
180.6868456162281	2.0	2	2
180.78694913180496	2.0	2	2
180.88705264738184	2.0	2	2
180.98715616295868	2.0	2	2
181.08725967853553	2.0	2	2
181.1873631941124	2.0	2	2
181.28746670968926	2.0	2	2
181.3875702252661	2.0	2	2
181.48767374084298	1.0	1	1
181.58777725641983	1.0	1	1
181.68788077199667	1.0	1	1
181.78798428757355	1.0	1	1
181.8880878031504	1.0	1	1
181.98819131872725	1.0	1	1
182.08829483430412	1.0	1	1
182.18839834988097	1.0	1	1
182.28850186545782	1.0	1	1
182.3886053810347	1.0	1	1
182.48870889661154	1.0	1	1
182.5888124121884	1.0	1	1
182.68891592776527	1.0	1	1
182.7890194433421	1.0	1	1
182.889122958919	1.0	1	1
182.98922647449584	1.0	1	1
183.08932999007268	1.0	1	1
183.18943350564956	1.0	1	1
183.2895370212264	1.0	1	1
183.38964053680326	1.0	1	1
183.48974405238013	1.0	1	1
183.58984756795698	1.0	1	1
183.68995108353383	1.0	1	1
183.7900545991107	1.0	1	1
183.89015811468755	1.0	1	1
183.9902616302644	1.0	1	1
184.09036514584128	1.0	1	1
184.19046866141812	1.0	1	1
184.29057217699497	1.0	1	1
184.39067569257185	1.0	1	1
184.4907792081487	1.0	1	1
184.59088272372554	1.0	1	1
184.69098623930242	1.0	1	1
