time	diversity	m_div	M_div
0.0	10.0	10	10
0.10006025581855604	10.0	10	10
0.2001205116371121	10.0	10	10
0.30018076745566813	10.0	10	10
0.4002410232742242	10.0	10	10
0.5003012790927802	10.0	10	10
0.6003615349113363	10.0	10	10
0.7004217907298923	10.0	10	10
0.8004820465484483	10.0	10	10
0.9005423023670044	10.0	10	10
1.0006025581855604	10.0	10	10
1.1006628140041164	10.0	10	10
1.2007230698226725	10.0	10	10
1.3007833256412287	10.0	10	10
1.4008435814597846	10.0	10	10
1.5009038372783405	10.0	10	10
1.6009640930968967	10.0	10	10
1.7010243489154528	10.0	10	10
1.8010846047340088	10.0	10	10
1.9011448605525647	10.0	10	10
2.001205116371121	10.0	10	10
2.101265372189677	10.0	10	10
2.2013256280082327	10.0	10	10
2.301385883826789	10.0	10	10
2.401446139645345	10.0	10	10
2.501506395463901	10.0	10	10
2.6015666512824573	10.0	10	10
2.701626907101013	10.0	10	10
2.801687162919569	10.0	10	10
2.9017474187381254	10.0	10	10
3.001807674556681	10.0	10	10
3.1018679303752372	10.0	10	10
3.2019281861937934	10.0	10	10
3.3019884420123495	10.0	10	10
3.4020486978309057	10.0	10	10
3.5021089536494614	10.0	10	10
3.6021692094680176	10.0	10	10
3.7022294652865737	10.0	10	10
3.8022897211051294	10.0	10	10
3.9023499769236856	10.0	10	10
4.002410232742242	10.0	10	10
4.102470488560797	10.0	10	10
4.202530744379354	10.0	10	10
4.30259100019791	10.0	10	10
4.4026512560164655	10.0	10	10
4.502711511835022	10.0	10	10
4.602771767653578	10.0	10	10
4.702832023472134	10.0	10	10
4.80289227929069	10.0	10	10
4.902952535109246	10.0	10	10
5.003012790927802	10.0	10	10
5.103073046746358	10.0	10	10
5.203133302564915	10.0	10	10
5.30319355838347	10.0	10	10
5.403253814202026	10.0	10	10
5.503314070020583	10.0	10	10
5.603374325839138	10.0	10	10
5.703434581657694	10.0	10	10
5.803494837476251	10.0	10	10
5.903555093294806	10.0	10	10
6.003615349113362	10.0	10	10
6.103675604931919	10.0	10	10
6.2037358607504745	10.0	10	10
6.303796116569031	10.0	10	10
6.403856372387587	10.0	10	10
6.5039166282061425	10.0	10	10
6.603976884024699	10.0	10	10
6.704037139843255	10.0	10	10
6.804097395661811	10.0	10	10
6.904157651480367	10.0	10	10
7.004217907298923	10.0	10	10
7.104278163117479	10.0	10	10
7.204338418936035	10.0	10	10
7.304398674754591	10.0	10	10
7.404458930573147	10.0	10	10
7.504519186391703	10.0	10	10
7.604579442210259	10.0	10	10
7.704639698028815	10.0	10	10
7.804699953847371	10.0	10	10
7.904760209665928	10.0	10	10
8.004820465484483	10.0	10	10
8.10488072130304	10.0	10	10
8.204940977121595	10.0	10	10
8.305001232940151	10.0	10	10
8.405061488758708	10.0	10	10
8.505121744577263	10.0	10	10
8.60518200039582	10.0	10	10
8.705242256214376	10.0	10	10
8.805302512032931	10.0	10	10
8.905362767851488	10.0	10	10
9.005423023670044	10.0	10	10
9.1054832794886	10.0	10	10
9.205543535307156	10.0	10	10
9.305603791125712	10.0	10	10
9.405664046944269	10.0	10	10
9.505724302762824	10.0	10	10
9.60578455858138	10.0	10	10
9.705844814399937	10.0	10	10
9.805905070218492	10.0	10	10
9.905965326037048	10.0	10	10
10.006025581855605	10.0	10	10
10.10608583767416	10.0	10	10
10.206146093492716	10.0	10	10
10.306206349311273	10.0	10	10
10.40626660512983	10.0	10	10
10.506326860948384	10.0	10	10
10.60638711676694	10.0	10	10
10.706447372585497	10.0	10	10
10.806507628404052	10.0	10	10
10.906567884222609	10.0	10	10
11.006628140041165	10.0	10	10
11.10668839585972	10.0	10	10
11.206748651678277	10.0	10	10
11.306808907496833	10.0	10	10
11.406869163315388	10.0	10	10
11.506929419133945	10.0	10	10
11.606989674952501	10.0	10	10
11.707049930771056	10.0	10	10
11.807110186589613	10.0	10	10
11.90717044240817	10.0	10	10
12.007230698226724	10.0	10	10
12.10729095404528	10.0	10	10
12.207351209863837	10.0	10	10
12.307411465682394	10.0	10	10
12.407471721500949	10.0	10	10
12.507531977319506	10.0	10	10
12.607592233138062	10.0	10	10
12.707652488956617	10.0	10	10
12.807712744775174	10.0	10	10
12.90777300059373	10.0	10	10
13.007833256412285	10.0	10	10
13.107893512230842	10.0	10	10
13.207953768049398	10.0	10	10
13.308014023867953	10.0	10	10
13.40807427968651	10.0	10	10
13.508134535505066	10.0	10	10
13.608194791323623	10.0	10	10
13.708255047142178	10.0	10	10
13.808315302960734	10.0	10	10
13.90837555877929	10.0	10	10
14.008435814597846	10.0	10	10
14.108496070416402	10.0	10	10
14.208556326234959	10.0	10	10
14.308616582053514	10.0	10	10
14.40867683787207	10.0	10	10
14.508737093690627	10.0	10	10
14.608797349509182	10.0	10	10
14.708857605327738	10.0	10	10
14.808917861146295	10.0	10	10
14.90897811696485	10.0	10	10
15.009038372783406	10.0	10	10
15.109098628601963	10.0	10	10
15.209158884420518	10.0	10	10
15.309219140239074	10.0	10	10
15.40927939605763	10.0	10	10
15.509339651876187	10.0	10	10
15.609399907694742	10.0	10	10
15.709460163513299	10.0	10	10
15.809520419331855	10.0	10	10
15.90958067515041	10.0	10	10
16.009640930968967	10.0	10	10
16.10970118678752	10.0	10	10
16.20976144260608	10.0	10	10
16.309821698424635	11.0	11	11
16.40988195424319	11.0	11	11
16.509942210061748	11.0	11	11
16.610002465880303	11.0	11	11
16.710062721698858	11.0	11	11
16.810122977517416	11.0	11	11
16.91018323333597	11.0	11	11
17.010243489154526	11.0	11	11
17.110303744973084	11.0	11	11
17.21036400079164	11.0	11	11
17.310424256610194	11.0	11	11
17.410484512428752	11.0	11	11
17.510544768247307	11.0	11	11
17.610605024065862	11.0	11	11
17.71066527988442	11.0	11	11
17.810725535702975	11.0	11	11
17.910785791521533	11.0	11	11
18.010846047340088	11.0	11	11
18.110906303158643	11.0	11	11
18.2109665589772	11.0	11	11
18.311026814795756	11.0	11	11
18.41108707061431	11.0	11	11
18.51114732643287	11.0	11	11
18.611207582251424	11.0	11	11
18.71126783806998	11.0	11	11
18.811328093888537	11.0	11	11
18.911388349707092	11.0	11	11
19.011448605525647	11.0	11	11
19.111508861344205	11.0	11	11
19.21156911716276	11.0	11	11
19.311629372981315	11.0	11	11
19.411689628799873	11.0	11	11
19.51174988461843	11.0	11	11
19.611810140436983	11.0	11	11
19.71187039625554	11.0	11	11
19.811930652074096	11.0	11	11
19.91199090789265	11.0	11	11
20.01205116371121	11.0	11	11
20.112111419529764	11.0	11	11
20.21217167534832	11.0	11	11
20.312231931166878	11.0	11	11
20.412292186985432	11.0	11	11
20.512352442803987	11.0	11	11
20.612412698622546	11.0	11	11
20.7124729544411	11.0	11	11
20.81253321025966	11.0	11	11
20.912593466078214	11.0	11	11
21.01265372189677	11.0	11	11
21.112713977715327	11.0	11	11
21.21277423353388	11.0	11	11
21.312834489352436	11.0	11	11
21.412894745170995	11.0	11	11
21.51295500098955	11.0	11	11
21.613015256808104	11.0	11	11
21.713075512626663	11.0	11	11
21.813135768445218	11.0	11	11
21.913196024263772	11.0	11	11
22.01325628008233	11.0	11	11
22.113316535900886	11.0	11	11
22.21337679171944	11.0	11	11
22.313437047538	11.0	11	11
22.413497303356554	11.0	11	11
22.51355755917511	11.0	11	11
22.613617814993667	11.0	11	11
22.71367807081222	11.0	11	11
22.813738326630776	11.0	11	11
22.913798582449335	11.0	11	11
23.01385883826789	11.0	11	11
23.113919094086445	11.0	11	11
23.213979349905003	11.0	11	11
23.314039605723558	11.0	11	11
23.414099861542113	11.0	11	11
23.51416011736067	11.0	11	11
23.614220373179226	11.0	11	11
23.71428062899778	11.0	11	11
23.81434088481634	11.0	11	11
23.914401140634894	11.0	11	11
24.01446139645345	11.0	11	11
24.114521652272007	11.0	11	11
24.21458190809056	11.0	11	11
24.31464216390912	11.0	11	11
24.414702419727675	11.0	11	11
24.51476267554623	11.0	11	11
24.614822931364788	11.0	11	11
24.714883187183343	11.0	11	11
24.814943443001898	11.0	11	11
24.915003698820456	11.0	11	11
25.01506395463901	11.0	11	11
25.115124210457566	11.0	11	11
25.215184466276124	11.0	11	11
25.31524472209468	11.0	11	11
25.415304977913234	11.0	11	11
25.515365233731792	11.0	11	11
25.615425489550347	11.0	11	11
25.715485745368902	11.0	11	11
25.81554600118746	11.0	11	11
25.915606257006015	11.0	11	11
26.01566651282457	11.0	11	11
26.11572676864313	11.0	11	11
26.215787024461683	11.0	11	11
26.315847280280238	11.0	11	11
26.415907536098796	11.0	11	11
26.51596779191735	11.0	11	11
26.616028047735906	11.0	11	11
26.716088303554464	11.0	11	11
26.81614855937302	11.0	11	11
26.916208815191574	11.0	11	11
27.016269071010132	11.0	11	11
27.116329326828687	11.0	11	11
27.216389582647246	11.0	11	11
27.3164498384658	11.0	11	11
27.416510094284355	11.0	11	11
27.516570350102914	11.0	11	11
27.61663060592147	11.0	11	11
27.716690861740023	11.0	11	11
27.81675111755858	11.0	11	11
27.916811373377136	11.0	11	11
28.01687162919569	11.0	11	11
28.11693188501425	11.0	11	11
28.216992140832804	11.0	11	11
28.31705239665136	12.0	12	12
28.417112652469918	12.0	12	12
28.517172908288472	12.0	12	12
28.617233164107027	12.0	12	12
28.717293419925586	12.0	12	12
28.81735367574414	12.0	12	12
28.917413931562695	12.0	12	12
29.017474187381254	12.0	12	12
29.11753444319981	12.0	12	12
29.217594699018363	12.0	12	12
29.31765495483692	12.0	12	12
29.417715210655476	12.0	12	12
29.51777546647403	12.0	12	12
29.61783572229259	12.0	12	12
29.717895978111144	12.0	12	12
29.8179562339297	12.0	12	12
29.918016489748258	12.0	12	12
30.018076745566812	12.0	12	12
30.118137001385367	12.0	12	12
30.218197257203926	12.0	12	12
30.31825751302248	12.0	12	12
30.418317768841035	12.0	12	12
30.518378024659594	12.0	12	12
30.61843828047815	12.0	12	12
30.718498536296707	12.0	12	12
30.81855879211526	12.0	12	12
30.918619047933817	12.0	12	12
31.018679303752375	12.0	12	12
31.11873955957093	12.0	12	12
31.218799815389485	11.0	11	11
31.318860071208043	11.0	11	11
31.418920327026598	11.0	11	11
31.518980582845153	11.0	11	11
31.61904083866371	11.0	11	11
31.719101094482266	11.0	11	11
31.81916135030082	11.0	11	11
31.91922160611938	11.0	11	11
32.019281861937934	11.0	11	11
32.11934211775649	11.0	11	11
32.21940237357504	11.0	11	11
32.319462629393605	11.0	11	11
32.41952288521216	11.0	11	11
32.519583141030715	11.0	11	11
32.61964339684927	11.0	11	11
32.719703652667825	11.0	11	11
32.81976390848638	11.0	11	11
32.91982416430494	11.0	11	11
33.019884420123496	11.0	11	11
33.11994467594205	11.0	11	11
33.220004931760606	11.0	11	11
33.32006518757916	11.0	11	11
33.420125443397716	11.0	11	11
33.52018569921628	11.0	11	11
33.62024595503483	11.0	11	11
33.72030621085339	11.0	11	11
33.82036646667194	11.0	11	11
33.9204267224905	11.0	11	11
34.02048697830905	11.0	11	11
34.12054723412761	11.0	11	11
34.22060748994617	11.0	11	11
34.32066774576472	11.0	11	11
34.42072800158328	12.0	12	12
34.52078825740183	12.0	12	12
34.62084851322039	12.0	12	12
34.72090876903895	12.0	12	12
34.820969024857504	12.0	12	12
34.92102928067606	12.0	12	12
35.021089536494614	12.0	12	12
35.12114979231317	12.0	12	12
35.221210048131724	12.0	12	12
35.321270303950286	12.0	12	12
35.42133055976884	12.0	12	12
35.521390815587395	12.0	12	12
35.62145107140595	12.0	12	12
35.721511327224505	12.0	12	12
35.82157158304307	12.0	12	12
35.92163183886162	12.0	12	12
36.021692094680176	12.0	12	12
36.12175235049873	12.0	12	12
36.221812606317286	12.0	12	12
36.32187286213584	12.0	12	12
36.4219331179544	12.0	12	12
36.52199337377296	12.0	12	12
36.62205362959151	13.0	13	13
36.72211388541007	13.0	13	13
36.82217414122862	13.0	13	13
36.92223439704718	13.0	13	13
37.02229465286574	13.0	13	13
37.122354908684294	13.0	13	13
37.22241516450285	13.0	13	13
37.3224754203214	13.0	13	13
37.42253567613996	13.0	13	13
37.52259593195851	14.0	14	14
37.622656187777075	14.0	14	14
37.72271644359563	14.0	14	14
37.822776699414185	14.0	14	14
37.92283695523274	14.0	14	14
38.022897211051294	14.0	14	14
38.12295746686985	14.0	14	14
38.22301772268841	14.0	14	14
38.323077978506966	14.0	14	14
38.42313823432552	14.0	14	14
38.523198490144075	14.0	14	14
38.62325874596263	14.0	14	14
38.72331900178119	15.0	15	15
38.82337925759975	15.0	15	15
38.9234395134183	15.0	15	15
39.02349976923686	15.0	15	15
39.12356002505541	15.0	15	15
39.223620280873966	15.0	15	15
39.32368053669253	15.0	15	15
39.42374079251108	15.0	15	15
39.52380104832964	15.0	15	15
39.62386130414819	15.0	15	15
39.72392155996675	15.0	15	15
39.8239818157853	15.0	15	15
39.924042071603864	16.0	16	16
40.02410232742242	16.0	16	16
40.124162583240974	16.0	16	16
40.22422283905953	16.0	16	16
40.32428309487808	16.0	16	16
40.42434335069664	16.0	16	16
40.5244036065152	16.0	16	16
40.624463862333755	16.0	16	16
40.72452411815231	16.0	16	16
40.824584373970865	16.0	16	16
40.92464462978942	16.0	16	16
41.024704885607974	16.0	16	16
41.124765141426536	16.0	16	16
41.22482539724509	16.0	16	16
41.324885653063646	16.0	16	16
41.4249459088822	16.0	16	16
41.525006164700756	16.0	16	16
41.62506642051932	16.0	16	16
41.72512667633787	16.0	16	16
41.82518693215643	16.0	16	16
41.92524718797498	16.0	16	16
42.02530744379354	16.0	16	16
42.12536769961209	16.0	16	16
42.22542795543065	16.0	16	16
42.32548821124921	16.0	16	16
42.42554846706776	16.0	16	16
42.52560872288632	16.0	16	16
42.62566897870487	16.0	16	16
42.72572923452343	16.0	16	16
42.82578949034199	16.0	16	16
42.925849746160544	16.0	16	16
43.0259100019791	16.0	16	16
43.125970257797654	16.0	16	16
43.22603051361621	16.0	16	16
43.326090769434764	16.0	16	16
43.426151025253326	16.0	16	16
43.52621128107188	16.0	16	16
43.626271536890435	16.0	16	16
43.72633179270899	16.0	16	16
43.826392048527545	16.0	16	16
43.9264523043461	16.0	16	16
44.02651256016466	17.0	17	17
44.12657281598322	17.0	17	17
44.22663307180177	17.0	17	17
44.326693327620326	17.0	17	17
44.42675358343888	17.0	17	17
44.526813839257436	17.0	17	17
44.626874095076	17.0	17	17
44.72693435089455	17.0	17	17
44.82699460671311	17.0	17	17
44.92705486253166	17.0	17	17
45.02711511835022	17.0	17	17
45.12717537416878	17.0	17	17
45.227235629987334	17.0	17	17
45.32729588580589	17.0	17	17
45.42735614162444	17.0	17	17
45.527416397443	17.0	17	17
45.62747665326155	17.0	17	17
45.727536909080115	17.0	17	17
45.82759716489867	17.0	17	17
45.927657420717225	16.0	16	16
46.02771767653578	16.0	16	16
46.127777932354334	16.0	16	16
46.22783818817289	16.0	16	16
46.32789844399145	16.0	16	16
46.427958699810006	16.0	16	16
46.52801895562856	16.0	16	16
46.628079211447115	16.0	16	16
46.72813946726567	16.0	16	16
46.828199723084225	16.0	16	16
46.92825997890279	16.0	16	16
47.02832023472134	16.0	16	16
47.1283804905399	16.0	16	16
47.22844074635845	16.0	16	16
47.328501002177006	16.0	16	16
47.42856125799556	17.0	17	17
47.52862151381412	18.0	18	18
47.62868176963268	18.0	18	18
47.72874202545123	18.0	18	18
47.82880228126979	18.0	18	18
47.92886253708834	18.0	18	18
48.0289227929069	18.0	18	18
48.12898304872546	18.0	18	18
48.229043304544014	18.0	18	18
48.32910356036257	17.0	17	17
48.42916381618112	17.0	17	17
48.52922407199968	17.0	17	17
48.62928432781824	17.0	17	17
48.729344583636795	17.0	17	17
48.82940483945535	17.0	17	17
48.929465095273905	17.0	17	17
49.02952535109246	17.0	17	17
49.129585606911014	17.0	17	17
49.229645862729576	17.0	17	17
49.32970611854813	17.0	17	17
49.429766374366686	17.0	17	17
49.52982663018524	17.0	17	17
49.629886886003796	17.0	17	17
49.72994714182235	17.0	17	17
49.83000739764091	17.0	17	17
49.93006765345947	17.0	17	17
50.03012790927802	17.0	17	17
50.13018816509658	17.0	17	17
50.23024842091513	17.0	17	17
50.33030867673369	17.0	17	17
50.43036893255225	17.0	17	17
50.5304291883708	17.0	17	17
50.63048944418936	17.0	17	17
50.73054970000791	17.0	17	17
50.83060995582647	16.0	16	16
50.93067021164502	16.0	16	16
51.030730467463584	16.0	16	16
51.13079072328214	16.0	16	16
51.230850979100694	16.0	16	16
51.33091123491925	16.0	16	16
51.430971490737804	16.0	16	16
51.531031746556366	16.0	16	16
51.63109200237492	16.0	16	16
51.731152258193475	16.0	16	16
51.83121251401203	16.0	16	16
51.931272769830585	16.0	16	16
52.03133302564914	16.0	16	16
52.1313932814677	16.0	16	16
52.23145353728626	16.0	16	16
52.33151379310481	16.0	16	16
52.431574048923366	16.0	16	16
52.53163430474192	16.0	16	16
52.631694560560476	16.0	16	16
52.73175481637904	16.0	16	16
52.83181507219759	16.0	16	16
52.93187532801615	16.0	16	16
53.0319355838347	16.0	16	16
53.13199583965326	16.0	16	16
53.23205609547181	16.0	16	16
53.332116351290374	16.0	16	16
53.43217660710893	16.0	16	16
53.53223686292748	16.0	16	16
53.63229711874604	16.0	16	16
53.73235737456459	16.0	16	16
53.83241763038315	16.0	16	16
53.93247788620171	16.0	16	16
54.032538142020265	16.0	16	16
54.13259839783882	16.0	16	16
54.232658653657374	16.0	16	16
54.33271890947593	16.0	16	16
54.43277916529449	16.0	16	16
54.532839421113046	16.0	16	16
54.6328996769316	16.0	16	16
54.732959932750155	16.0	16	16
54.83302018856871	16.0	16	16
54.933080444387265	15.0	15	15
55.03314070020583	15.0	15	15
55.13320095602438	15.0	15	15
55.23326121184294	15.0	15	15
55.33332146766149	16.0	16	16
55.433381723480046	16.0	16	16
55.5334419792986	16.0	16	16
55.63350223511716	16.0	16	16
55.73356249093572	16.0	16	16
55.83362274675427	16.0	16	16
55.93368300257283	16.0	16	16
56.03374325839138	16.0	16	16
56.13380351420994	15.0	15	15
56.2338637700285	15.0	15	15
56.333924025847054	15.0	15	15
56.43398428166561	15.0	15	15
56.534044537484164	14.0	14	14
56.63410479330272	14.0	14	14
56.73416504912127	14.0	14	14
56.834225304939835	14.0	14	14
56.93428556075839	14.0	14	14
57.034345816576945	14.0	14	14
57.1344060723955	14.0	14	14
57.234466328214054	14.0	14	14
57.33452658403261	14.0	14	14
57.43458683985117	14.0	14	14
57.534647095669726	14.0	14	14
57.63470735148828	14.0	14	14
57.734767607306836	14.0	14	14
57.83482786312539	14.0	14	14
57.93488811894395	14.0	14	14
58.03494837476251	14.0	14	14
58.13500863058106	14.0	14	14
58.23506888639962	14.0	14	14
58.33512914221817	14.0	14	14
58.43518939803673	14.0	14	14
58.53524965385529	14.0	14	14
58.63530990967384	14.0	14	14
58.7353701654924	14.0	14	14
58.83543042131095	14.0	14	14
58.93549067712951	14.0	14	14
59.03555093294806	13.0	13	13
59.135611188766624	13.0	13	13
59.23567144458518	13.0	13	13
59.335731700403734	13.0	13	13
59.43579195622229	13.0	13	13
59.535852212040844	12.0	12	12
59.6359124678594	12.0	12	12
59.73597272367796	12.0	12	12
59.836032979496515	12.0	12	12
59.93609323531507	12.0	12	12
60.036153491133625	12.0	12	12
60.13621374695218	12.0	12	12
60.236274002770735	11.0	11	11
60.3363342585893	11.0	11	11
60.43639451440785	11.0	11	11
60.536454770226406	11.0	11	11
60.63651502604496	11.0	11	11
60.736575281863516	11.0	11	11
60.83663553768207	11.0	11	11
60.93669579350063	11.0	11	11
61.03675604931919	11.0	11	11
61.13681630513774	11.0	11	11
61.2368765609563	11.0	11	11
61.33693681677485	11.0	11	11
61.436997072593414	10.0	10	10
61.53705732841197	10.0	10	10
61.63711758423052	10.0	10	10
61.73717784004908	10.0	10	10
61.83723809586763	10.0	10	10
61.93729835168619	10.0	10	10
62.03735860750475	10.0	10	10
62.137418863323305	10.0	10	10
62.23747911914186	10.0	10	10
62.337539374960414	10.0	10	10
62.43759963077897	10.0	10	10
62.537659886597524	10.0	10	10
62.637720142416086	10.0	10	10
62.73778039823464	10.0	10	10
62.837840654053196	10.0	10	10
62.93790090987175	10.0	10	10
63.037961165690305	10.0	10	10
63.13802142150886	10.0	10	10
63.23808167732742	10.0	10	10
63.33814193314598	10.0	10	10
63.43820218896453	10.0	10	10
63.538262444783086	10.0	10	10
63.63832270060164	10.0	10	10
63.738382956420196	10.0	10	10
63.83844321223876	10.0	10	10
63.93850346805731	10.0	10	10
64.03856372387587	10.0	10	10
64.13862397969443	10.0	10	10
64.23868423551298	10.0	10	10
64.33874449133154	10.0	10	10
64.43880474715009	10.0	10	10
64.53886500296865	10.0	10	10
64.63892525878721	10.0	10	10
64.73898551460576	10.0	10	10
64.83904577042432	10.0	10	10
64.93910602624287	10.0	10	10
65.03916628206143	12.0	12	12
65.13922653787998	12.0	12	12
65.23928679369854	12.0	12	12
65.3393470495171	12.0	12	12
65.43940730533565	12.0	12	12
65.53946756115421	12.0	12	12
65.63952781697276	14.0	14	14
65.73958807279132	14.0	14	14
65.83964832860988	13.0	13	13
65.93970858442843	13.0	13	13
66.03976884024699	13.0	13	13
66.13982909606554	13.0	13	13
66.2398893518841	13.0	13	13
66.33994960770265	13.0	13	13
66.44000986352121	13.0	13	13
66.54007011933977	13.0	13	13
66.64013037515832	13.0	13	13
66.74019063097688	13.0	13	13
66.84025088679543	13.0	13	13
66.940311142614	12.0	12	12
67.04037139843255	12.0	12	12
67.1404316542511	12.0	12	12
67.24049191006966	12.0	12	12
67.34055216588821	12.0	12	12
67.44061242170677	12.0	12	12
67.54067267752534	12.0	12	12
67.64073293334388	12.0	12	12
67.74079318916245	12.0	12	12
67.840853444981	12.0	12	12
67.94091370079956	12.0	12	12
68.0409739566181	12.0	12	12
68.14103421243667	12.0	12	12
68.24109446825523	12.0	12	12
68.34115472407377	12.0	12	12
68.44121497989234	12.0	12	12
68.54127523571088	12.0	12	12
68.64133549152945	12.0	12	12
68.74139574734801	12.0	12	12
68.84145600316656	12.0	12	12
68.94151625898512	12.0	12	12
69.04157651480367	12.0	12	12
69.14163677062223	12.0	12	12
69.24169702644078	12.0	12	12
69.34175728225934	11.0	11	11
69.4418175380779	11.0	11	11
69.54187779389645	11.0	11	11
69.64193804971501	11.0	11	11
69.74199830553356	11.0	11	11
69.84205856135212	11.0	11	11
69.94211881717068	11.0	11	11
70.04217907298923	11.0	11	11
70.14223932880779	11.0	11	11
70.24229958462634	11.0	11	11
70.3423598404449	11.0	11	11
70.44242009626345	11.0	11	11
70.54248035208201	11.0	11	11
70.64254060790057	11.0	11	11
70.74260086371912	11.0	11	11
70.84266111953768	11.0	11	11
70.94272137535623	11.0	11	11
71.04278163117479	12.0	12	12
71.14284188699335	13.0	13	13
71.2429021428119	13.0	13	13
71.34296239863046	13.0	13	13
71.44302265444901	13.0	13	13
71.54308291026757	13.0	13	13
71.64314316608613	13.0	13	13
71.74320342190468	13.0	13	13
71.84326367772324	13.0	13	13
71.94332393354179	13.0	13	13
72.04338418936035	13.0	13	13
72.1434444451789	13.0	13	13
72.24350470099746	13.0	13	13
72.34356495681602	13.0	13	13
72.44362521263457	13.0	13	13
72.54368546845313	13.0	13	13
72.64374572427168	13.0	13	13
72.74380598009024	13.0	13	13
72.8438662359088	13.0	13	13
72.94392649172735	12.0	12	12
73.04398674754592	12.0	12	12
73.14404700336446	12.0	12	12
73.24410725918302	12.0	12	12
73.34416751500157	12.0	12	12
73.44422777082013	12.0	12	12
73.5442880266387	12.0	12	12
73.64434828245724	12.0	12	12
73.7444085382758	12.0	12	12
73.84446879409435	12.0	12	12
73.94452904991292	12.0	12	12
74.04458930573148	12.0	12	12
74.14464956155003	12.0	12	12
74.24470981736859	12.0	12	12
74.34477007318714	12.0	12	12
74.4448303290057	12.0	12	12
74.54489058482426	12.0	12	12
74.6449508406428	12.0	12	12
74.74501109646137	12.0	12	12
74.84507135227992	12.0	12	12
74.94513160809848	12.0	12	12
75.04519186391703	12.0	12	12
75.14525211973559	12.0	12	12
75.24531237555415	12.0	12	12
75.3453726313727	12.0	12	12
75.44543288719126	12.0	12	12
75.54549314300981	12.0	12	12
75.64555339882837	12.0	12	12
75.74561365464693	12.0	12	12
75.84567391046548	12.0	12	12
75.94573416628404	12.0	12	12
76.04579442210259	12.0	12	12
76.14585467792115	12.0	12	12
76.2459149337397	12.0	12	12
76.34597518955826	12.0	12	12
76.44603544537682	12.0	12	12
76.54609570119537	12.0	12	12
76.64615595701393	12.0	12	12
76.74621621283248	12.0	12	12
76.84627646865104	12.0	12	12
76.9463367244696	12.0	12	12
77.04639698028815	12.0	12	12
77.14645723610671	12.0	12	12
77.24651749192526	12.0	12	12
77.34657774774382	12.0	12	12
77.44663800356238	12.0	12	12
77.54669825938093	11.0	11	11
77.6467585151995	11.0	11	11
77.74681877101804	11.0	11	11
77.8468790268366	11.0	11	11
77.94693928265515	11.0	11	11
78.04699953847371	11.0	11	11
78.14705979429228	11.0	11	11
78.24712005011082	11.0	11	11
78.34718030592938	11.0	11	11
78.44724056174793	11.0	11	11
78.5473008175665	11.0	11	11
78.64736107338506	11.0	11	11
78.7474213292036	11.0	11	11
78.84748158502217	11.0	11	11
78.94754184084071	10.0	10	10
79.04760209665928	10.0	10	10
79.14766235247782	11.0	11	11
79.24772260829639	11.0	11	11
79.34778286411495	11.0	11	11
79.4478431199335	11.0	11	11
79.54790337575206	11.0	11	11
79.6479636315706	11.0	11	11
79.74802388738917	11.0	11	11
79.84808414320773	11.0	11	11
79.94814439902628	11.0	11	11
80.04820465484484	11.0	11	11
80.14826491066339	11.0	11	11
80.24832516648195	11.0	11	11
80.34838542230051	11.0	11	11
80.44844567811906	11.0	11	11
80.54850593393762	12.0	12	12
80.64856618975617	12.0	12	12
80.74862644557473	12.0	12	12
80.84868670139328	12.0	12	12
80.94874695721184	12.0	12	12
81.0488072130304	12.0	12	12
81.14886746884895	12.0	12	12
81.24892772466751	11.0	11	11
81.34898798048606	11.0	11	11
81.44904823630462	11.0	11	11
81.54910849212318	11.0	11	11
81.64916874794173	11.0	11	11
81.74922900376029	11.0	11	11
81.84928925957884	11.0	11	11
81.9493495153974	11.0	11	11
82.04940977121595	11.0	11	11
82.14947002703451	11.0	11	11
82.24953028285307	11.0	11	11
82.34959053867162	11.0	11	11
82.44965079449018	11.0	11	11
82.54971105030873	11.0	11	11
82.64977130612729	10.0	10	10
82.74983156194585	10.0	10	10
82.8498918177644	10.0	10	10
82.94995207358296	10.0	10	10
83.05001232940151	11.0	11	11
83.15007258522007	11.0	11	11
83.25013284103863	11.0	11	11
83.35019309685718	11.0	11	11
83.45025335267574	11.0	11	11
83.55031360849429	11.0	11	11
83.65037386431285	11.0	11	11
83.7504341201314	11.0	11	11
83.85049437594996	11.0	11	11
83.95055463176853	11.0	11	11
84.05061488758707	11.0	11	11
84.15067514340564	11.0	11	11
84.25073539922418	11.0	11	11
84.35079565504275	11.0	11	11
84.4508559108613	11.0	11	11
84.55091616667985	11.0	11	11
84.65097642249842	11.0	11	11
84.75103667831696	11.0	11	11
84.85109693413553	10.0	10	10
84.95115718995407	10.0	10	10
85.05121744577264	10.0	10	10
85.1512777015912	10.0	10	10
85.25133795740975	10.0	10	10
85.35139821322831	10.0	10	10
85.45145846904686	10.0	10	10
85.55151872486542	10.0	10	10
85.65157898068398	10.0	10	10
85.75163923650253	10.0	10	10
85.85169949232109	10.0	10	10
85.95175974813964	10.0	10	10
86.0518200039582	10.0	10	10
86.15188025977675	10.0	10	10
86.25194051559531	10.0	10	10
86.35200077141387	10.0	10	10
86.45206102723242	10.0	10	10
86.55212128305098	10.0	10	10
86.65218153886953	10.0	10	10
86.75224179468809	10.0	10	10
86.85230205050665	10.0	10	10
86.9523623063252	10.0	10	10
87.05242256214376	10.0	10	10
87.15248281796231	10.0	10	10
87.25254307378087	10.0	10	10
87.35260332959943	10.0	10	10
87.45266358541798	10.0	10	10
87.55272384123654	10.0	10	10
87.65278409705509	10.0	10	10
87.75284435287365	10.0	10	10
87.8529046086922	10.0	10	10
87.95296486451076	10.0	10	10
88.05302512032932	10.0	10	10
88.15308537614787	10.0	10	10
88.25314563196643	10.0	10	10
88.35320588778498	10.0	10	10
88.45326614360354	10.0	10	10
88.5533263994221	10.0	10	10
88.65338665524065	10.0	10	10
88.75344691105921	10.0	10	10
88.85350716687776	10.0	10	10
88.95356742269632	10.0	10	10
89.05362767851487	10.0	10	10
89.15368793433343	10.0	10	10
89.253748190152	10.0	10	10
89.35380844597054	10.0	10	10
89.4538687017891	10.0	10	10
89.55392895760765	10.0	10	10
89.65398921342621	10.0	10	10
89.75404946924478	9.0	9	9
89.85410972506332	9.0	9	9
89.95416998088189	9.0	9	9
90.05423023670043	9.0	9	9
90.154290492519	9.0	9	9
90.25435074833756	9.0	9	9
90.3544110041561	9.0	9	9
90.45447125997467	9.0	9	9
90.55453151579322	9.0	9	9
90.65459177161178	9.0	9	9
90.75465202743032	9.0	9	9
90.85471228324889	9.0	9	9
90.95477253906745	9.0	9	9
91.054832794886	9.0	9	9
91.15489305070456	9.0	9	9
91.2549533065231	9.0	9	9
91.35501356234167	9.0	9	9
91.45507381816023	9.0	9	9
91.55513407397878	9.0	9	9
91.65519432979734	9.0	9	9
91.75525458561589	9.0	9	9
91.85531484143445	9.0	9	9
91.955375097253	9.0	9	9
92.05543535307156	9.0	9	9
92.15549560889012	9.0	9	9
92.25555586470867	9.0	9	9
92.35561612052723	9.0	9	9
92.45567637634578	9.0	9	9
92.55573663216434	10.0	10	10
92.6557968879829	10.0	10	10
92.75585714380145	10.0	10	10
92.85591739962001	10.0	10	10
92.95597765543856	10.0	10	10
93.05603791125712	10.0	10	10
93.15609816707568	10.0	10	10
93.25615842289423	10.0	10	10
93.35621867871279	10.0	10	10
93.45627893453134	10.0	10	10
93.5563391903499	10.0	10	10
93.65639944616845	10.0	10	10
93.75645970198701	10.0	10	10
93.85651995780557	10.0	10	10
93.95658021362412	10.0	10	10
94.05664046944268	10.0	10	10
94.15670072526123	10.0	10	10
94.2567609810798	10.0	10	10
94.35682123689836	10.0	10	10
94.4568814927169	10.0	10	10
94.55694174853546	10.0	10	10
94.65700200435401	10.0	10	10
94.75706226017257	10.0	10	10
94.85712251599112	10.0	10	10
94.95718277180968	10.0	10	10
95.05724302762825	10.0	10	10
95.1573032834468	10.0	10	10
95.25736353926536	10.0	10	10
95.3574237950839	10.0	10	10
95.45748405090247	10.0	10	10
95.55754430672103	10.0	10	10
95.65760456253957	10.0	10	10
95.75766481835814	10.0	10	10
95.85772507417668	10.0	10	10
95.95778532999525	10.0	10	10
96.0578455858138	10.0	10	10
96.15790584163236	10.0	10	10
96.25796609745092	10.0	10	10
96.35802635326947	10.0	10	10
96.45808660908803	10.0	10	10
96.55814686490658	10.0	10	10
96.65820712072514	10.0	10	10
96.7582673765437	10.0	10	10
96.85832763236225	11.0	11	11
96.95838788818081	11.0	11	11
97.05844814399936	11.0	11	11
97.15850839981792	11.0	11	11
97.25856865563648	11.0	11	11
97.35862891145503	11.0	11	11
97.45868916727359	11.0	11	11
97.55874942309214	11.0	11	11
97.6588096789107	11.0	11	11
97.75886993472925	11.0	11	11
97.85893019054781	11.0	11	11
97.95899044636637	11.0	11	11
98.05905070218492	11.0	11	11
98.15911095800348	12.0	12	12
98.25917121382203	12.0	12	12
98.35923146964059	12.0	12	12
98.45929172545915	12.0	12	12
98.5593519812777	12.0	12	12
98.65941223709626	12.0	12	12
98.75947249291481	12.0	12	12
98.85953274873337	12.0	12	12
98.95959300455192	12.0	12	12
99.05965326037048	12.0	12	12
99.15971351618904	12.0	12	12
99.25977377200759	12.0	12	12
99.35983402782615	12.0	12	12
99.4598942836447	12.0	12	12
99.55995453946326	12.0	12	12
99.66001479528182	12.0	12	12
99.76007505110037	12.0	12	12
99.86013530691893	12.0	12	12
99.96019556273748	12.0	12	12
100.06025581855604	12.0	12	12
100.1603160743746	12.0	12	12
100.26037633019315	12.0	12	12
100.36043658601172	12.0	12	12
100.46049684183026	12.0	12	12
100.56055709764883	12.0	12	12
100.66061735346737	12.0	12	12
100.76067760928593	12.0	12	12
100.8607378651045	12.0	12	12
100.96079812092304	12.0	12	12
101.0608583767416	12.0	12	12
101.16091863256015	12.0	12	12
101.26097888837872	11.0	11	11
101.36103914419728	11.0	11	11
101.46109940001583	11.0	11	11
101.56115965583439	11.0	11	11
101.66121991165294	11.0	11	11
101.7612801674715	11.0	11	11
101.86134042329005	11.0	11	11
101.9614006791086	11.0	11	11
102.06146093492717	11.0	11	11
102.16152119074572	11.0	11	11
102.26158144656428	11.0	11	11
102.36164170238283	11.0	11	11
102.46170195820139	11.0	11	11
102.56176221401995	11.0	11	11
102.6618224698385	11.0	11	11
102.76188272565706	11.0	11	11
102.86194298147561	11.0	11	11
102.96200323729417	11.0	11	11
103.06206349311273	11.0	11	11
103.16212374893128	11.0	11	11
103.26218400474984	11.0	11	11
103.36224426056839	11.0	11	11
103.46230451638695	11.0	11	11
103.5623647722055	11.0	11	11
103.66242502802406	11.0	11	11
103.76248528384262	11.0	11	11
103.86254553966117	11.0	11	11
103.96260579547973	11.0	11	11
104.06266605129828	11.0	11	11
104.16272630711684	11.0	11	11
104.2627865629354	11.0	11	11
104.36284681875395	11.0	11	11
104.46290707457251	11.0	11	11
104.56296733039106	11.0	11	11
104.66302758620962	11.0	11	11
104.76308784202817	11.0	11	11
104.86314809784673	11.0	11	11
104.9632083536653	11.0	11	11
105.06326860948384	11.0	11	11
105.1633288653024	11.0	11	11
105.26338912112095	11.0	11	11
105.36344937693951	11.0	11	11
105.46350963275808	11.0	11	11
105.56356988857662	11.0	11	11
105.66363014439519	11.0	11	11
105.76369040021373	11.0	11	11
105.8637506560323	11.0	11	11
105.96381091185086	11.0	11	11
106.0638711676694	11.0	11	11
106.16393142348797	11.0	11	11
106.26399167930651	11.0	11	11
106.36405193512508	11.0	11	11
106.46411219094362	11.0	11	11
106.56417244676219	11.0	11	11
106.66423270258075	11.0	11	11
106.7642929583993	11.0	11	11
106.86435321421786	11.0	11	11
106.9644134700364	11.0	11	11
107.06447372585497	11.0	11	11
107.16453398167353	11.0	11	11
107.26459423749208	11.0	11	11
107.36465449331064	11.0	11	11
107.46471474912919	11.0	11	11
107.56477500494775	11.0	11	11
107.6648352607663	11.0	11	11
107.76489551658486	11.0	11	11
107.86495577240342	11.0	11	11
107.96501602822197	11.0	11	11
108.06507628404053	11.0	11	11
108.16513653985908	11.0	11	11
108.26519679567764	11.0	11	11
108.3652570514962	11.0	11	11
108.46531730731475	11.0	11	11
108.56537756313331	11.0	11	11
108.66543781895186	11.0	11	11
108.76549807477042	11.0	11	11
108.86555833058898	11.0	11	11
108.96561858640753	11.0	11	11
109.06567884222609	11.0	11	11
109.16573909804464	11.0	11	11
109.2657993538632	11.0	11	11
109.36585960968175	11.0	11	11
109.46591986550031	11.0	11	11
109.56598012131887	11.0	11	11
109.66604037713742	11.0	11	11
109.76610063295598	11.0	11	11
109.86616088877453	11.0	11	11
109.96622114459309	11.0	11	11
110.06628140041165	11.0	11	11
110.1663416562302	11.0	11	11
110.26640191204876	11.0	11	11
110.36646216786731	11.0	11	11
110.46652242368587	11.0	11	11
110.56658267950442	11.0	11	11
110.66664293532298	11.0	11	11
110.76670319114154	11.0	11	11
110.86676344696009	11.0	11	11
110.96682370277865	11.0	11	11
111.0668839585972	11.0	11	11
111.16694421441576	11.0	11	11
111.26700447023433	11.0	11	11
111.36706472605287	11.0	11	11
111.46712498187144	11.0	11	11
111.56718523768998	11.0	11	11
111.66724549350855	11.0	11	11
111.7673057493271	11.0	11	11
111.86736600514566	11.0	11	11
111.96742626096422	11.0	11	11
112.06748651678276	11.0	11	11
112.16754677260133	10.0	10	10
112.26760702841987	10.0	10	10
112.36766728423844	10.0	10	10
112.467727540057	10.0	10	10
112.56778779587555	10.0	10	10
112.66784805169411	10.0	10	10
112.76790830751266	9.0	9	9
112.86796856333122	9.0	9	9
112.96802881914978	9.0	9	9
113.06808907496833	9.0	9	9
113.16814933078689	9.0	9	9
113.26820958660544	9.0	9	9
113.368269842424	9.0	9	9
113.46833009824255	9.0	9	9
113.56839035406111	10.0	10	10
113.66845060987967	10.0	10	10
113.76851086569822	10.0	10	10
113.86857112151678	10.0	10	10
113.96863137733533	10.0	10	10
114.06869163315389	10.0	10	10
114.16875188897245	10.0	10	10
114.268812144791	10.0	10	10
114.36887240060956	10.0	10	10
114.46893265642811	10.0	10	10
114.56899291224667	10.0	10	10
114.66905316806522	10.0	10	10
114.76911342388378	10.0	10	10
114.86917367970234	10.0	10	10
114.96923393552089	10.0	10	10
115.06929419133945	10.0	10	10
115.169354447158	10.0	10	10
115.26941470297656	10.0	10	10
115.36947495879512	10.0	10	10
115.46953521461367	10.0	10	10
115.56959547043223	10.0	10	10
115.66965572625078	10.0	10	10
115.76971598206934	10.0	10	10
115.8697762378879	10.0	10	10
115.96983649370645	10.0	10	10
116.06989674952501	10.0	10	10
116.16995700534356	10.0	10	10
116.27001726116212	10.0	10	10
116.37007751698067	11.0	11	11
116.47013777279923	11.0	11	11
116.5701980286178	11.0	11	11
116.67025828443634	11.0	11	11
116.7703185402549	11.0	11	11
116.87037879607345	11.0	11	11
116.97043905189201	11.0	11	11
117.07049930771058	11.0	11	11
117.17055956352912	11.0	11	11
117.27061981934769	11.0	11	11
117.37068007516623	11.0	11	11
117.4707403309848	11.0	11	11
117.57080058680334	11.0	11	11
117.6708608426219	11.0	11	11
117.77092109844047	11.0	11	11
117.87098135425902	11.0	11	11
117.97104161007758	11.0	11	11
118.07110186589613	11.0	11	11
118.17116212171469	11.0	11	11
118.27122237753325	11.0	11	11
118.3712826333518	11.0	11	11
118.47134288917036	11.0	11	11
118.5714031449889	11.0	11	11
118.67146340080747	11.0	11	11
118.77152365662603	11.0	11	11
118.87158391244458	11.0	11	11
118.97164416826314	11.0	11	11
119.07170442408169	11.0	11	11
119.17176467990025	11.0	11	11
119.2718249357188	11.0	11	11
119.37188519153736	11.0	11	11
119.47194544735592	11.0	11	11
119.57200570317447	11.0	11	11
119.67206595899303	11.0	11	11
119.77212621481158	11.0	11	11
119.87218647063014	11.0	11	11
119.9722467264487	11.0	11	11
120.07230698226725	11.0	11	11
120.17236723808581	11.0	11	11
120.27242749390436	10.0	10	10
120.37248774972292	10.0	10	10
120.47254800554147	10.0	10	10
120.57260826136003	10.0	10	10
120.6726685171786	10.0	10	10
120.77272877299714	9.0	9	9
120.8727890288157	9.0	9	9
120.97284928463425	9.0	9	9
121.07290954045281	9.0	9	9
121.17296979627137	9.0	9	9
121.27303005208992	9.0	9	9
121.37309030790848	9.0	9	9
121.47315056372703	9.0	9	9
121.5732108195456	9.0	9	9
121.67327107536414	9.0	9	9
121.7733313311827	9.0	9	9
121.87339158700127	9.0	9	9
121.97345184281981	9.0	9	9
122.07351209863837	9.0	9	9
122.17357235445692	9.0	9	9
122.27363261027548	9.0	9	9
122.37369286609405	9.0	9	9
122.4737531219126	9.0	9	9
122.57381337773116	9.0	9	9
122.6738736335497	9.0	9	9
122.77393388936827	9.0	9	9
122.87399414518683	9.0	9	9
122.97405440100538	9.0	9	9
123.07411465682394	9.0	9	9
123.17417491264248	9.0	9	9
123.27423516846105	10.0	10	10
123.3742954242796	10.0	10	10
123.47435568009816	10.0	10	10
123.57441593591672	10.0	10	10
123.67447619173527	10.0	10	10
123.77453644755383	10.0	10	10
123.87459670337238	10.0	10	10
123.97465695919094	10.0	10	10
124.0747172150095	10.0	10	10
124.17477747082805	10.0	10	10
124.27483772664661	10.0	10	10
124.37489798246516	10.0	10	10
124.47495823828372	10.0	10	10
124.57501849410227	9.0	9	9
124.67507874992083	9.0	9	9
124.77513900573939	9.0	9	9
124.87519926155794	9.0	9	9
124.9752595173765	9.0	9	9
125.07531977319505	9.0	9	9
125.17538002901361	9.0	9	9
125.27544028483217	9.0	9	9
125.37550054065072	9.0	9	9
125.47556079646928	9.0	9	9
125.57562105228783	9.0	9	9
125.67568130810639	9.0	9	9
125.77574156392495	9.0	9	9
125.8758018197435	9.0	9	9
125.97586207556206	9.0	9	9
126.07592233138061	9.0	9	9
126.17598258719917	9.0	9	9
126.27604284301772	9.0	9	9
126.37610309883628	9.0	9	9
126.47616335465484	9.0	9	9
126.57622361047339	9.0	9	9
126.67628386629195	9.0	9	9
126.7763441221105	9.0	9	9
126.87640437792906	9.0	9	9
126.97646463374763	9.0	9	9
127.07652488956617	9.0	9	9
127.17658514538473	9.0	9	9
127.27664540120328	9.0	9	9
127.37670565702184	9.0	9	9
127.47676591284039	9.0	9	9
127.57682616865895	9.0	9	9
127.67688642447752	9.0	9	9
127.77694668029606	9.0	9	9
127.87700693611463	9.0	9	9
127.97706719193317	9.0	9	9
128.07712744775174	9.0	9	9
128.1771877035703	9.0	9	9
128.27724795938886	9.0	9	9
128.3773082152074	9.0	9	9
128.47736847102595	9.0	9	9
128.57742872684452	9.0	9	9
128.67748898266308	9.0	9	9
128.77754923848164	9.0	9	9
128.87760949430017	9.0	9	9
128.97766975011874	9.0	9	9
129.0777300059373	9.0	9	9
129.17779026175586	9.0	9	9
129.27785051757442	9.0	9	9
129.37791077339295	9.0	9	9
129.47797102921152	9.0	9	9
129.57803128503008	9.0	9	9
129.67809154084864	9.0	9	9
129.77815179666717	9.0	9	9
129.87821205248574	9.0	9	9
129.9782723083043	9.0	9	9
130.07833256412286	9.0	9	9
130.17839281994142	9.0	9	9
130.27845307575996	9.0	9	9
130.37851333157852	9.0	9	9
130.47857358739708	9.0	9	9
130.57863384321564	9.0	9	9
130.6786940990342	9.0	9	9
130.77875435485274	9.0	9	9
130.8788146106713	9.0	9	9
130.97887486648986	9.0	9	9
131.07893512230842	9.0	9	9
131.17899537812698	9.0	9	9
131.27905563394552	9.0	9	9
131.37911588976408	10.0	10	10
131.47917614558264	10.0	10	10
131.5792364014012	10.0	10	10
131.67929665721977	10.0	10	10
131.7793569130383	10.0	10	10
131.87941716885686	10.0	10	10
131.97947742467542	10.0	10	10
132.07953768049398	10.0	10	10
132.17959793631255	10.0	10	10
132.27965819213108	10.0	10	10
132.37971844794964	10.0	10	10
132.4797787037682	10.0	10	10
132.57983895958677	10.0	10	10
132.6798992154053	10.0	10	10
132.77995947122386	10.0	10	10
132.88001972704242	10.0	10	10
132.98007998286099	10.0	10	10
133.08014023867955	10.0	10	10
133.18020049449808	10.0	10	10
133.28026075031664	10.0	10	10
133.3803210061352	10.0	10	10
133.48038126195377	10.0	10	10
133.58044151777233	10.0	10	10
133.68050177359086	10.0	10	10
133.78056202940942	10.0	10	10
133.880622285228	10.0	10	10
133.98068254104655	10.0	10	10
134.0807427968651	10.0	10	10
134.18080305268364	10.0	10	10
134.2808633085022	11.0	11	11
134.38092356432077	11.0	11	11
134.48098382013933	12.0	12	12
134.5810440759579	12.0	12	12
134.68110433177642	12.0	12	12
134.781164587595	12.0	12	12
134.88122484341355	12.0	12	12
134.9812850992321	12.0	12	12
135.08134535505067	12.0	12	12
135.1814056108692	12.0	12	12
135.28146586668777	12.0	12	12
135.38152612250633	12.0	12	12
135.4815863783249	12.0	12	12
135.58164663414342	12.0	12	12
135.681706889962	12.0	12	12
135.78176714578055	11.0	11	11
135.8818274015991	11.0	11	11
135.98188765741767	11.0	11	11
136.0819479132362	11.0	11	11
136.18200816905477	11.0	11	11
136.28206842487333	11.0	11	11
136.3821286806919	11.0	11	11
136.48218893651045	11.0	11	11
136.582249192329	11.0	11	11
136.68230944814755	12.0	12	12
136.7823697039661	12.0	12	12
136.88242995978467	12.0	12	12
136.98249021560324	12.0	12	12
137.08255047142177	12.0	12	12
137.18261072724033	12.0	12	12
137.2826709830589	12.0	12	12
137.38273123887745	12.0	12	12
137.48279149469602	12.0	12	12
137.58285175051455	12.0	12	12
137.6829120063331	12.0	12	12
137.78297226215167	12.0	12	12
137.88303251797024	12.0	12	12
137.9830927737888	12.0	12	12
138.08315302960733	12.0	12	12
138.1832132854259	12.0	12	12
138.28327354124445	12.0	12	12
138.38333379706302	12.0	12	12
138.48339405288155	12.0	12	12
138.5834543087001	12.0	12	12
138.68351456451867	12.0	12	12
138.78357482033724	12.0	12	12
138.8836350761558	12.0	12	12
138.98369533197433	12.0	12	12
139.0837555877929	12.0	12	12
139.18381584361146	12.0	12	12
139.28387609943002	12.0	12	12
139.38393635524858	12.0	12	12
139.4839966110671	12.0	12	12
139.58405686688567	12.0	12	12
139.68411712270424	12.0	12	12
139.7841773785228	12.0	12	12
139.88423763434136	12.0	12	12
139.9842978901599	12.0	12	12
140.08435814597846	12.0	12	12
140.18441840179702	12.0	12	12
140.28447865761558	12.0	12	12
140.38453891343414	12.0	12	12
140.48459916925268	12.0	12	12
140.58465942507124	12.0	12	12
140.6847196808898	12.0	12	12
140.78477993670836	12.0	12	12
140.8848401925269	12.0	12	12
140.98490044834546	11.0	11	11
141.08496070416402	11.0	11	11
141.18502095998258	11.0	11	11
141.28508121580114	11.0	11	11
141.38514147161968	11.0	11	11
141.48520172743824	11.0	11	11
141.5852619832568	11.0	11	11
141.68532223907536	11.0	11	11
141.78538249489392	11.0	11	11
141.88544275071246	11.0	11	11
141.98550300653102	11.0	11	11
142.08556326234958	11.0	11	11
142.18562351816814	11.0	11	11
142.2856837739867	11.0	11	11
142.38574402980524	11.0	11	11
142.4858042856238	11.0	11	11
142.58586454144236	11.0	11	11
142.68592479726092	12.0	12	12
142.7859850530795	12.0	12	12
142.88604530889802	12.0	12	12
142.98610556471658	12.0	12	12
143.08616582053514	11.0	11	11
143.1862260763537	11.0	11	11
143.28628633217227	11.0	11	11
143.3863465879908	11.0	11	11
143.48640684380936	11.0	11	11
143.58646709962792	11.0	11	11
143.6865273554465	11.0	11	11
143.78658761126502	11.0	11	11
143.88664786708358	11.0	11	11
143.98670812290214	10.0	10	10
144.0867683787207	10.0	10	10
144.18682863453927	10.0	10	10
144.2868888903578	10.0	10	10
144.38694914617636	11.0	11	11
144.48700940199492	10.0	10	10
144.5870696578135	10.0	10	10
144.68712991363205	10.0	10	10
144.78719016945058	10.0	10	10
144.88725042526914	10.0	10	10
144.9873106810877	10.0	10	10
145.08737093690627	10.0	10	10
145.18743119272483	10.0	10	10
145.28749144854336	10.0	10	10
145.38755170436193	10.0	10	10
145.4876119601805	10.0	10	10
145.58767221599905	10.0	10	10
145.6877324718176	10.0	10	10
145.78779272763614	10.0	10	10
145.8878529834547	9.0	9	9
145.98791323927327	9.0	9	9
146.08797349509183	9.0	9	9
146.1880337509104	9.0	9	9
146.28809400672893	9.0	9	9
146.3881542625475	9.0	9	9
146.48821451836605	9.0	9	9
146.5882747741846	9.0	9	9
146.68833503000315	9.0	9	9
146.7883952858217	9.0	9	9
146.88845554164027	9.0	9	9
146.98851579745883	9.0	9	9
147.0885760532774	9.0	9	9
147.18863630909593	9.0	9	9
147.2886965649145	9.0	9	9
147.38875682073305	9.0	9	9
147.4888170765516	9.0	9	9
147.58887733237017	9.0	9	9
147.6889375881887	9.0	9	9
147.78899784400727	9.0	9	9
147.88905809982583	9.0	9	9
147.9891183556444	9.0	9	9
148.08917861146296	9.0	9	9
148.1892388672815	9.0	9	9
148.28929912310005	9.0	9	9
148.3893593789186	9.0	9	9
148.48941963473717	9.0	9	9
148.58947989055574	9.0	9	9
148.68954014637427	9.0	9	9
148.78960040219283	9.0	9	9
148.8896606580114	9.0	9	9
148.98972091382996	9.0	9	9
149.08978116964852	9.0	9	9
149.18984142546705	9.0	9	9
149.2899016812856	9.0	9	9
149.38996193710418	9.0	9	9
149.49002219292274	9.0	9	9
149.59008244874127	9.0	9	9
149.69014270455983	9.0	9	9
149.7902029603784	9.0	9	9
149.89026321619696	9.0	9	9
149.99032347201552	9.0	9	9
150.09038372783405	9.0	9	9
150.1904439836526	9.0	9	9
150.29050423947118	9.0	9	9
150.39056449528974	9.0	9	9
150.4906247511083	9.0	9	9
150.59068500692683	9.0	9	9
150.6907452627454	9.0	9	9
150.79080551856396	9.0	9	9
150.89086577438252	8.0	8	8
150.99092603020108	8.0	8	8
151.09098628601961	8.0	8	8
151.19104654183818	8.0	8	8
151.29110679765674	8.0	8	8
151.3911670534753	8.0	8	8
151.49122730929386	8.0	8	8
151.5912875651124	8.0	8	8
151.69134782093096	8.0	8	8
151.79140807674952	8.0	8	8
151.89146833256808	8.0	8	8
151.99152858838664	8.0	8	8
152.09158884420518	8.0	8	8
152.19164910002374	8.0	8	8
152.2917093558423	8.0	8	8
152.39176961166086	8.0	8	8
152.4918298674794	8.0	8	8
152.59189012329796	8.0	8	8
152.69195037911652	8.0	8	8
152.79201063493508	8.0	8	8
152.89207089075364	8.0	8	8
152.99213114657218	8.0	8	8
153.09219140239074	8.0	8	8
153.1922516582093	8.0	8	8
153.29231191402786	8.0	8	8
153.39237216984642	8.0	8	8
153.49243242566496	8.0	8	8
153.59249268148352	8.0	8	8
153.69255293730208	8.0	8	8
153.79261319312064	8.0	8	8
153.8926734489392	8.0	8	8
153.99273370475774	8.0	8	8
154.0927939605763	9.0	9	9
154.19285421639486	9.0	9	9
154.29291447221343	9.0	9	9
154.392974728032	9.0	9	9
154.49303498385052	9.0	9	9
154.59309523966908	9.0	9	9
154.69315549548764	9.0	9	9
154.7932157513062	9.0	9	9
154.89327600712477	9.0	9	9
154.9933362629433	9.0	9	9
155.09339651876186	9.0	9	9
155.19345677458043	9.0	9	9
155.293517030399	9.0	9	9
155.39357728621752	9.0	9	9
155.49363754203608	9.0	9	9
155.59369779785465	9.0	9	9
155.6937580536732	9.0	9	9
155.79381830949177	9.0	9	9
155.8938785653103	8.0	8	8
155.99393882112886	8.0	8	8
156.09399907694743	8.0	8	8
156.194059332766	8.0	8	8
156.29411958858455	8.0	8	8
156.39417984440308	8.0	8	8
156.49424010022165	8.0	8	8
156.5943003560402	8.0	8	8
156.69436061185877	8.0	8	8
156.79442086767733	8.0	8	8
156.89448112349586	8.0	8	8
156.99454137931443	8.0	8	8
157.094601635133	8.0	8	8
157.19466189095155	8.0	8	8
157.2947221467701	8.0	8	8
157.39478240258865	8.0	8	8
157.4948426584072	7.0	7	7
157.59490291422577	7.0	7	7
157.69496317004433	7.0	7	7
157.7950234258629	7.0	7	7
157.89508368168143	7.0	7	7
157.9951439375	7.0	7	7
158.09520419331855	7.0	7	7
158.1952644491371	7.0	7	7
158.29532470495565	7.0	7	7
158.3953849607742	7.0	7	7
158.49544521659277	7.0	7	7
158.59550547241133	7.0	7	7
158.6955657282299	6.0	6	6
158.79562598404843	6.0	6	6
158.895686239867	6.0	6	6
158.99574649568555	6.0	6	6
159.0958067515041	6.0	6	6
159.19586700732268	6.0	6	6
159.2959272631412	6.0	6	6
159.39598751895977	6.0	6	6
159.49604777477833	6.0	6	6
159.5961080305969	6.0	6	6
159.69616828641546	6.0	6	6
159.796228542234	6.0	6	6
159.89628879805255	6.0	6	6
159.9963490538711	6.0	6	6
160.09640930968968	6.0	6	6
160.19646956550824	6.0	6	6
160.29652982132677	6.0	6	6
160.39659007714533	6.0	6	6
160.4966503329639	6.0	6	6
160.59671058878246	6.0	6	6
160.69677084460102	6.0	6	6
160.79683110041955	6.0	6	6
160.89689135623811	6.0	6	6
160.99695161205668	6.0	6	6
161.09701186787524	6.0	6	6
161.19707212369377	5.0	5	5
161.29713237951233	5.0	5	5
161.3971926353309	5.0	5	5
161.49725289114946	5.0	5	5
161.59731314696802	5.0	5	5
161.69737340278655	5.0	5	5
161.79743365860512	5.0	5	5
161.89749391442368	5.0	5	5
161.99755417024224	5.0	5	5
162.0976144260608	5.0	5	5
162.19767468187933	5.0	5	5
162.2977349376979	5.0	5	5
162.39779519351646	5.0	5	5
162.49785544933502	5.0	5	5
162.59791570515358	5.0	5	5
162.69797596097212	5.0	5	5
162.79803621679068	5.0	5	5
162.89809647260924	5.0	5	5
162.9981567284278	5.0	5	5
163.09821698424636	5.0	5	5
163.1982772400649	5.0	5	5
163.29833749588346	5.0	5	5
163.39839775170202	5.0	5	5
163.49845800752058	5.0	5	5
163.59851826333914	5.0	5	5
163.69857851915768	5.0	5	5
163.79863877497624	5.0	5	5
163.8986990307948	5.0	5	5
163.99875928661336	5.0	5	5
164.0988195424319	5.0	5	5
164.19887979825046	5.0	5	5
164.29894005406902	5.0	5	5
164.39900030988758	5.0	5	5
164.49906056570615	5.0	5	5
164.59912082152468	5.0	5	5
164.69918107734324	5.0	5	5
164.7992413331618	5.0	5	5
164.89930158898036	5.0	5	5
164.99936184479893	5.0	5	5
165.09942210061746	5.0	5	5
165.19948235643602	5.0	5	5
165.29954261225458	5.0	5	5
165.39960286807315	5.0	5	5
165.4996631238917	5.0	5	5
165.59972337971024	5.0	5	5
165.6997836355288	5.0	5	5
165.79984389134736	6.0	6	6
165.89990414716593	6.0	6	6
165.9999644029845	6.0	6	6
166.10002465880302	6.0	6	6
166.20008491462158	6.0	6	6
166.30014517044015	7.0	7	7
166.4002054262587	7.0	7	7
166.50026568207727	7.0	7	7
166.6003259378958	7.0	7	7
166.70038619371437	7.0	7	7
166.80044644953293	7.0	7	7
166.9005067053515	7.0	7	7
167.00056696117002	7.0	7	7
167.10062721698858	7.0	7	7
167.20068747280715	7.0	7	7
167.3007477286257	7.0	7	7
167.40080798444427	7.0	7	7
167.5008682402628	7.0	7	7
167.60092849608137	7.0	7	7
167.70098875189993	7.0	7	7
167.8010490077185	7.0	7	7
167.90110926353705	7.0	7	7
168.00116951935559	7.0	7	7
168.10122977517415	7.0	7	7
168.2012900309927	7.0	7	7
168.30135028681127	7.0	7	7
168.40141054262983	7.0	7	7
168.50147079844837	7.0	7	7
168.60153105426693	7.0	7	7
168.7015913100855	6.0	6	6
168.80165156590405	6.0	6	6
168.9017118217226	6.0	6	6
169.00177207754115	6.0	6	6
169.1018323333597	6.0	6	6
169.20189258917827	6.0	6	6
169.30195284499683	6.0	6	6
169.40201310081537	6.0	6	6
169.50207335663393	6.0	6	6
169.6021336124525	6.0	6	6
169.70219386827105	7.0	7	7
169.80225412408961	7.0	7	7
169.90231437990815	6.0	6	6
170.0023746357267	6.0	6	6
170.10243489154527	6.0	6	6
170.20249514736383	6.0	6	6
170.3025554031824	6.0	6	6
170.40261565900093	6.0	6	6
170.5026759148195	6.0	6	6
170.60273617063805	6.0	6	6
170.70279642645662	6.0	6	6
170.80285668227518	5.0	5	5
170.9029169380937	5.0	5	5
171.00297719391227	5.0	5	5
171.10303744973083	5.0	5	5
171.2030977055494	5.0	5	5
171.30315796136796	5.0	5	5
171.4032182171865	5.0	5	5
171.50327847300505	5.0	5	5
171.60333872882362	5.0	5	5
171.70339898464218	5.0	5	5
171.80345924046074	5.0	5	5
171.90351949627927	5.0	5	5
172.00357975209783	5.0	5	5
172.1036400079164	5.0	5	5
172.20370026373496	5.0	5	5
172.3037605195535	4.0	4	4
172.40382077537205	4.0	4	4
172.50388103119062	4.0	4	4
172.60394128700918	4.0	4	4
172.70400154282774	4.0	4	4
172.80406179864627	4.0	4	4
172.90412205446484	4.0	4	4
173.0041823102834	4.0	4	4
173.10424256610196	4.0	4	4
173.20430282192052	4.0	4	4
173.30436307773905	4.0	4	4
173.40442333355762	4.0	4	4
173.50448358937618	4.0	4	4
173.60454384519474	4.0	4	4
173.7046041010133	4.0	4	4
173.80466435683184	4.0	4	4
173.9047246126504	4.0	4	4
174.00478486846896	4.0	4	4
174.10484512428752	4.0	4	4
174.20490538010608	4.0	4	4
174.30496563592462	4.0	4	4
174.40502589174318	4.0	4	4
174.50508614756174	4.0	4	4
174.6051464033803	4.0	4	4
174.70520665919886	4.0	4	4
174.8052669150174	4.0	4	4
174.90532717083596	4.0	4	4
175.00538742665452	4.0	4	4
175.10544768247308	4.0	4	4
175.20550793829162	4.0	4	4
175.30556819411018	4.0	4	4
175.40562844992874	4.0	4	4
175.5056887057473	4.0	4	4
175.60574896156587	4.0	4	4
175.7058092173844	4.0	4	4
175.80586947320296	4.0	4	4
175.90592972902152	4.0	4	4
176.00598998484008	4.0	4	4
176.10605024065865	4.0	4	4
176.20611049647718	4.0	4	4
176.30617075229574	4.0	4	4
176.4062310081143	4.0	4	4
176.50629126393287	4.0	4	4
176.60635151975143	4.0	4	4
176.70641177556996	4.0	4	4
176.80647203138852	4.0	4	4
176.90653228720709	4.0	4	4
177.00659254302565	4.0	4	4
177.1066527988442	4.0	4	4
177.20671305466274	4.0	4	4
177.3067733104813	4.0	4	4
177.40683356629987	4.0	4	4
177.50689382211843	4.0	4	4
177.606954077937	4.0	4	4
177.70701433375552	4.0	4	4
177.80707458957409	4.0	4	4
177.90713484539265	4.0	4	4
178.0071951012112	4.0	4	4
178.10725535702974	4.0	4	4
178.2073156128483	4.0	4	4
178.30737586866687	4.0	4	4
178.40743612448543	4.0	4	4
178.507496380304	4.0	4	4
178.60755663612252	4.0	4	4
178.7076168919411	4.0	4	4
178.80767714775965	4.0	4	4
178.9077374035782	4.0	4	4
179.00779765939677	4.0	4	4
179.1078579152153	4.0	4	4
179.20791817103387	4.0	4	4
179.30797842685243	4.0	4	4
179.408038682671	4.0	4	4
179.50809893848955	4.0	4	4
179.6081591943081	4.0	4	4
179.70821945012665	4.0	4	4
179.8082797059452	4.0	4	4
179.90833996176377	4.0	4	4
180.00840021758233	4.0	4	4
180.10846047340087	4.0	4	4
180.20852072921943	4.0	4	4
180.308580985038	4.0	4	4
180.40864124085655	4.0	4	4
180.50870149667512	4.0	4	4
180.60876175249365	4.0	4	4
180.7088220083122	3.0	3	3
180.80888226413077	3.0	3	3
180.90894251994933	3.0	3	3
181.00900277576787	3.0	3	3
181.10906303158643	3.0	3	3
181.209123287405	2.0	2	2
181.30918354322355	2.0	2	2
181.40924379904212	2.0	2	2
181.50930405486065	2.0	2	2
181.6093643106792	2.0	2	2
181.70942456649777	2.0	2	2
181.80948482231634	2.0	2	2
181.9095450781349	2.0	2	2
182.00960533395343	2.0	2	2
182.109665589772	2.0	2	2
182.20972584559055	2.0	2	2
182.30978610140912	2.0	2	2
182.40984635722768	2.0	2	2
182.5099066130462	2.0	2	2
182.60996686886477	2.0	2	2
182.71002712468334	2.0	2	2
182.8100873805019	2.0	2	2
182.91014763632046	2.0	2	2
183.010207892139	2.0	2	2
183.11026814795756	2.0	2	2
183.21032840377612	2.0	2	2
183.31038865959468	2.0	2	2
183.41044891541324	2.0	2	2
183.51050917123177	2.0	2	2
183.61056942705034	2.0	2	2
183.7106296828689	2.0	2	2
183.81068993868746	2.0	2	2
183.910750194506	2.0	2	2
184.01081045032456	2.0	2	2
184.11087070614312	2.0	2	2
184.21093096196168	2.0	2	2
184.31099121778024	2.0	2	2
184.41105147359877	2.0	2	2
184.51111172941734	2.0	2	2
184.6111719852359	1.0	1	1
184.71123224105446	1.0	1	1
184.81129249687302	1.0	1	1
184.91135275269156	1.0	1	1
185.01141300851012	1.0	1	1
185.11147326432868	1.0	1	1
185.21153352014724	1.0	1	1
