time	diversity	m_div	M_div
0.0	10.0	10	10
0.100106197739072	10.0	10	10
0.200212395478144	10.0	10	10
0.300318593217216	10.0	10	10
0.400424790956288	10.0	10	10
0.5005309886953601	10.0	10	10
0.600637186434432	10.0	10	10
0.700743384173504	10.0	10	10
0.800849581912576	10.0	10	10
0.9009557796516481	10.0	10	10
1.0010619773907201	10.0	10	10
1.1011681751297921	10.0	10	10
1.201274372868864	10.0	10	10
1.301380570607936	10.0	10	10
1.401486768347008	10.0	10	10
1.50159296608608	10.0	10	10
1.601699163825152	10.0	10	10
1.7018053615642241	10.0	10	10
1.8019115593032962	10.0	10	10
1.9020177570423682	10.0	10	10
2.0021239547814402	10.0	10	10
2.1022301525205123	10.0	10	10
2.2023363502595843	10.0	10	10
2.3024425479986563	10.0	10	10
2.402548745737728	10.0	10	10
2.5026549434768	10.0	10	10
2.602761141215872	10.0	10	10
2.702867338954944	10.0	10	10
2.802973536694016	10.0	10	10
2.903079734433088	10.0	10	10
3.00318593217216	10.0	10	10
3.103292129911232	10.0	10	10
3.203398327650304	10.0	10	10
3.3035045253893762	10.0	10	10
3.4036107231284483	10.0	10	10
3.5037169208675203	10.0	10	10
3.6038231186065923	10.0	10	10
3.7039293163456644	10.0	10	10
3.8040355140847364	10.0	10	10
3.9041417118238084	10.0	10	10
4.0042479095628805	10.0	10	10
4.104354107301952	10.0	10	10
4.2044603050410245	10.0	10	10
4.304566502780096	10.0	10	10
4.404672700519169	10.0	10	10
4.50477889825824	10.0	10	10
4.604885095997313	10.0	10	10
4.704991293736384	10.0	10	10
4.805097491475456	10.0	10	10
4.905203689214528	10.0	10	10
5.0053098869536	10.0	10	10
5.105416084692672	10.0	10	10
5.205522282431744	10.0	10	10
5.3056284801708165	10.0	10	10
5.405734677909888	10.0	10	10
5.5058408756489605	10.0	10	10
5.605947073388032	10.0	10	10
5.706053271127105	10.0	10	10
5.806159468866176	10.0	10	10
5.906265666605249	10.0	10	10
6.00637186434432	10.0	10	10
6.106478062083393	10.0	10	10
6.206584259822464	10.0	10	10
6.306690457561537	10.0	10	10
6.406796655300608	10.0	10	10
6.50690285303968	10.0	10	10
6.6070090507787524	10.0	10	10
6.707115248517824	10.0	10	10
6.8072214462568965	10.0	10	10
6.907327643995968	10.0	10	10
7.007433841735041	10.0	10	10
7.107540039474112	10.0	10	10
7.207646237213185	10.0	10	10
7.307752434952256	10.0	10	10
7.407858632691329	10.0	10	10
7.5079648304304	10.0	10	10
7.608071028169473	10.0	10	10
7.708177225908544	10.0	10	10
7.808283423647617	10.0	10	10
7.908389621386688	10.0	10	10
8.008495819125761	10.0	10	10
8.108602016864833	10.0	10	10
8.208708214603904	10.0	10	10
8.308814412342976	10.0	10	10
8.408920610082049	10.0	10	10
8.50902680782112	10.0	10	10
8.609133005560192	10.0	10	10
8.709239203299264	10.0	10	10
8.809345401038337	10.0	10	10
8.909451598777409	10.0	10	10
9.00955779651648	10.0	10	10
9.109663994255552	10.0	10	10
9.209770191994625	10.0	10	10
9.309876389733697	10.0	10	10
9.409982587472769	10.0	10	10
9.51008878521184	10.0	10	10
9.610194982950912	10.0	10	10
9.710301180689985	10.0	10	10
9.810407378429057	10.0	10	10
9.910513576168128	10.0	10	10
10.0106197739072	10.0	10	10
10.110725971646273	10.0	10	10
10.210832169385345	10.0	10	10
10.310938367124416	10.0	10	10
10.411044564863488	10.0	10	10
10.511150762602561	10.0	10	10
10.611256960341633	10.0	10	10
10.711363158080704	10.0	10	10
10.811469355819776	10.0	10	10
10.91157555355885	10.0	10	10
11.011681751297921	10.0	10	10
11.111787949036993	10.0	10	10
11.211894146776064	10.0	10	10
11.312000344515136	10.0	10	10
11.41210654225421	10.0	10	10
11.51221273999328	10.0	10	10
11.612318937732352	10.0	10	10
11.712425135471424	10.0	10	10
11.812531333210497	10.0	10	10
11.912637530949569	10.0	10	10
12.01274372868864	10.0	10	10
12.112849926427712	10.0	10	10
12.212956124166785	10.0	10	10
12.313062321905857	10.0	10	10
12.413168519644929	10.0	10	10
12.513274717384	10.0	10	10
12.613380915123074	10.0	10	10
12.713487112862145	10.0	10	10
12.813593310601217	10.0	10	10
12.913699508340288	10.0	10	10
13.01380570607936	10.0	10	10
13.113911903818433	10.0	10	10
13.214018101557505	10.0	10	10
13.314124299296576	10.0	10	10
13.414230497035648	10.0	10	10
13.514336694774721	10.0	10	10
13.614442892513793	10.0	10	10
13.714549090252865	10.0	10	10
13.814655287991936	10.0	10	10
13.91476148573101	10.0	10	10
14.014867683470081	10.0	10	10
14.114973881209153	10.0	10	10
14.215080078948224	10.0	10	10
14.315186276687298	10.0	10	10
14.41529247442637	10.0	10	10
14.51539867216544	10.0	10	10
14.615504869904512	10.0	10	10
14.715611067643584	10.0	10	10
14.815717265382657	10.0	10	10
14.915823463121729	10.0	10	10
15.0159296608608	10.0	10	10
15.116035858599872	10.0	10	10
15.216142056338946	10.0	10	10
15.316248254078017	10.0	10	10
15.416354451817089	10.0	10	10
15.51646064955616	10.0	10	10
15.616566847295234	10.0	10	10
15.716673045034305	10.0	10	10
15.816779242773377	10.0	10	10
15.916885440512448	10.0	10	10
16.016991638251522	10.0	10	10
16.11709783599059	10.0	10	10
16.217204033729665	10.0	10	10
16.31731023146874	10.0	10	10
16.417416429207808	10.0	10	10
16.51752262694688	10.0	10	10
16.61762882468595	10.0	10	10
16.717735022425025	10.0	10	10
16.817841220164098	10.0	10	10
16.917947417903168	10.0	10	10
17.01805361564224	10.0	10	10
17.118159813381315	10.0	10	10
17.218266011120384	10.0	10	10
17.318372208859458	10.0	10	10
17.418478406598528	10.0	10	10
17.5185846043376	10.0	10	10
17.618690802076674	10.0	10	10
17.718796999815744	10.0	10	10
17.818903197554818	10.0	10	10
17.919009395293887	10.0	10	10
18.01911559303296	10.0	10	10
18.119221790772034	11.0	11	11
18.219327988511104	11.0	11	11
18.319434186250177	11.0	11	11
18.41954038398925	11.0	11	11
18.51964658172832	11.0	11	11
18.619752779467394	11.0	11	11
18.719858977206464	11.0	11	11
18.819965174945537	11.0	11	11
18.92007137268461	11.0	11	11
19.02017757042368	11.0	11	11
19.120283768162754	11.0	11	11
19.220389965901823	11.0	11	11
19.320496163640897	11.0	11	11
19.42060236137997	11.0	11	11
19.52070855911904	11.0	11	11
19.620814756858113	11.0	11	11
19.720920954597187	11.0	11	11
19.821027152336256	11.0	11	11
19.92113335007533	11.0	11	11
20.0212395478144	11.0	11	11
20.121345745553473	11.0	11	11
20.221451943292546	11.0	11	11
20.321558141031616	11.0	11	11
20.42166433877069	11.0	11	11
20.521770536509763	11.0	11	11
20.621876734248833	11.0	11	11
20.721982931987906	11.0	11	11
20.822089129726976	11.0	11	11
20.92219532746605	11.0	11	11
21.022301525205123	11.0	11	11
21.122407722944192	11.0	11	11
21.222513920683266	11.0	11	11
21.322620118422336	11.0	11	11
21.42272631616141	11.0	11	11
21.522832513900482	11.0	11	11
21.622938711639552	11.0	11	11
21.723044909378626	11.0	11	11
21.8231511071177	11.0	11	11
21.92325730485677	11.0	11	11
22.023363502595842	11.0	11	11
22.123469700334912	11.0	11	11
22.223575898073985	11.0	11	11
22.32368209581306	11.0	11	11
22.42378829355213	11.0	11	11
22.523894491291202	11.0	11	11
22.62400068903027	11.0	11	11
22.724106886769345	11.0	11	11
22.82421308450842	11.0	11	11
22.924319282247488	11.0	11	11
23.02442547998656	11.0	11	11
23.124531677725635	11.0	11	11
23.224637875464705	11.0	11	11
23.324744073203778	11.0	11	11
23.424850270942848	11.0	11	11
23.52495646868192	11.0	11	11
23.625062666420995	11.0	11	11
23.725168864160064	11.0	11	11
23.825275061899138	11.0	11	11
23.92538125963821	11.0	11	11
24.02548745737728	11.0	11	11
24.125593655116354	11.0	11	11
24.225699852855424	11.0	11	11
24.325806050594498	11.0	11	11
24.42591224833357	11.0	11	11
24.52601844607264	11.0	11	11
24.626124643811714	11.0	11	11
24.726230841550784	11.0	11	11
24.826337039289857	11.0	11	11
24.92644323702893	11.0	11	11
25.026549434768	11.0	11	11
25.126655632507074	11.0	11	11
25.226761830246147	11.0	11	11
25.326868027985217	11.0	11	11
25.42697422572429	11.0	11	11
25.52708042346336	11.0	11	11
25.627186621202434	11.0	11	11
25.727292818941507	11.0	11	11
25.827399016680577	11.0	11	11
25.92750521441965	11.0	11	11
26.02761141215872	11.0	11	11
26.127717609897793	11.0	11	11
26.227823807636867	11.0	11	11
26.327930005375936	11.0	11	11
26.42803620311501	11.0	11	11
26.528142400854083	11.0	11	11
26.628248598593153	11.0	11	11
26.728354796332226	11.0	11	11
26.828460994071296	11.0	11	11
26.92856719181037	11.0	11	11
27.028673389549443	11.0	11	11
27.128779587288513	11.0	11	11
27.228885785027586	11.0	11	11
27.328991982766656	11.0	11	11
27.42909818050573	11.0	11	11
27.529204378244803	11.0	11	11
27.629310575983872	11.0	11	11
27.729416773722946	11.0	11	11
27.82952297146202	11.0	11	11
27.92962916920109	11.0	11	11
28.029735366940162	11.0	11	11
28.129841564679232	11.0	11	11
28.229947762418306	11.0	11	11
28.33005396015738	11.0	11	11
28.43016015789645	11.0	11	11
28.530266355635522	11.0	11	11
28.630372553374595	11.0	11	11
28.730478751113665	11.0	11	11
28.83058494885274	12.0	12	12
28.93069114659181	12.0	12	12
29.03079734433088	12.0	12	12
29.130903542069955	12.0	12	12
29.231009739809025	12.0	12	12
29.3311159375481	12.0	12	12
29.431222135287168	12.0	12	12
29.53132833302624	12.0	12	12
29.631434530765315	12.0	12	12
29.731540728504385	12.0	12	12
29.831646926243458	12.0	12	12
29.93175312398253	12.0	12	12
30.0318593217216	12.0	12	12
30.131965519460675	12.0	12	12
30.232071717199744	12.0	12	12
30.332177914938818	12.0	12	12
30.43228411267789	12.0	12	12
30.53239031041696	12.0	12	12
30.632496508156034	12.0	12	12
30.732602705895104	12.0	12	12
30.832708903634177	12.0	12	12
30.93281510137325	12.0	12	12
31.03292129911232	12.0	12	12
31.133027496851394	12.0	12	12
31.233133694590467	12.0	12	12
31.333239892329537	12.0	12	12
31.43334609006861	12.0	12	12
31.53345228780768	12.0	12	12
31.633558485546754	12.0	12	12
31.733664683285827	12.0	12	12
31.833770881024897	12.0	12	12
31.93387707876397	12.0	12	12
32.033983276503044	12.0	12	12
32.13408947424212	12.0	12	12
32.23419567198118	12.0	12	12
32.33430186972026	12.0	12	12
32.43440806745933	12.0	12	12
32.5345142651984	12.0	12	12
32.63462046293748	12.0	12	12
32.73472666067654	12.0	12	12
32.834832858415616	12.0	12	12
32.93493905615469	12.0	12	12
33.03504525389376	12.0	12	12
33.13515145163284	12.0	12	12
33.2352576493719	12.0	12	12
33.335363847110976	12.0	12	12
33.43547004485005	12.0	12	12
33.53557624258912	12.0	12	12
33.635682440328196	12.0	12	12
33.73578863806726	12.0	12	12
33.835894835806336	12.0	12	12
33.93600103354541	12.0	12	12
34.03610723128448	12.0	12	12
34.136213429023556	12.0	12	12
34.23631962676263	12.0	12	12
34.336425824501696	12.0	12	12
34.43653202224077	12.0	12	12
34.53663821997984	12.0	12	12
34.636744417718916	12.0	12	12
34.73685061545799	12.0	12	12
34.836956813197055	12.0	12	12
34.93706301093613	12.0	12	12
35.0371692086752	12.0	12	12
35.137275406414275	12.0	12	12
35.23738160415335	12.0	12	12
35.337487801892415	12.0	12	12
35.43759399963149	12.0	12	12
35.53770019737056	12.0	12	12
35.637806395109635	12.0	12	12
35.73791259284871	12.0	12	12
35.838018790587775	12.0	12	12
35.93812498832685	12.0	12	12
36.03823118606592	13.0	13	13
36.138337383804995	13.0	13	13
36.23844358154407	13.0	13	13
36.33854977928314	13.0	13	13
36.43865597702221	13.0	13	13
36.53876217476128	13.0	13	13
36.638868372500355	13.0	13	13
36.73897457023943	13.0	13	13
36.8390807679785	13.0	13	13
36.93918696571757	14.0	14	14
37.03929316345664	14.0	14	14
37.139399361195714	14.0	14	14
37.23950555893479	14.0	14	14
37.33961175667386	14.0	14	14
37.43971795441293	14.0	14	14
37.539824152152	14.0	14	14
37.639930349891074	14.0	14	14
37.74003654763015	14.0	14	14
37.84014274536922	14.0	14	14
37.94024894310829	14.0	14	14
38.04035514084736	14.0	14	14
38.140461338586434	15.0	15	15
38.24056753632551	15.0	15	15
38.34067373406458	15.0	15	15
38.44077993180365	15.0	15	15
38.54088612954272	15.0	15	15
38.64099232728179	15.0	15	15
38.74109852502087	15.0	15	15
38.84120472275994	15.0	15	15
38.94131092049901	15.0	15	15
39.04141711823808	15.0	15	15
39.14152331597715	15.0	15	15
39.24162951371623	15.0	15	15
39.3417357114553	15.0	15	15
39.44184190919437	15.0	15	15
39.54194810693344	15.0	15	15
39.64205430467251	15.0	15	15
39.742160502411586	15.0	15	15
39.84226670015066	15.0	15	15
39.94237289788973	15.0	15	15
40.0424790956288	15.0	15	15
40.14258529336787	16.0	16	16
40.242691491106946	16.0	16	16
40.34279768884602	16.0	16	16
40.44290388658509	16.0	16	16
40.54301008432416	16.0	16	16
40.64311628206323	16.0	16	16
40.743222479802306	16.0	16	16
40.84332867754138	16.0	16	16
40.94343487528045	16.0	16	16
41.043541073019526	16.0	16	16
41.14364727075859	16.0	16	16
41.243753468497665	16.0	16	16
41.34385966623674	16.0	16	16
41.44396586397581	16.0	16	16
41.544072061714886	16.0	16	16
41.64417825945395	17.0	17	17
41.744284457193025	17.0	17	17
41.8443906549321	17.0	17	17
41.94449685267117	17.0	17	17
42.044603050410245	17.0	17	17
42.14470924814931	17.0	17	17
42.244815445888385	17.0	17	17
42.34492164362746	17.0	17	17
42.44502784136653	17.0	17	17
42.545134039105605	17.0	17	17
42.64524023684467	17.0	17	17
42.745346434583745	17.0	17	17
42.84545263232282	17.0	17	17
42.94555883006189	17.0	17	17
43.045665027800965	17.0	17	17
43.14577122554004	17.0	17	17
43.245877423279104	17.0	17	17
43.34598362101818	17.0	17	17
43.44608981875725	17.0	17	17
43.546196016496324	17.0	17	17
43.6463022142354	17.0	17	17
43.746408411974464	17.0	17	17
43.84651460971354	17.0	17	17
43.94662080745261	17.0	17	17
44.046727005191684	17.0	17	17
44.14683320293076	17.0	17	17
44.246939400669824	17.0	17	17
44.3470455984089	17.0	17	17
44.44715179614797	17.0	17	17
44.547257993887044	16.0	16	16
44.64736419162612	16.0	16	16
44.74747038936518	16.0	16	16
44.84757658710426	16.0	16	16
44.94768278484333	17.0	17	17
45.047788982582404	17.0	17	17
45.14789518032148	17.0	17	17
45.24800137806054	17.0	17	17
45.34810757579962	17.0	17	17
45.44821377353869	17.0	17	17
45.54831997127776	17.0	17	17
45.64842616901684	17.0	17	17
45.74853236675591	17.0	17	17
45.848638564494976	17.0	17	17
45.94874476223405	17.0	17	17
46.04885095997312	17.0	17	17
46.148957157712196	17.0	17	17
46.24906335545127	17.0	17	17
46.349169553190336	17.0	17	17
46.44927575092941	17.0	17	17
46.54938194866848	17.0	17	17
46.649488146407556	17.0	17	17
46.74959434414663	17.0	17	17
46.849700541885696	17.0	17	17
46.94980673962477	17.0	17	17
47.04991293736384	17.0	17	17
47.150019135102916	17.0	17	17
47.25012533284199	17.0	17	17
47.350231530581055	17.0	17	17
47.45033772832013	17.0	17	17
47.5504439260592	17.0	17	17
47.650550123798276	17.0	17	17
47.75065632153735	17.0	17	17
47.85076251927642	17.0	17	17
47.95086871701549	17.0	17	17
48.05097491475456	17.0	17	17
48.151081112493635	16.0	16	16
48.25118731023271	16.0	16	16
48.35129350797178	16.0	16	16
48.45139970571085	16.0	16	16
48.55150590344992	16.0	16	16
48.651612101188995	16.0	16	16
48.75171829892807	16.0	16	16
48.85182449666714	16.0	16	16
48.95193069440621	16.0	16	16
49.05203689214528	16.0	16	16
49.152143089884355	16.0	16	16
49.25224928762343	16.0	16	16
49.3523554853625	16.0	16	16
49.45246168310157	16.0	16	16
49.55256788084064	16.0	16	16
49.652674078579714	16.0	16	16
49.75278027631879	16.0	16	16
49.85288647405786	16.0	16	16
49.95299267179693	16.0	16	16
50.053098869536	16.0	16	16
50.153205067275074	16.0	16	16
50.25331126501415	16.0	16	16
50.35341746275322	16.0	16	16
50.453523660492294	16.0	16	16
50.55362985823136	16.0	16	16
50.653736055970434	16.0	16	16
50.75384225370951	16.0	16	16
50.85394845144858	16.0	16	16
50.954054649187654	16.0	16	16
51.05416084692672	17.0	17	17
51.154267044665794	17.0	17	17
51.25437324240487	17.0	17	17
51.35447944014394	17.0	17	17
51.454585637883014	16.0	16	16
51.55469183562208	16.0	16	16
51.65479803336115	16.0	16	16
51.75490423110023	16.0	16	16
51.8550104288393	16.0	16	16
51.95511662657837	16.0	16	16
52.05522282431744	16.0	16	16
52.15532902205651	16.0	16	16
52.25543521979559	16.0	16	16
52.35554141753466	16.0	16	16
52.45564761527373	17.0	17	17
52.55575381301281	17.0	17	17
52.65586001075187	17.0	17	17
52.755966208490946	17.0	17	17
52.85607240623002	17.0	17	17
52.95617860396909	17.0	17	17
53.056284801708166	16.0	16	16
53.15639099944723	16.0	16	16
53.256497197186306	16.0	16	16
53.35660339492538	16.0	16	16
53.45670959266445	16.0	16	16
53.556815790403526	16.0	16	16
53.65692198814259	16.0	16	16
53.757028185881666	16.0	16	16
53.85713438362074	16.0	16	16
53.95724058135981	15.0	15	15
54.057346779098886	15.0	15	15
54.15745297683795	15.0	15	15
54.257559174577025	15.0	15	15
54.3576653723161	15.0	15	15
54.45777157005517	15.0	15	15
54.557877767794245	15.0	15	15
54.65798396553331	15.0	15	15
54.758090163272385	15.0	15	15
54.85819636101146	15.0	15	15
54.95830255875053	14.0	14	14
55.058408756489605	14.0	14	14
55.15851495422868	14.0	14	14
55.258621151967745	14.0	14	14
55.35872734970682	14.0	14	14
55.45883354744589	14.0	14	14
55.558939745184965	14.0	14	14
55.65904594292404	13.0	13	13
55.759152140663105	13.0	13	13
55.85925833840218	13.0	13	13
55.95936453614125	13.0	13	13
56.059470733880325	13.0	13	13
56.1595769316194	13.0	13	13
56.259683129358464	13.0	13	13
56.35978932709754	13.0	13	13
56.45989552483661	13.0	13	13
56.560001722575684	13.0	13	13
56.66010792031476	13.0	13	13
56.760214118053824	13.0	13	13
56.8603203157929	13.0	13	13
56.96042651353197	13.0	13	13
57.060532711271044	13.0	13	13
57.16063890901012	13.0	13	13
57.26074510674919	13.0	13	13
57.36085130448826	13.0	13	13
57.46095750222733	13.0	13	13
57.561063699966404	13.0	13	13
57.66116989770548	13.0	13	13
57.76127609544455	13.0	13	13
57.86138229318362	13.0	13	13
57.96148849092269	13.0	13	13
58.06159468866176	12.0	12	12
58.16170088640084	12.0	12	12
58.26180708413991	12.0	12	12
58.36191328187898	12.0	12	12
58.46201947961805	12.0	12	12
58.56212567735712	12.0	12	12
58.6622318750962	12.0	12	12
58.76233807283527	12.0	12	12
58.862444270574336	12.0	12	12
58.96255046831341	12.0	12	12
59.06265666605248	12.0	12	12
59.162762863791556	12.0	12	12
59.26286906153063	12.0	12	12
59.362975259269696	12.0	12	12
59.46308145700877	13.0	13	13
59.56318765474784	13.0	13	13
59.663293852486916	13.0	13	13
59.76340005022599	13.0	13	13
59.86350624796506	13.0	13	13
59.96361244570413	13.0	13	13
60.0637186434432	11.0	11	11
60.163824841182276	11.0	11	11
60.26393103892135	11.0	11	11
60.36403723666042	11.0	11	11
60.46414343439949	11.0	11	11
60.56424963213856	11.0	11	11
60.664355829877636	11.0	11	11
60.76446202761671	11.0	11	11
60.86456822535578	11.0	11	11
60.96467442309485	11.0	11	11
61.06478062083392	11.0	11	11
61.164886818572995	11.0	11	11
61.26499301631207	11.0	11	11
61.36509921405114	11.0	11	11
61.46520541179021	11.0	11	11
61.56531160952928	11.0	11	11
61.665417807268355	11.0	11	11
61.76552400500743	11.0	11	11
61.8656302027465	11.0	11	11
61.965736400485575	11.0	11	11
62.06584259822464	11.0	11	11
62.165948795963715	11.0	11	11
62.26605499370279	11.0	11	11
62.36616119144186	11.0	11	11
62.466267389180935	11.0	11	11
62.56637358692	11.0	11	11
62.666479784659074	11.0	11	11
62.76658598239815	11.0	11	11
62.86669218013722	11.0	11	11
62.966798377876295	11.0	11	11
63.06690457561536	11.0	11	11
63.167010773354434	11.0	11	11
63.26711697109351	11.0	11	11
63.36722316883258	11.0	11	11
63.467329366571654	10.0	10	10
63.56743556431072	10.0	10	10
63.667541762049794	10.0	10	10
63.76764795978887	10.0	10	10
63.86775415752794	10.0	10	10
63.967860355267014	10.0	10	10
64.06796655300609	10.0	10	10
64.16807275074515	9.0	9	9
64.26817894848423	9.0	9	9
64.3682851462233	9.0	9	9
64.46839134396237	9.0	9	9
64.56849754170145	9.0	9	9
64.66860373944051	9.0	9	9
64.7687099371796	10.0	10	10
64.86881613491866	10.0	10	10
64.96892233265773	11.0	11	11
65.0690285303968	11.0	11	11
65.16913472813587	11.0	11	11
65.26924092587495	11.0	11	11
65.36934712361402	11.0	11	11
65.46945332135309	11.0	11	11
65.56955951909217	12.0	12	12
65.66966571683123	12.0	12	12
65.76977191457031	12.0	12	12
65.86987811230938	12.0	12	12
65.96998431004845	12.0	12	12
66.07009050778753	12.0	12	12
66.17019670552659	13.0	13	13
66.27030290326567	13.0	13	13
66.37040910100474	13.0	13	13
66.4705152987438	13.0	13	13
66.57062149648289	13.0	13	13
66.67072769422195	13.0	13	13
66.77083389196103	13.0	13	13
66.8709400897001	14.0	14	14
66.97104628743917	14.0	14	14
67.07115248517825	14.0	14	14
67.17125868291731	13.0	13	13
67.27136488065639	13.0	13	13
67.37147107839546	13.0	13	13
67.47157727613452	13.0	13	13
67.5716834738736	13.0	13	13
67.67178967161267	13.0	13	13
67.77189586935175	13.0	13	13
67.87200206709082	13.0	13	13
67.9721082648299	13.0	13	13
68.07221446256897	13.0	13	13
68.17232066030803	13.0	13	13
68.27242685804711	13.0	13	13
68.37253305578618	13.0	13	13
68.47263925352526	13.0	13	13
68.57274545126432	12.0	12	12
68.67285164900339	11.0	11	11
68.77295784674247	11.0	11	11
68.87306404448154	11.0	11	11
68.97317024222062	11.0	11	11
69.07327643995968	11.0	11	11
69.17338263769875	11.0	11	11
69.27348883543783	11.0	11	11
69.3735950331769	11.0	11	11
69.47370123091598	11.0	11	11
69.57380742865504	11.0	11	11
69.67391362639411	11.0	11	11
69.77401982413319	11.0	11	11
69.87412602187226	11.0	11	11
69.97423221961134	11.0	11	11
70.0743384173504	11.0	11	11
70.17444461508947	11.0	11	11
70.27455081282855	11.0	11	11
70.37465701056762	11.0	11	11
70.4747632083067	11.0	11	11
70.57486940604576	11.0	11	11
70.67497560378483	12.0	12	12
70.77508180152391	12.0	12	12
70.87518799926298	12.0	12	12
70.97529419700206	12.0	12	12
71.07540039474112	12.0	12	12
71.17550659248019	12.0	12	12
71.27561279021927	12.0	12	12
71.37571898795834	12.0	12	12
71.47582518569742	12.0	12	12
71.57593138343648	12.0	12	12
71.67603758117555	12.0	12	12
71.77614377891463	12.0	12	12
71.8762499766537	12.0	12	12
71.97635617439278	12.0	12	12
72.07646237213184	12.0	12	12
72.17656856987091	12.0	12	12
72.27667476760999	12.0	12	12
72.37678096534906	12.0	12	12
72.47688716308814	12.0	12	12
72.5769933608272	12.0	12	12
72.67709955856628	12.0	12	12
72.77720575630535	12.0	12	12
72.87731195404442	12.0	12	12
72.9774181517835	12.0	12	12
73.07752434952256	12.0	12	12
73.17763054726164	12.0	12	12
73.27773674500071	12.0	12	12
73.37784294273978	12.0	12	12
73.47794914047886	12.0	12	12
73.57805533821792	12.0	12	12
73.678161535957	12.0	12	12
73.77826773369607	12.0	12	12
73.87837393143514	12.0	12	12
73.97848012917422	12.0	12	12
74.07858632691328	12.0	12	12
74.17869252465236	12.0	12	12
74.27879872239143	12.0	12	12
74.3789049201305	12.0	12	12
74.47901111786958	12.0	12	12
74.57911731560864	12.0	12	12
74.67922351334772	12.0	12	12
74.77932971108679	12.0	12	12
74.87943590882585	12.0	12	12
74.97954210656494	12.0	12	12
75.079648304304	12.0	12	12
75.17975450204308	12.0	12	12
75.27986069978215	12.0	12	12
75.37996689752121	12.0	12	12
75.4800730952603	12.0	12	12
75.58017929299936	12.0	12	12
75.68028549073844	12.0	12	12
75.78039168847751	12.0	12	12
75.88049788621657	12.0	12	12
75.98060408395565	12.0	12	12
76.08071028169472	12.0	12	12
76.1808164794338	12.0	12	12
76.28092267717287	12.0	12	12
76.38102887491193	12.0	12	12
76.48113507265101	12.0	12	12
76.58124127039008	12.0	12	12
76.68134746812916	12.0	12	12
76.78145366586823	12.0	12	12
76.8815598636073	12.0	12	12
76.98166606134637	12.0	12	12
77.08177225908544	12.0	12	12
77.18187845682452	12.0	12	12
77.28198465456359	12.0	12	12
77.38209085230267	12.0	12	12
77.48219705004173	12.0	12	12
77.5823032477808	12.0	12	12
77.68240944551988	12.0	12	12
77.78251564325895	12.0	12	12
77.88262184099803	12.0	12	12
77.9827280387371	12.0	12	12
78.08283423647616	12.0	12	12
78.18294043421524	12.0	12	12
78.2830466319543	12.0	12	12
78.38315282969339	11.0	11	11
78.48325902743245	11.0	11	11
78.58336522517152	11.0	11	11
78.6834714229106	11.0	11	11
78.78357762064967	11.0	11	11
78.88368381838875	11.0	11	11
78.98379001612781	11.0	11	11
79.08389621386688	11.0	11	11
79.18400241160596	10.0	10	10
79.28410860934503	12.0	12	12
79.3842148070841	12.0	12	12
79.48432100482317	12.0	12	12
79.58442720256224	12.0	12	12
79.68453340030132	12.0	12	12
79.78463959804039	12.0	12	12
79.88474579577947	12.0	12	12
79.98485199351853	12.0	12	12
80.0849581912576	12.0	12	12
80.18506438899668	12.0	12	12
80.28517058673575	12.0	12	12
80.38527678447483	12.0	12	12
80.48538298221389	12.0	12	12
80.58548917995296	12.0	12	12
80.68559537769204	12.0	12	12
80.7857015754311	12.0	12	12
80.88580777317019	12.0	12	12
80.98591397090925	12.0	12	12
81.08602016864832	12.0	12	12
81.1861263663874	12.0	12	12
81.28623256412646	12.0	12	12
81.38633876186555	12.0	12	12
81.48644495960461	12.0	12	12
81.58655115734369	12.0	12	12
81.68665735508276	12.0	12	12
81.78676355282182	12.0	12	12
81.8868697505609	12.0	12	12
81.98697594829997	12.0	12	12
82.08708214603905	11.0	11	11
82.18718834377812	11.0	11	11
82.28729454151718	11.0	11	11
82.38740073925626	11.0	11	11
82.48750693699533	11.0	11	11
82.58761313473441	11.0	11	11
82.68771933247348	11.0	11	11
82.78782553021254	11.0	11	11
82.88793172795162	11.0	11	11
82.98803792569069	11.0	11	11
83.08814412342977	11.0	11	11
83.18825032116884	11.0	11	11
83.2883565189079	11.0	11	11
83.38846271664698	11.0	11	11
83.48856891438605	11.0	11	11
83.58867511212513	11.0	11	11
83.6887813098642	11.0	11	11
83.78888750760326	11.0	11	11
83.88899370534234	11.0	11	11
83.98909990308141	11.0	11	11
84.08920610082049	11.0	11	11
84.18931229855956	11.0	11	11
84.28941849629862	11.0	11	11
84.3895246940377	10.0	10	10
84.48963089177677	10.0	10	10
84.58973708951585	10.0	10	10
84.68984328725492	11.0	11	11
84.78994948499398	11.0	11	11
84.89005568273306	11.0	11	11
84.99016188047213	11.0	11	11
85.09026807821121	11.0	11	11
85.19037427595028	11.0	11	11
85.29048047368934	11.0	11	11
85.39058667142842	11.0	11	11
85.49069286916749	11.0	11	11
85.59079906690657	11.0	11	11
85.69090526464564	11.0	11	11
85.7910114623847	11.0	11	11
85.89111766012378	11.0	11	11
85.99122385786285	11.0	11	11
86.09133005560193	11.0	11	11
86.191436253341	11.0	11	11
86.29154245108008	11.0	11	11
86.39164864881914	11.0	11	11
86.49175484655821	11.0	11	11
86.59186104429729	10.0	10	10
86.69196724203636	10.0	10	10
86.79207343977544	10.0	10	10
86.8921796375145	10.0	10	10
86.99228583525357	10.0	10	10
87.09239203299265	10.0	10	10
87.19249823073172	10.0	10	10
87.2926044284708	10.0	10	10
87.39271062620986	10.0	10	10
87.49281682394893	10.0	10	10
87.59292302168801	10.0	10	10
87.69302921942707	10.0	10	10
87.79313541716616	10.0	10	10
87.89324161490522	10.0	10	10
87.99334781264429	10.0	10	10
88.09345401038337	10.0	10	10
88.19356020812243	10.0	10	10
88.29366640586152	10.0	10	10
88.39377260360058	9.0	9	9
88.49387880133965	9.0	9	9
88.59398499907873	9.0	9	9
88.6940911968178	9.0	9	9
88.79419739455687	9.0	9	9
88.89430359229594	9.0	9	9
88.99440979003501	9.0	9	9
89.09451598777409	9.0	9	9
89.19462218551315	9.0	9	9
89.29472838325223	9.0	9	9
89.3948345809913	9.0	9	9
89.49494077873037	9.0	9	9
89.59504697646945	9.0	9	9
89.69515317420851	9.0	9	9
89.7952593719476	9.0	9	9
89.89536556968666	9.0	9	9
89.99547176742573	9.0	9	9
90.09557796516481	9.0	9	9
90.19568416290387	9.0	9	9
90.29579036064295	9.0	9	9
90.39589655838202	9.0	9	9
90.49600275612109	9.0	9	9
90.59610895386017	9.0	9	9
90.69621515159923	9.0	9	9
90.79632134933831	9.0	9	9
90.89642754707738	9.0	9	9
90.99653374481646	9.0	9	9
91.09663994255553	9.0	9	9
91.1967461402946	9.0	9	9
91.29685233803367	9.0	9	9
91.39695853577274	9.0	9	9
91.49706473351182	9.0	9	9
91.59717093125089	9.0	9	9
91.69727712898995	9.0	9	9
91.79738332672903	9.0	9	9
91.8974895244681	9.0	9	9
91.99759572220718	9.0	9	9
92.09770191994625	9.0	9	9
92.19780811768531	9.0	9	9
92.29791431542439	9.0	9	9
92.39802051316346	9.0	9	9
92.49812671090254	9.0	9	9
92.5982329086416	9.0	9	9
92.69833910638067	9.0	9	9
92.79844530411975	9.0	9	9
92.89855150185882	9.0	9	9
92.9986576995979	9.0	9	9
93.09876389733697	9.0	9	9
93.19887009507603	9.0	9	9
93.29897629281511	9.0	9	9
93.39908249055418	9.0	9	9
93.49918868829326	9.0	9	9
93.59929488603233	10.0	10	10
93.69940108377139	10.0	10	10
93.79950728151047	10.0	10	10
93.89961347924954	10.0	10	10
93.99971967698862	10.0	10	10
94.09982587472769	10.0	10	10
94.19993207246675	10.0	10	10
94.30003827020583	10.0	10	10
94.4001444679449	10.0	10	10
94.50025066568398	10.0	10	10
94.60035686342304	10.0	10	10
94.70046306116211	10.0	10	10
94.80056925890119	10.0	10	10
94.90067545664026	11.0	11	11
95.00078165437934	11.0	11	11
95.1008878521184	11.0	11	11
95.20099404985747	11.0	11	11
95.30110024759655	11.0	11	11
95.40120644533562	12.0	12	12
95.5013126430747	12.0	12	12
95.60141884081376	12.0	12	12
95.70152503855284	12.0	12	12
95.80163123629191	12.0	12	12
95.90173743403098	12.0	12	12
96.00184363177006	12.0	12	12
96.10194982950912	12.0	12	12
96.2020560272482	12.0	12	12
96.30216222498727	12.0	12	12
96.40226842272634	12.0	12	12
96.50237462046542	12.0	12	12
96.60248081820448	12.0	12	12
96.70258701594356	12.0	12	12
96.80269321368263	12.0	12	12
96.9027994114217	12.0	12	12
97.00290560916078	12.0	12	12
97.10301180689984	12.0	12	12
97.20311800463892	12.0	12	12
97.30322420237799	12.0	12	12
97.40333040011706	12.0	12	12
97.50343659785614	12.0	12	12
97.6035427955952	11.0	11	11
97.70364899333428	11.0	11	11
97.80375519107335	11.0	11	11
97.90386138881242	11.0	11	11
98.0039675865515	11.0	11	11
98.10407378429056	11.0	11	11
98.20417998202964	11.0	11	11
98.30428617976871	11.0	11	11
98.40439237750778	11.0	11	11
98.50449857524686	11.0	11	11
98.60460477298592	11.0	11	11
98.704710970725	11.0	11	11
98.80481716846407	11.0	11	11
98.90492336620314	11.0	11	11
99.00502956394222	11.0	11	11
99.10513576168128	11.0	11	11
99.20524195942036	11.0	11	11
99.30534815715943	11.0	11	11
99.4054543548985	11.0	11	11
99.50556055263758	11.0	11	11
99.60566675037664	11.0	11	11
99.70577294811572	11.0	11	11
99.80587914585479	11.0	11	11
99.90598534359385	11.0	11	11
100.00609154133294	11.0	11	11
100.106197739072	11.0	11	11
100.20630393681108	11.0	11	11
100.30641013455015	11.0	11	11
100.40651633228923	11.0	11	11
100.5066225300283	11.0	11	11
100.60672872776736	11.0	11	11
100.70683492550644	11.0	11	11
100.80694112324551	11.0	11	11
100.90704732098459	11.0	11	11
101.00715351872365	11.0	11	11
101.10725971646272	11.0	11	11
101.2073659142018	11.0	11	11
101.30747211194087	11.0	11	11
101.40757830967995	11.0	11	11
101.50768450741901	11.0	11	11
101.60779070515808	11.0	11	11
101.70789690289716	11.0	11	11
101.80800310063623	11.0	11	11
101.90810929837531	11.0	11	11
102.00821549611437	11.0	11	11
102.10832169385344	11.0	11	11
102.20842789159252	11.0	11	11
102.30853408933159	11.0	11	11
102.40864028707067	11.0	11	11
102.50874648480973	11.0	11	11
102.6088526825488	11.0	11	11
102.70895888028788	11.0	11	11
102.80906507802695	11.0	11	11
102.90917127576603	11.0	11	11
103.0092774735051	11.0	11	11
103.10938367124416	11.0	11	11
103.20948986898324	11.0	11	11
103.3095960667223	11.0	11	11
103.40970226446139	11.0	11	11
103.50980846220045	11.0	11	11
103.60991465993952	11.0	11	11
103.7100208576786	11.0	11	11
103.81012705541767	11.0	11	11
103.91023325315675	11.0	11	11
104.01033945089581	11.0	11	11
104.11044564863488	11.0	11	11
104.21055184637396	11.0	11	11
104.31065804411303	11.0	11	11
104.4107642418521	11.0	11	11
104.51087043959117	11.0	11	11
104.61097663733024	11.0	11	11
104.71108283506932	11.0	11	11
104.81118903280839	11.0	11	11
104.91129523054747	11.0	11	11
105.01140142828653	11.0	11	11
105.11150762602561	11.0	11	11
105.21161382376468	11.0	11	11
105.31172002150375	11.0	11	11
105.41182621924283	11.0	11	11
105.51193241698189	11.0	11	11
105.61203861472097	11.0	11	11
105.71214481246004	11.0	11	11
105.8122510101991	11.0	11	11
105.91235720793819	11.0	11	11
106.01246340567725	11.0	11	11
106.11256960341633	11.0	11	11
106.2126758011554	11.0	11	11
106.31278199889447	11.0	11	11
106.41288819663355	11.0	11	11
106.51299439437261	11.0	11	11
106.61310059211169	11.0	11	11
106.71320678985076	11.0	11	11
106.81331298758982	11.0	11	11
106.9134191853289	11.0	11	11
107.01352538306797	11.0	11	11
107.11363158080705	11.0	11	11
107.21373777854612	11.0	11	11
107.31384397628518	11.0	11	11
107.41395017402427	11.0	11	11
107.51405637176333	11.0	11	11
107.61416256950241	11.0	11	11
107.71426876724148	11.0	11	11
107.81437496498054	11.0	11	11
107.91448116271962	11.0	11	11
108.01458736045869	11.0	11	11
108.11469355819777	11.0	11	11
108.21479975593684	11.0	11	11
108.3149059536759	11.0	11	11
108.41501215141498	11.0	11	11
108.51511834915405	11.0	11	11
108.61522454689313	11.0	11	11
108.7153307446322	11.0	11	11
108.81543694237126	11.0	11	11
108.91554314011034	11.0	11	11
109.01564933784941	11.0	11	11
109.11575553558849	11.0	11	11
109.21586173332756	11.0	11	11
109.31596793106662	11.0	11	11
109.4160741288057	10.0	10	10
109.51618032654477	10.0	10	10
109.61628652428385	10.0	10	10
109.71639272202292	10.0	10	10
109.816498919762	10.0	10	10
109.91660511750106	10.0	10	10
110.01671131524013	10.0	10	10
110.11681751297921	10.0	10	10
110.21692371071828	10.0	10	10
110.31702990845736	10.0	10	10
110.41713610619642	10.0	10	10
110.51724230393549	10.0	10	10
110.61734850167457	10.0	10	10
110.71745469941364	9.0	9	9
110.81756089715272	9.0	9	9
110.91766709489178	9.0	9	9
111.01777329263085	9.0	9	9
111.11787949036993	9.0	9	9
111.217985688109	9.0	9	9
111.31809188584808	9.0	9	9
111.41819808358714	9.0	9	9
111.51830428132621	9.0	9	9
111.61841047906529	9.0	9	9
111.71851667680436	9.0	9	9
111.81862287454344	9.0	9	9
111.9187290722825	9.0	9	9
112.01883527002157	9.0	9	9
112.11894146776065	9.0	9	9
112.21904766549972	9.0	9	9
112.3191538632388	9.0	9	9
112.41926006097786	9.0	9	9
112.51936625871693	9.0	9	9
112.61947245645601	9.0	9	9
112.71957865419508	9.0	9	9
112.81968485193416	9.0	9	9
112.91979104967322	9.0	9	9
113.01989724741229	9.0	9	9
113.12000344515137	9.0	9	9
113.22010964289043	9.0	9	9
113.32021584062952	9.0	9	9
113.42032203836858	9.0	9	9
113.52042823610765	9.0	9	9
113.62053443384673	9.0	9	9
113.7206406315858	9.0	9	9
113.82074682932488	9.0	9	9
113.92085302706394	9.0	9	9
114.02095922480301	9.0	9	9
114.12106542254209	9.0	9	9
114.22117162028115	9.0	9	9
114.32127781802023	9.0	9	9
114.4213840157593	9.0	9	9
114.52149021349838	9.0	9	9
114.62159641123745	9.0	9	9
114.72170260897651	9.0	9	9
114.8218088067156	9.0	9	9
114.92191500445466	9.0	9	9
115.02202120219374	9.0	9	9
115.12212739993281	9.0	9	9
115.22223359767187	9.0	9	9
115.32233979541095	9.0	9	9
115.42244599315002	9.0	9	9
115.5225521908891	9.0	9	9
115.62265838862817	9.0	9	9
115.72276458636723	10.0	10	10
115.82287078410631	10.0	10	10
115.92297698184538	10.0	10	10
116.02308317958446	10.0	10	10
116.12318937732353	10.0	10	10
116.2232955750626	10.0	10	10
116.32340177280167	10.0	10	10
116.42350797054074	10.0	10	10
116.52361416827982	10.0	10	10
116.62372036601889	10.0	10	10
116.72382656375795	10.0	10	10
116.82393276149703	11.0	11	11
116.9240389592361	11.0	11	11
117.02414515697518	11.0	11	11
117.12425135471425	11.0	11	11
117.22435755245331	11.0	11	11
117.3244637501924	11.0	11	11
117.42456994793146	11.0	11	11
117.52467614567054	11.0	11	11
117.6247823434096	11.0	11	11
117.72488854114867	10.0	10	10
117.82499473888775	10.0	10	10
117.92510093662682	10.0	10	10
118.0252071343659	10.0	10	10
118.12531333210497	10.0	10	10
118.22541952984403	10.0	10	10
118.32552572758311	10.0	10	10
118.42563192532218	10.0	10	10
118.52573812306126	10.0	10	10
118.62584432080033	10.0	10	10
118.72595051853939	10.0	10	10
118.82605671627847	10.0	10	10
118.92616291401754	10.0	10	10
119.02626911175662	10.0	10	10
119.12637530949569	10.0	10	10
119.22648150723477	10.0	10	10
119.32658770497383	10.0	10	10
119.4266939027129	10.0	10	10
119.52680010045198	10.0	10	10
119.62690629819105	10.0	10	10
119.72701249593013	10.0	10	10
119.82711869366919	9.0	9	9
119.92722489140826	9.0	9	9
120.02733108914734	9.0	9	9
120.1274372868864	9.0	9	9
120.22754348462549	9.0	9	9
120.32764968236455	9.0	9	9
120.42775588010362	9.0	9	9
120.5278620778427	9.0	9	9
120.62796827558176	9.0	9	9
120.72807447332085	9.0	9	9
120.82818067105991	9.0	9	9
120.92828686879898	9.0	9	9
121.02839306653806	9.0	9	9
121.12849926427712	10.0	10	10
121.2286054620162	10.0	10	10
121.32871165975527	10.0	10	10
121.42881785749434	10.0	10	10
121.52892405523342	10.0	10	10
121.62903025297248	10.0	10	10
121.72913645071156	10.0	10	10
121.82924264845063	10.0	10	10
121.9293488461897	10.0	10	10
122.02945504392878	10.0	10	10
122.12956124166784	10.0	10	10
122.22966743940692	10.0	10	10
122.32977363714599	10.0	10	10
122.42987983488506	10.0	10	10
122.52998603262414	10.0	10	10
122.6300922303632	10.0	10	10
122.73019842810228	10.0	10	10
122.83030462584135	10.0	10	10
122.93041082358042	9.0	9	9
123.0305170213195	9.0	9	9
123.13062321905856	9.0	9	9
123.23072941679764	9.0	9	9
123.33083561453671	9.0	9	9
123.43094181227578	9.0	9	9
123.53104801001486	9.0	9	9
123.63115420775392	9.0	9	9
123.731260405493	9.0	9	9
123.83136660323207	9.0	9	9
123.93147280097115	9.0	9	9
124.03157899871022	9.0	9	9
124.13168519644928	9.0	9	9
124.23179139418836	9.0	9	9
124.33189759192743	9.0	9	9
124.43200378966651	9.0	9	9
124.53210998740558	9.0	9	9
124.63221618514464	9.0	9	9
124.73232238288372	9.0	9	9
124.83242858062279	9.0	9	9
124.93253477836187	9.0	9	9
125.03264097610094	9.0	9	9
125.13274717384	9.0	9	9
125.23285337157908	9.0	9	9
125.33295956931815	9.0	9	9
125.43306576705723	9.0	9	9
125.5331719647963	9.0	9	9
125.63327816253536	9.0	9	9
125.73338436027444	9.0	9	9
125.83349055801351	9.0	9	9
125.93359675575259	9.0	9	9
126.03370295349166	9.0	9	9
126.13380915123072	9.0	9	9
126.2339153489698	9.0	9	9
126.33402154670887	9.0	9	9
126.43412774444795	9.0	9	9
126.53423394218702	8.0	8	8
126.63434013992608	8.0	8	8
126.73444633766516	8.0	8	8
126.83455253540423	8.0	8	8
126.93465873314331	8.0	8	8
127.03476493088237	8.0	8	8
127.13487112862144	8.0	8	8
127.23497732636052	8.0	8	8
127.33508352409959	8.0	8	8
127.43518972183867	8.0	8	8
127.53529591957773	8.0	8	8
127.6354021173168	8.0	8	8
127.73550831505588	8.0	8	8
127.83561451279495	8.0	8	8
127.93572071053403	8.0	8	8
128.0358269082731	8.0	8	8
128.13593310601217	8.0	8	8
128.23603930375123	8.0	8	8
128.3361455014903	8.0	8	8
128.4362516992294	8.0	8	8
128.53635789696847	8.0	8	8
128.63646409470752	8.0	8	8
128.7365702924466	8.0	8	8
128.83667649018568	8.0	8	8
128.93678268792473	8.0	8	8
129.0368888856638	8.0	8	8
129.1369950834029	8.0	8	8
129.23710128114195	8.0	8	8
129.33720747888103	8.0	8	8
129.4373136766201	8.0	8	8
129.5374198743592	8.0	8	8
129.63752607209824	8.0	8	8
129.73763226983732	8.0	8	8
129.8377384675764	8.0	8	8
129.93784466531545	8.0	8	8
130.03795086305453	8.0	8	8
130.1380570607936	8.0	8	8
130.23816325853267	8.0	8	8
130.33826945627175	8.0	8	8
130.43837565401083	8.0	8	8
130.5384818517499	8.0	8	8
130.63858804948896	8.0	8	8
130.73869424722804	8.0	8	8
130.83880044496712	8.0	8	8
130.93890664270617	8.0	8	8
131.03901284044525	8.0	8	8
131.13911903818433	8.0	8	8
131.2392252359234	8.0	8	8
131.33933143366247	8.0	8	8
131.43943763140155	8.0	8	8
131.53954382914063	9.0	9	9
131.63965002687968	9.0	9	9
131.73975622461876	9.0	9	9
131.83986242235784	9.0	9	9
131.9399686200969	9.0	9	9
132.04007481783597	9.0	9	9
132.14018101557505	9.0	9	9
132.24028721331413	9.0	9	9
132.34039341105318	9.0	9	9
132.44049960879227	9.0	9	9
132.54060580653135	9.0	9	9
132.6407120042704	9.0	9	9
132.74081820200948	9.0	9	9
132.84092439974856	9.0	9	9
132.9410305974876	9.0	9	9
133.0411367952267	9.0	9	9
133.14124299296577	9.0	9	9
133.24134919070485	10.0	10	10
133.3414553884439	11.0	11	11
133.44156158618298	11.0	11	11
133.54166778392207	11.0	11	11
133.64177398166112	11.0	11	11
133.7418801794002	11.0	11	11
133.84198637713928	11.0	11	11
133.94209257487833	11.0	11	11
134.0421987726174	11.0	11	11
134.1423049703565	11.0	11	11
134.24241116809557	11.0	11	11
134.34251736583462	12.0	12	12
134.4426235635737	12.0	12	12
134.54272976131278	12.0	12	12
134.64283595905184	12.0	12	12
134.74294215679092	12.0	12	12
134.84304835453	12.0	12	12
134.94315455226905	12.0	12	12
135.04326075000813	12.0	12	12
135.1433669477472	12.0	12	12
135.2434731454863	12.0	12	12
135.34357934322534	12.0	12	12
135.44368554096442	12.0	12	12
135.5437917387035	12.0	12	12
135.64389793644256	12.0	12	12
135.74400413418164	12.0	12	12
135.84411033192072	12.0	12	12
135.9442165296598	12.0	12	12
136.04432272739885	12.0	12	12
136.14442892513793	12.0	12	12
136.244535122877	12.0	12	12
136.34464132061606	12.0	12	12
136.44474751835514	12.0	12	12
136.54485371609422	12.0	12	12
136.64495991383328	12.0	12	12
136.74506611157236	12.0	12	12
136.84517230931144	12.0	12	12
136.94527850705052	12.0	12	12
137.04538470478957	12.0	12	12
137.14549090252865	12.0	12	12
137.24559710026773	12.0	12	12
137.34570329800678	12.0	12	12
137.44580949574586	12.0	12	12
137.54591569348494	12.0	12	12
137.646021891224	12.0	12	12
137.74612808896308	12.0	12	12
137.84623428670216	12.0	12	12
137.94634048444124	12.0	12	12
138.0464466821803	12.0	12	12
138.14655287991937	12.0	12	12
138.24665907765845	12.0	12	12
138.3467652753975	12.0	12	12
138.44687147313658	12.0	12	12
138.54697767087566	12.0	12	12
138.64708386861471	12.0	12	12
138.7471900663538	12.0	12	12
138.84729626409288	12.0	12	12
138.94740246183196	12.0	12	12
139.047508659571	12.0	12	12
139.1476148573101	12.0	12	12
139.24772105504917	12.0	12	12
139.34782725278822	12.0	12	12
139.4479334505273	12.0	12	12
139.54803964826638	12.0	12	12
139.64814584600543	12.0	12	12
139.74825204374451	12.0	12	12
139.8483582414836	12.0	12	12
139.94846443922268	12.0	12	12
140.04857063696173	12.0	12	12
140.1486768347008	13.0	13	13
140.2487830324399	13.0	13	13
140.34888923017894	13.0	13	13
140.44899542791802	13.0	13	13
140.5491016256571	13.0	13	13
140.64920782339618	13.0	13	13
140.74931402113523	13.0	13	13
140.84942021887431	13.0	13	13
140.9495264166134	13.0	13	13
141.04963261435245	13.0	13	13
141.14973881209153	13.0	13	13
141.2498450098306	13.0	13	13
141.34995120756966	13.0	13	13
141.45005740530874	13.0	13	13
141.55016360304782	12.0	12	12
141.6502698007869	12.0	12	12
141.75037599852595	12.0	12	12
141.85048219626503	12.0	12	12
141.95058839400411	12.0	12	12
142.05069459174317	12.0	12	12
142.15080078948225	12.0	12	12
142.25090698722133	12.0	12	12
142.35101318496038	12.0	12	12
142.45111938269946	12.0	12	12
142.55122558043854	12.0	12	12
142.65133177817762	12.0	12	12
142.75143797591667	12.0	12	12
142.85154417365575	12.0	12	12
142.95165037139483	12.0	12	12
143.0517565691339	12.0	12	12
143.15186276687297	12.0	12	12
143.25196896461205	12.0	12	12
143.3520751623511	12.0	12	12
143.45218136009018	12.0	12	12
143.55228755782926	12.0	12	12
143.65239375556834	11.0	11	11
143.7524999533074	11.0	11	11
143.85260615104647	11.0	11	11
143.95271234878555	10.0	10	10
144.0528185465246	10.0	10	10
144.1529247442637	9.0	9	9
144.25303094200277	9.0	9	9
144.35313713974182	9.0	9	9
144.4532433374809	9.0	9	9
144.55334953521998	9.0	9	9
144.65345573295906	9.0	9	9
144.7535619306981	9.0	9	9
144.8536681284372	9.0	9	9
144.95377432617627	9.0	9	9
145.05388052391532	9.0	9	9
145.1539867216544	9.0	9	9
145.25409291939349	10.0	10	10
145.35419911713257	10.0	10	10
145.45430531487162	10.0	10	10
145.5544115126107	10.0	10	10
145.65451771034978	10.0	10	10
145.75462390808883	10.0	10	10
145.8547301058279	10.0	10	10
145.954836303567	10.0	10	10
146.05494250130604	10.0	10	10
146.15504869904512	10.0	10	10
146.2551548967842	10.0	10	10
146.35526109452329	10.0	10	10
146.45536729226234	9.0	9	9
146.55547349000142	9.0	9	9
146.6555796877405	9.0	9	9
146.75568588547955	9.0	9	9
146.85579208321863	9.0	9	9
146.9558982809577	9.0	9	9
147.05600447869676	9.0	9	9
147.15611067643584	9.0	9	9
147.25621687417492	9.0	9	9
147.356323071914	9.0	9	9
147.45642926965306	9.0	9	9
147.55653546739214	9.0	9	9
147.65664166513122	9.0	9	9
147.75674786287027	9.0	9	9
147.85685406060935	9.0	9	9
147.95696025834843	9.0	9	9
148.05706645608748	9.0	9	9
148.15717265382656	9.0	9	9
148.25727885156564	9.0	9	9
148.35738504930472	9.0	9	9
148.45749124704378	9.0	9	9
148.55759744478286	9.0	9	9
148.65770364252194	9.0	9	9
148.757809840261	9.0	9	9
148.85791603800007	9.0	9	9
148.95802223573915	9.0	9	9
149.0581284334782	9.0	9	9
149.15823463121728	9.0	9	9
149.25834082895636	9.0	9	9
149.35844702669544	9.0	9	9
149.4585532244345	9.0	9	9
149.55865942217358	9.0	9	9
149.65876561991266	9.0	9	9
149.7588718176517	9.0	9	9
149.8589780153908	9.0	9	9
149.95908421312987	9.0	9	9
150.05919041086895	9.0	9	9
150.159296608608	9.0	9	9
150.25940280634708	9.0	9	9
150.35950900408616	9.0	9	9
150.45961520182522	9.0	9	9
150.5597213995643	9.0	9	9
150.65982759730338	9.0	9	9
150.75993379504243	9.0	9	9
150.8600399927815	9.0	9	9
150.9601461905206	9.0	9	9
151.06025238825967	9.0	9	9
151.16035858599872	9.0	9	9
151.2604647837378	9.0	9	9
151.36057098147688	9.0	9	9
151.46067717921593	9.0	9	9
151.56078337695502	9.0	9	9
151.6608895746941	9.0	9	9
151.76099577243315	9.0	9	9
151.86110197017223	9.0	9	9
151.9612081679113	9.0	9	9
152.0613143656504	9.0	9	9
152.16142056338944	10.0	10	10
152.26152676112852	10.0	10	10
152.3616329588676	10.0	10	10
152.46173915660665	10.0	10	10
152.56184535434573	10.0	10	10
152.66195155208482	10.0	10	10
152.76205774982387	10.0	10	10
152.86216394756295	10.0	10	10
152.96227014530203	10.0	10	10
153.0623763430411	10.0	10	10
153.16248254078016	10.0	10	10
153.26258873851924	10.0	10	10
153.36269493625832	10.0	10	10
153.46280113399737	9.0	9	9
153.56290733173645	9.0	9	9
153.66301352947553	9.0	9	9
153.7631197272146	9.0	9	9
153.86322592495367	9.0	9	9
153.96333212269275	9.0	9	9
154.06343832043183	9.0	9	9
154.16354451817088	9.0	9	9
154.26365071590996	9.0	9	9
154.36375691364904	9.0	9	9
154.4638631113881	9.0	9	9
154.56396930912717	9.0	9	9
154.66407550686625	9.0	9	9
154.76418170460533	9.0	9	9
154.8642879023444	9.0	9	9
154.96439410008347	9.0	9	9
155.06450029782255	9.0	9	9
155.1646064955616	9.0	9	9
155.26471269330068	9.0	9	9
155.36481889103976	9.0	9	9
155.4649250887788	9.0	9	9
155.5650312865179	9.0	9	9
155.66513748425697	9.0	9	9
155.76524368199605	9.0	9	9
155.8653498797351	9.0	9	9
155.9654560774742	9.0	9	9
156.06556227521327	8.0	8	8
156.16566847295232	8.0	8	8
156.2657746706914	8.0	8	8
156.36588086843048	8.0	8	8
156.46598706616953	8.0	8	8
156.5660932639086	8.0	8	8
156.6661994616477	8.0	8	8
156.76630565938677	8.0	8	8
156.86641185712583	8.0	8	8
156.9665180548649	8.0	8	8
157.066624252604	8.0	8	8
157.16673045034304	8.0	8	8
157.26683664808212	8.0	8	8
157.3669428458212	8.0	8	8
157.46704904356025	8.0	8	8
157.56715524129933	8.0	8	8
157.6672614390384	8.0	8	8
157.7673676367775	8.0	8	8
157.86747383451655	8.0	8	8
157.96758003225563	8.0	8	8
158.0676862299947	8.0	8	8
158.16779242773376	8.0	8	8
158.26789862547284	8.0	8	8
158.36800482321192	8.0	8	8
158.468111020951	8.0	8	8
158.56821721869005	7.0	7	7
158.66832341642913	7.0	7	7
158.7684296141682	7.0	7	7
158.86853581190726	7.0	7	7
158.96864200964635	7.0	7	7
159.06874820738543	7.0	7	7
159.16885440512448	7.0	7	7
159.26896060286356	7.0	7	7
159.36906680060264	7.0	7	7
159.46917299834172	7.0	7	7
159.56927919608077	7.0	7	7
159.66938539381985	7.0	7	7
159.76949159155893	7.0	7	7
159.86959778929798	7.0	7	7
159.96970398703706	7.0	7	7
160.06981018477614	7.0	7	7
160.1699163825152	7.0	7	7
160.27002258025428	7.0	7	7
160.37012877799336	7.0	7	7
160.47023497573244	7.0	7	7
160.5703411734715	7.0	7	7
160.67044737121057	6.0	6	6
160.77055356894965	6.0	6	6
160.8706597666887	6.0	6	6
160.97076596442778	6.0	6	6
161.07087216216686	6.0	6	6
161.17097835990592	6.0	6	6
161.271084557645	6.0	6	6
161.37119075538408	6.0	6	6
161.47129695312316	6.0	6	6
161.5714031508622	6.0	6	6
161.6715093486013	6.0	6	6
161.77161554634037	6.0	6	6
161.87172174407942	6.0	6	6
161.9718279418185	6.0	6	6
162.07193413955758	6.0	6	6
162.17204033729664	6.0	6	6
162.27214653503572	6.0	6	6
162.3722527327748	6.0	6	6
162.47235893051388	6.0	6	6
162.57246512825293	6.0	6	6
162.672571325992	6.0	6	6
162.7726775237311	6.0	6	6
162.87278372147014	6.0	6	6
162.97288991920922	6.0	6	6
163.0729961169483	6.0	6	6
163.17310231468738	6.0	6	6
163.27320851242644	6.0	6	6
163.37331471016552	6.0	6	6
163.4734209079046	6.0	6	6
163.57352710564365	6.0	6	6
163.67363330338273	6.0	6	6
163.7737395011218	6.0	6	6
163.87384569886086	6.0	6	6
163.97395189659994	6.0	6	6
164.07405809433902	6.0	6	6
164.1741642920781	6.0	6	6
164.27427048981716	6.0	6	6
164.37437668755624	6.0	6	6
164.47448288529532	6.0	6	6
164.57458908303437	6.0	6	6
164.67469528077345	7.0	7	7
164.77480147851253	7.0	7	7
164.87490767625158	7.0	7	7
164.97501387399066	7.0	7	7
165.07512007172974	7.0	7	7
165.17522626946882	7.0	7	7
165.27533246720787	8.0	8	8
165.37543866494696	8.0	8	8
165.47554486268604	8.0	8	8
165.5756510604251	8.0	8	8
165.67575725816417	8.0	8	8
165.77586345590325	8.0	8	8
165.8759696536423	8.0	8	8
165.97607585138138	8.0	8	8
166.07618204912046	8.0	8	8
166.17628824685954	8.0	8	8
166.2763944445986	8.0	8	8
166.37650064233767	8.0	8	8
166.47660684007676	8.0	8	8
166.5767130378158	8.0	8	8
166.6768192355549	8.0	8	8
166.77692543329397	8.0	8	8
166.87703163103302	7.0	7	7
166.9771378287721	7.0	7	7
167.07724402651118	7.0	7	7
167.17735022425026	8.0	8	8
167.2774564219893	8.0	8	8
167.3775626197284	8.0	8	8
167.47766881746747	8.0	8	8
167.57777501520653	8.0	8	8
167.6778812129456	8.0	8	8
167.7779874106847	8.0	8	8
167.87809360842377	8.0	8	8
167.97819980616282	8.0	8	8
168.0783060039019	8.0	8	8
168.17841220164098	8.0	8	8
168.27851839938003	8.0	8	8
168.3786245971191	8.0	8	8
168.4787307948582	8.0	8	8
168.57883699259725	8.0	8	8
168.67894319033633	8.0	8	8
168.7790493880754	8.0	8	8
168.8791555858145	7.0	7	7
168.97926178355354	7.0	7	7
169.07936798129262	7.0	7	7
169.1794741790317	7.0	7	7
169.27958037677075	7.0	7	7
169.37968657450983	7.0	7	7
169.4797927722489	7.0	7	7
169.57989896998797	7.0	7	7
169.68000516772705	7.0	7	7
169.78011136546613	7.0	7	7
169.8802175632052	7.0	7	7
169.98032376094426	7.0	7	7
170.08042995868334	6.0	6	6
170.18053615642242	6.0	6	6
170.28064235416147	6.0	6	6
170.38074855190055	6.0	6	6
170.48085474963963	5.0	5	5
170.58096094737868	5.0	5	5
170.68106714511777	5.0	5	5
170.78117334285685	5.0	5	5
170.88127954059593	5.0	5	5
170.98138573833498	5.0	5	5
171.08149193607406	5.0	5	5
171.18159813381314	5.0	5	5
171.2817043315522	5.0	5	5
171.38181052929127	5.0	5	5
171.48191672703035	5.0	5	5
171.5820229247694	5.0	5	5
171.68212912250848	5.0	5	5
171.78223532024757	5.0	5	5
171.88234151798665	5.0	5	5
171.9824477157257	5.0	5	5
172.08255391346478	5.0	5	5
172.18266011120386	5.0	5	5
172.2827663089429	5.0	5	5
172.382872506682	5.0	5	5
172.48297870442107	5.0	5	5
172.58308490216015	5.0	5	5
172.6831910998992	5.0	5	5
172.78329729763828	5.0	5	5
172.88340349537737	5.0	5	5
172.98350969311642	4.0	4	4
173.0836158908555	4.0	4	4
173.18372208859458	4.0	4	4
173.28382828633363	4.0	4	4
173.3839344840727	4.0	4	4
173.4840406818118	4.0	4	4
173.58414687955087	4.0	4	4
173.68425307728992	4.0	4	4
173.784359275029	4.0	4	4
173.88446547276808	4.0	4	4
173.98457167050714	4.0	4	4
174.08467786824622	4.0	4	4
174.1847840659853	4.0	4	4
174.28489026372435	4.0	4	4
174.38499646146343	4.0	4	4
174.4851026592025	4.0	4	4
174.5852088569416	4.0	4	4
174.68531505468064	4.0	4	4
174.78542125241972	4.0	4	4
174.8855274501588	4.0	4	4
174.98563364789786	4.0	4	4
175.08573984563694	4.0	4	4
175.18584604337602	4.0	4	4
175.28595224111507	4.0	4	4
175.38605843885415	4.0	4	4
175.48616463659323	4.0	4	4
175.5862708343323	4.0	4	4
175.68637703207136	4.0	4	4
175.78648322981044	4.0	4	4
175.88658942754952	4.0	4	4
175.98669562528858	4.0	4	4
176.08680182302766	4.0	4	4
176.18690802076674	4.0	4	4
176.2870142185058	4.0	4	4
176.38712041624487	4.0	4	4
176.48722661398395	4.0	4	4
176.58733281172303	4.0	4	4
176.68743900946208	4.0	4	4
176.78754520720116	4.0	4	4
176.88765140494024	4.0	4	4
176.9877576026793	4.0	4	4
177.08786380041838	4.0	4	4
177.18796999815746	4.0	4	4
177.28807619589654	4.0	4	4
177.3881823936356	4.0	4	4
177.48828859137467	4.0	4	4
177.58839478911375	4.0	4	4
177.6885009868528	4.0	4	4
177.78860718459188	4.0	4	4
177.88871338233096	4.0	4	4
177.98881958007001	4.0	4	4
178.0889257778091	4.0	4	4
178.18903197554818	4.0	4	4
178.28913817328726	4.0	4	4
178.3892443710263	4.0	4	4
178.4893505687654	4.0	4	4
178.58945676650447	4.0	4	4
178.68956296424352	4.0	4	4
178.7896691619826	4.0	4	4
178.88977535972168	4.0	4	4
178.98988155746073	4.0	4	4
179.08998775519981	4.0	4	4
179.1900939529389	4.0	4	4
179.29020015067798	4.0	4	4
179.39030634841703	4.0	4	4
179.4904125461561	4.0	4	4
179.5905187438952	4.0	4	4
179.69062494163424	4.0	4	4
179.79073113937332	4.0	4	4
179.8908373371124	4.0	4	4
179.99094353485145	4.0	4	4
180.09104973259053	4.0	4	4
180.19115593032961	4.0	4	4
180.2912621280687	4.0	4	4
180.39136832580775	4.0	4	4
180.49147452354683	4.0	4	4
180.5915807212859	4.0	4	4
180.69168691902496	4.0	4	4
180.79179311676404	4.0	4	4
180.89189931450312	4.0	4	4
180.99200551224217	4.0	4	4
181.09211170998125	4.0	4	4
181.19221790772033	4.0	4	4
181.29232410545941	4.0	4	4
181.39243030319847	4.0	4	4
181.49253650093755	4.0	4	4
181.59264269867663	4.0	4	4
181.69274889641568	4.0	4	4
181.79285509415476	4.0	4	4
181.89296129189384	4.0	4	4
181.99306748963292	4.0	4	4
182.09317368737197	4.0	4	4
182.19327988511105	4.0	4	4
182.29338608285013	4.0	4	4
182.3934922805892	4.0	4	4
182.49359847832827	4.0	4	4
182.59370467606735	4.0	4	4
182.6938108738064	4.0	4	4
182.79391707154548	4.0	4	4
182.89402326928456	4.0	4	4
182.99412946702364	4.0	4	4
183.0942356647627	4.0	4	4
183.19434186250177	4.0	4	4
183.29444806024085	4.0	4	4
183.3945542579799	4.0	4	4
183.49466045571899	3.0	3	3
183.59476665345807	3.0	3	3
183.69487285119712	3.0	3	3
183.7949790489362	3.0	3	3
183.89508524667528	3.0	3	3
183.99519144441436	3.0	3	3
184.0952976421534	3.0	3	3
184.1954038398925	3.0	3	3
184.29551003763157	3.0	3	3
184.39561623537062	3.0	3	3
184.4957224331097	3.0	3	3
184.59582863084879	3.0	3	3
184.69593482858784	2.0	2	2
184.79604102632692	2.0	2	2
184.896147224066	2.0	2	2
184.99625342180508	2.0	2	2
185.09635961954413	2.0	2	2
185.1964658172832	2.0	2	2
185.2965720150223	2.0	2	2
185.39667821276134	1.0	1	1
185.49678441050042	1.0	1	1
185.5968906082395	1.0	1	1
185.69699680597856	1.0	1	1
185.79710300371764	1.0	1	1
185.89720920145672	1.0	1	1
185.9973153991958	1.0	1	1
186.09742159693485	1.0	1	1
186.19752779467393	1.0	1	1
186.297633992413	1.0	1	1
186.39774019015206	1.0	1	1
186.49784638789114	1.0	1	1
186.59795258563022	1.0	1	1
186.6980587833693	1.0	1	1
186.79816498110836	1.0	1	1
186.89827117884744	1.0	1	1
186.99837737658652	1.0	1	1
187.09848357432557	1.0	1	1
187.19858977206465	1.0	1	1
