time	diversity	m_div	M_div
0.0	10.0	10	10
0.10010478349745625	10.0	10	10
0.2002095669949125	10.0	10	10
0.30031435049236876	10.0	10	10
0.400419133989825	10.0	10	10
0.5005239174872812	10.0	10	10
0.6006287009847375	10.0	10	10
0.7007334844821937	10.0	10	10
0.80083826797965	10.0	10	10
0.9009430514771062	10.0	10	10
1.0010478349745624	10.0	10	10
1.1011526184720186	10.0	10	10
1.201257401969475	10.0	10	10
1.3013621854669313	10.0	10	10
1.4014669689643875	10.0	10	10
1.5015717524618437	10.0	10	10
1.6016765359593	10.0	10	10
1.7017813194567561	10.0	10	10
1.8018861029542124	10.0	10	10
1.9019908864516686	10.0	10	10
2.002095669949125	10.0	10	10
2.102200453446581	10.0	10	10
2.2023052369440372	10.0	10	10
2.3024100204414935	10.0	10	10
2.40251480393895	10.0	10	10
2.5026195874364063	10.0	10	10
2.6027243709338626	10.0	10	10
2.7028291544313188	10.0	10	10
2.802933937928775	10.0	10	10
2.903038721426231	10.0	10	10
3.0031435049236874	10.0	10	10
3.1032482884211436	10.0	10	10
3.2033530719186	10.0	10	10
3.303457855416056	10.0	10	10
3.4035626389135123	10.0	10	10
3.5036674224109685	10.0	10	10
3.6037722059084247	10.0	10	10
3.703876989405881	10.0	10	10
3.803981772903337	10.0	10	10
3.9040865564007934	10.0	10	10
4.00419133989825	10.0	10	10
4.104296123395706	10.0	10	10
4.204400906893162	10.0	10	10
4.304505690390618	10.0	10	10
4.4046104738880745	10.0	10	10
4.504715257385531	10.0	10	10
4.604820040882987	10.0	10	10
4.704924824380443	10.0	10	10
4.8050296078779	10.0	10	10
4.9051343913753565	10.0	10	10
5.005239174872813	10.0	10	10
5.105343958370269	10.0	10	10
5.205448741867725	10.0	10	10
5.305553525365181	10.0	10	10
5.4056583088626375	10.0	10	10
5.505763092360094	10.0	10	10
5.60586787585755	10.0	10	10
5.705972659355006	10.0	10	10
5.806077442852462	10.0	10	10
5.906182226349919	10.0	10	10
6.006287009847375	10.0	10	10
6.106391793344831	10.0	10	10
6.206496576842287	10.0	10	10
6.3066013603397435	10.0	10	10
6.4067061438372	10.0	10	10
6.506810927334656	10.0	10	10
6.606915710832112	10.0	10	10
6.707020494329568	10.0	10	10
6.807125277827025	10.0	10	10
6.907230061324481	10.0	10	10
7.007334844821937	10.0	10	10
7.107439628319393	10.0	10	10
7.2075444118168495	10.0	10	10
7.307649195314306	10.0	10	10
7.407753978811762	10.0	10	10
7.507858762309218	10.0	10	10
7.607963545806674	10.0	10	10
7.7080683293041306	10.0	10	10
7.808173112801587	10.0	10	10
7.908277896299043	10.0	10	10
8.0083826797965	10.0	10	10
8.108487463293956	10.0	10	10
8.208592246791412	10.0	10	10
8.308697030288869	10.0	10	10
8.408801813786324	10.0	10	10
8.508906597283781	10.0	10	10
8.609011380781237	10.0	10	10
8.709116164278694	10.0	10	10
8.809220947776149	10.0	10	10
8.909325731273606	10.0	10	10
9.009430514771061	10.0	10	10
9.109535298268518	10.0	10	10
9.209640081765974	10.0	10	10
9.309744865263431	10.0	10	10
9.409849648760886	10.0	10	10
9.509954432258343	10.0	10	10
9.6100592157558	10.0	10	10
9.710163999253256	10.0	10	10
9.810268782750713	10.0	10	10
9.910373566248168	10.0	10	10
10.010478349745625	10.0	10	10
10.11058313324308	10.0	10	10
10.210687916740538	10.0	10	10
10.310792700237993	10.0	10	10
10.41089748373545	10.0	10	10
10.511002267232906	10.0	10	10
10.611107050730363	10.0	10	10
10.711211834227818	10.0	10	10
10.811316617725275	10.0	10	10
10.91142140122273	10.0	10	10
11.011526184720188	10.0	10	10
11.111630968217643	10.0	10	10
11.2117357517151	10.0	10	10
11.311840535212555	10.0	10	10
11.411945318710012	10.0	10	10
11.512050102207468	10.0	10	10
11.612154885704925	10.0	10	10
11.71225966920238	10.0	10	10
11.812364452699837	10.0	10	10
11.912469236197293	10.0	10	10
12.01257401969475	10.0	10	10
12.112678803192205	10.0	10	10
12.212783586689662	10.0	10	10
12.312888370187117	10.0	10	10
12.412993153684575	10.0	10	10
12.51309793718203	10.0	10	10
12.613202720679487	10.0	10	10
12.713307504176942	10.0	10	10
12.8134122876744	10.0	10	10
12.913517071171857	10.0	10	10
13.013621854669312	10.0	10	10
13.113726638166769	10.0	10	10
13.213831421664224	10.0	10	10
13.313936205161681	10.0	10	10
13.414040988659137	10.0	10	10
13.514145772156594	10.0	10	10
13.61425055565405	10.0	10	10
13.714355339151506	10.0	10	10
13.814460122648962	10.0	10	10
13.914564906146419	10.0	10	10
14.014669689643874	10.0	10	10
14.114774473141331	10.0	10	10
14.214879256638786	10.0	10	10
14.314984040136244	10.0	10	10
14.415088823633699	10.0	10	10
14.515193607131156	10.0	10	10
14.615298390628611	10.0	10	10
14.715403174126068	10.0	10	10
14.815507957623524	10.0	10	10
14.915612741120981	10.0	10	10
15.015717524618436	10.0	10	10
15.115822308115893	10.0	10	10
15.215927091613349	10.0	10	10
15.316031875110806	10.0	10	10
15.416136658608261	10.0	10	10
15.516241442105718	10.0	10	10
15.616346225603174	10.0	10	10
15.71645100910063	10.0	10	10
15.816555792598086	10.0	10	10
15.916660576095543	10.0	10	10
16.016765359593	10.0	10	10
16.116870143090456	10.0	10	10
16.216974926587913	10.0	10	10
16.31707971008537	10.0	10	10
16.417184493582823	10.0	10	10
16.51728927708028	10.0	10	10
16.617394060577737	10.0	10	10
16.717498844075195	10.0	10	10
16.817603627572648	10.0	10	10
16.917708411070105	10.0	10	10
17.017813194567562	10.0	10	10
17.11791797806502	10.0	10	10
17.218022761562473	10.0	10	10
17.31812754505993	10.0	10	10
17.418232328557387	10.0	10	10
17.518337112054844	10.0	10	10
17.618441895552298	10.0	10	10
17.718546679049755	11.0	11	11
17.818651462547212	11.0	11	11
17.91875624604467	11.0	11	11
18.018861029542123	11.0	11	11
18.11896581303958	11.0	11	11
18.219070596537037	11.0	11	11
18.319175380034494	11.0	11	11
18.419280163531948	11.0	11	11
18.519384947029405	11.0	11	11
18.619489730526862	11.0	11	11
18.71959451402432	11.0	11	11
18.819699297521773	11.0	11	11
18.91980408101923	11.0	11	11
19.019908864516687	11.0	11	11
19.120013648014144	11.0	11	11
19.2201184315116	11.0	11	11
19.320223215009054	11.0	11	11
19.42032799850651	11.0	11	11
19.52043278200397	11.0	11	11
19.620537565501426	11.0	11	11
19.72064234899888	11.0	11	11
19.820747132496336	11.0	11	11
19.920851915993794	11.0	11	11
20.02095669949125	11.0	11	11
20.121061482988704	11.0	11	11
20.22116626648616	11.0	11	11
20.32127104998362	11.0	11	11
20.421375833481076	11.0	11	11
20.52148061697853	11.0	11	11
20.621585400475986	11.0	11	11
20.721690183973443	11.0	11	11
20.8217949674709	11.0	11	11
20.921899750968354	11.0	11	11
21.02200453446581	11.0	11	11
21.122109317963268	11.0	11	11
21.222214101460725	11.0	11	11
21.32231888495818	11.0	11	11
21.422423668455636	11.0	11	11
21.522528451953093	11.0	11	11
21.62263323545055	11.0	11	11
21.722738018948004	11.0	11	11
21.82284280244546	11.0	11	11
21.922947585942918	11.0	11	11
22.023052369440375	11.0	11	11
22.12315715293783	11.0	11	11
22.223261936435286	11.0	11	11
22.323366719932743	11.0	11	11
22.4234715034302	11.0	11	11
22.523576286927657	11.0	11	11
22.62368107042511	11.0	11	11
22.723785853922568	11.0	11	11
22.823890637420025	11.0	11	11
22.923995420917482	11.0	11	11
23.024100204414935	11.0	11	11
23.124204987912393	11.0	11	11
23.22430977140985	11.0	11	11
23.324414554907307	11.0	11	11
23.42451933840476	11.0	11	11
23.524624121902217	11.0	11	11
23.624728905399675	11.0	11	11
23.72483368889713	11.0	11	11
23.824938472394585	11.0	11	11
23.925043255892042	11.0	11	11
24.0251480393895	11.0	11	11
24.125252822886956	11.0	11	11
24.22535760638441	11.0	11	11
24.325462389881867	11.0	11	11
24.425567173379324	11.0	11	11
24.52567195687678	11.0	11	11
24.625776740374235	11.0	11	11
24.725881523871692	11.0	11	11
24.82598630736915	11.0	11	11
24.926091090866606	11.0	11	11
25.02619587436406	11.0	11	11
25.126300657861517	11.0	11	11
25.226405441358974	11.0	11	11
25.32651022485643	11.0	11	11
25.426615008353885	11.0	11	11
25.52671979185134	11.0	11	11
25.6268245753488	11.0	11	11
25.726929358846256	11.0	11	11
25.827034142343713	11.0	11	11
25.927138925841167	11.0	11	11
26.027243709338624	11.0	11	11
26.12734849283608	11.0	11	11
26.227453276333538	11.0	11	11
26.32755805983099	11.0	11	11
26.42766284332845	11.0	11	11
26.527767626825906	11.0	11	11
26.627872410323363	11.0	11	11
26.727977193820816	11.0	11	11
26.828081977318273	11.0	11	11
26.92818676081573	11.0	11	11
27.028291544313188	11.0	11	11
27.12839632781064	11.0	11	11
27.2285011113081	11.0	11	11
27.328605894805555	11.0	11	11
27.428710678303013	11.0	11	11
27.528815461800466	11.0	11	11
27.628920245297923	11.0	11	11
27.72902502879538	11.0	11	11
27.829129812292837	11.0	11	11
27.92923459579029	11.0	11	11
28.029339379287748	11.0	11	11
28.129444162785205	11.0	11	11
28.229548946282662	11.0	11	11
28.329653729780116	11.0	11	11
28.429758513277573	11.0	11	11
28.52986329677503	11.0	11	11
28.629968080272487	11.0	11	11
28.73007286376994	11.0	11	11
28.830177647267398	11.0	11	11
28.930282430764855	11.0	11	11
29.030387214262312	11.0	11	11
29.13049199775977	11.0	11	11
29.230596781257223	11.0	11	11
29.33070156475468	12.0	12	12
29.430806348252137	12.0	12	12
29.530911131749594	12.0	12	12
29.631015915247048	12.0	12	12
29.731120698744505	12.0	12	12
29.831225482241962	12.0	12	12
29.93133026573942	11.0	11	11
30.031435049236872	11.0	11	11
30.13153983273433	11.0	11	11
30.231644616231787	11.0	11	11
30.331749399729244	11.0	11	11
30.431854183226697	11.0	11	11
30.531958966724154	11.0	11	11
30.63206375022161	11.0	11	11
30.73216853371907	11.0	11	11
30.832273317216522	11.0	11	11
30.93237810071398	11.0	11	11
31.032482884211436	11.0	11	11
31.132587667708894	11.0	11	11
31.232692451206347	11.0	11	11
31.332797234703804	11.0	11	11
31.43290201820126	11.0	11	11
31.53300680169872	11.0	11	11
31.633111585196172	11.0	11	11
31.73321636869363	11.0	11	11
31.833321152191086	11.0	11	11
31.933425935688543	11.0	11	11
32.033530719186	11.0	11	11
32.133635502683454	11.0	11	11
32.23374028618091	11.0	11	11
32.33384506967837	12.0	12	12
32.433949853175825	12.0	12	12
32.53405463667328	12.0	12	12
32.63415942017074	12.0	12	12
32.73426420366819	12.0	12	12
32.83436898716565	12.0	12	12
32.934473770663104	12.0	12	12
33.03457855416056	12.0	12	12
33.13468333765802	12.0	12	12
33.234788121155475	12.0	12	12
33.33489290465293	12.0	12	12
33.43499768815039	12.0	12	12
33.53510247164784	12.0	12	12
33.635207255145296	12.0	12	12
33.73531203864275	12.0	12	12
33.83541682214021	12.0	12	12
33.93552160563767	12.0	12	12
34.035626389135125	12.0	12	12
34.13573117263258	12.0	12	12
34.23583595613004	12.0	12	12
34.33594073962749	12.0	12	12
34.436045523124946	12.0	12	12
34.5361503066224	12.0	12	12
34.63625509011986	12.0	12	12
34.73635987361732	12.0	12	12
34.836464657114774	12.0	12	12
34.93656944061223	12.0	12	12
35.03667422410969	12.0	12	12
35.13677900760714	12.0	12	12
35.236883791104596	12.0	12	12
35.33698857460205	12.0	12	12
35.43709335809951	12.0	12	12
35.53719814159697	12.0	12	12
35.637302925094424	12.0	12	12
35.73740770859188	12.0	12	12
35.83751249208934	12.0	12	12
35.937617275586796	12.0	12	12
36.037722059084246	12.0	12	12
36.1378268425817	12.0	12	12
36.23793162607916	12.0	12	12
36.33803640957662	12.0	12	12
36.438141193074074	12.0	12	12
36.53824597657153	13.0	13	13
36.63835076006899	13.0	13	13
36.738455543566445	14.0	14	14
36.838560327063895	14.0	14	14
36.93866511056135	14.0	14	14
37.03876989405881	14.0	14	14
37.13887467755627	14.0	14	14
37.238979461053724	14.0	14	14
37.33908424455118	15.0	15	15
37.43918902804864	15.0	15	15
37.539293811546095	15.0	15	15
37.639398595043545	15.0	15	15
37.739503378541	15.0	15	15
37.83960816203846	15.0	15	15
37.939712945535916	15.0	15	15
38.03981772903337	15.0	15	15
38.13992251253083	15.0	15	15
38.24002729602829	15.0	15	15
38.340132079525745	15.0	15	15
38.4402368630232	15.0	15	15
38.54034164652065	15.0	15	15
38.64044643001811	15.0	15	15
38.740551213515566	15.0	15	15
38.84065599701302	15.0	15	15
38.94076078051048	15.0	15	15
39.04086556400794	15.0	15	15
39.140970347505394	15.0	15	15
39.24107513100285	15.0	15	15
39.3411799145003	15.0	15	15
39.44128469799776	15.0	15	15
39.541389481495216	15.0	15	15
39.64149426499267	15.0	15	15
39.74159904849013	15.0	15	15
39.84170383198759	15.0	15	15
39.941808615485044	15.0	15	15
40.0419133989825	15.0	15	15
40.14201818247995	15.0	15	15
40.24212296597741	15.0	15	15
40.342227749474866	15.0	15	15
40.44233253297232	15.0	15	15
40.54243731646978	15.0	15	15
40.64254209996724	15.0	15	15
40.742646883464694	15.0	15	15
40.84275166696215	15.0	15	15
40.9428564504596	15.0	15	15
41.04296123395706	15.0	15	15
41.143066017454515	15.0	15	15
41.24317080095197	15.0	15	15
41.34327558444943	15.0	15	15
41.44338036794689	15.0	15	15
41.543485151444344	15.0	15	15
41.6435899349418	15.0	15	15
41.74369471843926	15.0	15	15
41.84379950193671	15.0	15	15
41.943904285434165	15.0	15	15
42.04400906893162	15.0	15	15
42.14411385242908	15.0	15	15
42.244218635926536	15.0	15	15
42.34432341942399	15.0	15	15
42.44442820292145	15.0	15	15
42.54453298641891	15.0	15	15
42.64463776991636	15.0	15	15
42.744742553413815	15.0	15	15
42.84484733691127	15.0	15	15
42.94495212040873	15.0	15	15
43.045056903906186	15.0	15	15
43.14516168740364	15.0	15	15
43.2452664709011	15.0	15	15
43.34537125439856	15.0	15	15
43.44547603789601	15.0	15	15
43.545580821393465	15.0	15	15
43.64568560489092	15.0	15	15
43.74579038838838	15.0	15	15
43.845895171885836	15.0	15	15
43.94599995538329	15.0	15	15
44.04610473888075	15.0	15	15
44.14620952237821	15.0	15	15
44.24631430587566	15.0	15	15
44.346419089373114	16.0	16	16
44.44652387287057	16.0	16	16
44.54662865636803	16.0	16	16
44.646733439865486	16.0	16	16
44.74683822336294	16.0	16	16
44.8469430068604	16.0	16	16
44.94704779035786	16.0	16	16
45.047152573855314	16.0	16	16
45.147257357352764	16.0	16	16
45.24736214085022	15.0	15	15
45.34746692434768	15.0	15	15
45.447571707845135	15.0	15	15
45.54767649134259	15.0	15	15
45.64778127484005	15.0	15	15
45.74788605833751	16.0	16	16
45.847990841834964	15.0	15	15
45.948095625332414	15.0	15	15
46.04820040882987	15.0	15	15
46.14830519232733	15.0	15	15
46.248409975824785	15.0	15	15
46.34851475932224	15.0	15	15
46.4486195428197	15.0	15	15
46.548724326317156	15.0	15	15
46.64882910981461	15.0	15	15
46.74893389331206	15.0	15	15
46.84903867680952	15.0	15	15
46.94914346030698	15.0	15	15
47.049248243804435	15.0	15	15
47.14935302730189	15.0	15	15
47.24945781079935	15.0	15	15
47.349562594296806	15.0	15	15
47.44966737779426	15.0	15	15
47.54977216129171	15.0	15	15
47.64987694478917	15.0	15	15
47.74998172828663	17.0	17	17
47.850086511784085	17.0	17	17
47.95019129528154	17.0	17	17
48.050296078779	17.0	17	17
48.150400862276456	17.0	17	17
48.25050564577391	17.0	17	17
48.35061042927137	17.0	17	17
48.45071521276882	17.0	17	17
48.55081999626628	17.0	17	17
48.650924779763734	17.0	17	17
48.75102956326119	17.0	17	17
48.85113434675865	16.0	16	16
48.951239130256106	16.0	16	16
49.05134391375356	16.0	16	16
49.15144869725102	16.0	16	16
49.25155348074847	16.0	16	16
49.35165826424593	16.0	16	16
49.451763047743384	16.0	16	16
49.55186783124084	16.0	16	16
49.6519726147383	16.0	16	16
49.752077398235755	16.0	16	16
49.85218218173321	16.0	16	16
49.95228696523067	16.0	16	16
50.05239174872812	16.0	16	16
50.15249653222558	16.0	16	16
50.252601315723034	16.0	16	16
50.35270609922049	16.0	16	16
50.45281088271795	15.0	15	15
50.552915666215405	15.0	15	15
50.65302044971286	15.0	15	15
50.75312523321032	15.0	15	15
50.85323001670777	15.0	15	15
50.953334800205226	15.0	15	15
51.05343958370268	15.0	15	15
51.15354436720014	15.0	15	15
51.2536491506976	15.0	15	15
51.353753934195055	15.0	15	15
51.45385871769251	16.0	16	16
51.55396350118997	16.0	16	16
51.654068284687426	16.0	16	16
51.754173068184876	16.0	16	16
51.85427785168233	16.0	16	16
51.95438263517979	16.0	16	16
52.05448741867725	16.0	16	16
52.154592202174705	16.0	16	16
52.25469698567216	16.0	16	16
52.35480176916962	16.0	16	16
52.454906552667076	16.0	16	16
52.555011336164526	16.0	16	16
52.65511611966198	16.0	16	16
52.75522090315944	16.0	16	16
52.8553256866569	16.0	16	16
52.955430470154354	16.0	16	16
53.05553525365181	16.0	16	16
53.15564003714927	16.0	16	16
53.255744820646726	16.0	16	16
53.355849604144176	16.0	16	16
53.45595438764163	16.0	16	16
53.55605917113909	16.0	16	16
53.65616395463655	16.0	16	16
53.756268738134004	16.0	16	16
53.85637352163146	16.0	16	16
53.95647830512892	16.0	16	16
54.056583088626375	16.0	16	16
54.156687872123825	16.0	16	16
54.25679265562128	16.0	16	16
54.35689743911874	16.0	16	16
54.4570022226162	16.0	16	16
54.557107006113654	16.0	16	16
54.65721178961111	16.0	16	16
54.75731657310857	15.0	15	15
54.857421356606025	15.0	15	15
54.95752614010348	14.0	14	14
55.05763092360093	14.0	14	14
55.15773570709839	14.0	14	14
55.25784049059585	14.0	14	14
55.357945274093304	14.0	14	14
55.45805005759076	13.0	13	13
55.55815484108822	13.0	13	13
55.658259624585675	13.0	13	13
55.75836440808313	13.0	13	13
55.85846919158058	13.0	13	13
55.95857397507804	13.0	13	13
56.058678758575496	13.0	13	13
56.15878354207295	13.0	13	13
56.25888832557041	13.0	13	13
56.35899310906787	13.0	13	13
56.459097892565325	13.0	13	13
56.55920267606278	13.0	13	13
56.65930745956023	13.0	13	13
56.75941224305769	13.0	13	13
56.859517026555146	13.0	13	13
56.9596218100526	13.0	13	13
57.05972659355006	13.0	13	13
57.15983137704752	13.0	13	13
57.259936160544974	13.0	13	13
57.36004094404243	13.0	13	13
57.46014572753988	13.0	13	13
57.56025051103734	13.0	13	13
57.660355294534796	13.0	13	13
57.76046007803225	12.0	12	12
57.86056486152971	12.0	12	12
57.96066964502717	12.0	12	12
58.060774428524624	12.0	12	12
58.16087921202208	12.0	12	12
58.26098399551954	12.0	12	12
58.36108877901699	12.0	12	12
58.461193562514445	12.0	12	12
58.5612983460119	12.0	12	12
58.66140312950936	12.0	12	12
58.76150791300682	12.0	12	12
58.861612696504274	12.0	12	12
58.96171748000173	12.0	12	12
59.06182226349919	12.0	12	12
59.16192704699664	12.0	12	12
59.262031830494095	11.0	11	11
59.36213661399155	11.0	11	11
59.46224139748901	10.0	10	10
59.56234618098647	10.0	10	10
59.662450964483924	10.0	10	10
59.76255574798138	10.0	10	10
59.86266053147884	10.0	10	10
59.96276531497629	10.0	10	10
60.062870098473745	10.0	10	10
60.1629748819712	10.0	10	10
60.26307966546866	10.0	10	10
60.363184448966116	9.0	9	9
60.46328923246357	10.0	10	10
60.56339401596103	10.0	10	10
60.66349879945849	10.0	10	10
60.76360358295594	10.0	10	10
60.863708366453395	10.0	10	10
60.96381314995085	10.0	10	10
61.06391793344831	10.0	10	10
61.164022716945766	10.0	10	10
61.26412750044322	10.0	10	10
61.36423228394068	10.0	10	10
61.46433706743814	10.0	10	10
61.564441850935594	10.0	10	10
61.664546634433044	10.0	10	10
61.7646514179305	10.0	10	10
61.86475620142796	10.0	10	10
61.964860984925416	10.0	10	10
62.06496576842287	10.0	10	10
62.16507055192033	10.0	10	10
62.26517533541779	10.0	10	10
62.365280118915244	10.0	10	10
62.465384902412694	10.0	10	10
62.56548968591015	10.0	10	10
62.66559446940761	10.0	10	10
62.765699252905065	10.0	10	10
62.86580403640252	10.0	10	10
62.96590881989998	10.0	10	10
63.06601360339744	10.0	10	10
63.166118386894894	10.0	10	10
63.266223170392344	10.0	10	10
63.3663279538898	10.0	10	10
63.46643273738726	10.0	10	10
63.566537520884715	10.0	10	10
63.66664230438217	10.0	10	10
63.76674708787963	10.0	10	10
63.86685187137709	10.0	10	10
63.966956654874544	10.0	10	10
64.067061438372	10.0	10	10
64.16716622186945	10.0	10	10
64.26727100536691	10.0	10	10
64.36737578886436	10.0	10	10
64.46748057236182	10.0	10	10
64.56758535585928	10.0	10	10
64.66769013935674	10.0	10	10
64.7677949228542	10.0	10	10
64.86789970635165	10.0	10	10
64.96800448984911	11.0	11	11
65.06810927334656	11.0	11	11
65.16821405684402	11.0	11	11
65.26831884034148	11.0	11	11
65.36842362383892	10.0	10	10
65.46852840733638	10.0	10	10
65.56863319083384	11.0	11	11
65.6687379743313	13.0	13	13
65.76884275782875	13.0	13	13
65.86894754132621	13.0	13	13
65.96905232482366	13.0	13	13
66.06915710832112	13.0	13	13
66.16926189181858	13.0	13	13
66.26936667531604	13.0	13	13
66.36947145881349	13.0	13	13
66.46957624231095	13.0	13	13
66.5696810258084	13.0	13	13
66.66978580930586	13.0	13	13
66.76989059280332	13.0	13	13
66.86999537630078	12.0	12	12
66.97010015979822	12.0	12	12
67.07020494329568	11.0	11	11
67.17030972679314	11.0	11	11
67.27041451029059	11.0	11	11
67.37051929378805	11.0	11	11
67.4706240772855	11.0	11	11
67.57072886078296	11.0	11	11
67.67083364428042	11.0	11	11
67.77093842777788	11.0	11	11
67.87104321127534	11.0	11	11
67.97114799477279	11.0	11	11
68.07125277827025	12.0	12	12
68.1713575617677	12.0	12	12
68.27146234526516	12.0	12	12
68.37156712876262	12.0	12	12
68.47167191226008	12.0	12	12
68.57177669575753	12.0	12	12
68.67188147925498	12.0	12	12
68.77198626275243	12.0	12	12
68.87209104624989	12.0	12	12
68.97219582974735	12.0	12	12
69.0723006132448	12.0	12	12
69.17240539674226	12.0	12	12
69.27251018023972	12.0	12	12
69.37261496373718	12.0	12	12
69.47271974723463	12.0	12	12
69.57282453073209	12.0	12	12
69.67292931422955	12.0	12	12
69.773034097727	12.0	12	12
69.87313888122446	12.0	12	12
69.97324366472192	12.0	12	12
70.07334844821938	12.0	12	12
70.17345323171683	12.0	12	12
70.27355801521428	12.0	12	12
70.37366279871173	12.0	12	12
70.47376758220919	12.0	12	12
70.57387236570665	12.0	12	12
70.6739771492041	13.0	13	13
70.77408193270156	14.0	14	14
70.87418671619902	14.0	14	14
70.97429149969648	13.0	13	13
71.07439628319393	13.0	13	13
71.17450106669139	13.0	13	13
71.27460585018885	13.0	13	13
71.3747106336863	13.0	13	13
71.47481541718376	13.0	13	13
71.57492020068122	13.0	13	13
71.67502498417868	13.0	13	13
71.77512976767613	13.0	13	13
71.87523455117359	13.0	13	13
71.97533933467103	13.0	13	13
72.07544411816849	13.0	13	13
72.17554890166595	13.0	13	13
72.2756536851634	13.0	13	13
72.37575846866086	13.0	13	13
72.47586325215832	13.0	13	13
72.57596803565578	13.0	13	13
72.67607281915323	13.0	13	13
72.77617760265069	12.0	12	12
72.87628238614815	12.0	12	12
72.9763871696456	12.0	12	12
73.07649195314306	12.0	12	12
73.17659673664052	12.0	12	12
73.27670152013798	12.0	12	12
73.37680630363543	12.0	12	12
73.47691108713289	12.0	12	12
73.57701587063033	12.0	12	12
73.67712065412779	12.0	12	12
73.77722543762525	12.0	12	12
73.8773302211227	12.0	12	12
73.97743500462016	12.0	12	12
74.07753978811762	12.0	12	12
74.17764457161508	12.0	12	12
74.27774935511253	12.0	12	12
74.37785413860999	12.0	12	12
74.47795892210745	12.0	12	12
74.5780637056049	12.0	12	12
74.67816848910236	12.0	12	12
74.77827327259982	12.0	12	12
74.87837805609728	12.0	12	12
74.97848283959473	12.0	12	12
75.07858762309219	12.0	12	12
75.17869240658965	12.0	12	12
75.27879719008709	12.0	12	12
75.37890197358455	12.0	12	12
75.479006757082	12.0	12	12
75.57911154057946	12.0	12	12
75.67921632407692	12.0	12	12
75.77932110757438	12.0	12	12
75.87942589107183	12.0	12	12
75.97953067456929	12.0	12	12
76.07963545806675	12.0	12	12
76.1797402415642	12.0	12	12
76.27984502506166	12.0	12	12
76.37994980855912	12.0	12	12
76.48005459205658	12.0	12	12
76.58015937555403	12.0	12	12
76.68026415905149	12.0	12	12
76.78036894254895	12.0	12	12
76.8804737260464	12.0	12	12
76.98057850954385	12.0	12	12
77.0806832930413	12.0	12	12
77.18078807653876	11.0	11	11
77.28089286003622	11.0	11	11
77.38099764353368	10.0	10	10
77.48110242703113	10.0	10	10
77.58120721052859	10.0	10	10
77.68131199402605	10.0	10	10
77.7814167775235	10.0	10	10
77.88152156102096	10.0	10	10
77.98162634451842	10.0	10	10
78.08173112801587	10.0	10	10
78.18183591151333	10.0	10	10
78.28194069501079	10.0	10	10
78.38204547850825	10.0	10	10
78.4821502620057	10.0	10	10
78.58225504550315	10.0	10	10
78.6823598290006	10.0	10	10
78.78246461249806	10.0	10	10
78.88256939599552	10.0	10	10
78.98267417949297	10.0	10	10
79.08277896299043	10.0	10	10
79.18288374648789	10.0	10	10
79.28298852998535	10.0	10	10
79.3830933134828	10.0	10	10
79.48319809698026	10.0	10	10
79.58330288047772	10.0	10	10
79.68340766397517	10.0	10	10
79.78351244747263	10.0	10	10
79.88361723097009	11.0	11	11
79.98372201446755	11.0	11	11
80.083826797965	12.0	12	12
80.18393158146246	12.0	12	12
80.2840363649599	12.0	12	12
80.38414114845736	12.0	12	12
80.48424593195482	12.0	12	12
80.58435071545227	12.0	12	12
80.68445549894973	12.0	12	12
80.78456028244719	11.0	11	11
80.88466506594465	11.0	11	11
80.9847698494421	11.0	11	11
81.08487463293956	11.0	11	11
81.18497941643702	11.0	11	11
81.28508419993447	11.0	11	11
81.38518898343193	11.0	11	11
81.48529376692939	11.0	11	11
81.58539855042685	11.0	11	11
81.6855033339243	11.0	11	11
81.78560811742176	11.0	11	11
81.8857129009192	11.0	11	11
81.98581768441666	11.0	11	11
82.08592246791412	11.0	11	11
82.18602725141157	11.0	11	11
82.28613203490903	11.0	11	11
82.38623681840649	11.0	11	11
82.48634160190394	11.0	11	11
82.5864463854014	10.0	10	10
82.68655116889886	10.0	10	10
82.78665595239632	10.0	10	10
82.88676073589377	10.0	10	10
82.98686551939123	10.0	10	10
83.08697030288869	10.0	10	10
83.18707508638614	10.0	10	10
83.2871798698836	10.0	10	10
83.38728465338106	10.0	10	10
83.48738943687852	10.0	10	10
83.58749422037596	10.0	10	10
83.68759900387342	10.0	10	10
83.78770378737087	10.0	10	10
83.88780857086833	10.0	10	10
83.98791335436579	10.0	10	10
84.08801813786324	10.0	10	10
84.1881229213607	10.0	10	10
84.28822770485816	10.0	10	10
84.38833248835562	10.0	10	10
84.48843727185307	10.0	10	10
84.58854205535053	11.0	11	11
84.68864683884799	11.0	11	11
84.78875162234544	11.0	11	11
84.8888564058429	11.0	11	11
84.98896118934036	11.0	11	11
85.08906597283782	11.0	11	11
85.18917075633526	11.0	11	11
85.28927553983272	11.0	11	11
85.38938032333017	11.0	11	11
85.48948510682763	11.0	11	11
85.58958989032509	11.0	11	11
85.68969467382254	11.0	11	11
85.78979945732	11.0	11	11
85.88990424081746	11.0	11	11
85.99000902431492	11.0	11	11
86.09011380781237	11.0	11	11
86.19021859130983	10.0	10	10
86.29032337480729	10.0	10	10
86.39042815830474	10.0	10	10
86.4905329418022	10.0	10	10
86.59063772529966	10.0	10	10
86.69074250879711	10.0	10	10
86.79084729229457	10.0	10	10
86.89095207579201	10.0	10	10
86.99105685928947	10.0	10	10
87.09116164278693	10.0	10	10
87.19126642628439	10.0	10	10
87.29137120978184	10.0	10	10
87.3914759932793	10.0	10	10
87.49158077677676	10.0	10	10
87.59168556027421	10.0	10	10
87.69179034377167	10.0	10	10
87.79189512726913	10.0	10	10
87.89199991076659	10.0	10	10
87.99210469426404	10.0	10	10
88.0922094777615	10.0	10	10
88.19231426125896	10.0	10	10
88.29241904475641	10.0	10	10
88.39252382825387	10.0	10	10
88.49262861175131	10.0	10	10
88.59273339524877	10.0	10	10
88.69283817874623	9.0	9	9
88.79294296224369	9.0	9	9
88.89304774574114	9.0	9	9
88.9931525292386	9.0	9	9
89.09325731273606	9.0	9	9
89.19336209623351	9.0	9	9
89.29346687973097	9.0	9	9
89.39357166322843	9.0	9	9
89.49367644672589	9.0	9	9
89.59378123022334	9.0	9	9
89.6938860137208	9.0	9	9
89.79399079721826	9.0	9	9
89.89409558071571	9.0	9	9
89.99420036421317	9.0	9	9
90.09430514771063	9.0	9	9
90.19440993120807	9.0	9	9
90.29451471470553	9.0	9	9
90.39461949820299	9.0	9	9
90.49472428170044	9.0	9	9
90.5948290651979	9.0	9	9
90.69493384869536	9.0	9	9
90.79503863219281	9.0	9	9
90.89514341569027	9.0	9	9
90.99524819918773	9.0	9	9
91.09535298268518	9.0	9	9
91.19545776618264	9.0	9	9
91.2955625496801	9.0	9	9
91.39566733317756	9.0	9	9
91.49577211667501	9.0	9	9
91.59587690017247	9.0	9	9
91.69598168366993	9.0	9	9
91.79608646716737	9.0	9	9
91.89619125066483	9.0	9	9
91.99629603416228	9.0	9	9
92.09640081765974	9.0	9	9
92.1965056011572	9.0	9	9
92.29661038465466	9.0	9	9
92.39671516815211	9.0	9	9
92.49681995164957	9.0	9	9
92.59692473514703	9.0	9	9
92.69702951864448	9.0	9	9
92.79713430214194	9.0	9	9
92.8972390856394	9.0	9	9
92.99734386913686	9.0	9	9
93.09744865263431	9.0	9	9
93.19755343613177	9.0	9	9
93.29765821962923	9.0	9	9
93.39776300312668	9.0	9	9
93.49786778662413	9.0	9	9
93.59797257012158	9.0	9	9
93.69807735361904	9.0	9	9
93.7981821371165	9.0	9	9
93.89828692061396	9.0	9	9
93.99839170411141	10.0	10	10
94.09849648760887	10.0	10	10
94.19860127110633	10.0	10	10
94.29870605460378	10.0	10	10
94.39881083810124	10.0	10	10
94.4989156215987	10.0	10	10
94.59902040509616	10.0	10	10
94.69912518859361	10.0	10	10
94.79922997209107	10.0	10	10
94.89933475558853	10.0	10	10
94.99943953908598	10.0	10	10
95.09954432258343	10.0	10	10
95.19964910608088	10.0	10	10
95.29975388957834	10.0	10	10
95.3998586730758	11.0	11	11
95.49996345657325	11.0	11	11
95.60006824007071	11.0	11	11
95.70017302356817	11.0	11	11
95.80027780706563	11.0	11	11
95.90038259056308	11.0	11	11
96.00048737406054	11.0	11	11
96.100592157558	11.0	11	11
96.20069694105545	11.0	11	11
96.30080172455291	11.0	11	11
96.40090650805037	11.0	11	11
96.50101129154783	11.0	11	11
96.60111607504528	11.0	11	11
96.70122085854274	11.0	11	11
96.80132564204018	11.0	11	11
96.90143042553764	11.0	11	11
97.0015352090351	12.0	12	12
97.10163999253255	12.0	12	12
97.20174477603001	12.0	12	12
97.30184955952747	12.0	12	12
97.40195434302493	12.0	12	12
97.50205912652238	12.0	12	12
97.60216391001984	12.0	12	12
97.7022686935173	12.0	12	12
97.80237347701475	12.0	12	12
97.90247826051221	12.0	12	12
98.00258304400967	12.0	12	12
98.10268782750713	12.0	12	12
98.20279261100458	12.0	12	12
98.30289739450204	12.0	12	12
98.40300217799948	11.0	11	11
98.50310696149694	11.0	11	11
98.6032117449944	11.0	11	11
98.70331652849185	11.0	11	11
98.80342131198931	11.0	11	11
98.90352609548677	11.0	11	11
99.00363087898423	11.0	11	11
99.10373566248168	11.0	11	11
99.20384044597914	11.0	11	11
99.3039452294766	11.0	11	11
99.40405001297405	11.0	11	11
99.50415479647151	11.0	11	11
99.60425957996897	11.0	11	11
99.70436436346642	11.0	11	11
99.80446914696388	11.0	11	11
99.90457393046134	11.0	11	11
100.0046787139588	11.0	11	11
100.10478349745624	11.0	11	11
100.2048882809537	11.0	11	11
100.30499306445115	11.0	11	11
100.40509784794861	11.0	11	11
100.50520263144607	11.0	11	11
100.60530741494352	11.0	11	11
100.70541219844098	11.0	11	11
100.80551698193844	11.0	11	11
100.9056217654359	11.0	11	11
101.00572654893335	11.0	11	11
101.10583133243081	11.0	11	11
101.20593611592827	11.0	11	11
101.30604089942572	11.0	11	11
101.40614568292318	11.0	11	11
101.50625046642064	11.0	11	11
101.6063552499181	11.0	11	11
101.70646003341554	11.0	11	11
101.806564816913	11.0	11	11
101.90666960041045	11.0	11	11
102.00677438390791	11.0	11	11
102.10687916740537	11.0	11	11
102.20698395090282	11.0	11	11
102.30708873440028	11.0	11	11
102.40719351789774	11.0	11	11
102.5072983013952	11.0	11	11
102.60740308489265	11.0	11	11
102.70750786839011	11.0	11	11
102.80761265188757	11.0	11	11
102.90771743538502	11.0	11	11
103.00782221888248	11.0	11	11
103.10792700237994	11.0	11	11
103.2080317858774	11.0	11	11
103.30813656937485	11.0	11	11
103.4082413528723	11.0	11	11
103.50834613636975	11.0	11	11
103.60845091986721	11.0	11	11
103.70855570336467	11.0	11	11
103.80866048686212	11.0	11	11
103.90876527035958	11.0	11	11
104.00887005385704	11.0	11	11
104.1089748373545	11.0	11	11
104.20907962085195	11.0	11	11
104.30918440434941	11.0	11	11
104.40928918784687	11.0	11	11
104.50939397134432	11.0	11	11
104.60949875484178	11.0	11	11
104.70960353833924	11.0	11	11
104.8097083218367	11.0	11	11
104.90981310533415	11.0	11	11
105.0099178888316	11.0	11	11
105.11002267232905	11.0	11	11
105.21012745582651	11.0	11	11
105.31023223932397	11.0	11	11
105.41033702282142	11.0	11	11
105.51044180631888	11.0	11	11
105.61054658981634	11.0	11	11
105.7106513733138	11.0	11	11
105.81075615681125	11.0	11	11
105.91086094030871	10.0	10	10
106.01096572380617	10.0	10	10
106.11107050730362	10.0	10	10
106.21117529080108	10.0	10	10
106.31128007429854	10.0	10	10
106.411384857796	10.0	10	10
106.51148964129345	10.0	10	10
106.61159442479091	10.0	10	10
106.71169920828835	10.0	10	10
106.81180399178581	10.0	10	10
106.91190877528327	10.0	10	10
107.01201355878072	10.0	10	10
107.11211834227818	10.0	10	10
107.21222312577564	10.0	10	10
107.3123279092731	10.0	10	10
107.41243269277055	10.0	10	10
107.51253747626801	10.0	10	10
107.61264225976547	10.0	10	10
107.71274704326292	10.0	10	10
107.81285182676038	10.0	10	10
107.91295661025784	10.0	10	10
108.0130613937553	10.0	10	10
108.11316617725275	10.0	10	10
108.21327096075021	10.0	10	10
108.31337574424765	10.0	10	10
108.41348052774511	10.0	10	10
108.51358531124257	10.0	10	10
108.61369009474002	10.0	10	10
108.71379487823748	10.0	10	10
108.81389966173494	10.0	10	10
108.9140044452324	10.0	10	10
109.01410922872985	10.0	10	10
109.11421401222731	10.0	10	10
109.21431879572476	10.0	10	10
109.31442357922222	10.0	10	10
109.41452836271968	9.0	9	9
109.51463314621714	9.0	9	9
109.6147379297146	9.0	9	9
109.71484271321205	9.0	9	9
109.81494749670951	9.0	9	9
109.91505228020696	9.0	9	9
110.01515706370441	9.0	9	9
110.11526184720186	9.0	9	9
110.21536663069932	9.0	9	9
110.31547141419678	9.0	9	9
110.41557619769424	9.0	9	9
110.5156809811917	9.0	9	9
110.61578576468915	9.0	9	9
110.71589054818661	9.0	9	9
110.81599533168406	9.0	9	9
110.91610011518152	9.0	9	9
111.01620489867898	9.0	9	9
111.11630968217644	9.0	9	9
111.21641446567389	9.0	9	9
111.31651924917135	9.0	9	9
111.4166240326688	9.0	9	9
111.51672881616626	9.0	9	9
111.6168335996637	9.0	9	9
111.71693838316116	10.0	10	10
111.81704316665862	10.0	10	10
111.91714795015608	10.0	10	10
112.01725273365354	10.0	10	10
112.11735751715099	10.0	10	10
112.21746230064845	10.0	10	10
112.3175670841459	10.0	10	10
112.41767186764336	10.0	10	10
112.51777665114082	10.0	10	10
112.61788143463828	10.0	10	10
112.71798621813574	10.0	10	10
112.81809100163319	10.0	10	10
112.91819578513065	10.0	10	10
113.0183005686281	9.0	9	9
113.11840535212556	9.0	9	9
113.21851013562302	9.0	9	9
113.31861491912046	9.0	9	9
113.41871970261792	9.0	9	9
113.51882448611538	9.0	9	9
113.61892926961283	9.0	9	9
113.71903405311029	9.0	9	9
113.81913883660775	9.0	9	9
113.9192436201052	9.0	9	9
114.01934840360266	9.0	9	9
114.11945318710012	9.0	9	9
114.21955797059758	9.0	9	9
114.31966275409503	9.0	9	9
114.41976753759249	9.0	9	9
114.51987232108995	9.0	9	9
114.6199771045874	9.0	9	9
114.72008188808486	9.0	9	9
114.82018667158232	9.0	9	9
114.92029145507976	9.0	9	9
115.02039623857722	10.0	10	10
115.12050102207468	10.0	10	10
115.22060580557213	10.0	10	10
115.32071058906959	10.0	10	10
115.42081537256705	10.0	10	10
115.5209201560645	10.0	10	10
115.62102493956196	10.0	10	10
115.72112972305942	10.0	10	10
115.82123450655688	10.0	10	10
115.92133929005433	10.0	10	10
116.02144407355179	10.0	10	10
116.12154885704925	10.0	10	10
116.2216536405467	10.0	10	10
116.32175842404416	10.0	10	10
116.42186320754162	10.0	10	10
116.52196799103908	10.0	10	10
116.62207277453652	10.0	10	10
116.72217755803398	10.0	10	10
116.82228234153143	10.0	10	10
116.92238712502889	10.0	10	10
117.02249190852635	10.0	10	10
117.1225966920238	10.0	10	10
117.22270147552126	10.0	10	10
117.32280625901872	10.0	10	10
117.42291104251618	10.0	10	10
117.52301582601363	10.0	10	10
117.62312060951109	10.0	10	10
117.72322539300855	10.0	10	10
117.823330176506	10.0	10	10
117.92343496000346	10.0	10	10
118.02353974350092	10.0	10	10
118.12364452699838	10.0	10	10
118.22374931049582	10.0	10	10
118.32385409399328	10.0	10	10
118.42395887749073	10.0	10	10
118.52406366098819	10.0	10	10
118.62416844448565	10.0	10	10
118.7242732279831	10.0	10	10
118.82437801148056	10.0	10	10
118.92448279497802	10.0	10	10
119.02458757847548	10.0	10	10
119.12469236197293	10.0	10	10
119.22479714547039	10.0	10	10
119.32490192896785	10.0	10	10
119.4250067124653	10.0	10	10
119.52511149596276	10.0	10	10
119.62521627946022	10.0	10	10
119.72532106295768	10.0	10	10
119.82542584645513	9.0	9	9
119.92553062995258	9.0	9	9
120.02563541345003	10.0	10	10
120.12574019694749	10.0	10	10
120.22584498044495	10.0	10	10
120.3259497639424	10.0	10	10
120.42605454743986	10.0	10	10
120.52615933093732	10.0	10	10
120.62626411443478	10.0	10	10
120.72636889793223	10.0	10	10
120.82647368142969	10.0	10	10
120.92657846492715	10.0	10	10
121.0266832484246	10.0	10	10
121.12678803192206	10.0	10	10
121.22689281541952	10.0	10	10
121.32699759891698	10.0	10	10
121.42710238241443	10.0	10	10
121.52720716591188	10.0	10	10
121.62731194940933	10.0	10	10
121.72741673290679	10.0	10	10
121.82752151640425	10.0	10	10
121.9276262999017	10.0	10	10
122.02773108339916	10.0	10	10
122.12783586689662	10.0	10	10
122.22794065039407	10.0	10	10
122.32804543389153	10.0	10	10
122.42815021738899	10.0	10	10
122.52825500088645	10.0	10	10
122.6283597843839	10.0	10	10
122.72846456788136	10.0	10	10
122.82856935137882	10.0	10	10
122.92867413487627	10.0	10	10
123.02877891837373	10.0	10	10
123.12888370187119	10.0	10	10
123.22898848536863	10.0	10	10
123.32909326886609	10.0	10	10
123.42919805236355	10.0	10	10
123.529302835861	10.0	10	10
123.62940761935846	10.0	10	10
123.72951240285592	10.0	10	10
123.82961718635337	10.0	10	10
123.92972196985083	10.0	10	10
124.02982675334829	10.0	10	10
124.12993153684575	10.0	10	10
124.2300363203432	10.0	10	10
124.33014110384066	10.0	10	10
124.43024588733812	10.0	10	10
124.53035067083557	10.0	10	10
124.63045545433303	10.0	10	10
124.73056023783049	10.0	10	10
124.83066502132793	10.0	10	10
124.93076980482539	10.0	10	10
125.03087458832285	10.0	10	10
125.1309793718203	10.0	10	10
125.23108415531776	10.0	10	10
125.33118893881522	10.0	10	10
125.43129372231267	10.0	10	10
125.53139850581013	9.0	9	9
125.63150328930759	9.0	9	9
125.73160807280505	9.0	9	9
125.8317128563025	9.0	9	9
125.93181763979996	9.0	9	9
126.03192242329742	9.0	9	9
126.13202720679487	9.0	9	9
126.23213199029233	9.0	9	9
126.33223677378979	9.0	9	9
126.43234155728724	9.0	9	9
126.53244634078469	9.0	9	9
126.63255112428214	9.0	9	9
126.7326559077796	9.0	9	9
126.83276069127706	9.0	9	9
126.93286547477452	9.0	9	9
127.03297025827197	9.0	9	9
127.13307504176943	9.0	9	9
127.23317982526689	9.0	9	9
127.33328460876434	9.0	9	9
127.4333893922618	9.0	9	9
127.53349417575926	9.0	9	9
127.63359895925672	9.0	9	9
127.73370374275417	9.0	9	9
127.83380852625163	9.0	9	9
127.93391330974909	9.0	9	9
128.03401809324654	9.0	9	9
128.134122876744	9.0	9	9
128.23422766024146	9.0	9	9
128.3343324437389	9.0	9	9
128.43443722723637	9.0	9	9
128.53454201073382	9.0	9	9
128.6346467942313	9.0	9	9
128.73475157772873	9.0	9	9
128.8348563612262	9.0	9	9
128.93496114472364	9.0	9	9
129.0350659282211	9.0	9	9
129.13517071171856	9.0	9	9
129.235275495216	9.0	9	9
129.33538027871347	9.0	9	9
129.43548506221092	9.0	9	9
129.5355898457084	10.0	10	10
129.63569462920583	10.0	10	10
129.7357994127033	10.0	10	10
129.83590419620074	10.0	10	10
129.93600897969822	10.0	10	10
130.03611376319566	10.0	10	10
130.13621854669313	10.0	10	10
130.23632333019057	10.0	10	10
130.33642811368804	10.0	10	10
130.4365328971855	10.0	10	10
130.53663768068296	10.0	10	10
130.6367424641804	10.0	10	10
130.73684724767784	10.0	10	10
130.83695203117531	10.0	10	10
130.93705681467276	10.0	10	10
131.03716159817023	11.0	11	11
131.13726638166767	11.0	11	11
131.23737116516514	11.0	11	11
131.3374759486626	11.0	11	11
131.43758073216006	11.0	11	11
131.5376855156575	11.0	11	11
131.63779029915497	11.0	11	11
131.73789508265241	11.0	11	11
131.8379998661499	11.0	11	11
131.93810464964733	11.0	11	11
132.0382094331448	10.0	10	10
132.13831421664224	10.0	10	10
132.23841900013971	10.0	10	10
132.33852378363716	10.0	10	10
132.4386285671346	10.0	10	10
132.53873335063207	10.0	10	10
132.63883813412951	10.0	10	10
132.73894291762699	11.0	11	11
132.83904770112443	11.0	11	11
132.9391524846219	11.0	11	11
133.03925726811934	11.0	11	11
133.1393620516168	11.0	11	11
133.23946683511426	11.0	11	11
133.33957161861173	11.0	11	11
133.43967640210917	11.0	11	11
133.53978118560664	11.0	11	11
133.63988596910409	11.0	11	11
133.73999075260156	11.0	11	11
133.840095536099	11.0	11	11
133.94020031959644	11.0	11	11
134.0403051030939	11.0	11	11
134.14040988659136	11.0	11	11
134.24051467008883	11.0	11	11
134.34061945358627	11.0	11	11
134.44072423708374	11.0	11	11
134.54082902058119	11.0	11	11
134.64093380407866	11.0	11	11
134.7410385875761	11.0	11	11
134.84114337107357	11.0	11	11
134.941248154571	11.0	11	11
135.04135293806848	11.0	11	11
135.14145772156593	11.0	11	11
135.2415625050634	11.0	11	11
135.34166728856084	11.0	11	11
135.4417720720583	11.0	11	11
135.54187685555576	11.0	11	11
135.6419816390532	11.0	11	11
135.74208642255067	11.0	11	11
135.8421912060481	11.0	11	11
135.94229598954558	11.0	11	11
136.04240077304303	11.0	11	11
136.1425055565405	11.0	11	11
136.24261034003794	11.0	11	11
136.3427151235354	11.0	11	11
136.44281990703286	11.0	11	11
136.54292469053033	11.0	11	11
136.64302947402777	11.0	11	11
136.74313425752524	11.0	11	11
136.84323904102268	11.0	11	11
136.94334382452016	11.0	11	11
137.0434486080176	11.0	11	11
137.14355339151507	11.0	11	11
137.2436581750125	11.0	11	11
137.34376295850996	11.0	11	11
137.44386774200743	11.0	11	11
137.54397252550487	11.0	11	11
137.64407730900234	11.0	11	11
137.74418209249978	11.0	11	11
137.84428687599726	11.0	11	11
137.9443916594947	11.0	11	11
138.04449644299217	11.0	11	11
138.1446012264896	11.0	11	11
138.24470600998708	11.0	11	11
138.34481079348453	11.0	11	11
138.444915576982	11.0	11	11
138.54502036047944	11.0	11	11
138.6451251439769	11.0	11	11
138.74522992747436	11.0	11	11
138.84533471097183	11.0	11	11
138.94543949446927	11.0	11	11
139.0455442779667	11.0	11	11
139.14564906146418	11.0	11	11
139.24575384496163	11.0	11	11
139.3458586284591	11.0	11	11
139.44596341195654	11.0	11	11
139.546068195454	12.0	12	12
139.64617297895145	12.0	12	12
139.74627776244893	12.0	12	12
139.84638254594637	12.0	12	12
139.94648732944384	12.0	12	12
140.04659211294128	12.0	12	12
140.14669689643875	12.0	12	12
140.2468016799362	12.0	12	12
140.34690646343367	12.0	12	12
140.4470112469311	12.0	12	12
140.54711603042855	12.0	12	12
140.64722081392603	12.0	12	12
140.74732559742347	11.0	11	11
140.84743038092094	11.0	11	11
140.94753516441838	11.0	11	11
141.04763994791585	11.0	11	11
141.1477447314133	11.0	11	11
141.24784951491077	11.0	11	11
141.3479542984082	11.0	11	11
141.44805908190568	11.0	11	11
141.54816386540313	11.0	11	11
141.6482686489006	11.0	11	11
141.74837343239804	11.0	11	11
141.8484782158955	10.0	10	10
141.94858299939295	10.0	10	10
142.04868778289043	10.0	10	10
142.14879256638787	10.0	10	10
142.2488973498853	11.0	11	11
142.34900213338278	11.0	11	11
142.44910691688023	11.0	11	11
142.5492117003777	11.0	11	11
142.64931648387514	11.0	11	11
142.7494212673726	10.0	10	10
142.84952605087005	10.0	10	10
142.94963083436753	10.0	10	10
143.04973561786497	10.0	10	10
143.14984040136244	9.0	9	9
143.24994518485988	9.0	9	9
143.35004996835735	9.0	9	9
143.4501547518548	9.0	9	9
143.55025953535227	9.0	9	9
143.6503643188497	9.0	9	9
143.75046910234718	9.0	9	9
143.85057388584463	9.0	9	9
143.95067866934207	9.0	9	9
144.05078345283954	9.0	9	9
144.15088823633698	9.0	9	9
144.25099301983445	9.0	9	9
144.3510978033319	9.0	9	9
144.45120258682937	9.0	9	9
144.5513073703268	9.0	9	9
144.65141215382428	9.0	9	9
144.75151693732172	9.0	9	9
144.8516217208192	9.0	9	9
144.95172650431664	9.0	9	9
145.0518312878141	9.0	9	9
145.15193607131155	9.0	9	9
145.25204085480902	9.0	9	9
145.35214563830647	8.0	8	8
145.45225042180394	8.0	8	8
145.55235520530138	8.0	8	8
145.65245998879882	8.0	8	8
145.7525647722963	8.0	8	8
145.85266955579374	8.0	8	8
145.9527743392912	8.0	8	8
146.05287912278865	9.0	9	9
146.15298390628612	9.0	9	9
146.25308868978357	9.0	9	9
146.35319347328104	9.0	9	9
146.45329825677848	9.0	9	9
146.55340304027595	9.0	9	9
146.6535078237734	9.0	9	9
146.75361260727087	9.0	9	9
146.8537173907683	9.0	9	9
146.95382217426578	9.0	9	9
147.05392695776322	9.0	9	9
147.15403174126067	9.0	9	9
147.25413652475814	9.0	9	9
147.35424130825558	9.0	9	9
147.45434609175305	9.0	9	9
147.5544508752505	9.0	9	9
147.65455565874797	9.0	9	9
147.7546604422454	9.0	9	9
147.85476522574288	9.0	9	9
147.95487000924032	9.0	9	9
148.0549747927378	9.0	9	9
148.15507957623524	9.0	9	9
148.2551843597327	9.0	9	9
148.35528914323015	9.0	9	9
148.45539392672762	9.0	9	9
148.55549871022507	9.0	9	9
148.65560349372254	9.0	9	9
148.75570827721998	9.0	9	9
148.85581306071742	9.0	9	9
148.9559178442149	9.0	9	9
149.05602262771234	9.0	9	9
149.1561274112098	9.0	9	9
149.25623219470725	9.0	9	9
149.35633697820472	9.0	9	9
149.45644176170217	9.0	9	9
149.55654654519964	9.0	9	9
149.65665132869708	9.0	9	9
149.75675611219455	9.0	9	9
149.856860895692	9.0	9	9
149.95696567918947	9.0	9	9
150.0570704626869	9.0	9	9
150.15717524618438	9.0	9	9
150.25728002968182	9.0	9	9
150.3573848131793	9.0	9	9
150.45748959667674	9.0	9	9
150.55759438017418	9.0	9	9
150.65769916367165	9.0	9	9
150.7578039471691	9.0	9	9
150.85790873066657	9.0	9	9
150.958013514164	9.0	9	9
151.05811829766148	9.0	9	9
151.15822308115892	9.0	9	9
151.2583278646564	9.0	9	9
151.35843264815384	9.0	9	9
151.4585374316513	9.0	9	9
151.55864221514875	9.0	9	9
151.65874699864622	9.0	9	9
151.75885178214367	8.0	8	8
151.85895656564114	8.0	8	8
151.95906134913858	8.0	8	8
152.05916613263605	8.0	8	8
152.1592709161335	8.0	8	8
152.25937569963094	8.0	8	8
152.3594804831284	8.0	8	8
152.45958526662585	8.0	8	8
152.55969005012332	8.0	8	8
152.65979483362077	8.0	8	8
152.75989961711824	8.0	8	8
152.86000440061568	8.0	8	8
152.96010918411315	8.0	8	8
153.0602139676106	8.0	8	8
153.16031875110806	8.0	8	8
153.2604235346055	8.0	8	8
153.36052831810298	8.0	8	8
153.46063310160042	8.0	8	8
153.5607378850979	8.0	8	8
153.66084266859534	8.0	8	8
153.7609474520928	8.0	8	8
153.86105223559025	8.0	8	8
153.9611570190877	8.0	8	8
154.06126180258516	8.0	8	8
154.1613665860826	8.0	8	8
154.26147136958008	8.0	8	8
154.36157615307752	8.0	8	8
154.461680936575	8.0	8	8
154.56178572007244	8.0	8	8
154.6618905035699	8.0	8	8
154.76199528706735	8.0	8	8
154.86210007056482	9.0	9	9
154.96220485406226	9.0	9	9
155.06230963755974	9.0	9	9
155.16241442105718	9.0	9	9
155.26251920455465	9.0	9	9
155.3626239880521	9.0	9	9
155.46272877154954	9.0	9	9
155.562833555047	9.0	9	9
155.66293833854445	9.0	9	9
155.76304312204192	9.0	9	9
155.86314790553936	9.0	9	9
155.96325268903684	8.0	8	8
156.06335747253428	8.0	8	8
156.16346225603175	8.0	8	8
156.2635670395292	8.0	8	8
156.36367182302666	8.0	8	8
156.4637766065241	8.0	8	8
156.56388139002158	8.0	8	8
156.66398617351902	8.0	8	8
156.7640909570165	8.0	8	8
156.86419574051394	8.0	8	8
156.9643005240114	8.0	8	8
157.06440530750885	8.0	8	8
157.1645100910063	8.0	8	8
157.26461487450376	8.0	8	8
157.3647196580012	8.0	8	8
157.46482444149868	8.0	8	8
157.56492922499612	8.0	8	8
157.6650340084936	8.0	8	8
157.76513879199103	8.0	8	8
157.8652435754885	8.0	8	8
157.96534835898595	8.0	8	8
158.06545314248342	8.0	8	8
158.16555792598086	8.0	8	8
158.26566270947833	8.0	8	8
158.36576749297578	8.0	8	8
158.46587227647325	8.0	8	8
158.5659770599707	8.0	8	8
158.66608184346816	8.0	8	8
158.7661866269656	8.0	8	8
158.86629141046305	8.0	8	8
158.96639619396052	8.0	8	8
159.06650097745796	8.0	8	8
159.16660576095543	8.0	8	8
159.26671054445288	7.0	7	7
159.36681532795035	7.0	7	7
159.4669201114478	7.0	7	7
159.56702489494526	6.0	6	6
159.6671296784427	6.0	6	6
159.76723446194018	6.0	6	6
159.86733924543762	6.0	6	6
159.9674440289351	6.0	6	6
160.06754881243253	6.0	6	6
160.16765359593	6.0	6	6
160.26775837942745	6.0	6	6
160.36786316292492	6.0	6	6
160.46796794642236	6.0	6	6
160.5680727299198	6.0	6	6
160.66817751341728	6.0	6	6
160.76828229691472	6.0	6	6
160.8683870804122	6.0	6	6
160.96849186390963	6.0	6	6
161.0685966474071	6.0	6	6
161.16870143090455	6.0	6	6
161.26880621440202	6.0	6	6
161.36891099789946	6.0	6	6
161.46901578139693	6.0	6	6
161.56912056489438	6.0	6	6
161.66922534839185	6.0	6	6
161.7693301318893	6.0	6	6
161.86943491538676	6.0	6	6
161.9695396988842	6.0	6	6
162.06964448238165	6.0	6	6
162.16974926587912	6.0	6	6
162.26985404937656	6.0	6	6
162.36995883287403	6.0	6	6
162.47006361637148	6.0	6	6
162.57016839986895	6.0	6	6
162.6702731833664	6.0	6	6
162.77037796686386	6.0	6	6
162.8704827503613	6.0	6	6
162.97058753385878	6.0	6	6
163.07069231735622	6.0	6	6
163.1707971008537	6.0	6	6
163.27090188435113	6.0	6	6
163.3710066678486	6.0	6	6
163.47111145134605	6.0	6	6
163.57121623484352	6.0	6	6
163.67132101834096	5.0	5	5
163.7714258018384	5.0	5	5
163.87153058533588	5.0	5	5
163.97163536883332	6.0	6	6
164.0717401523308	6.0	6	6
164.17184493582823	6.0	6	6
164.2719497193257	6.0	6	6
164.37205450282315	6.0	6	6
164.47215928632062	6.0	6	6
164.57226406981806	6.0	6	6
164.67236885331553	6.0	6	6
164.77247363681298	6.0	6	6
164.87257842031045	7.0	7	7
164.9726832038079	7.0	7	7
165.07278798730536	7.0	7	7
165.1728927708028	7.0	7	7
165.27299755430028	7.0	7	7
165.37310233779772	7.0	7	7
165.47320712129516	7.0	7	7
165.57331190479263	7.0	7	7
165.67341668829008	7.0	7	7
165.77352147178755	7.0	7	7
165.873626255285	7.0	7	7
165.97373103878246	7.0	7	7
166.0738358222799	7.0	7	7
166.17394060577737	7.0	7	7
166.27404538927482	7.0	7	7
166.3741501727723	7.0	7	7
166.47425495626973	7.0	7	7
166.5743597397672	7.0	7	7
166.67446452326465	7.0	7	7
166.77456930676212	7.0	7	7
166.87467409025956	7.0	7	7
166.97477887375703	7.0	7	7
167.07488365725447	7.0	7	7
167.17498844075192	7.0	7	7
167.2750932242494	7.0	7	7
167.37519800774683	7.0	7	7
167.4753027912443	7.0	7	7
167.57540757474175	7.0	7	7
167.67551235823922	7.0	7	7
167.77561714173666	7.0	7	7
167.87572192523413	7.0	7	7
167.97582670873157	7.0	7	7
168.07593149222905	7.0	7	7
168.1760362757265	7.0	7	7
168.27614105922396	7.0	7	7
168.3762458427214	7.0	7	7
168.47635062621887	7.0	7	7
168.57645540971632	7.0	7	7
168.67656019321376	7.0	7	7
168.77666497671123	7.0	7	7
168.87676976020867	7.0	7	7
168.97687454370615	6.0	6	6
169.0769793272036	6.0	6	6
169.17708411070106	6.0	6	6
169.2771888941985	5.0	5	5
169.37729367769597	5.0	5	5
169.47739846119342	5.0	5	5
169.5775032446909	5.0	5	5
169.67760802818833	5.0	5	5
169.7777128116858	5.0	5	5
169.87781759518325	5.0	5	5
169.97792237868072	4.0	4	4
170.07802716217816	4.0	4	4
170.17813194567563	4.0	4	4
170.27823672917307	4.0	4	4
170.37834151267052	4.0	4	4
170.478446296168	5.0	5	5
170.57855107966543	5.0	5	5
170.6786558631629	5.0	5	5
170.77876064666034	5.0	5	5
170.87886543015782	5.0	5	5
170.97897021365526	5.0	5	5
171.07907499715273	5.0	5	5
171.17917978065017	5.0	5	5
171.27928456414764	5.0	5	5
171.3793893476451	5.0	5	5
171.47949413114256	5.0	5	5
171.57959891464	5.0	5	5
171.67970369813747	5.0	5	5
171.77980848163492	5.0	5	5
171.8799132651324	5.0	5	5
171.98001804862983	5.0	5	5
172.08012283212727	4.0	4	4
172.18022761562474	4.0	4	4
172.2803323991222	4.0	4	4
172.38043718261966	4.0	4	4
172.4805419661171	4.0	4	4
172.58064674961457	4.0	4	4
172.68075153311202	4.0	4	4
172.7808563166095	4.0	4	4
172.88096110010693	4.0	4	4
172.9810658836044	4.0	4	4
173.08117066710184	4.0	4	4
173.18127545059932	4.0	4	4
173.28138023409676	4.0	4	4
173.38148501759423	4.0	4	4
173.48158980109167	4.0	4	4
173.58169458458914	4.0	4	4
173.6817993680866	4.0	4	4
173.78190415158403	4.0	4	4
173.8820089350815	4.0	4	4
173.98211371857894	4.0	4	4
174.08221850207642	4.0	4	4
174.18232328557386	4.0	4	4
174.28242806907133	4.0	4	4
174.38253285256877	4.0	4	4
174.48263763606624	4.0	4	4
174.5827424195637	4.0	4	4
174.68284720306116	4.0	4	4
174.7829519865586	4.0	4	4
174.88305677005607	4.0	4	4
174.98316155355351	4.0	4	4
175.083266337051	4.0	4	4
175.18337112054843	4.0	4	4
175.28347590404587	4.0	4	4
175.38358068754334	4.0	4	4
175.4836854710408	4.0	4	4
175.58379025453826	4.0	4	4
175.6838950380357	4.0	4	4
175.78399982153317	4.0	4	4
175.88410460503061	4.0	4	4
175.9842093885281	4.0	4	4
176.08431417202553	4.0	4	4
176.184418955523	4.0	4	4
176.28452373902044	4.0	4	4
176.38462852251791	4.0	4	4
176.48473330601536	4.0	4	4
176.58483808951283	4.0	4	4
176.68494287301027	4.0	4	4
176.78504765650774	4.0	4	4
176.88515244000519	4.0	4	4
176.98525722350263	4.0	4	4
177.0853620070001	4.0	4	4
177.18546679049754	4.0	4	4
177.285571573995	4.0	4	4
177.38567635749246	4.0	4	4
177.48578114098993	4.0	4	4
177.58588592448737	4.0	4	4
177.68599070798484	4.0	4	4
177.78609549148229	4.0	4	4
177.88620027497976	4.0	4	4
177.9863050584772	4.0	4	4
178.08640984197467	4.0	4	4
178.1865146254721	4.0	4	4
178.28661940896959	4.0	4	4
178.38672419246703	4.0	4	4
178.4868289759645	4.0	4	4
178.58693375946194	4.0	4	4
178.68703854295939	4.0	4	4
178.78714332645686	4.0	4	4
178.8872481099543	4.0	4	4
178.98735289345177	4.0	4	4
179.0874576769492	4.0	4	4
179.18756246044669	4.0	4	4
179.28766724394413	4.0	4	4
179.3877720274416	4.0	4	4
179.48787681093904	4.0	4	4
179.5879815944365	4.0	4	4
179.68808637793396	4.0	4	4
179.78819116143143	4.0	4	4
179.88829594492887	4.0	4	4
179.98840072842634	4.0	4	4
180.08850551192378	4.0	4	4
180.18861029542126	4.0	4	4
180.2887150789187	4.0	4	4
180.38881986241614	4.0	4	4
180.4889246459136	4.0	4	4
180.58902942941106	4.0	4	4
180.68913421290853	4.0	4	4
180.78923899640597	4.0	4	4
180.88934377990344	4.0	4	4
180.98944856340088	3.0	3	3
181.08955334689836	3.0	3	3
181.1896581303958	3.0	3	3
181.28976291389327	3.0	3	3
181.3898676973907	3.0	3	3
181.48997248088818	3.0	3	3
181.59007726438563	3.0	3	3
181.6901820478831	3.0	3	3
181.79028683138054	3.0	3	3
181.89039161487798	3.0	3	3
181.99049639837546	3.0	3	3
182.0906011818729	3.0	3	3
182.19070596537037	3.0	3	3
182.2908107488678	3.0	3	3
182.39091553236528	3.0	3	3
182.49102031586273	3.0	3	3
182.5911250993602	3.0	3	3
182.69122988285764	3.0	3	3
182.7913346663551	3.0	3	3
182.89143944985256	3.0	3	3
182.99154423335003	3.0	3	3
183.09164901684747	3.0	3	3
183.19175380034494	3.0	3	3
183.29185858384238	3.0	3	3
183.39196336733986	3.0	3	3
183.4920681508373	3.0	3	3
183.59217293433474	3.0	3	3
183.6922777178322	3.0	3	3
183.79238250132966	3.0	3	3
183.89248728482713	3.0	3	3
183.99259206832457	3.0	3	3
184.09269685182204	3.0	3	3
184.19280163531948	3.0	3	3
184.29290641881695	3.0	3	3
184.3930112023144	3.0	3	3
184.49311598581187	3.0	3	3
184.5932207693093	2.0	2	2
184.69332555280678	2.0	2	2
184.79343033630423	2.0	2	2
184.8935351198017	2.0	2	2
184.99363990329914	1.0	1	1
185.0937446867966	1.0	1	1
185.19384947029405	1.0	1	1
185.2939542537915	1.0	1	1
185.39405903728897	1.0	1	1
185.4941638207864	1.0	1	1
185.59426860428388	1.0	1	1
185.69437338778133	1.0	1	1
