time	diversity	m_div	M_div
0.0	10.0	10	10
0.10008927495077156	10.0	10	10
0.20017854990154313	10.0	10	10
0.3002678248523147	10.0	10	10
0.40035709980308626	10.0	10	10
0.5004463747538578	10.0	10	10
0.6005356497046294	10.0	10	10
0.7006249246554009	10.0	10	10
0.8007141996061725	10.0	10	10
0.9008034745569441	10.0	10	10
1.0008927495077156	10.0	10	10
1.1009820244584871	10.0	10	10
1.2010712994092587	10.0	10	10
1.3011605743600303	10.0	10	10
1.4012498493108019	10.0	10	10
1.5013391242615735	10.0	10	10
1.601428399212345	10.0	10	10
1.7015176741631166	10.0	10	10
1.8016069491138882	10.0	10	10
1.9016962240646598	10.0	10	10
2.001785499015431	10.0	10	10
2.1018747739662027	10.0	10	10
2.2019640489169743	10.0	10	10
2.302053323867746	10.0	10	10
2.4021425988185174	10.0	10	10
2.502231873769289	10.0	10	10
2.6023211487200606	10.0	10	10
2.702410423670832	10.0	10	10
2.8024996986216038	10.0	10	10
2.9025889735723753	10.0	10	10
3.002678248523147	10.0	10	10
3.1027675234739185	10.0	10	10
3.20285679842469	10.0	10	10
3.3029460733754616	10.0	10	10
3.4030353483262332	10.0	10	10
3.503124623277005	10.0	10	10
3.6032138982277764	10.0	10	10
3.703303173178548	10.0	10	10
3.8033924481293195	10.0	10	10
3.903481723080091	10.0	10	10
4.003570998030862	10.0	10	10
4.103660272981634	10.0	10	10
4.203749547932405	10.0	10	10
4.303838822883177	10.0	10	10
4.403928097833949	10.0	10	10
4.504017372784721	10.0	10	10
4.604106647735492	10.0	10	10
4.704195922686264	10.0	10	10
4.804285197637035	10.0	10	10
4.904374472587807	10.0	10	10
5.004463747538578	10.0	10	10
5.10455302248935	10.0	10	10
5.204642297440121	10.0	10	10
5.304731572390893	10.0	10	10
5.404820847341664	10.0	10	10
5.504910122292436	10.0	10	10
5.6049993972432075	10.0	10	10
5.7050886721939795	10.0	10	10
5.805177947144751	10.0	10	10
5.905267222095523	10.0	10	10
6.005356497046294	10.0	10	10
6.105445771997066	10.0	10	10
6.205535046947837	10.0	10	10
6.305624321898609	10.0	10	10
6.40571359684938	10.0	10	10
6.505802871800151	10.0	10	10
6.605892146750923	10.0	10	10
6.705981421701694	10.0	10	10
6.8060706966524664	10.0	10	10
6.906159971603238	10.0	10	10
7.00624924655401	10.0	10	10
7.106338521504781	10.0	10	10
7.206427796455553	10.0	10	10
7.306517071406324	10.0	10	10
7.406606346357096	10.0	10	10
7.506695621307867	10.0	10	10
7.606784896258639	10.0	10	10
7.70687417120941	10.0	10	10
7.806963446160182	10.0	10	10
7.907052721110953	10.0	10	10
8.007141996061724	10.0	10	10
8.107231271012497	10.0	10	10
8.207320545963269	10.0	10	10
8.30740982091404	10.0	10	10
8.40749909586481	10.0	10	10
8.507588370815583	10.0	10	10
8.607677645766355	10.0	10	10
8.707766920717127	10.0	10	10
8.807856195667897	10.0	10	10
8.90794547061867	10.0	10	10
9.008034745569441	10.0	10	10
9.108124020520213	10.0	10	10
9.208213295470983	10.0	10	10
9.308302570421755	10.0	10	10
9.408391845372527	10.0	10	10
9.5084811203233	10.0	10	10
9.60857039527407	10.0	10	10
9.708659670224842	10.0	10	10
9.808748945175614	10.0	10	10
9.908838220126384	10.0	10	10
10.008927495077156	10.0	10	10
10.109016770027928	10.0	10	10
10.2091060449787	10.0	10	10
10.30919531992947	10.0	10	10
10.409284594880242	10.0	10	10
10.509373869831014	10.0	10	10
10.609463144781786	10.0	10	10
10.709552419732557	10.0	10	10
10.809641694683329	10.0	10	10
10.9097309696341	10.0	10	10
11.009820244584873	10.0	10	10
11.109909519535643	10.0	10	10
11.209998794486415	10.0	10	10
11.310088069437187	10.0	10	10
11.410177344387959	10.0	10	10
11.51026661933873	10.0	10	10
11.610355894289501	10.0	10	10
11.710445169240273	10.0	10	10
11.810534444191045	10.0	10	10
11.910623719141816	10.0	10	10
12.010712994092588	10.0	10	10
12.11080226904336	10.0	10	10
12.210891543994132	10.0	10	10
12.310980818944902	10.0	10	10
12.411070093895674	10.0	10	10
12.511159368846446	10.0	10	10
12.611248643797218	10.0	10	10
12.711337918747988	10.0	10	10
12.81142719369876	10.0	10	10
12.911516468649532	10.0	10	10
13.011605743600303	10.0	10	10
13.111695018551075	10.0	10	10
13.211784293501847	10.0	10	10
13.311873568452619	10.0	10	10
13.411962843403389	10.0	10	10
13.51205211835416	10.0	10	10
13.612141393304933	10.0	10	10
13.712230668255705	10.0	10	10
13.812319943206475	10.0	10	10
13.912409218157247	10.0	10	10
14.01249849310802	10.0	10	10
14.112587768058791	10.0	10	10
14.212677043009561	10.0	10	10
14.312766317960333	10.0	10	10
14.412855592911106	10.0	10	10
14.512944867861878	10.0	10	10
14.613034142812648	10.0	10	10
14.71312341776342	10.0	10	10
14.813212692714192	10.0	10	10
14.913301967664964	10.0	10	10
15.013391242615734	10.0	10	10
15.113480517566506	10.0	10	10
15.213569792517278	10.0	10	10
15.31365906746805	10.0	10	10
15.41374834241882	10.0	10	10
15.513837617369592	10.0	10	10
15.613926892320364	10.0	10	10
15.714016167271136	10.0	10	10
15.814105442221907	10.0	10	10
15.914194717172679	10.0	10	10
16.01428399212345	10.0	10	10
16.11437326707422	10.0	10	10
16.214462542024993	10.0	10	10
16.314551816975765	10.0	10	10
16.414641091926537	10.0	10	10
16.51473036687731	10.0	10	10
16.61481964182808	10.0	10	10
16.71490891677885	10.0	10	10
16.81499819172962	10.0	10	10
16.915087466680394	10.0	10	10
17.015176741631166	10.0	10	10
17.115266016581938	10.0	10	10
17.21535529153271	10.0	10	10
17.31544456648348	10.0	10	10
17.415533841434254	11.0	11	11
17.515623116385022	11.0	11	11
17.615712391335794	11.0	11	11
17.715801666286566	11.0	11	11
17.81589094123734	11.0	11	11
17.91598021618811	11.0	11	11
18.016069491138882	11.0	11	11
18.116158766089654	11.0	11	11
18.216248041040426	11.0	11	11
18.316337315991195	11.0	11	11
18.416426590941967	11.0	11	11
18.51651586589274	11.0	11	11
18.61660514084351	11.0	11	11
18.716694415794283	11.0	11	11
18.816783690745055	11.0	11	11
18.916872965695827	11.0	11	11
19.0169622406466	11.0	11	11
19.117051515597367	11.0	11	11
19.21714079054814	11.0	11	11
19.31723006549891	11.0	11	11
19.417319340449684	11.0	11	11
19.517408615400456	11.0	11	11
19.617497890351228	11.0	11	11
19.717587165302	11.0	11	11
19.817676440252768	11.0	11	11
19.91776571520354	11.0	11	11
20.017854990154312	11.0	11	11
20.117944265105084	11.0	11	11
20.218033540055856	11.0	11	11
20.318122815006628	11.0	11	11
20.4182120899574	11.0	11	11
20.518301364908172	11.0	11	11
20.61839063985894	11.0	11	11
20.718479914809713	11.0	11	11
20.818569189760485	11.0	11	11
20.918658464711257	11.0	11	11
21.01874773966203	11.0	11	11
21.1188370146128	11.0	11	11
21.218926289563573	11.0	11	11
21.319015564514345	11.0	11	11
21.419104839465113	11.0	11	11
21.519194114415885	11.0	11	11
21.619283389366657	11.0	11	11
21.71937266431743	11.0	11	11
21.8194619392682	11.0	11	11
21.919551214218973	11.0	11	11
22.019640489169745	11.0	11	11
22.119729764120518	11.0	11	11
22.219819039071286	11.0	11	11
22.319908314022058	11.0	11	11
22.41999758897283	11.0	11	11
22.520086863923602	11.0	11	11
22.620176138874374	11.0	11	11
22.720265413825146	11.0	11	11
22.820354688775918	11.0	11	11
22.920443963726687	11.0	11	11
23.02053323867746	11.0	11	11
23.12062251362823	11.0	11	11
23.220711788579003	11.0	11	11
23.320801063529775	11.0	11	11
23.420890338480547	11.0	11	11
23.52097961343132	11.0	11	11
23.62106888838209	11.0	11	11
23.72115816333286	11.0	11	11
23.82124743828363	11.0	11	11
23.921336713234403	11.0	11	11
24.021425988185175	11.0	11	11
24.121515263135947	11.0	11	11
24.22160453808672	11.0	11	11
24.32169381303749	11.0	11	11
24.421783087988263	11.0	11	11
24.521872362939032	11.0	11	11
24.621961637889804	11.0	11	11
24.722050912840576	11.0	11	11
24.822140187791348	11.0	11	11
24.92222946274212	11.0	11	11
25.022318737692892	11.0	11	11
25.122408012643664	11.0	11	11
25.222497287594436	11.0	11	11
25.322586562545204	11.0	11	11
25.422675837495976	11.0	11	11
25.52276511244675	11.0	11	11
25.62285438739752	11.0	11	11
25.722943662348293	11.0	11	11
25.823032937299065	11.0	11	11
25.923122212249837	11.0	11	11
26.023211487200605	11.0	11	11
26.123300762151377	11.0	11	11
26.22339003710215	11.0	11	11
26.32347931205292	11.0	11	11
26.423568587003693	11.0	11	11
26.523657861954465	11.0	11	11
26.623747136905237	11.0	11	11
26.72383641185601	11.0	11	11
26.823925686806778	11.0	11	11
26.92401496175755	11.0	11	11
27.02410423670832	11.0	11	11
27.124193511659094	11.0	11	11
27.224282786609866	11.0	11	11
27.324372061560638	11.0	11	11
27.42446133651141	11.0	11	11
27.524550611462182	11.0	11	11
27.62463988641295	11.0	11	11
27.724729161363722	11.0	11	11
27.824818436314494	11.0	11	11
27.924907711265266	11.0	11	11
28.02499698621604	11.0	11	11
28.12508626116681	11.0	11	11
28.225175536117582	11.0	11	11
28.325264811068354	11.0	11	11
28.425354086019123	11.0	11	11
28.525443360969895	11.0	11	11
28.625532635920667	12.0	12	12
28.72562191087144	12.0	12	12
28.82571118582221	12.0	12	12
28.925800460772983	12.0	12	12
29.025889735723755	12.0	12	12
29.125979010674524	12.0	12	12
29.226068285625296	12.0	12	12
29.326157560576068	12.0	12	12
29.42624683552684	12.0	12	12
29.52633611047761	12.0	12	12
29.626425385428384	12.0	12	12
29.726514660379156	12.0	12	12
29.826603935329928	12.0	12	12
29.926693210280696	12.0	12	12
30.026782485231468	12.0	12	12
30.12687176018224	12.0	12	12
30.226961035133012	12.0	12	12
30.327050310083784	12.0	12	12
30.427139585034556	12.0	12	12
30.52722885998533	12.0	12	12
30.6273181349361	12.0	12	12
30.72740740988687	12.0	12	12
30.82749668483764	12.0	12	12
30.927585959788413	12.0	12	12
31.027675234739185	12.0	12	12
31.127764509689957	12.0	12	12
31.22785378464073	12.0	12	12
31.3279430595915	12.0	12	12
31.428032334542273	12.0	12	12
31.52812160949304	12.0	12	12
31.628210884443813	11.0	11	11
31.728300159394585	11.0	11	11
31.828389434345358	11.0	11	11
31.92847870929613	11.0	11	11
32.0285679842469	11.0	11	11
32.128657259197674	11.0	11	11
32.22874653414844	11.0	11	11
32.32883580909922	11.0	11	11
32.428925084049986	11.0	11	11
32.52901435900076	11.0	11	11
32.62910363395153	11.0	11	11
32.7291929089023	11.0	11	11
32.829282183853074	11.0	11	11
32.92937145880384	11.0	11	11
33.02946073375462	11.0	11	11
33.12955000870539	11.0	11	11
33.22963928365616	11.0	11	11
33.32972855860693	11.0	11	11
33.4298178335577	11.0	11	11
33.529907108508475	11.0	11	11
33.62999638345924	11.0	11	11
33.73008565841002	11.0	11	11
33.83017493336079	11.0	11	11
33.93026420831156	12.0	12	12
34.03035348326233	12.0	12	12
34.13044275821311	12.0	12	12
34.230532033163875	12.0	12	12
34.330621308114644	12.0	12	12
34.43071058306542	12.0	12	12
34.53079985801619	12.0	12	12
34.63088913296696	12.0	12	12
34.73097840791773	12.0	12	12
34.83106768286851	12.0	12	12
34.931156957819276	12.0	12	12
35.031246232770044	12.0	12	12
35.13133550772082	12.0	12	12
35.23142478267159	12.0	12	12
35.331514057622364	12.0	12	12
35.43160333257313	12.0	12	12
35.53169260752391	12.0	12	12
35.63178188247468	12.0	12	12
35.731871157425445	12.0	12	12
35.83196043237622	12.0	12	12
35.93204970732699	12.0	12	12
36.032138982277765	12.0	12	12
36.13222825722853	12.0	12	12
36.23231753217931	12.0	12	12
36.33240680713008	12.0	12	12
36.43249608208085	12.0	12	12
36.53258535703162	12.0	12	12
36.63267463198239	13.0	13	13
36.732763906933165	13.0	13	13
36.832853181883934	13.0	13	13
36.93294245683471	14.0	14	14
37.03303173178548	14.0	14	14
37.13312100673625	14.0	14	14
37.23321028168702	14.0	14	14
37.33329955663779	14.0	14	14
37.433388831588566	14.0	14	14
37.533478106539334	14.0	14	14
37.63356738149011	14.0	14	14
37.73365665644088	14.0	14	14
37.833745931391654	14.0	14	14
37.93383520634242	14.0	14	14
38.0339244812932	15.0	15	15
38.13401375624397	15.0	15	15
38.234103031194735	15.0	15	15
38.33419230614551	15.0	15	15
38.43428158109628	15.0	15	15
38.534370856047055	15.0	15	15
38.63446013099782	15.0	15	15
38.7345494059486	15.0	15	15
38.83463868089937	15.0	15	15
38.934727955850136	15.0	15	15
39.03481723080091	15.0	15	15
39.13490650575168	15.0	15	15
39.234995780702455	15.0	15	15
39.335085055653224	15.0	15	15
39.435174330604	15.0	15	15
39.53526360555477	16.0	16	16
39.635352880505536	16.0	16	16
39.73544215545631	16.0	16	16
39.83553143040708	16.0	16	16
39.935620705357856	16.0	16	16
40.035709980308624	16.0	16	16
40.1357992552594	16.0	16	16
40.23588853021017	16.0	16	16
40.335977805160944	16.0	16	16
40.43606708011171	16.0	16	16
40.53615635506248	16.0	16	16
40.636245630013256	16.0	16	16
40.736334904964025	16.0	16	16
40.8364241799148	17.0	17	17
40.93651345486557	17.0	17	17
41.036602729816344	17.0	17	17
41.13669200476711	17.0	17	17
41.23678127971788	17.0	17	17
41.33687055466866	17.0	17	17
41.436959829619425	18.0	18	18
41.5370491045702	18.0	18	18
41.63713837952097	18.0	18	18
41.737227654471745	18.0	18	18
41.837316929422514	18.0	18	18
41.93740620437328	18.0	18	18
42.03749547932406	18.0	18	18
42.137584754274826	18.0	18	18
42.2376740292256	18.0	18	18
42.33776330417637	18.0	18	18
42.437852579127146	18.0	18	18
42.537941854077914	18.0	18	18
42.63803112902869	18.0	18	18
42.73812040397946	18.0	18	18
42.83820967893023	18.0	18	18
42.938298953881	18.0	18	18
43.03838822883177	18.0	18	18
43.138477503782546	18.0	18	18
43.238566778733315	18.0	18	18
43.33865605368409	18.0	18	18
43.43874532863486	18.0	18	18
43.53883460358563	18.0	18	18
43.6389238785364	18.0	18	18
43.73901315348717	18.0	18	18
43.83910242843795	18.0	18	18
43.939191703388715	18.0	18	18
44.03928097833949	18.0	18	18
44.13937025329026	18.0	18	18
44.239459528241035	18.0	18	18
44.3395488031918	18.0	18	18
44.43963807814257	18.0	18	18
44.53972735309335	18.0	18	18
44.639816628044116	18.0	18	18
44.73990590299489	18.0	18	18
44.83999517794566	18.0	18	18
44.940084452896436	18.0	18	18
45.040173727847204	18.0	18	18
45.14026300279797	18.0	18	18
45.24035227774875	18.0	18	18
45.34044155269952	18.0	18	18
45.44053082765029	18.0	18	18
45.54062010260106	18.0	18	18
45.640709377551836	18.0	18	18
45.740798652502605	18.0	18	18
45.84088792745337	18.0	18	18
45.94097720240415	18.0	18	18
46.04106647735492	18.0	18	18
46.14115575230569	17.0	17	17
46.24124502725646	17.0	17	17
46.34133430220724	17.0	17	17
46.441423577158005	17.0	17	17
46.54151285210878	17.0	17	17
46.64160212705955	17.0	17	17
46.74169140201032	17.0	17	17
46.84178067696109	17.0	17	17
46.94186995191186	17.0	17	17
47.04195922686264	17.0	17	17
47.142048501813406	17.0	17	17
47.24213777676418	18.0	18	18
47.34222705171495	18.0	18	18
47.44231632666572	18.0	18	18
47.542405601616494	18.0	18	18
47.64249487656726	18.0	18	18
47.74258415151804	18.0	18	18
47.84267342646881	18.0	18	18
47.94276270141958	18.0	18	18
48.04285197637035	17.0	17	17
48.14294125132112	17.0	17	17
48.243030526271895	17.0	17	17
48.34311980122266	17.0	17	17
48.44320907617344	17.0	17	17
48.54329835112421	17.0	17	17
48.64338762607498	17.0	17	17
48.74347690102575	17.0	17	17
48.84356617597653	17.0	17	17
48.943655450927295	17.0	17	17
49.043744725878064	17.0	17	17
49.14383400082884	17.0	17	17
49.24392327577961	17.0	17	17
49.34401255073038	17.0	17	17
49.44410182568115	17.0	17	17
49.54419110063193	17.0	17	17
49.644280375582696	17.0	17	17
49.744369650533464	17.0	17	17
49.84445892548424	17.0	17	17
49.94454820043501	17.0	17	17
50.044637475385784	17.0	17	17
50.14472675033655	17.0	17	17
50.24481602528733	17.0	17	17
50.344905300238096	17.0	17	17
50.44499457518887	17.0	17	17
50.54508385013964	17.0	17	17
50.64517312509041	17.0	17	17
50.745262400041184	17.0	17	17
50.84535167499195	17.0	17	17
50.94544094994273	17.0	17	17
51.0455302248935	17.0	17	17
51.14561949984427	16.0	16	16
51.24570877479504	16.0	16	16
51.34579804974581	16.0	16	16
51.445887324696585	16.0	16	16
51.545976599647354	16.0	16	16
51.64606587459813	17.0	17	17
51.7461551495489	17.0	17	17
51.84624442449967	17.0	17	17
51.94633369945044	17.0	17	17
52.04642297440121	17.0	17	17
52.146512249351986	17.0	17	17
52.246601524302754	17.0	17	17
52.34669079925353	17.0	17	17
52.4467800742043	17.0	17	17
52.546869349155074	17.0	17	17
52.64695862410584	17.0	17	17
52.74704789905662	17.0	17	17
52.847137174007386	17.0	17	17
52.947226448958155	17.0	17	17
53.04731572390893	17.0	17	17
53.1474049988597	17.0	17	17
53.247494273810474	17.0	17	17
53.34758354876124	17.0	17	17
53.44767282371202	17.0	17	17
53.54776209866279	17.0	17	17
53.647851373613555	17.0	17	17
53.74794064856433	17.0	17	17
53.8480299235151	16.0	16	16
53.948119198465875	16.0	16	16
54.04820847341664	16.0	16	16
54.14829774836742	16.0	16	16
54.24838702331819	16.0	16	16
54.34847629826896	16.0	16	16
54.44856557321973	16.0	16	16
54.5486548481705	16.0	16	16
54.648744123121276	16.0	16	16
54.748833398072044	16.0	16	16
54.84892267302282	16.0	16	16
54.94901194797359	15.0	15	15
55.049101222924364	15.0	15	15
55.14919049787513	15.0	15	15
55.2492797728259	15.0	15	15
55.349369047776676	14.0	14	14
55.449458322727445	14.0	14	14
55.54954759767822	14.0	14	14
55.64963687262899	14.0	14	14
55.749726147579764	14.0	14	14
55.84981542253053	14.0	14	14
55.9499046974813	14.0	14	14
56.04999397243208	14.0	14	14
56.150083247382845	14.0	14	14
56.25017252233362	14.0	14	14
56.35026179728439	14.0	14	14
56.450351072235165	14.0	14	14
56.55044034718593	14.0	14	14
56.65052962213671	14.0	14	14
56.75061889708748	14.0	14	14
56.850708172038246	14.0	14	14
56.95079744698902	13.0	13	13
57.05088672193979	13.0	13	13
57.150975996890566	12.0	12	12
57.251065271841334	12.0	12	12
57.35115454679211	12.0	12	12
57.45124382174288	12.0	12	12
57.55133309669365	12.0	12	12
57.65142237164442	12.0	12	12
57.75151164659519	12.0	12	12
57.851600921545966	12.0	12	12
57.951690196496735	12.0	12	12
58.05177947144751	12.0	12	12
58.15186874639828	12.0	12	12
58.25195802134905	12.0	12	12
58.35204729629982	12.0	12	12
58.45213657125059	12.0	12	12
58.55222584620137	12.0	12	12
58.652315121152135	12.0	12	12
58.75240439610291	12.0	12	12
58.85249367105368	12.0	12	12
58.952582946004455	12.0	12	12
59.05267222095522	12.0	12	12
59.15276149590599	12.0	12	12
59.25285077085677	12.0	12	12
59.352940045807536	12.0	12	12
59.45302932075831	12.0	12	12
59.55311859570908	12.0	12	12
59.653207870659855	12.0	12	12
59.753297145610624	12.0	12	12
59.85338642056139	12.0	12	12
59.95347569551217	12.0	12	12
60.053564970462936	12.0	12	12
60.15365424541371	12.0	12	12
60.25374352036448	11.0	11	11
60.353832795315256	11.0	11	11
60.453922070266024	10.0	10	10
60.5540113452168	10.0	10	10
60.65410062016757	10.0	10	10
60.75418989511834	10.0	10	10
60.85427917006911	10.0	10	10
60.95436844501988	10.0	10	10
61.05445771997066	10.0	10	10
61.154546994921425	10.0	10	10
61.2546362698722	11.0	11	11
61.35472554482297	11.0	11	11
61.45481481977374	11.0	11	11
61.55490409472451	11.0	11	11
61.65499336967528	11.0	11	11
61.75508264462606	11.0	11	11
61.855171919576826	11.0	11	11
61.9552611945276	11.0	11	11
62.05535046947837	11.0	11	11
62.15543974442914	11.0	11	11
62.255529019379914	10.0	10	10
62.35561829433068	10.0	10	10
62.45570756928146	10.0	10	10
62.555796844232226	10.0	10	10
62.655886119183	10.0	10	10
62.75597539413377	10.0	10	10
62.856064669084546	10.0	10	10
62.956153944035314	10.0	10	10
63.05624321898608	10.0	10	10
63.15633249393686	10.0	10	10
63.25642176888763	10.0	10	10
63.3565110438384	10.0	10	10
63.45660031878917	10.0	10	10
63.55668959373995	10.0	10	10
63.656778868690715	10.0	10	10
63.75686814364148	10.0	10	10
63.85695741859226	10.0	10	10
63.95704669354303	10.0	10	10
64.0571359684938	10.0	10	10
64.15722524344457	10.0	10	10
64.25731451839535	10.0	10	10
64.35740379334612	10.0	10	10
64.45749306829688	10.0	10	10
64.55758234324766	10.0	10	10
64.65767161819844	10.0	10	10
64.7577608931492	11.0	11	11
64.85785016809997	11.0	11	11
64.95793944305075	11.0	11	11
65.05802871800152	11.0	11	11
65.15811799295228	11.0	11	11
65.25820726790306	11.0	11	11
65.35829654285384	11.0	11	11
65.4583858178046	11.0	11	11
65.55847509275537	12.0	12	12
65.65856436770615	12.0	12	12
65.75865364265692	12.0	12	12
65.85874291760769	12.0	12	12
65.95883219255846	13.0	13	13
66.05892146750924	14.0	14	14
66.15901074246	13.0	13	13
66.25910001741077	13.0	13	13
66.35918929236155	13.0	13	13
66.45927856731232	13.0	13	13
66.55936784226309	13.0	13	13
66.65945711721386	13.0	13	13
66.75954639216464	12.0	12	12
66.8596356671154	12.0	12	12
66.95972494206617	12.0	12	12
67.05981421701695	12.0	12	12
67.15990349196773	11.0	11	11
67.25999276691849	11.0	11	11
67.36008204186926	11.0	11	11
67.46017131682004	11.0	11	11
67.5602605917708	11.0	11	11
67.66034986672157	12.0	12	12
67.76043914167235	12.0	12	12
67.86052841662313	12.0	12	12
67.96061769157389	12.0	12	12
68.06070696652466	12.0	12	12
68.16079624147544	12.0	12	12
68.26088551642621	12.0	12	12
68.36097479137698	12.0	12	12
68.46106406632775	12.0	12	12
68.56115334127853	12.0	12	12
68.66124261622929	13.0	13	13
68.76133189118006	13.0	13	13
68.86142116613084	13.0	13	13
68.96151044108161	13.0	13	13
69.06159971603238	13.0	13	13
69.16168899098315	13.0	13	13
69.26177826593393	13.0	13	13
69.36186754088469	13.0	13	13
69.46195681583546	13.0	13	13
69.56204609078624	13.0	13	13
69.66213536573702	13.0	13	13
69.76222464068778	12.0	12	12
69.86231391563855	12.0	12	12
69.96240319058933	12.0	12	12
70.06249246554009	12.0	12	12
70.16258174049086	12.0	12	12
70.26267101544164	11.0	11	11
70.36276029039242	11.0	11	11
70.46284956534318	11.0	11	11
70.56293884029395	11.0	11	11
70.66302811524473	11.0	11	11
70.76311739019549	11.0	11	11
70.86320666514627	11.0	11	11
70.96329594009704	11.0	11	11
71.06338521504782	11.0	11	11
71.16347448999858	11.0	11	11
71.26356376494935	12.0	12	12
71.36365303990013	12.0	12	12
71.46374231485089	12.0	12	12
71.56383158980167	12.0	12	12
71.66392086475244	12.0	12	12
71.76401013970322	12.0	12	12
71.86409941465398	12.0	12	12
71.96418868960475	12.0	12	12
72.06427796455553	12.0	12	12
72.1643672395063	12.0	12	12
72.26445651445707	12.0	12	12
72.36454578940784	12.0	12	12
72.46463506435862	12.0	12	12
72.56472433930938	12.0	12	12
72.66481361426015	12.0	12	12
72.76490288921093	12.0	12	12
72.8649921641617	12.0	12	12
72.96508143911247	12.0	12	12
73.06517071406324	12.0	12	12
73.16525998901402	12.0	12	12
73.26534926396478	12.0	12	12
73.36543853891556	12.0	12	12
73.46552781386633	12.0	12	12
73.5656170888171	12.0	12	12
73.66570636376787	12.0	12	12
73.76579563871864	12.0	12	12
73.86588491366942	12.0	12	12
73.96597418862018	12.0	12	12
74.06606346357096	12.0	12	12
74.16615273852173	12.0	12	12
74.2662420134725	12.0	12	12
74.36633128842327	12.0	12	12
74.46642056337404	12.0	12	12
74.56650983832482	12.0	12	12
74.66659911327558	12.0	12	12
74.76668838822636	12.0	12	12
74.86677766317713	12.0	12	12
74.96686693812791	12.0	12	12
75.06695621307867	12.0	12	12
75.16704548802944	12.0	12	12
75.26713476298022	12.0	12	12
75.36722403793098	12.0	12	12
75.46731331288176	12.0	12	12
75.56740258783253	12.0	12	12
75.66749186278331	12.0	12	12
75.76758113773407	12.0	12	12
75.86767041268484	12.0	12	12
75.96775968763562	12.0	12	12
76.0678489625864	11.0	11	11
76.16793823753716	11.0	11	11
76.26802751248793	11.0	11	11
76.36811678743871	11.0	11	11
76.46820606238947	11.0	11	11
76.56829533734025	11.0	11	11
76.66838461229102	11.0	11	11
76.7684738872418	11.0	11	11
76.86856316219256	11.0	11	11
76.96865243714333	11.0	11	11
77.06874171209411	11.0	11	11
77.16883098704487	11.0	11	11
77.26892026199565	10.0	10	10
77.36900953694642	10.0	10	10
77.4690988118972	10.0	10	10
77.56918808684796	10.0	10	10
77.66927736179873	10.0	10	10
77.76936663674951	9.0	9	9
77.86945591170027	9.0	9	9
77.96954518665105	9.0	9	9
78.06963446160182	9.0	9	9
78.1697237365526	9.0	9	9
78.26981301150336	9.0	9	9
78.36990228645413	9.0	9	9
78.46999156140491	9.0	9	9
78.57008083635567	9.0	9	9
78.67017011130645	9.0	9	9
78.77025938625722	9.0	9	9
78.870348661208	9.0	9	9
78.97043793615876	9.0	9	9
79.07052721110954	9.0	9	9
79.17061648606031	9.0	9	9
79.27070576101107	9.0	9	9
79.37079503596185	9.0	9	9
79.47088431091262	9.0	9	9
79.5709735858634	9.0	9	9
79.67106286081416	9.0	9	9
79.77115213576494	9.0	9	9
79.87124141071571	9.0	9	9
79.97133068566649	9.0	9	9
80.07141996061725	9.0	9	9
80.17150923556802	9.0	9	9
80.2715985105188	9.0	9	9
80.37168778546956	9.0	9	9
80.47177706042034	9.0	9	9
80.57186633537111	9.0	9	9
80.67195561032189	9.0	9	9
80.77204488527265	9.0	9	9
80.87213416022342	9.0	9	9
80.9722234351742	9.0	9	9
81.07231271012496	9.0	9	9
81.17240198507574	10.0	10	10
81.27249126002651	10.0	10	10
81.37258053497729	10.0	10	10
81.47266980992805	10.0	10	10
81.57275908487883	10.0	10	10
81.6728483598296	10.0	10	10
81.77293763478036	10.0	10	10
81.87302690973114	10.0	10	10
81.97311618468191	10.0	10	10
82.07320545963269	10.0	10	10
82.17329473458345	10.0	10	10
82.27338400953423	10.0	10	10
82.373473284485	10.0	10	10
82.47356255943576	10.0	10	10
82.57365183438654	10.0	10	10
82.67374110933731	10.0	10	10
82.77383038428809	10.0	10	10
82.87391965923885	10.0	10	10
82.97400893418963	10.0	10	10
83.0740982091404	10.0	10	10
83.17418748409116	10.0	10	10
83.27427675904194	10.0	10	10
83.37436603399271	10.0	10	10
83.47445530894349	10.0	10	10
83.57454458389425	10.0	10	10
83.67463385884503	10.0	10	10
83.7747231337958	10.0	10	10
83.87481240874656	10.0	10	10
83.97490168369734	10.0	10	10
84.07499095864812	10.0	10	10
84.17508023359889	10.0	10	10
84.27516950854965	10.0	10	10
84.37525878350043	11.0	11	11
84.4753480584512	11.0	11	11
84.57543733340198	11.0	11	11
84.67552660835274	11.0	11	11
84.77561588330352	11.0	11	11
84.87570515825429	11.0	11	11
84.97579443320505	11.0	11	11
85.07588370815583	11.0	11	11
85.1759729831066	11.0	11	11
85.27606225805738	11.0	11	11
85.37615153300814	11.0	11	11
85.47624080795892	11.0	11	11
85.57633008290969	11.0	11	11
85.67641935786045	11.0	11	11
85.77650863281123	10.0	10	10
85.876597907762	10.0	10	10
85.97668718271278	10.0	10	10
86.07677645766354	10.0	10	10
86.17686573261432	10.0	10	10
86.27695500756509	10.0	10	10
86.37704428251585	10.0	10	10
86.47713355746663	10.0	10	10
86.5772228324174	10.0	10	10
86.67731210736818	10.0	10	10
86.77740138231894	10.0	10	10
86.87749065726972	10.0	10	10
86.9775799322205	10.0	10	10
87.07766920717125	10.0	10	10
87.17775848212203	10.0	10	10
87.2778477570728	10.0	10	10
87.37793703202358	10.0	10	10
87.47802630697434	10.0	10	10
87.57811558192512	10.0	10	10
87.6782048568759	10.0	10	10
87.77829413182666	10.0	10	10
87.87838340677743	10.0	10	10
87.9784726817282	10.0	10	10
88.07856195667898	10.0	10	10
88.17865123162974	10.0	10	10
88.27874050658052	10.0	10	10
88.3788297815313	10.0	10	10
88.47891905648207	10.0	10	10
88.57900833143283	9.0	9	9
88.6790976063836	9.0	9	9
88.77918688133438	9.0	9	9
88.87927615628514	9.0	9	9
88.97936543123592	9.0	9	9
89.0794547061867	9.0	9	9
89.17954398113747	9.0	9	9
89.27963325608823	9.0	9	9
89.37972253103901	9.0	9	9
89.47981180598978	9.0	9	9
89.57990108094054	9.0	9	9
89.67999035589132	9.0	9	9
89.7800796308421	9.0	9	9
89.88016890579287	9.0	9	9
89.98025818074363	9.0	9	9
90.08034745569441	9.0	9	9
90.18043673064518	9.0	9	9
90.28052600559595	9.0	9	9
90.38061528054672	9.0	9	9
90.4807045554975	9.0	9	9
90.58079383044827	9.0	9	9
90.68088310539903	9.0	9	9
90.78097238034981	9.0	9	9
90.88106165530058	9.0	9	9
90.98115093025135	9.0	9	9
91.08124020520212	9.0	9	9
91.1813294801529	9.0	9	9
91.28141875510367	9.0	9	9
91.38150803005443	9.0	9	9
91.48159730500521	9.0	9	9
91.58168657995598	9.0	9	9
91.68177585490675	9.0	9	9
91.78186512985752	9.0	9	9
91.8819544048083	9.0	9	9
91.98204367975907	9.0	9	9
92.08213295470983	9.0	9	9
92.18222222966061	9.0	9	9
92.28231150461139	9.0	9	9
92.38240077956216	9.0	9	9
92.48249005451292	9.0	9	9
92.5825793294637	9.0	9	9
92.68266860441447	9.0	9	9
92.78275787936523	9.0	9	9
92.88284715431601	9.0	9	9
92.98293642926679	9.0	9	9
93.08302570421756	9.0	9	9
93.18311497916832	9.0	9	9
93.2832042541191	9.0	9	9
93.38329352906987	9.0	9	9
93.48338280402064	9.0	9	9
93.58347207897141	9.0	9	9
93.68356135392219	9.0	9	9
93.78365062887296	9.0	9	9
93.88373990382372	9.0	9	9
93.9838291787745	9.0	9	9
94.08391845372527	9.0	9	9
94.18400772867604	9.0	9	9
94.28409700362681	9.0	9	9
94.38418627857759	9.0	9	9
94.48427555352836	9.0	9	9
94.58436482847912	9.0	9	9
94.6844541034299	9.0	9	9
94.78454337838068	9.0	9	9
94.88463265333144	9.0	9	9
94.98472192828221	9.0	9	9
95.08481120323299	10.0	10	10
95.18490047818376	10.0	10	10
95.28498975313452	10.0	10	10
95.3850790280853	10.0	10	10
95.48516830303608	10.0	10	10
95.58525757798684	10.0	10	10
95.68534685293761	10.0	10	10
95.78543612788839	10.0	10	10
95.88552540283916	10.0	10	10
95.98561467778993	10.0	10	10
96.0857039527407	10.0	10	10
96.18579322769148	10.0	10	10
96.28588250264224	10.0	10	10
96.38597177759301	10.0	10	10
96.48606105254379	10.0	10	10
96.58615032749456	10.0	10	10
96.68623960244533	10.0	10	10
96.7863288773961	10.0	10	10
96.88641815234688	11.0	11	11
96.98650742729765	11.0	11	11
97.08659670224841	11.0	11	11
97.18668597719919	11.0	11	11
97.28677525214997	11.0	11	11
97.38686452710073	11.0	11	11
97.4869538020515	11.0	11	11
97.58704307700228	11.0	11	11
97.68713235195305	11.0	11	11
97.78722162690381	11.0	11	11
97.88731090185459	11.0	11	11
97.98740017680537	11.0	11	11
98.08748945175613	12.0	12	12
98.1875787267069	12.0	12	12
98.28766800165768	12.0	12	12
98.38775727660845	12.0	12	12
98.48784655155922	12.0	12	12
98.58793582650999	12.0	12	12
98.68802510146077	12.0	12	12
98.78811437641153	12.0	12	12
98.8882036513623	12.0	12	12
98.98829292631308	12.0	12	12
99.08838220126385	12.0	12	12
99.18847147621462	12.0	12	12
99.28856075116539	12.0	12	12
99.38865002611617	12.0	12	12
99.48873930106693	12.0	12	12
99.5888285760177	12.0	12	12
99.68891785096848	12.0	12	12
99.78900712591926	12.0	12	12
99.88909640087002	12.0	12	12
99.98918567582079	12.0	12	12
100.08927495077157	12.0	12	12
100.18936422572233	12.0	12	12
100.2894535006731	12.0	12	12
100.38954277562388	12.0	12	12
100.48963205057466	12.0	12	12
100.58972132552542	12.0	12	12
100.68981060047619	12.0	12	12
100.78989987542697	12.0	12	12
100.88998915037774	12.0	12	12
100.9900784253285	12.0	12	12
101.09016770027928	12.0	12	12
101.19025697523006	12.0	12	12
101.29034625018082	12.0	12	12
101.3904355251316	12.0	12	12
101.49052480008237	12.0	12	12
101.59061407503314	12.0	12	12
101.6907033499839	12.0	12	12
101.79079262493468	12.0	12	12
101.89088189988546	12.0	12	12
101.99097117483622	12.0	12	12
102.091060449787	12.0	12	12
102.19114972473777	12.0	12	12
102.29123899968855	12.0	12	12
102.3913282746393	12.0	12	12
102.49141754959008	12.0	12	12
102.59150682454086	12.0	12	12
102.69159609949162	12.0	12	12
102.7916853744424	12.0	12	12
102.89177464939317	12.0	12	12
102.99186392434395	12.0	12	12
103.09195319929471	12.0	12	12
103.19204247424548	12.0	12	12
103.29213174919626	12.0	12	12
103.39222102414702	12.0	12	12
103.4923102990978	12.0	12	12
103.59239957404857	11.0	11	11
103.69248884899935	11.0	11	11
103.79257812395011	11.0	11	11
103.89266739890088	11.0	11	11
103.99275667385166	11.0	11	11
104.09284594880242	11.0	11	11
104.1929352237532	11.0	11	11
104.29302449870397	11.0	11	11
104.39311377365475	11.0	11	11
104.49320304860551	11.0	11	11
104.59329232355628	11.0	11	11
104.69338159850706	11.0	11	11
104.79347087345784	11.0	11	11
104.8935601484086	11.0	11	11
104.99364942335937	11.0	11	11
105.09373869831015	11.0	11	11
105.19382797326091	11.0	11	11
105.29391724821168	11.0	11	11
105.39400652316246	11.0	11	11
105.49409579811324	11.0	11	11
105.594185073064	11.0	11	11
105.69427434801477	11.0	11	11
105.79436362296555	11.0	11	11
105.89445289791631	11.0	11	11
105.99454217286709	11.0	11	11
106.09463144781786	11.0	11	11
106.19472072276864	11.0	11	11
106.2948099977194	11.0	11	11
106.39489927267017	11.0	11	11
106.49498854762095	11.0	11	11
106.59507782257171	11.0	11	11
106.69516709752249	11.0	11	11
106.79525637247326	11.0	11	11
106.89534564742404	11.0	11	11
106.9954349223748	11.0	11	11
107.09552419732557	11.0	11	11
107.19561347227635	11.0	11	11
107.29570274722711	11.0	11	11
107.39579202217789	11.0	11	11
107.49588129712866	11.0	11	11
107.59597057207944	11.0	11	11
107.6960598470302	11.0	11	11
107.79614912198097	11.0	11	11
107.89623839693175	11.0	11	11
107.99632767188251	11.0	11	11
108.09641694683329	11.0	11	11
108.19650622178406	11.0	11	11
108.29659549673484	11.0	11	11
108.3966847716856	11.0	11	11
108.49677404663638	11.0	11	11
108.59686332158715	11.0	11	11
108.69695259653793	11.0	11	11
108.79704187148869	11.0	11	11
108.89713114643946	11.0	11	11
108.99722042139024	11.0	11	11
109.097309696341	11.0	11	11
109.19739897129178	11.0	11	11
109.29748824624255	11.0	11	11
109.39757752119333	11.0	11	11
109.49766679614409	11.0	11	11
109.59775607109486	11.0	11	11
109.69784534604564	11.0	11	11
109.7979346209964	10.0	10	10
109.89802389594718	10.0	10	10
109.99811317089795	10.0	10	10
110.09820244584873	10.0	10	10
110.19829172079949	10.0	10	10
110.29838099575026	10.0	10	10
110.39847027070104	10.0	10	10
110.4985595456518	10.0	10	10
110.59864882060258	10.0	10	10
110.69873809555335	10.0	10	10
110.79882737050413	10.0	10	10
110.89891664545489	10.0	10	10
110.99900592040566	10.0	10	10
111.09909519535644	10.0	10	10
111.1991844703072	10.0	10	10
111.29927374525798	10.0	10	10
111.39936302020875	10.0	10	10
111.49945229515953	10.0	10	10
111.59954157011029	10.0	10	10
111.69963084506107	10.0	10	10
111.79972012001184	9.0	9	9
111.8998093949626	9.0	9	9
111.99989866991338	9.0	9	9
112.09998794486415	9.0	9	9
112.20007721981493	9.0	9	9
112.30016649476569	9.0	9	9
112.40025576971647	9.0	9	9
112.50034504466724	9.0	9	9
112.600434319618	9.0	9	9
112.70052359456878	9.0	9	9
112.80061286951955	9.0	9	9
112.90070214447033	9.0	9	9
113.00079141942109	9.0	9	9
113.10088069437187	9.0	9	9
113.20096996932264	9.0	9	9
113.30105924427342	9.0	9	9
113.40114851922418	10.0	10	10
113.50123779417495	10.0	10	10
113.60132706912573	10.0	10	10
113.70141634407649	10.0	10	10
113.80150561902727	10.0	10	10
113.90159489397804	10.0	10	10
114.00168416892882	10.0	10	10
114.10177344387958	10.0	10	10
114.20186271883036	10.0	10	10
114.30195199378113	10.0	10	10
114.40204126873189	10.0	10	10
114.50213054368267	10.0	10	10
114.60221981863344	10.0	10	10
114.70230909358422	10.0	10	10
114.80239836853498	10.0	10	10
114.90248764348576	10.0	10	10
115.00257691843653	10.0	10	10
115.1026661933873	10.0	10	10
115.20275546833807	10.0	10	10
115.30284474328884	10.0	10	10
115.40293401823962	10.0	10	10
115.50302329319038	10.0	10	10
115.60311256814116	10.0	10	10
115.70320184309193	10.0	10	10
115.8032911180427	10.0	10	10
115.90338039299347	10.0	10	10
116.00346966794424	10.0	10	10
116.10355894289502	10.0	10	10
116.20364821784578	10.0	10	10
116.30373749279656	10.0	10	10
116.40382676774733	10.0	10	10
116.5039160426981	9.0	9	9
116.60400531764887	9.0	9	9
116.70409459259965	9.0	9	9
116.80418386755042	9.0	9	9
116.90427314250118	9.0	9	9
117.00436241745196	9.0	9	9
117.10445169240273	9.0	9	9
117.20454096735351	9.0	9	9
117.30463024230427	9.0	9	9
117.40471951725505	9.0	9	9
117.50480879220582	9.0	9	9
117.60489806715658	9.0	9	9
117.70498734210736	9.0	9	9
117.80507661705813	9.0	9	9
117.90516589200891	9.0	9	9
118.00525516695967	9.0	9	9
118.10534444191045	9.0	9	9
118.20543371686122	9.0	9	9
118.30552299181198	9.0	9	9
118.40561226676276	9.0	9	9
118.50570154171353	9.0	9	9
118.60579081666431	9.0	9	9
118.70588009161507	9.0	9	9
118.80596936656585	9.0	9	9
118.90605864151662	9.0	9	9
119.00614791646738	8.0	8	8
119.10623719141816	8.0	8	8
119.20632646636894	8.0	8	8
119.30641574131971	8.0	8	8
119.40650501627047	8.0	8	8
119.50659429122125	8.0	8	8
119.60668356617202	9.0	9	9
119.70677284112278	9.0	9	9
119.80686211607356	9.0	9	9
119.90695139102434	9.0	9	9
120.00704066597511	9.0	9	9
120.10712994092587	9.0	9	9
120.20721921587665	9.0	9	9
120.30730849082742	9.0	9	9
120.40739776577819	9.0	9	9
120.50748704072896	9.0	9	9
120.60757631567974	9.0	9	9
120.70766559063051	9.0	9	9
120.80775486558127	9.0	9	9
120.90784414053205	9.0	9	9
121.00793341548282	9.0	9	9
121.1080226904336	9.0	9	9
121.20811196538436	9.0	9	9
121.30820124033514	9.0	9	9
121.40829051528591	9.0	9	9
121.50837979023667	9.0	9	9
121.60846906518745	9.0	9	9
121.70855834013823	9.0	9	9
121.808647615089	9.0	9	9
121.90873689003976	9.0	9	9
122.00882616499054	10.0	10	10
122.10891543994131	10.0	10	10
122.20900471489207	10.0	10	10
122.30909398984285	10.0	10	10
122.40918326479363	10.0	10	10
122.5092725397444	10.0	10	10
122.60936181469516	10.0	10	10
122.70945108964594	10.0	10	10
122.80954036459671	10.0	10	10
122.90962963954748	10.0	10	10
123.00971891449825	10.0	10	10
123.10980818944903	10.0	10	10
123.2098974643998	10.0	10	10
123.30998673935056	10.0	10	10
123.41007601430134	10.0	10	10
123.51016528925211	10.0	10	10
123.61025456420288	10.0	10	10
123.71034383915365	10.0	10	10
123.81043311410443	10.0	10	10
123.9105223890552	10.0	10	10
124.01061166400596	10.0	10	10
124.11070093895674	10.0	10	10
124.21079021390752	10.0	10	10
124.31087948885828	10.0	10	10
124.41096876380905	10.0	10	10
124.51105803875983	10.0	10	10
124.6111473137106	10.0	10	10
124.71123658866136	10.0	10	10
124.81132586361214	10.0	10	10
124.91141513856292	10.0	10	10
125.01150441351368	10.0	10	10
125.11159368846445	10.0	10	10
125.21168296341523	10.0	10	10
125.311772238366	10.0	10	10
125.41186151331677	10.0	10	10
125.51195078826754	10.0	10	10
125.61204006321832	10.0	10	10
125.71212933816909	10.0	10	10
125.81221861311985	10.0	10	10
125.91230788807063	10.0	10	10
126.0123971630214	10.0	10	10
126.11248643797217	10.0	10	10
126.21257571292294	10.0	10	10
126.31266498787372	10.0	10	10
126.41275426282449	10.0	10	10
126.51284353777525	10.0	10	10
126.61293281272603	10.0	10	10
126.7130220876768	10.0	10	10
126.81311136262757	10.0	10	10
126.91320063757834	10.0	10	10
127.01328991252912	10.0	10	10
127.1133791874799	9.0	9	9
127.21346846243065	9.0	9	9
127.31355773738143	9.0	9	9
127.4136470123322	9.0	9	9
127.51373628728297	9.0	9	9
127.61382556223374	9.0	9	9
127.71391483718452	9.0	9	9
127.8140041121353	9.0	9	9
127.91409338708606	9.0	9	9
128.01418266203683	9.0	9	9
128.1142719369876	9.0	9	9
128.21436121193838	8.0	8	8
128.31445048688914	8.0	8	8
128.4145397618399	8.0	8	8
128.5146290367907	8.0	8	8
128.61471831174146	8.0	8	8
128.71480758669225	8.0	8	8
128.814896861643	8.0	8	8
128.91498613659377	8.0	8	8
129.01507541154456	8.0	8	8
129.11516468649532	8.0	8	8
129.21525396144608	8.0	8	8
129.31534323639687	8.0	8	8
129.41543251134763	8.0	8	8
129.5155217862984	8.0	8	8
129.61561106124918	8.0	8	8
129.71570033619994	8.0	8	8
129.8157896111507	8.0	8	8
129.9158788861015	8.0	8	8
130.01596816105226	8.0	8	8
130.11605743600305	8.0	8	8
130.2161467109538	8.0	8	8
130.31623598590457	8.0	8	8
130.41632526085536	8.0	8	8
130.51641453580612	8.0	8	8
130.61650381075688	8.0	8	8
130.71659308570767	8.0	8	8
130.81668236065843	8.0	8	8
130.9167716356092	8.0	8	8
131.01686091055998	8.0	8	8
131.11695018551075	8.0	8	8
131.21703946046154	8.0	8	8
131.3171287354123	8.0	8	8
131.41721801036306	8.0	8	8
131.51730728531385	8.0	8	8
131.6173965602646	8.0	8	8
131.71748583521537	8.0	8	8
131.81757511016616	8.0	8	8
131.91766438511692	8.0	8	8
132.01775366006768	8.0	8	8
132.11784293501847	8.0	8	8
132.21793220996923	8.0	8	8
132.31802148492	8.0	8	8
132.41811075987079	8.0	8	8
132.51820003482155	8.0	8	8
132.61828930977234	8.0	8	8
132.7183785847231	8.0	8	8
132.81846785967386	8.0	8	8
132.91855713462465	8.0	8	8
133.0186464095754	8.0	8	8
133.11873568452617	8.0	8	8
133.21882495947696	8.0	8	8
133.31891423442772	8.0	8	8
133.41900350937848	8.0	8	8
133.51909278432927	9.0	9	9
133.61918205928004	9.0	9	9
133.7192713342308	9.0	9	9
133.8193606091816	9.0	9	9
133.91944988413235	9.0	9	9
134.01953915908314	9.0	9	9
134.1196284340339	10.0	10	10
134.21971770898466	10.0	10	10
134.31980698393545	11.0	11	11
134.4198962588862	11.0	11	11
134.51998553383697	11.0	11	11
134.62007480878776	11.0	11	11
134.72016408373852	11.0	11	11
134.82025335868929	11.0	11	11
134.92034263364008	11.0	11	11
135.02043190859084	11.0	11	11
135.1205211835416	11.0	11	11
135.2206104584924	11.0	11	11
135.32069973344315	11.0	11	11
135.42078900839394	11.0	11	11
135.5208782833447	11.0	11	11
135.62096755829546	11.0	11	11
135.72105683324625	11.0	11	11
135.821146108197	11.0	11	11
135.92123538314777	11.0	11	11
136.02132465809856	11.0	11	11
136.12141393304933	11.0	11	11
136.2215032080001	11.0	11	11
136.32159248295088	11.0	11	11
136.42168175790164	12.0	12	12
136.52177103285243	12.0	12	12
136.6218603078032	12.0	12	12
136.72194958275395	12.0	12	12
136.82203885770474	12.0	12	12
136.9221281326555	12.0	12	12
137.02221740760626	12.0	12	12
137.12230668255705	12.0	12	12
137.2223959575078	12.0	12	12
137.32248523245858	12.0	12	12
137.42257450740937	12.0	12	12
137.52266378236013	12.0	12	12
137.6227530573109	12.0	12	12
137.72284233226168	12.0	12	12
137.82293160721244	12.0	12	12
137.92302088216323	12.0	12	12
138.023110157114	12.0	12	12
138.12319943206475	12.0	12	12
138.22328870701554	12.0	12	12
138.3233779819663	12.0	12	12
138.42346725691706	12.0	12	12
138.52355653186785	12.0	12	12
138.62364580681862	12.0	12	12
138.72373508176938	12.0	12	12
138.82382435672017	12.0	12	12
138.92391363167093	12.0	12	12
139.0240029066217	12.0	12	12
139.12409218157248	12.0	12	12
139.22418145652324	12.0	12	12
139.32427073147403	12.0	12	12
139.4243600064248	12.0	12	12
139.52444928137555	12.0	12	12
139.62453855632634	12.0	12	12
139.7246278312771	12.0	12	12
139.82471710622787	12.0	12	12
139.92480638117866	12.0	12	12
140.02489565612942	12.0	12	12
140.12498493108018	12.0	12	12
140.22507420603097	12.0	12	12
140.32516348098173	12.0	12	12
140.42525275593252	12.0	12	12
140.52534203088328	12.0	12	12
140.62543130583404	12.0	12	12
140.72552058078483	12.0	12	12
140.8256098557356	12.0	12	12
140.92569913068635	12.0	12	12
141.02578840563714	12.0	12	12
141.1258776805879	12.0	12	12
141.22596695553867	12.0	12	12
141.32605623048946	12.0	12	12
141.42614550544022	12.0	12	12
141.52623478039098	12.0	12	12
141.62632405534177	12.0	12	12
141.72641333029253	12.0	12	12
141.82650260524332	12.0	12	12
141.92659188019408	12.0	12	12
142.02668115514484	12.0	12	12
142.12677043009563	12.0	12	12
142.2268597050464	12.0	12	12
142.32694897999716	12.0	12	12
142.42703825494795	11.0	11	11
142.5271275298987	11.0	11	11
142.62721680484947	11.0	11	11
142.72730607980026	11.0	11	11
142.82739535475102	11.0	11	11
142.92748462970178	11.0	11	11
143.02757390465257	11.0	11	11
143.12766317960333	11.0	11	11
143.22775245455412	11.0	11	11
143.32784172950488	10.0	10	10
143.42793100445564	11.0	11	11
143.52802027940643	11.0	11	11
143.6281095543572	11.0	11	11
143.72819882930796	10.0	10	10
143.82828810425875	10.0	10	10
143.9283773792095	8.0	8	8
144.02846665416027	8.0	8	8
144.12855592911106	8.0	8	8
144.22864520406182	8.0	8	8
144.3287344790126	8.0	8	8
144.42882375396337	8.0	8	8
144.52891302891413	8.0	8	8
144.62900230386492	8.0	8	8
144.72909157881568	8.0	8	8
144.82918085376645	8.0	8	8
144.92927012871723	8.0	8	8
145.029359403668	9.0	9	9
145.12944867861876	9.0	9	9
145.22953795356955	9.0	9	9
145.3296272285203	9.0	9	9
145.42971650347107	9.0	9	9
145.52980577842186	9.0	9	9
145.62989505337262	9.0	9	9
145.7299843283234	9.0	9	9
145.83007360327417	9.0	9	9
145.93016287822493	9.0	9	9
146.03025215317572	9.0	9	9
146.13034142812648	9.0	9	9
146.23043070307725	9.0	9	9
146.33051997802804	9.0	9	9
146.4306092529788	9.0	9	9
146.53069852792956	9.0	9	9
146.63078780288035	9.0	9	9
146.7308770778311	9.0	9	9
146.83096635278187	9.0	9	9
146.93105562773266	9.0	9	9
147.03114490268342	9.0	9	9
147.1312341776342	9.0	9	9
147.23132345258497	9.0	9	9
147.33141272753574	9.0	9	9
147.43150200248652	9.0	9	9
147.5315912774373	9.0	9	9
147.63168055238805	9.0	9	9
147.73176982733884	9.0	9	9
147.8318591022896	9.0	9	9
147.93194837724036	9.0	9	9
148.03203765219115	9.0	9	9
148.1321269271419	9.0	9	9
148.2322162020927	9.0	9	9
148.33230547704346	9.0	9	9
148.43239475199422	9.0	9	9
148.532484026945	9.0	9	9
148.63257330189577	9.0	9	9
148.73266257684654	9.0	9	9
148.83275185179733	9.0	9	9
148.9328411267481	9.0	9	9
149.03293040169885	9.0	9	9
149.13301967664964	9.0	9	9
149.2331089516004	9.0	9	9
149.33319822655116	9.0	9	9
149.43328750150195	9.0	9	9
149.5333767764527	9.0	9	9
149.6334660514035	9.0	9	9
149.73355532635426	9.0	9	9
149.83364460130502	9.0	9	9
149.93373387625581	9.0	9	9
150.03382315120658	9.0	9	9
150.13391242615734	9.0	9	9
150.23400170110813	9.0	9	9
150.3340909760589	9.0	9	9
150.43418025100965	9.0	9	9
150.53426952596044	9.0	9	9
150.6343588009112	9.0	9	9
150.73444807586196	9.0	9	9
150.83453735081275	9.0	9	9
150.9346266257635	9.0	9	9
151.0347159007143	9.0	9	9
151.13480517566506	9.0	9	9
151.23489445061583	9.0	9	9
151.33498372556662	9.0	9	9
151.43507300051738	10.0	10	10
151.53516227546814	10.0	10	10
151.63525155041893	9.0	9	9
151.7353408253697	9.0	9	9
151.83543010032045	9.0	9	9
151.93551937527124	9.0	9	9
152.035608650222	9.0	9	9
152.1356979251728	9.0	9	9
152.23578720012355	9.0	9	9
152.33587647507431	9.0	9	9
152.4359657500251	9.0	9	9
152.53605502497587	9.0	9	9
152.63614429992663	9.0	9	9
152.73623357487742	9.0	9	9
152.83632284982818	9.0	9	9
152.93641212477894	9.0	9	9
153.03650139972973	9.0	9	9
153.1365906746805	9.0	9	9
153.23667994963125	9.0	9	9
153.33676922458204	9.0	9	9
153.4368584995328	9.0	9	9
153.5369477744836	9.0	9	9
153.63703704943435	9.0	9	9
153.73712632438512	9.0	9	9
153.8372155993359	9.0	9	9
153.93730487428667	9.0	9	9
154.03739414923743	9.0	9	9
154.13748342418822	9.0	9	9
154.23757269913898	9.0	9	9
154.33766197408974	9.0	9	9
154.43775124904053	9.0	9	9
154.5378405239913	9.0	9	9
154.63792979894205	9.0	9	9
154.73801907389284	9.0	9	9
154.8381083488436	9.0	9	9
154.9381976237944	9.0	9	9
155.03828689874516	9.0	9	9
155.13837617369592	9.0	9	9
155.2384654486467	9.0	9	9
155.33855472359747	9.0	9	9
155.43864399854823	9.0	9	9
155.53873327349902	9.0	9	9
155.63882254844978	9.0	9	9
155.73891182340054	9.0	9	9
155.83900109835133	9.0	9	9
155.9390903733021	9.0	9	9
156.03917964825288	9.0	9	9
156.13926892320364	9.0	9	9
156.2393581981544	9.0	9	9
156.3394474731052	9.0	9	9
156.43953674805596	9.0	9	9
156.53962602300672	9.0	9	9
156.6397152979575	9.0	9	9
156.73980457290827	8.0	8	8
156.83989384785903	8.0	8	8
156.93998312280982	7.0	7	7
157.04007239776058	7.0	7	7
157.14016167271134	7.0	7	7
157.24025094766213	7.0	7	7
157.3403402226129	7.0	7	7
157.44042949756368	7.0	7	7
157.54051877251445	7.0	7	7
157.6406080474652	7.0	7	7
157.740697322416	7.0	7	7
157.84078659736676	7.0	7	7
157.94087587231752	7.0	7	7
158.0409651472683	7.0	7	7
158.14105442221907	7.0	7	7
158.24114369716983	7.0	7	7
158.34123297212062	7.0	7	7
158.44132224707138	6.0	6	6
158.54141152202214	6.0	6	6
158.64150079697293	6.0	6	6
158.7415900719237	6.0	6	6
158.84167934687449	6.0	6	6
158.94176862182525	6.0	6	6
159.041857896776	6.0	6	6
159.1419471717268	6.0	6	6
159.24203644667756	6.0	6	6
159.34212572162832	6.0	6	6
159.4422149965791	6.0	6	6
159.54230427152987	6.0	6	6
159.64239354648063	6.0	6	6
159.74248282143142	6.0	6	6
159.84257209638218	6.0	6	6
159.94266137133297	6.0	6	6
160.04275064628374	6.0	6	6
160.1428399212345	6.0	6	6
160.2429291961853	6.0	6	6
160.34301847113605	6.0	6	6
160.4431077460868	6.0	6	6
160.5431970210376	6.0	6	6
160.64328629598836	6.0	6	6
160.74337557093912	6.0	6	6
160.8434648458899	6.0	6	6
160.94355412084067	6.0	6	6
161.04364339579143	5.0	5	5
161.14373267074222	5.0	5	5
161.24382194569299	5.0	5	5
161.34391122064378	5.0	5	5
161.44400049559454	5.0	5	5
161.5440897705453	5.0	5	5
161.6441790454961	5.0	5	5
161.74426832044685	5.0	5	5
161.8443575953976	5.0	5	5
161.9444468703484	5.0	5	5
162.04453614529916	5.0	5	5
162.14462542024992	5.0	5	5
162.2447146952007	5.0	5	5
162.34480397015147	5.0	5	5
162.44489324510224	5.0	5	5
162.54498252005303	5.0	5	5
162.6450717950038	5.0	5	5
162.74516106995458	5.0	5	5
162.84525034490534	5.0	5	5
162.9453396198561	5.0	5	5
163.0454288948069	5.0	5	5
163.14551816975765	5.0	5	5
163.2456074447084	5.0	5	5
163.3456967196592	5.0	5	5
163.44578599460996	5.0	5	5
163.54587526956072	5.0	5	5
163.64596454451151	5.0	5	5
163.74605381946228	5.0	5	5
163.84614309441304	5.0	5	5
163.94623236936383	5.0	5	5
164.0463216443146	5.0	5	5
164.14641091926538	5.0	5	5
164.24650019421614	6.0	6	6
164.3465894691669	6.0	6	6
164.4466787441177	6.0	6	6
164.54676801906845	6.0	6	6
164.6468572940192	6.0	6	6
164.74694656897	6.0	6	6
164.84703584392076	6.0	6	6
164.94712511887153	6.0	6	6
165.04721439382232	6.0	6	6
165.14730366877308	6.0	6	6
165.24739294372387	6.0	6	6
165.34748221867463	6.0	6	6
165.4475714936254	6.0	6	6
165.54766076857618	6.0	6	6
165.64775004352694	6.0	6	6
165.7478393184777	7.0	7	7
165.8479285934285	7.0	7	7
165.94801786837925	7.0	7	7
166.04810714333001	7.0	7	7
166.1481964182808	7.0	7	7
166.24828569323157	7.0	7	7
166.34837496818233	7.0	7	7
166.44846424313312	7.0	7	7
166.54855351808388	7.0	7	7
166.64864279303467	7.0	7	7
166.74873206798543	7.0	7	7
166.8488213429362	7.0	7	7
166.94891061788698	7.0	7	7
167.04899989283774	7.0	7	7
167.1490891677885	7.0	7	7
167.2491784427393	7.0	7	7
167.34926771769005	7.0	7	7
167.44935699264082	7.0	7	7
167.5494462675916	7.0	7	7
167.64953554254237	7.0	7	7
167.74962481749313	7.0	7	7
167.84971409244392	7.0	7	7
167.94980336739468	7.0	7	7
168.04989264234547	7.0	7	7
168.14998191729623	7.0	7	7
168.250071192247	7.0	7	7
168.35016046719778	7.0	7	7
168.45024974214854	7.0	7	7
168.5503390170993	8.0	8	8
168.6504282920501	7.0	7	7
168.75051756700086	7.0	7	7
168.85060684195162	7.0	7	7
168.9506961169024	7.0	7	7
169.05078539185317	7.0	7	7
169.15087466680396	6.0	6	6
169.25096394175472	6.0	6	6
169.35105321670548	6.0	6	6
169.45114249165627	6.0	6	6
169.55123176660703	6.0	6	6
169.6513210415578	6.0	6	6
169.75141031650858	6.0	6	6
169.85149959145934	6.0	6	6
169.9515888664101	6.0	6	6
170.0516781413609	6.0	6	6
170.15176741631166	6.0	6	6
170.25185669126242	6.0	6	6
170.3519459662132	6.0	6	6
170.45203524116397	6.0	6	6
170.55212451611476	6.0	6	6
170.65221379106552	6.0	6	6
170.75230306601628	5.0	5	5
170.85239234096707	5.0	5	5
170.95248161591783	5.0	5	5
171.0525708908686	5.0	5	5
171.15266016581938	5.0	5	5
171.25274944077015	5.0	5	5
171.3528387157209	5.0	5	5
171.4529279906717	5.0	5	5
171.55301726562246	5.0	5	5
171.65310654057322	5.0	5	5
171.753195815524	5.0	5	5
171.85328509047477	5.0	5	5
171.95337436542556	5.0	5	5
172.05346364037632	4.0	4	4
172.15355291532708	4.0	4	4
172.25364219027787	4.0	4	4
172.35373146522863	4.0	4	4
172.4538207401794	4.0	4	4
172.55391001513019	4.0	4	4
172.65399929008095	4.0	4	4
172.7540885650317	4.0	4	4
172.8541778399825	4.0	4	4
172.95426711493326	4.0	4	4
173.05435638988405	4.0	4	4
173.1544456648348	4.0	4	4
173.25453493978557	4.0	4	4
173.35462421473636	4.0	4	4
173.45471348968712	4.0	4	4
173.55480276463788	4.0	4	4
173.65489203958867	4.0	4	4
173.75498131453944	4.0	4	4
173.8550705894902	4.0	4	4
173.955159864441	4.0	4	4
174.05524913939175	4.0	4	4
174.1553384143425	4.0	4	4
174.2554276892933	4.0	4	4
174.35551696424406	4.0	4	4
174.45560623919485	4.0	4	4
174.5556955141456	4.0	4	4
174.65578478909637	4.0	4	4
174.75587406404716	4.0	4	4
174.85596333899792	4.0	4	4
174.95605261394869	4.0	4	4
175.05614188889948	4.0	4	4
175.15623116385024	4.0	4	4
175.256320438801	4.0	4	4
175.3564097137518	4.0	4	4
175.45649898870255	4.0	4	4
175.5565882636533	4.0	4	4
175.6566775386041	4.0	4	4
175.75676681355486	4.0	4	4
175.85685608850565	4.0	4	4
175.9569453634564	4.0	4	4
176.05703463840717	4.0	4	4
176.15712391335796	4.0	4	4
176.25721318830873	4.0	4	4
176.3573024632595	4.0	4	4
176.45739173821028	4.0	4	4
176.55748101316104	4.0	4	4
176.6575702881118	4.0	4	4
176.7576595630626	4.0	4	4
176.85774883801335	4.0	4	4
176.95783811296414	4.0	4	4
177.0579273879149	4.0	4	4
177.15801666286566	4.0	4	4
177.25810593781645	4.0	4	4
177.3581952127672	4.0	4	4
177.45828448771798	4.0	4	4
177.55837376266877	4.0	4	4
177.65846303761953	4.0	4	4
177.7585523125703	4.0	4	4
177.85864158752108	4.0	4	4
177.95873086247184	4.0	4	4
178.0588201374226	4.0	4	4
178.1589094123734	4.0	4	4
178.25899868732415	4.0	4	4
178.35908796227494	4.0	4	4
178.4591772372257	4.0	4	4
178.55926651217646	4.0	4	4
178.65935578712725	4.0	4	4
178.75944506207802	4.0	4	4
178.85953433702878	4.0	4	4
178.95962361197957	4.0	4	4
179.05971288693033	4.0	4	4
179.1598021618811	4.0	4	4
179.25989143683188	4.0	4	4
179.35998071178264	4.0	4	4
179.4600699867334	4.0	4	4
179.5601592616842	4.0	4	4
179.66024853663495	4.0	4	4
179.76033781158574	4.0	4	4
179.8604270865365	4.0	4	4
179.96051636148727	4.0	4	4
180.06060563643805	4.0	4	4
180.16069491138882	4.0	4	4
180.26078418633958	4.0	4	4
180.36087346129037	4.0	4	4
180.46096273624113	4.0	4	4
180.5610520111919	4.0	4	4
180.66114128614268	4.0	4	4
180.76123056109344	4.0	4	4
180.86131983604423	4.0	4	4
180.961409110995	4.0	4	4
181.06149838594575	4.0	4	4
181.16158766089654	4.0	4	4
181.2616769358473	4.0	4	4
181.36176621079807	4.0	4	4
181.46185548574886	4.0	4	4
181.56194476069962	4.0	4	4
181.66203403565038	4.0	4	4
181.76212331060117	4.0	4	4
181.86221258555193	4.0	4	4
181.9623018605027	4.0	4	4
182.06239113545348	4.0	4	4
182.16248041040424	4.0	4	4
182.26256968535503	4.0	4	4
182.3626589603058	4.0	4	4
182.46274823525656	4.0	4	4
182.56283751020734	4.0	4	4
182.6629267851581	4.0	4	4
182.76301606010887	4.0	4	4
182.86310533505966	4.0	4	4
182.96319461001042	4.0	4	4
183.06328388496118	4.0	4	4
183.16337315991197	4.0	4	4
183.26346243486273	4.0	4	4
183.3635517098135	4.0	4	4
183.46364098476428	4.0	4	4
183.56373025971504	4.0	4	4
183.66381953466583	4.0	4	4
183.7639088096166	4.0	4	4
183.86399808456736	4.0	4	4
183.96408735951815	4.0	4	4
184.0641766344689	4.0	4	4
184.16426590941967	4.0	4	4
184.26435518437046	4.0	4	4
184.36444445932122	4.0	4	4
184.46453373427198	4.0	4	4
184.56462300922277	4.0	4	4
184.66471228417353	4.0	4	4
184.76480155912432	4.0	4	4
184.86489083407508	4.0	4	4
184.96498010902584	4.0	4	4
185.06506938397663	4.0	4	4
185.1651586589274	4.0	4	4
185.26524793387816	3.0	3	3
185.36533720882895	3.0	3	3
185.4654264837797	3.0	3	3
185.56551575873047	3.0	3	3
185.66560503368126	3.0	3	3
185.76569430863202	3.0	3	3
185.86578358358278	2.0	2	2
185.96587285853357	2.0	2	2
186.06596213348433	2.0	2	2
186.16605140843512	2.0	2	2
186.26614068338588	2.0	2	2
186.36622995833665	2.0	2	2
186.46631923328744	2.0	2	2
186.5664085082382	2.0	2	2
186.66649778318896	2.0	2	2
186.76658705813975	2.0	2	2
186.8666763330905	2.0	2	2
186.96676560804127	2.0	2	2
187.06685488299206	2.0	2	2
187.16694415794282	2.0	2	2
