time	diversity	m_div	M_div
0.0	10.0	10	10
0.10007418280603607	10.0	10	10
0.20014836561207214	10.0	10	10
0.3002225484181082	10.0	10	10
0.4002967312241443	10.0	10	10
0.5003709140301803	10.0	10	10
0.6004450968362164	10.0	10	10
0.7005192796422525	10.0	10	10
0.8005934624482886	10.0	10	10
0.9006676452543246	10.0	10	10
1.0007418280603606	10.0	10	10
1.1008160108663967	10.0	10	10
1.2008901936724328	10.0	10	10
1.3009643764784689	10.0	10	10
1.401038559284505	10.0	10	10
1.501112742090541	10.0	10	10
1.601186924896577	10.0	10	10
1.7012611077026132	10.0	10	10
1.8013352905086493	10.0	10	10
1.9014094733146853	10.0	10	10
2.001483656120721	10.0	10	10
2.1015578389267575	10.0	10	10
2.2016320217327934	10.0	10	10
2.3017062045388297	10.0	10	10
2.4017803873448655	10.0	10	10
2.501854570150902	10.0	10	10
2.6019287529569377	10.0	10	10
2.702002935762974	10.0	10	10
2.80207711856901	10.0	10	10
2.902151301375046	10.0	10	10
3.002225484181082	10.0	10	10
3.1022996669871183	10.0	10	10
3.202373849793154	10.0	10	10
3.30244803259919	10.0	10	10
3.4025222154052264	10.0	10	10
3.5025963982112622	10.0	10	10
3.6026705810172985	10.0	10	10
3.7027447638233344	10.0	10	10
3.8028189466293707	10.0	10	10
3.9028931294354066	10.0	10	10
4.002967312241442	10.0	10	10
4.103041495047479	10.0	10	10
4.203115677853515	10.0	10	10
4.303189860659551	10.0	10	10
4.403264043465587	10.0	10	10
4.503338226271623	10.0	10	10
4.603412409077659	10.0	10	10
4.703486591883696	10.0	10	10
4.803560774689731	10.0	10	10
4.903634957495767	10.0	10	10
5.003709140301804	10.0	10	10
5.103783323107839	10.0	10	10
5.203857505913875	10.0	10	10
5.303931688719912	10.0	10	10
5.404005871525948	10.0	10	10
5.504080054331983	10.0	10	10
5.60415423713802	10.0	10	10
5.704228419944056	10.0	10	10
5.804302602750092	10.0	10	10
5.904376785556128	10.0	10	10
6.004450968362164	10.0	10	10
6.1045251511682	10.0	10	10
6.204599333974237	10.0	10	10
6.304673516780272	10.0	10	10
6.404747699586308	10.0	10	10
6.504821882392345	10.0	10	10
6.60489606519838	10.0	10	10
6.704970248004416	10.0	10	10
6.805044430810453	10.0	10	10
6.905118613616489	10.0	10	10
7.0051927964225245	10.0	10	10
7.105266979228561	10.0	10	10
7.205341162034597	10.0	10	10
7.305415344840633	10.0	10	10
7.405489527646669	10.0	10	10
7.505563710452705	10.0	10	10
7.605637893258741	10.0	10	10
7.705712076064778	10.0	10	10
7.805786258870813	10.0	10	10
7.905860441676849	10.0	10	10
8.005934624482885	10.0	10	10
8.106008807288921	10.0	10	10
8.206082990094957	10.0	10	10
8.306157172900994	10.0	10	10
8.40623135570703	10.0	10	10
8.506305538513066	10.0	10	10
8.606379721319103	10.0	10	10
8.706453904125137	10.0	10	10
8.806528086931174	10.0	10	10
8.90660226973721	10.0	10	10
9.006676452543246	10.0	10	10
9.106750635349282	10.0	10	10
9.206824818155319	10.0	10	10
9.306899000961355	10.0	10	10
9.406973183767391	10.0	10	10
9.507047366573426	10.0	10	10
9.607121549379462	10.0	10	10
9.707195732185498	10.0	10	10
9.807269914991535	10.0	10	10
9.907344097797571	10.0	10	10
10.007418280603607	10.0	10	10
10.107492463409644	10.0	10	10
10.207566646215678	10.0	10	10
10.307640829021715	10.0	10	10
10.40771501182775	10.0	10	10
10.507789194633787	10.0	10	10
10.607863377439823	10.0	10	10
10.70793756024586	10.0	10	10
10.808011743051896	10.0	10	10
10.908085925857932	10.0	10	10
11.008160108663967	10.0	10	10
11.108234291470003	10.0	10	10
11.20830847427604	10.0	10	10
11.308382657082076	10.0	10	10
11.408456839888112	10.0	10	10
11.508531022694148	10.0	10	10
11.608605205500185	10.0	10	10
11.70867938830622	10.0	10	10
11.808753571112256	10.0	10	10
11.908827753918292	10.0	10	10
12.008901936724328	10.0	10	10
12.108976119530364	10.0	10	10
12.2090503023364	10.0	10	10
12.309124485142437	10.0	10	10
12.409198667948473	10.0	10	10
12.509272850754508	10.0	10	10
12.609347033560544	10.0	10	10
12.70942121636658	10.0	10	10
12.809495399172617	10.0	10	10
12.909569581978653	10.0	10	10
13.00964376478469	10.0	10	10
13.109717947590726	10.0	10	10
13.20979213039676	10.0	10	10
13.309866313202797	10.0	10	10
13.409940496008833	10.0	10	10
13.51001467881487	10.0	10	10
13.610088861620905	10.0	10	10
13.710163044426942	10.0	10	10
13.810237227232978	10.0	10	10
13.910311410039014	10.0	10	10
14.010385592845049	10.0	10	10
14.110459775651085	10.0	10	10
14.210533958457122	10.0	10	10
14.310608141263158	10.0	10	10
14.410682324069194	10.0	10	10
14.51075650687523	10.0	10	10
14.610830689681267	10.0	10	10
14.710904872487301	10.0	10	10
14.810979055293338	10.0	10	10
14.911053238099374	10.0	10	10
15.01112742090541	10.0	10	10
15.111201603711446	10.0	10	10
15.211275786517483	10.0	10	10
15.311349969323519	10.0	10	10
15.411424152129555	10.0	10	10
15.51149833493559	10.0	10	10
15.611572517741626	10.0	10	10
15.711646700547663	10.0	10	10
15.811720883353699	10.0	10	10
15.911795066159735	10.0	10	10
16.01186924896577	10.0	10	10
16.111943431771806	10.0	10	10
16.212017614577842	10.0	10	10
16.31209179738388	10.0	10	10
16.412165980189915	10.0	10	10
16.51224016299595	10.0	10	10
16.612314345801988	10.0	10	10
16.712388528608024	10.0	10	10
16.81246271141406	10.0	10	10
16.912536894220096	10.0	10	10
17.012611077026133	10.0	10	10
17.11268525983217	10.0	10	10
17.212759442638205	10.0	10	10
17.31283362544424	10.0	10	10
17.412907808250274	10.0	10	10
17.51298199105631	10.0	10	10
17.613056173862347	10.0	10	10
17.713130356668383	10.0	10	10
17.81320453947442	10.0	10	10
17.913278722280456	10.0	10	10
18.013352905086492	10.0	10	10
18.11342708789253	10.0	10	10
18.213501270698565	10.0	10	10
18.3135754535046	10.0	10	10
18.413649636310637	10.0	10	10
18.513723819116674	10.0	10	10
18.61379800192271	10.0	10	10
18.713872184728746	10.0	10	10
18.813946367534783	10.0	10	10
18.914020550340815	10.0	10	10
19.01409473314685	10.0	10	10
19.114168915952888	10.0	10	10
19.214243098758924	10.0	10	10
19.31431728156496	10.0	10	10
19.414391464370997	10.0	10	10
19.514465647177033	10.0	10	10
19.61453982998307	10.0	10	10
19.714614012789106	10.0	10	10
19.814688195595142	10.0	10	10
19.91476237840118	10.0	10	10
20.014836561207215	10.0	10	10
20.11491074401325	10.0	10	10
20.214984926819287	10.0	10	10
20.315059109625324	10.0	10	10
20.415133292431356	10.0	10	10
20.515207475237393	10.0	10	10
20.61528165804343	11.0	11	11
20.715355840849465	11.0	11	11
20.8154300236555	11.0	11	11
20.915504206461538	11.0	11	11
21.015578389267574	11.0	11	11
21.11565257207361	11.0	11	11
21.215726754879647	11.0	11	11
21.315800937685683	11.0	11	11
21.41587512049172	11.0	11	11
21.515949303297756	11.0	11	11
21.616023486103792	11.0	11	11
21.71609766890983	11.0	11	11
21.816171851715865	11.0	11	11
21.916246034521897	11.0	11	11
22.016320217327934	11.0	11	11
22.11639440013397	11.0	11	11
22.216468582940006	11.0	11	11
22.316542765746043	11.0	11	11
22.41661694855208	11.0	11	11
22.516691131358115	11.0	11	11
22.61676531416415	11.0	11	11
22.716839496970188	11.0	11	11
22.816913679776224	11.0	11	11
22.91698786258226	11.0	11	11
23.017062045388297	11.0	11	11
23.117136228194333	11.0	11	11
23.21721041100037	11.0	11	11
23.317284593806406	11.0	11	11
23.41735877661244	11.0	11	11
23.517432959418475	11.0	11	11
23.61750714222451	11.0	11	11
23.717581325030547	11.0	11	11
23.817655507836584	11.0	11	11
23.91772969064262	11.0	11	11
24.017803873448656	11.0	11	11
24.117878056254693	11.0	11	11
24.21795223906073	11.0	11	11
24.318026421866765	11.0	11	11
24.4181006046728	11.0	11	11
24.518174787478838	11.0	11	11
24.618248970284874	11.0	11	11
24.71832315309091	11.0	11	11
24.818397335896947	11.0	11	11
24.91847151870298	11.0	11	11
25.018545701509016	11.0	11	11
25.118619884315052	11.0	11	11
25.21869406712109	11.0	11	11
25.318768249927125	11.0	11	11
25.41884243273316	11.0	11	11
25.518916615539197	11.0	11	11
25.618990798345234	11.0	11	11
25.71906498115127	11.0	11	11
25.819139163957306	11.0	11	11
25.919213346763343	11.0	11	11
26.01928752956938	11.0	11	11
26.119361712375415	11.0	11	11
26.21943589518145	11.0	11	11
26.319510077987488	11.0	11	11
26.41958426079352	11.0	11	11
26.519658443599557	11.0	11	11
26.619732626405593	11.0	11	11
26.71980680921163	11.0	11	11
26.819880992017666	11.0	11	11
26.919955174823702	11.0	11	11
27.02002935762974	11.0	11	11
27.120103540435775	11.0	11	11
27.22017772324181	11.0	11	11
27.320251906047847	11.0	11	11
27.420326088853884	11.0	11	11
27.52040027165992	11.0	11	11
27.620474454465956	11.0	11	11
27.720548637271992	11.0	11	11
27.82062282007803	11.0	11	11
27.92069700288406	11.0	11	11
28.020771185690098	11.0	11	11
28.120845368496134	11.0	11	11
28.22091955130217	11.0	11	11
28.320993734108207	11.0	11	11
28.421067916914243	11.0	11	11
28.52114209972028	11.0	11	11
28.621216282526316	11.0	11	11
28.721290465332352	11.0	11	11
28.82136464813839	11.0	11	11
28.921438830944425	11.0	11	11
29.02151301375046	11.0	11	11
29.121587196556497	11.0	11	11
29.221661379362533	11.0	11	11
29.32173556216857	11.0	11	11
29.421809744974603	11.0	11	11
29.52188392778064	11.0	11	11
29.621958110586675	11.0	11	11
29.72203229339271	11.0	11	11
29.822106476198748	11.0	11	11
29.922180659004784	11.0	11	11
30.02225484181082	11.0	11	11
30.122329024616857	11.0	11	11
30.222403207422893	11.0	11	11
30.32247739022893	11.0	11	11
30.422551573034966	11.0	11	11
30.522625755841002	11.0	11	11
30.622699938647038	11.0	11	11
30.722774121453075	11.0	11	11
30.82284830425911	11.0	11	11
30.922922487065144	11.0	11	11
31.02299666987118	11.0	11	11
31.123070852677216	12.0	12	12
31.223145035483252	12.0	12	12
31.32321921828929	12.0	12	12
31.423293401095325	12.0	12	12
31.52336758390136	12.0	12	12
31.623441766707398	12.0	12	12
31.723515949513434	12.0	12	12
31.82359013231947	12.0	12	12
31.923664315125507	12.0	12	12
32.02373849793154	12.0	12	12
32.12381268073758	12.0	12	12
32.22388686354361	12.0	12	12
32.32396104634965	12.0	12	12
32.424035229155685	12.0	12	12
32.524109411961724	12.0	12	12
32.62418359476776	12.0	12	12
32.7242577775738	12.0	12	12
32.82433196037983	12.0	12	12
32.92440614318587	12.0	12	12
33.0244803259919	12.0	12	12
33.12455450879794	13.0	13	13
33.224628691603975	13.0	13	13
33.32470287441001	13.0	13	13
33.42477705721605	13.0	13	13
33.52485124002208	13.0	13	13
33.62492542282812	13.0	13	13
33.72499960563415	13.0	13	13
33.82507378844019	13.0	13	13
33.925147971246226	13.0	13	13
34.025222154052265	13.0	13	13
34.1252963368583	13.0	13	13
34.22537051966434	13.0	13	13
34.32544470247037	13.0	13	13
34.42551888527641	13.0	13	13
34.52559306808244	13.0	13	13
34.62566725088848	13.0	13	13
34.725741433694516	13.0	13	13
34.82581561650055	13.0	13	13
34.92588979930659	13.0	13	13
35.02596398211262	13.0	13	13
35.12603816491866	13.0	13	13
35.226112347724694	13.0	13	13
35.326186530530734	13.0	13	13
35.42626071333677	13.0	13	13
35.52633489614281	13.0	13	13
35.62640907894884	13.0	13	13
35.72648326175488	13.0	13	13
35.82655744456091	13.0	13	13
35.92663162736695	13.0	13	13
36.026705810172984	13.0	13	13
36.126779992979024	13.0	13	13
36.22685417578506	15.0	15	15
36.32692835859109	15.0	15	15
36.42700254139713	15.0	15	15
36.52707672420316	15.0	15	15
36.6271509070092	15.0	15	15
36.727225089815235	15.0	15	15
36.827299272621275	15.0	15	15
36.92737345542731	15.0	15	15
37.02744763823335	15.0	15	15
37.12752182103938	15.0	15	15
37.22759600384542	15.0	15	15
37.32767018665145	15.0	15	15
37.42774436945749	15.0	15	15
37.527818552263525	15.0	15	15
37.627892735069565	15.0	15	15
37.7279669178756	15.0	15	15
37.82804110068163	16.0	16	16
37.92811528348767	16.0	16	16
38.0281894662937	16.0	16	16
38.12826364909974	16.0	16	16
38.228337831905776	16.0	16	16
38.328412014711816	16.0	16	16
38.42848619751785	16.0	16	16
38.52856038032389	16.0	16	16
38.62863456312992	16.0	16	16
38.72870874593596	16.0	16	16
38.828782928741994	16.0	16	16
38.928857111548034	16.0	16	16
39.02893129435407	16.0	16	16
39.129005477160106	16.0	16	16
39.22907965996614	16.0	16	16
39.32915384277217	16.0	16	16
39.42922802557821	16.0	16	16
39.529302208384244	16.0	16	16
39.629376391190284	16.0	16	16
39.72945057399632	16.0	16	16
39.82952475680236	16.0	16	16
39.92959893960839	16.0	16	16
40.02967312241443	16.0	16	16
40.12974730522046	16.0	16	16
40.2298214880265	16.0	16	16
40.329895670832535	16.0	16	16
40.429969853638575	16.0	16	16
40.53004403644461	16.0	16	16
40.63011821925065	16.0	16	16
40.73019240205668	16.0	16	16
40.83026658486271	16.0	16	16
40.93034076766875	16.0	16	16
41.030414950474785	16.0	16	16
41.130489133280825	16.0	16	16
41.23056331608686	16.0	16	16
41.3306374988929	16.0	16	16
41.43071168169893	16.0	16	16
41.53078586450497	16.0	16	16
41.630860047311	16.0	16	16
41.73093423011704	16.0	16	16
41.831008412923076	16.0	16	16
41.931082595729116	16.0	16	16
42.03115677853515	16.0	16	16
42.13123096134119	17.0	17	17
42.23130514414722	17.0	17	17
42.331379326953254	17.0	17	17
42.431453509759294	17.0	17	17
42.53152769256533	17.0	17	17
42.631601875371366	17.0	17	17
42.7316760581774	17.0	17	17
42.83175024098344	17.0	17	17
42.93182442378947	17.0	17	17
43.03189860659551	18.0	18	18
43.131972789401544	18.0	18	18
43.232046972207584	18.0	18	18
43.33212115501362	18.0	18	18
43.43219533781966	18.0	18	18
43.53226952062569	18.0	18	18
43.63234370343173	18.0	18	18
43.73241788623776	18.0	18	18
43.832492069043795	18.0	18	18
43.932566251849835	18.0	18	18
44.03264043465587	18.0	18	18
44.13271461746191	18.0	18	18
44.23278880026794	18.0	18	18
44.33286298307398	19.0	19	19
44.43293716588001	19.0	19	19
44.53301134868605	19.0	19	19
44.633085531492085	19.0	19	19
44.733159714298125	19.0	19	19
44.83323389710416	19.0	19	19
44.9333080799102	19.0	19	19
45.03338226271623	19.0	19	19
45.13345644552227	19.0	19	19
45.2335306283283	19.0	19	19
45.333604811134336	19.0	19	19
45.433678993940376	18.0	18	18
45.53375317674641	18.0	18	18
45.63382735955245	18.0	18	18
45.73390154235848	18.0	18	18
45.83397572516452	18.0	18	18
45.934049907970554	18.0	18	18
46.034124090776594	18.0	18	18
46.134198273582626	18.0	18	18
46.234272456388666	17.0	17	17
46.3343466391947	17.0	17	17
46.43442082200074	17.0	17	17
46.53449500480677	17.0	17	17
46.63456918761281	17.0	17	17
46.734643370418844	17.0	17	17
46.83471755322488	17.0	17	17
46.93479173603092	17.0	17	17
47.03486591883695	17.0	17	17
47.13494010164299	17.0	17	17
47.23501428444902	17.0	17	17
47.33508846725506	16.0	16	16
47.435162650061095	16.0	16	16
47.535236832867135	16.0	16	16
47.63531101567317	16.0	16	16
47.73538519847921	15.0	15	15
47.83545938128524	15.0	15	15
47.93553356409128	15.0	15	15
48.03560774689731	15.0	15	15
48.13568192970335	15.0	15	15
48.235756112509385	15.0	15	15
48.33583029531542	15.0	15	15
48.43590447812146	15.0	15	15
48.53597866092749	15.0	15	15
48.63605284373353	15.0	15	15
48.73612702653956	15.0	15	15
48.8362012093456	15.0	15	15
48.936275392151636	15.0	15	15
49.036349574957676	15.0	15	15
49.13642375776371	15.0	15	15
49.23649794056975	15.0	15	15
49.33657212337578	15.0	15	15
49.43664630618182	15.0	15	15
49.536720488987854	15.0	15	15
49.63679467179389	15.0	15	15
49.736868854599926	15.0	15	15
49.83694303740596	15.0	15	15
49.937017220212	15.0	15	15
50.03709140301803	15.0	15	15
50.13716558582407	15.0	15	15
50.237239768630104	15.0	15	15
50.337313951436144	15.0	15	15
50.43738813424218	15.0	15	15
50.53746231704822	15.0	15	15
50.63753649985425	15.0	15	15
50.73761068266029	15.0	15	15
50.83768486546632	15.0	15	15
50.93775904827236	15.0	15	15
51.037833231078395	15.0	15	15
51.137907413884435	15.0	15	15
51.23798159669047	15.0	15	15
51.3380557794965	15.0	15	15
51.43812996230254	15.0	15	15
51.53820414510857	15.0	15	15
51.63827832791461	15.0	15	15
51.738352510720645	15.0	15	15
51.838426693526685	16.0	16	16
51.93850087633272	16.0	16	16
52.03857505913876	16.0	16	16
52.13864924194479	16.0	16	16
52.23872342475083	16.0	16	16
52.33879760755686	17.0	17	17
52.4388717903629	17.0	17	17
52.538945973168936	17.0	17	17
52.639020155974976	17.0	17	17
52.73909433878101	17.0	17	17
52.83916852158704	17.0	17	17
52.93924270439308	17.0	17	17
53.039316887199114	17.0	17	17
53.13939107000515	17.0	17	17
53.239465252811186	16.0	16	16
53.339539435617226	16.0	16	16
53.43961361842326	16.0	16	16
53.5396878012293	16.0	16	16
53.63976198403533	16.0	16	16
53.73983616684137	16.0	16	16
53.839910349647404	16.0	16	16
53.939984532453444	16.0	16	16
54.04005871525948	16.0	16	16
54.14013289806552	16.0	16	16
54.24020708087155	16.0	16	16
54.34028126367758	16.0	16	16
54.44035544648362	16.0	16	16
54.540429629289655	16.0	16	16
54.640503812095695	16.0	16	16
54.74057799490173	15.0	15	15
54.84065217770777	15.0	15	15
54.9407263605138	15.0	15	15
55.04080054331984	15.0	15	15
55.14087472612587	15.0	15	15
55.24094890893191	15.0	15	15
55.341023091737945	15.0	15	15
55.441097274543985	14.0	14	14
55.54117145735002	14.0	14	14
55.64124564015606	14.0	14	14
55.74131982296209	14.0	14	14
55.84139400576812	14.0	14	14
55.94146818857416	14.0	14	14
56.041542371380196	13.0	13	13
56.141616554186236	13.0	13	13
56.24169073699227	13.0	13	13
56.34176491979831	13.0	13	13
56.44183910260434	13.0	13	13
56.54191328541038	13.0	13	13
56.64198746821641	13.0	13	13
56.74206165102245	13.0	13	13
56.842135833828486	13.0	13	13
56.942210016634526	13.0	13	13
57.04228419944056	13.0	13	13
57.1423583822466	13.0	13	13
57.24243256505263	13.0	13	13
57.342506747858664	13.0	13	13
57.442580930664704	13.0	13	13
57.54265511347074	13.0	13	13
57.64272929627678	13.0	13	13
57.74280347908281	13.0	13	13
57.84287766188885	13.0	13	13
57.94295184469488	13.0	13	13
58.04302602750092	14.0	14	14
58.143100210306955	14.0	14	14
58.243174393112994	14.0	14	14
58.34324857591903	14.0	14	14
58.44332275872507	13.0	13	13
58.5433969415311	13.0	13	13
58.64347112433714	12.0	12	12
58.74354530714317	12.0	12	12
58.843619489949205	12.0	12	12
58.943693672755245	12.0	12	12
59.04376785556128	12.0	12	12
59.14384203836732	12.0	12	12
59.24391622117335	12.0	12	12
59.34399040397939	12.0	12	12
59.44406458678542	12.0	12	12
59.54413876959146	12.0	12	12
59.644212952397496	11.0	11	11
59.744287135203535	11.0	11	11
59.84436131800957	11.0	11	11
59.94443550081561	11.0	11	11
60.04450968362164	11.0	11	11
60.14458386642768	11.0	11	11
60.24465804923371	11.0	11	11
60.344732232039746	11.0	11	11
60.444806414845786	11.0	11	11
60.54488059765182	11.0	11	11
60.64495478045786	10.0	10	10
60.74502896326389	10.0	10	10
60.84510314606993	10.0	10	10
60.945177328875964	10.0	10	10
61.045251511682004	10.0	10	10
61.14532569448804	10.0	10	10
61.245399877294076	10.0	10	10
61.34547406010011	10.0	10	10
61.44554824290615	10.0	10	10
61.54562242571218	10.0	10	10
61.64569660851822	10.0	10	10
61.745770791324254	10.0	10	10
61.84584497413029	10.0	10	10
61.94591915693633	10.0	10	10
62.04599333974236	10.0	10	10
62.1460675225484	10.0	10	10
62.24614170535443	10.0	10	10
62.34621588816047	10.0	10	10
62.446290070966505	10.0	10	10
62.546364253772545	10.0	10	10
62.64643843657858	10.0	10	10
62.74651261938462	10.0	10	10
62.84658680219065	10.0	10	10
62.94666098499669	10.0	10	10
63.04673516780272	10.0	10	10
63.14680935060876	10.0	10	10
63.246883533414795	10.0	10	10
63.34695771622083	10.0	10	10
63.44703189902687	10.0	10	10
63.5471060818329	10.0	10	10
63.64718026463894	10.0	10	10
63.74725444744497	10.0	10	10
63.84732863025101	10.0	10	10
63.947402813057046	10.0	10	10
64.04747699586308	10.0	10	10
64.14755117866912	10.0	10	10
64.24762536147516	10.0	10	10
64.3476995442812	10.0	10	10
64.44777372708722	10.0	10	10
64.54784790989326	10.0	10	10
64.6479220926993	10.0	10	10
64.74799627550534	10.0	10	10
64.84807045831137	10.0	10	10
64.94814464111741	12.0	12	12
65.04821882392345	12.0	12	12
65.14829300672947	12.0	12	12
65.24836718953551	12.0	12	12
65.34844137234155	12.0	12	12
65.4485155551476	14.0	14	14
65.54858973795362	15.0	15	15
65.64866392075966	16.0	16	16
65.7487381035657	16.0	16	16
65.84881228637174	16.0	16	16
65.94888646917776	16.0	16	16
66.0489606519838	16.0	16	16
66.14903483478984	16.0	16	16
66.24910901759588	16.0	16	16
66.34918320040191	16.0	16	16
66.44925738320795	16.0	16	16
66.54933156601399	16.0	16	16
66.64940574882002	16.0	16	16
66.74947993162606	16.0	16	16
66.8495541144321	14.0	14	14
66.94962829723814	14.0	14	14
67.04970248004416	14.0	14	14
67.1497766628502	14.0	14	14
67.24985084565624	14.0	14	14
67.34992502846228	14.0	14	14
67.4499992112683	13.0	13	13
67.55007339407435	13.0	13	13
67.65014757688039	13.0	13	13
67.75022175968643	13.0	13	13
67.85029594249245	13.0	13	13
67.95037012529849	13.0	13	13
68.05044430810453	13.0	13	13
68.15051849091056	13.0	13	13
68.2505926737166	13.0	13	13
68.35066685652264	13.0	13	13
68.45074103932868	13.0	13	13
68.5508152221347	13.0	13	13
68.65088940494074	13.0	13	13
68.75096358774678	13.0	13	13
68.85103777055282	13.0	13	13
68.95111195335885	13.0	13	13
69.05118613616489	13.0	13	13
69.15126031897093	13.0	13	13
69.25133450177697	13.0	13	13
69.35140868458299	13.0	13	13
69.45148286738903	13.0	13	13
69.55155705019507	12.0	12	12
69.6516312330011	12.0	12	12
69.75170541580714	12.0	12	12
69.85177959861318	11.0	11	11
69.95185378141922	11.0	11	11
70.05192796422524	11.0	11	11
70.15200214703128	11.0	11	11
70.25207632983732	11.0	11	11
70.35215051264336	11.0	11	11
70.45222469544939	11.0	11	11
70.55229887825543	11.0	11	11
70.65237306106147	11.0	11	11
70.75244724386751	11.0	11	11
70.85252142667353	11.0	11	11
70.95259560947957	11.0	11	11
71.05266979228561	11.0	11	11
71.15274397509164	12.0	12	12
71.25281815789768	12.0	12	12
71.35289234070372	12.0	12	12
71.45296652350976	12.0	12	12
71.55304070631578	12.0	12	12
71.65311488912182	12.0	12	12
71.75318907192786	12.0	12	12
71.8532632547339	12.0	12	12
71.95333743753993	12.0	12	12
72.05341162034597	12.0	12	12
72.15348580315201	12.0	12	12
72.25355998595805	12.0	12	12
72.35363416876407	12.0	12	12
72.45370835157011	12.0	12	12
72.55378253437615	12.0	12	12
72.65385671718218	12.0	12	12
72.75393089998822	12.0	12	12
72.85400508279426	12.0	12	12
72.9540792656003	12.0	12	12
73.05415344840632	12.0	12	12
73.15422763121236	12.0	12	12
73.2543018140184	12.0	12	12
73.35437599682444	12.0	12	12
73.45445017963047	12.0	12	12
73.55452436243651	12.0	12	12
73.65459854524255	12.0	12	12
73.75467272804859	12.0	12	12
73.85474691085462	12.0	12	12
73.95482109366066	12.0	12	12
74.0548952764667	12.0	12	12
74.15496945927272	12.0	12	12
74.25504364207876	12.0	12	12
74.3551178248848	12.0	12	12
74.45519200769084	12.0	12	12
74.55526619049687	12.0	12	12
74.6553403733029	12.0	12	12
74.75541455610895	12.0	12	12
74.85548873891499	12.0	12	12
74.95556292172101	12.0	12	12
75.05563710452705	12.0	12	12
75.15571128733309	12.0	12	12
75.25578547013913	12.0	12	12
75.35585965294516	12.0	12	12
75.4559338357512	12.0	12	12
75.55600801855724	12.0	12	12
75.65608220136326	12.0	12	12
75.7561563841693	12.0	12	12
75.85623056697534	12.0	12	12
75.95630474978138	12.0	12	12
76.0563789325874	12.0	12	12
76.15645311539345	12.0	12	12
76.25652729819949	12.0	12	12
76.35660148100553	12.0	12	12
76.45667566381155	12.0	12	12
76.55674984661759	12.0	12	12
76.65682402942363	12.0	12	12
76.75689821222967	12.0	12	12
76.8569723950357	12.0	12	12
76.95704657784174	12.0	12	12
77.05712076064778	12.0	12	12
77.1571949434538	12.0	12	12
77.25726912625984	12.0	12	12
77.35734330906588	12.0	12	12
77.45741749187192	12.0	12	12
77.55749167467795	12.0	12	12
77.65756585748399	12.0	12	12
77.75764004029003	12.0	12	12
77.85771422309607	11.0	11	11
77.9577884059021	11.0	11	11
78.05786258870813	11.0	11	11
78.15793677151417	11.0	11	11
78.25801095432021	11.0	11	11
78.35808513712624	11.0	11	11
78.45815931993228	11.0	11	11
78.55823350273832	10.0	10	10
78.65830768554434	10.0	10	10
78.75838186835038	10.0	10	10
78.85845605115642	10.0	10	10
78.95853023396246	10.0	10	10
79.05860441676849	10.0	10	10
79.15867859957453	10.0	10	10
79.25875278238057	11.0	11	11
79.35882696518661	11.0	11	11
79.45890114799263	11.0	11	11
79.55897533079867	11.0	11	11
79.65904951360471	11.0	11	11
79.75912369641075	11.0	11	11
79.85919787921678	11.0	11	11
79.95927206202282	12.0	12	12
80.05934624482886	12.0	12	12
80.15942042763488	12.0	12	12
80.25949461044092	12.0	12	12
80.35956879324696	12.0	12	12
80.459642976053	12.0	12	12
80.55971715885903	12.0	12	12
80.65979134166507	12.0	12	12
80.75986552447111	12.0	12	12
80.85993970727715	12.0	12	12
80.96001389008318	12.0	12	12
81.06008807288922	12.0	12	12
81.16016225569525	11.0	11	11
81.2602364385013	11.0	11	11
81.36031062130732	11.0	11	11
81.46038480411336	11.0	11	11
81.5604589869194	11.0	11	11
81.66053316972543	11.0	11	11
81.76060735253147	11.0	11	11
81.8606815353375	11.0	11	11
81.96075571814355	11.0	11	11
82.06082990094957	11.0	11	11
82.16090408375561	11.0	11	11
82.26097826656165	11.0	11	11
82.36105244936769	10.0	10	10
82.46112663217372	10.0	10	10
82.56120081497976	10.0	10	10
82.6612749977858	10.0	10	10
82.76134918059184	10.0	10	10
82.86142336339786	10.0	10	10
82.9614975462039	10.0	10	10
83.06157172900994	10.0	10	10
83.16164591181597	10.0	10	10
83.261720094622	10.0	10	10
83.36179427742805	10.0	10	10
83.46186846023409	10.0	10	10
83.56194264304011	10.0	10	10
83.66201682584615	10.0	10	10
83.76209100865219	10.0	10	10
83.86216519145823	10.0	10	10
83.96223937426426	10.0	10	10
84.0623135570703	10.0	10	10
84.16238773987634	10.0	10	10
84.26246192268238	11.0	11	11
84.3625361054884	11.0	11	11
84.46261028829444	11.0	11	11
84.56268447110048	11.0	11	11
84.66275865390651	11.0	11	11
84.76283283671255	11.0	11	11
84.86290701951859	11.0	11	11
84.96298120232463	11.0	11	11
85.06305538513065	11.0	11	11
85.16312956793669	11.0	11	11
85.26320375074273	11.0	11	11
85.36327793354877	11.0	11	11
85.4633521163548	11.0	11	11
85.56342629916084	11.0	11	11
85.66350048196688	11.0	11	11
85.76357466477292	11.0	11	11
85.86364884757894	11.0	11	11
85.96372303038498	11.0	11	11
86.06379721319102	10.0	10	10
86.16387139599705	10.0	10	10
86.26394557880309	10.0	10	10
86.36401976160913	10.0	10	10
86.46409394441517	10.0	10	10
86.5641681272212	10.0	10	10
86.66424231002723	10.0	10	10
86.76431649283327	10.0	10	10
86.86439067563931	10.0	10	10
86.96446485844534	10.0	10	10
87.06453904125138	10.0	10	10
87.16461322405742	10.0	10	10
87.26468740686346	10.0	10	10
87.36476158966948	10.0	10	10
87.46483577247552	10.0	10	10
87.56490995528156	10.0	10	10
87.66498413808759	10.0	10	10
87.76505832089363	10.0	10	10
87.86513250369967	10.0	10	10
87.96520668650571	10.0	10	10
88.06528086931174	10.0	10	10
88.16535505211777	10.0	10	10
88.26542923492381	10.0	10	10
88.36550341772985	10.0	10	10
88.46557760053588	10.0	10	10
88.56565178334192	10.0	10	10
88.66572596614796	10.0	10	10
88.765800148954	10.0	10	10
88.86587433176003	10.0	10	10
88.96594851456607	10.0	10	10
89.0660226973721	10.0	10	10
89.16609688017813	10.0	10	10
89.26617106298417	9.0	9	9
89.36624524579021	9.0	9	9
89.46631942859625	9.0	9	9
89.56639361140228	9.0	9	9
89.66646779420832	9.0	9	9
89.76654197701436	9.0	9	9
89.8666161598204	9.0	9	9
89.96669034262642	9.0	9	9
90.06676452543246	9.0	9	9
90.1668387082385	9.0	9	9
90.26691289104454	9.0	9	9
90.36698707385057	9.0	9	9
90.4670612566566	9.0	9	9
90.56713543946265	9.0	9	9
90.66720962226867	9.0	9	9
90.76728380507471	9.0	9	9
90.86735798788075	9.0	9	9
90.96743217068679	9.0	9	9
91.06750635349282	9.0	9	9
91.16758053629886	9.0	9	9
91.2676547191049	9.0	9	9
91.36772890191094	9.0	9	9
91.46780308471696	9.0	9	9
91.567877267523	9.0	9	9
91.66795145032904	9.0	9	9
91.76802563313508	9.0	9	9
91.86809981594111	9.0	9	9
91.96817399874715	9.0	9	9
92.06824818155319	9.0	9	9
92.16832236435921	9.0	9	9
92.26839654716525	9.0	9	9
92.36847072997129	9.0	9	9
92.46854491277733	9.0	9	9
92.56861909558336	9.0	9	9
92.6686932783894	9.0	9	9
92.76876746119544	9.0	9	9
92.86884164400148	9.0	9	9
92.9689158268075	9.0	9	9
93.06899000961354	9.0	9	9
93.16906419241958	9.0	9	9
93.26913837522562	9.0	9	9
93.36921255803165	9.0	9	9
93.46928674083769	9.0	9	9
93.56936092364373	9.0	9	9
93.66943510644975	9.0	9	9
93.7695092892558	9.0	9	9
93.86958347206183	9.0	9	9
93.96965765486787	9.0	9	9
94.0697318376739	9.0	9	9
94.16980602047994	9.0	9	9
94.26988020328598	9.0	9	9
94.36995438609202	9.0	9	9
94.47002856889804	9.0	9	9
94.57010275170408	9.0	9	9
94.67017693451012	9.0	9	9
94.77025111731616	9.0	9	9
94.87032530012219	9.0	9	9
94.97039948292823	9.0	9	9
95.07047366573427	9.0	9	9
95.1705478485403	9.0	9	9
95.27062203134633	9.0	9	9
95.37069621415237	9.0	9	9
95.47077039695841	9.0	9	9
95.57084457976444	9.0	9	9
95.67091876257048	9.0	9	9
95.77099294537652	9.0	9	9
95.87106712818256	9.0	9	9
95.97114131098859	9.0	9	9
96.07121549379463	9.0	9	9
96.17128967660067	9.0	9	9
96.2713638594067	10.0	10	10
96.37143804221273	10.0	10	10
96.47151222501877	10.0	10	10
96.57158640782481	10.0	10	10
96.67166059063084	10.0	10	10
96.77173477343688	10.0	10	10
96.87180895624292	10.0	10	10
96.97188313904896	10.0	10	10
97.07195732185498	10.0	10	10
97.17203150466102	10.0	10	10
97.27210568746706	10.0	10	10
97.3721798702731	11.0	11	11
97.47225405307913	11.0	11	11
97.57232823588517	12.0	12	12
97.6724024186912	12.0	12	12
97.77247660149725	12.0	12	12
97.87255078430327	12.0	12	12
97.97262496710931	12.0	12	12
98.07269914991535	12.0	12	12
98.17277333272138	12.0	12	12
98.27284751552742	12.0	12	12
98.37292169833346	12.0	12	12
98.4729958811395	12.0	12	12
98.57307006394552	12.0	12	12
98.67314424675156	12.0	12	12
98.7732184295576	12.0	12	12
98.87329261236364	12.0	12	12
98.97336679516967	12.0	12	12
99.07344097797571	12.0	12	12
99.17351516078175	12.0	12	12
99.27358934358779	12.0	12	12
99.37366352639381	12.0	12	12
99.47373770919985	12.0	12	12
99.57381189200589	12.0	12	12
99.67388607481192	12.0	12	12
99.77396025761796	12.0	12	12
99.874034440424	12.0	12	12
99.97410862323004	12.0	12	12
100.07418280603606	12.0	12	12
100.1742569888421	12.0	12	12
100.27433117164814	12.0	12	12
100.37440535445418	12.0	12	12
100.47447953726021	12.0	12	12
100.57455372006625	12.0	12	12
100.67462790287229	12.0	12	12
100.77470208567833	12.0	12	12
100.87477626848435	12.0	12	12
100.9748504512904	11.0	11	11
101.07492463409643	11.0	11	11
101.17499881690246	11.0	11	11
101.2750729997085	11.0	11	11
101.37514718251454	11.0	11	11
101.47522136532058	11.0	11	11
101.5752955481266	11.0	11	11
101.67536973093264	11.0	11	11
101.77544391373868	11.0	11	11
101.87551809654472	11.0	11	11
101.97559227935075	11.0	11	11
102.07566646215679	11.0	11	11
102.17574064496283	11.0	11	11
102.27581482776887	11.0	11	11
102.3758890105749	11.0	11	11
102.47596319338093	11.0	11	11
102.57603737618697	11.0	11	11
102.676111558993	11.0	11	11
102.77618574179904	11.0	11	11
102.87625992460508	11.0	11	11
102.97633410741112	11.0	11	11
103.07640829021715	11.0	11	11
103.17648247302319	11.0	11	11
103.27655665582922	11.0	11	11
103.37663083863526	11.0	11	11
103.47670502144129	11.0	11	11
103.57677920424733	11.0	11	11
103.67685338705337	11.0	11	11
103.77692756985941	11.0	11	11
103.87700175266544	11.0	11	11
103.97707593547148	11.0	11	11
104.07715011827752	11.0	11	11
104.17722430108354	11.0	11	11
104.27729848388958	11.0	11	11
104.37737266669562	11.0	11	11
104.47744684950166	11.0	11	11
104.57752103230769	11.0	11	11
104.67759521511373	11.0	11	11
104.77766939791977	11.0	11	11
104.8777435807258	11.0	11	11
104.97781776353183	11.0	11	11
105.07789194633787	11.0	11	11
105.17796612914391	11.0	11	11
105.27804031194995	11.0	11	11
105.37811449475598	11.0	11	11
105.47818867756202	11.0	11	11
105.57826286036806	11.0	11	11
105.67833704317408	11.0	11	11
105.77841122598012	11.0	11	11
105.87848540878616	11.0	11	11
105.9785595915922	11.0	11	11
106.07863377439823	11.0	11	11
106.17870795720427	11.0	11	11
106.2787821400103	11.0	11	11
106.37885632281635	11.0	11	11
106.47893050562237	11.0	11	11
106.57900468842841	11.0	11	11
106.67907887123445	11.0	11	11
106.77915305404049	11.0	11	11
106.87922723684652	11.0	11	11
106.97930141965256	11.0	11	11
107.0793756024586	11.0	11	11
107.17944978526462	11.0	11	11
107.27952396807066	11.0	11	11
107.3795981508767	10.0	10	10
107.47967233368274	10.0	10	10
107.57974651648877	10.0	10	10
107.67982069929481	10.0	10	10
107.77989488210085	10.0	10	10
107.87996906490689	10.0	10	10
107.98004324771291	10.0	10	10
108.08011743051895	10.0	10	10
108.180191613325	10.0	10	10
108.28026579613103	10.0	10	10
108.38033997893706	10.0	10	10
108.4804141617431	10.0	10	10
108.58048834454914	10.0	10	10
108.68056252735516	10.0	10	10
108.7806367101612	10.0	10	10
108.88071089296724	10.0	10	10
108.98078507577328	10.0	10	10
109.08085925857931	10.0	10	10
109.18093344138535	10.0	10	10
109.28100762419139	10.0	10	10
109.38108180699743	10.0	10	10
109.48115598980345	10.0	10	10
109.5812301726095	10.0	10	10
109.68130435541553	10.0	10	10
109.78137853822157	10.0	10	10
109.8814527210276	10.0	10	10
109.98152690383364	10.0	10	10
110.08160108663968	10.0	10	10
110.1816752694457	10.0	10	10
110.28174945225174	10.0	10	10
110.38182363505778	10.0	10	10
110.48189781786382	11.0	11	11
110.58197200066985	11.0	11	11
110.68204618347589	11.0	11	11
110.78212036628193	11.0	11	11
110.88219454908797	11.0	11	11
110.982268731894	11.0	11	11
111.08234291470004	11.0	11	11
111.18241709750608	11.0	11	11
111.28249128031212	11.0	11	11
111.38256546311814	11.0	11	11
111.48263964592418	11.0	11	11
111.58271382873022	11.0	11	11
111.68278801153625	11.0	11	11
111.78286219434229	11.0	11	11
111.88293637714833	11.0	11	11
111.98301055995437	11.0	11	11
112.08308474276039	11.0	11	11
112.18315892556643	11.0	11	11
112.28323310837247	11.0	11	11
112.38330729117851	12.0	12	12
112.48338147398454	12.0	12	12
112.58345565679058	12.0	12	12
112.68352983959662	12.0	12	12
112.78360402240266	12.0	12	12
112.88367820520868	11.0	11	11
112.98375238801472	11.0	11	11
113.08382657082076	11.0	11	11
113.18390075362679	11.0	11	11
113.28397493643283	11.0	11	11
113.38404911923887	11.0	11	11
113.4841233020449	11.0	11	11
113.58419748485093	11.0	11	11
113.68427166765697	11.0	11	11
113.78434585046301	11.0	11	11
113.88442003326905	11.0	11	11
113.98449421607508	11.0	11	11
114.08456839888112	11.0	11	11
114.18464258168716	11.0	11	11
114.2847167644932	11.0	11	11
114.38479094729922	11.0	11	11
114.48486513010526	11.0	11	11
114.5849393129113	11.0	11	11
114.68501349571733	11.0	11	11
114.78508767852337	11.0	11	11
114.88516186132941	11.0	11	11
114.98523604413545	11.0	11	11
115.08531022694147	11.0	11	11
115.18538440974751	11.0	11	11
115.28545859255355	11.0	11	11
115.3855327753596	11.0	11	11
115.48560695816562	11.0	11	11
115.58568114097166	11.0	11	11
115.6857553237777	11.0	11	11
115.78582950658374	11.0	11	11
115.88590368938976	11.0	11	11
115.9859778721958	11.0	11	11
116.08605205500184	11.0	11	11
116.18612623780787	11.0	11	11
116.28620042061391	11.0	11	11
116.38627460341995	11.0	11	11
116.48634878622599	11.0	11	11
116.58642296903201	11.0	11	11
116.68649715183805	11.0	11	11
116.7865713346441	11.0	11	11
116.88664551745013	11.0	11	11
116.98671970025616	11.0	11	11
117.0867938830622	11.0	11	11
117.18686806586824	11.0	11	11
117.28694224867428	11.0	11	11
117.3870164314803	11.0	11	11
117.48709061428634	11.0	11	11
117.58716479709238	11.0	11	11
117.68723897989841	11.0	11	11
117.78731316270445	11.0	11	11
117.88738734551049	11.0	11	11
117.98746152831653	11.0	11	11
118.08753571112256	11.0	11	11
118.1876098939286	11.0	11	11
118.28768407673464	11.0	11	11
118.38775825954067	11.0	11	11
118.4878324423467	11.0	11	11
118.58790662515274	11.0	11	11
118.68798080795878	11.0	11	11
118.78805499076482	11.0	11	11
118.88812917357085	11.0	11	11
118.98820335637689	11.0	11	11
119.08827753918293	11.0	11	11
119.18835172198895	10.0	10	10
119.28842590479499	10.0	10	10
119.38850008760103	10.0	10	10
119.48857427040707	10.0	10	10
119.5886484532131	10.0	10	10
119.68872263601914	10.0	10	10
119.78879681882518	10.0	10	10
119.88887100163122	10.0	10	10
119.98894518443724	10.0	10	10
120.08901936724328	10.0	10	10
120.18909355004932	10.0	10	10
120.28916773285536	10.0	10	10
120.38924191566139	10.0	10	10
120.48931609846743	10.0	10	10
120.58939028127347	10.0	10	10
120.68946446407949	10.0	10	10
120.78953864688553	10.0	10	10
120.88961282969157	10.0	10	10
120.98968701249761	10.0	10	10
121.08976119530364	10.0	10	10
121.18983537810968	10.0	10	10
121.28990956091572	10.0	10	10
121.38998374372176	10.0	10	10
121.49005792652778	10.0	10	10
121.59013210933382	10.0	10	10
121.69020629213986	10.0	10	10
121.7902804749459	10.0	10	10
121.89035465775193	10.0	10	10
121.99042884055797	10.0	10	10
122.09050302336401	10.0	10	10
122.19057720617003	10.0	10	10
122.29065138897607	10.0	10	10
122.39072557178211	10.0	10	10
122.49079975458815	10.0	10	10
122.59087393739418	10.0	10	10
122.69094812020022	11.0	11	11
122.79102230300626	10.0	10	10
122.8910964858123	10.0	10	10
122.99117066861832	10.0	10	10
123.09124485142436	10.0	10	10
123.1913190342304	10.0	10	10
123.29139321703644	10.0	10	10
123.39146739984247	10.0	10	10
123.49154158264851	10.0	10	10
123.59161576545455	10.0	10	10
123.69168994826057	10.0	10	10
123.79176413106661	10.0	10	10
123.89183831387265	10.0	10	10
123.9919124966787	10.0	10	10
124.09198667948472	10.0	10	10
124.19206086229076	10.0	10	10
124.2921350450968	10.0	10	10
124.39220922790284	10.0	10	10
124.49228341070886	10.0	10	10
124.5923575935149	10.0	10	10
124.69243177632094	10.0	10	10
124.79250595912698	10.0	10	10
124.89258014193301	10.0	10	10
124.99265432473905	10.0	10	10
125.09272850754509	10.0	10	10
125.19280269035112	10.0	10	10
125.29287687315716	10.0	10	10
125.3929510559632	10.0	10	10
125.49302523876923	10.0	10	10
125.59309942157526	10.0	10	10
125.6931736043813	10.0	10	10
125.79324778718734	10.0	10	10
125.89332196999338	10.0	10	10
125.9933961527994	10.0	10	10
126.09347033560545	10.0	10	10
126.19354451841149	10.0	10	10
126.29361870121753	10.0	10	10
126.39369288402355	10.0	10	10
126.49376706682959	10.0	10	10
126.59384124963563	10.0	10	10
126.69391543244166	10.0	10	10
126.7939896152477	10.0	10	10
126.89406379805374	10.0	10	10
126.99413798085978	10.0	10	10
127.0942121636658	10.0	10	10
127.19428634647184	10.0	10	10
127.29436052927788	10.0	10	10
127.39443471208392	10.0	10	10
127.49450889488995	10.0	10	10
127.59458307769599	10.0	10	10
127.69465726050203	10.0	10	10
127.79473144330807	10.0	10	10
127.89480562611409	10.0	10	10
127.99487980892013	10.0	10	10
128.09495399172616	10.0	10	10
128.1950281745322	10.0	10	10
128.29510235733824	10.0	10	10
128.39517654014426	10.0	10	10
128.49525072295032	10.0	10	10
128.59532490575634	10.0	10	10
128.6953990885624	10.0	10	10
128.79547327136842	10.0	10	10
128.89554745417445	10.0	10	10
128.9956216369805	10.0	10	10
129.09569581978653	10.0	10	10
129.19577000259255	10.0	10	10
129.2958441853986	10.0	10	10
129.39591836820463	10.0	10	10
129.4959925510107	10.0	10	10
129.5960667338167	10.0	10	10
129.69614091662274	11.0	11	11
129.7962150994288	11.0	11	11
129.89628928223482	11.0	11	11
129.99636346504084	11.0	11	11
130.0964376478469	11.0	11	11
130.19651183065292	11.0	11	11
130.29658601345895	11.0	11	11
130.396660196265	11.0	11	11
130.49673437907103	11.0	11	11
130.59680856187708	11.0	11	11
130.6968827446831	11.0	11	11
130.79695692748913	11.0	11	11
130.8970311102952	11.0	11	11
130.9971052931012	11.0	11	11
131.09717947590724	11.0	11	11
131.1972536587133	11.0	11	11
131.29732784151932	11.0	11	11
131.39740202432534	11.0	11	11
131.4974762071314	10.0	10	10
131.59755038993742	10.0	10	10
131.69762457274348	10.0	10	10
131.7976987555495	10.0	10	10
131.89777293835553	10.0	10	10
131.99784712116158	10.0	10	10
132.0979213039676	10.0	10	10
132.19799548677364	10.0	10	10
132.2980696695797	10.0	10	10
132.39814385238572	10.0	10	10
132.49821803519177	10.0	10	10
132.5982922179978	10.0	10	10
132.69836640080382	10.0	10	10
132.79844058360987	10.0	10	10
132.8985147664159	10.0	10	10
132.99858894922193	9.0	9	9
133.09866313202798	9.0	9	9
133.198737314834	10.0	10	10
133.29881149764003	11.0	11	11
133.39888568044609	11.0	11	11
133.4989598632521	11.0	11	11
133.59903404605816	11.0	11	11
133.6991082288642	11.0	11	11
133.79918241167022	11.0	11	11
133.89925659447627	11.0	11	11
133.9993307772823	11.0	11	11
134.09940496008832	11.0	11	11
134.19947914289438	11.0	11	11
134.2995533257004	11.0	11	11
134.39962750850643	11.0	11	11
134.49970169131248	11.0	11	11
134.5997758741185	11.0	11	11
134.69985005692456	11.0	11	11
134.7999242397306	11.0	11	11
134.8999984225366	11.0	11	11
135.00007260534267	11.0	11	11
135.1001467881487	11.0	11	11
135.20022097095472	11.0	11	11
135.30029515376077	11.0	11	11
135.4003693365668	11.0	11	11
135.50044351937285	11.0	11	11
135.60051770217888	11.0	11	11
135.7005918849849	11.0	11	11
135.80066606779096	11.0	11	11
135.90074025059698	11.0	11	11
136.000814433403	11.0	11	11
136.10088861620906	11.0	11	11
136.2009627990151	11.0	11	11
136.3010369818211	11.0	11	11
136.40111116462717	11.0	11	11
136.5011853474332	11.0	11	11
136.60125953023925	12.0	12	12
136.70133371304527	12.0	12	12
136.8014078958513	12.0	12	12
136.90148207865735	12.0	12	12
137.00155626146338	12.0	12	12
137.1016304442694	12.0	12	12
137.20170462707546	12.0	12	12
137.30177880988148	12.0	12	12
137.4018529926875	12.0	12	12
137.50192717549356	12.0	12	12
137.6020013582996	12.0	12	12
137.70207554110564	12.0	12	12
137.80214972391167	12.0	12	12
137.9022239067177	12.0	12	12
138.00229808952375	12.0	12	12
138.10237227232977	12.0	12	12
138.2024464551358	12.0	12	12
138.30252063794185	12.0	12	12
138.40259482074788	12.0	12	12
138.50266900355393	12.0	12	12
138.60274318635996	12.0	12	12
138.70281736916598	12.0	12	12
138.80289155197204	12.0	12	12
138.90296573477806	12.0	12	12
139.0030399175841	12.0	12	12
139.10311410039014	12.0	12	12
139.20318828319617	12.0	12	12
139.3032624660022	12.0	12	12
139.40333664880825	12.0	12	12
139.50341083161427	12.0	12	12
139.60348501442033	12.0	12	12
139.70355919722635	12.0	12	12
139.80363338003238	12.0	12	12
139.90370756283843	12.0	12	12
140.00378174564446	12.0	12	12
140.10385592845049	12.0	12	12
140.20393011125654	12.0	12	12
140.30400429406257	12.0	12	12
140.4040784768686	12.0	12	12
140.50415265967465	12.0	12	12
140.60422684248067	12.0	12	12
140.70430102528672	12.0	12	12
140.80437520809275	12.0	12	12
140.90444939089878	12.0	12	12
141.00452357370483	13.0	13	13
141.10459775651086	13.0	13	13
141.20467193931688	13.0	13	13
141.30474612212294	13.0	13	13
141.40482030492896	14.0	14	14
141.50489448773502	14.0	14	14
141.60496867054104	14.0	14	14
141.70504285334707	14.0	14	14
141.80511703615312	14.0	14	14
141.90519121895915	14.0	14	14
142.00526540176517	14.0	14	14
142.10533958457123	14.0	14	14
142.20541376737725	14.0	14	14
142.30548795018328	14.0	14	14
142.40556213298933	14.0	14	14
142.50563631579536	13.0	13	13
142.6057104986014	13.0	13	13
142.70578468140744	12.0	12	12
142.80585886421346	12.0	12	12
142.90593304701952	12.0	12	12
143.00600722982554	12.0	12	12
143.10608141263157	12.0	12	12
143.20615559543762	12.0	12	12
143.30622977824365	12.0	12	12
143.40630396104967	11.0	11	11
143.50637814385573	11.0	11	11
143.60645232666175	10.0	10	10
143.7065265094678	10.0	10	10
143.80660069227383	10.0	10	10
143.90667487507986	10.0	10	10
144.0067490578859	10.0	10	10
144.10682324069194	10.0	10	10
144.20689742349796	10.0	10	10
144.30697160630402	10.0	10	10
144.40704578911004	10.0	10	10
144.5071199719161	10.0	10	10
144.60719415472212	9.0	9	9
144.70726833752815	9.0	9	9
144.8073425203342	9.0	9	9
144.90741670314023	9.0	9	9
145.00749088594625	9.0	9	9
145.1075650687523	9.0	9	9
145.20763925155833	9.0	9	9
145.30771343436436	9.0	9	9
145.4077876171704	9.0	9	9
145.50786179997644	9.0	9	9
145.6079359827825	9.0	9	9
145.70801016558852	9.0	9	9
145.80808434839454	9.0	9	9
145.9081585312006	9.0	9	9
146.00823271400662	9.0	9	9
146.10830689681265	9.0	9	9
146.2083810796187	9.0	9	9
146.30845526242473	9.0	9	9
146.40852944523076	9.0	9	9
146.5086036280368	9.0	9	9
146.60867781084283	9.0	9	9
146.7087519936489	9.0	9	9
146.80882617645491	9.0	9	9
146.90890035926094	9.0	9	9
147.008974542067	9.0	9	9
147.10904872487302	10.0	10	10
147.20912290767905	10.0	10	10
147.3091970904851	10.0	10	10
147.40927127329113	10.0	10	10
147.50934545609718	10.0	10	10
147.6094196389032	10.0	10	10
147.70949382170923	10.0	10	10
147.80956800451528	10.0	10	10
147.9096421873213	10.0	10	10
148.00971637012734	10.0	10	10
148.1097905529334	10.0	10	10
148.20986473573942	10.0	10	10
148.30993891854544	10.0	10	10
148.4100131013515	10.0	10	10
148.51008728415752	10.0	10	10
148.61016146696358	10.0	10	10
148.7102356497696	10.0	10	10
148.81030983257563	10.0	10	10
148.91038401538168	10.0	10	10
149.0104581981877	10.0	10	10
149.11053238099373	10.0	10	10
149.2106065637998	10.0	10	10
149.3106807466058	10.0	10	10
149.41075492941184	10.0	10	10
149.5108291122179	10.0	10	10
149.61090329502392	10.0	10	10
149.71097747782997	10.0	10	10
149.811051660636	10.0	10	10
149.91112584344202	10.0	10	10
150.01120002624808	10.0	10	10
150.1112742090541	10.0	10	10
150.21134839186013	10.0	10	10
150.31142257466618	10.0	10	10
150.4114967574722	10.0	10	10
150.51157094027826	10.0	10	10
150.6116451230843	10.0	10	10
150.7117193058903	10.0	10	10
150.81179348869637	10.0	10	10
150.9118676715024	10.0	10	10
151.01194185430842	10.0	10	10
151.11201603711447	10.0	10	10
151.2120902199205	10.0	10	10
151.31216440272652	9.0	9	9
151.41223858553258	9.0	9	9
151.5123127683386	9.0	9	9
151.61238695114466	9.0	9	9
151.71246113395068	9.0	9	9
151.8125353167567	9.0	9	9
151.91260949956276	9.0	9	9
152.0126836823688	9.0	9	9
152.1127578651748	9.0	9	9
152.21283204798087	9.0	9	9
152.3129062307869	9.0	9	9
152.41298041359292	9.0	9	9
152.51305459639897	9.0	9	9
152.613128779205	9.0	9	9
152.71320296201105	9.0	9	9
152.81327714481708	9.0	9	9
152.9133513276231	9.0	9	9
153.01342551042916	9.0	9	9
153.11349969323518	9.0	9	9
153.2135738760412	9.0	9	9
153.31364805884726	9.0	9	9
153.4137222416533	9.0	9	9
153.51379642445934	9.0	9	9
153.61387060726537	9.0	9	9
153.7139447900714	9.0	9	9
153.81401897287745	9.0	9	9
153.91409315568347	9.0	9	9
154.0141673384895	9.0	9	9
154.11424152129555	9.0	9	9
154.21431570410158	9.0	9	9
154.3143898869076	9.0	9	9
154.41446406971366	9.0	9	9
154.51453825251969	9.0	9	9
154.61461243532574	9.0	9	9
154.71468661813176	9.0	9	9
154.8147608009378	9.0	9	9
154.91483498374384	9.0	9	9
155.01490916654987	9.0	9	9
155.1149833493559	9.0	9	9
155.21505753216195	9.0	9	9
155.31513171496798	9.0	9	9
155.415205897774	9.0	9	9
155.51528008058006	8.0	8	8
155.61535426338608	8.0	8	8
155.71542844619213	8.0	8	8
155.81550262899816	8.0	8	8
155.9155768118042	8.0	8	8
156.01565099461024	7.0	7	7
156.11572517741627	7.0	7	7
156.2157993602223	7.0	7	7
156.31587354302835	7.0	7	7
156.41594772583437	7.0	7	7
156.51602190864043	7.0	7	7
156.61609609144645	7.0	7	7
156.71617027425248	7.0	7	7
156.81624445705853	7.0	7	7
156.91631863986456	7.0	7	7
157.01639282267058	7.0	7	7
157.11646700547664	7.0	7	7
157.21654118828266	7.0	7	7
157.3166153710887	7.0	7	7
157.41668955389474	7.0	7	7
157.51676373670077	7.0	7	7
157.61683791950682	7.0	7	7
157.71691210231285	7.0	7	7
157.81698628511887	7.0	7	7
157.91706046792493	7.0	7	7
158.01713465073095	7.0	7	7
158.11720883353698	7.0	7	7
158.21728301634303	7.0	7	7
158.31735719914906	7.0	7	7
158.41743138195508	7.0	7	7
158.51750556476114	7.0	7	7
158.61757974756716	7.0	7	7
158.71765393037322	7.0	7	7
158.81772811317924	7.0	7	7
158.91780229598527	7.0	7	7
159.01787647879132	7.0	7	7
159.11795066159735	7.0	7	7
159.21802484440337	7.0	7	7
159.31809902720943	7.0	7	7
159.41817321001545	7.0	7	7
159.5182473928215	7.0	7	7
159.61832157562753	7.0	7	7
159.71839575843356	7.0	7	7
159.8184699412396	7.0	7	7
159.91854412404564	7.0	7	7
160.01861830685166	7.0	7	7
160.11869248965772	7.0	7	7
160.21876667246374	7.0	7	7
160.31884085526977	7.0	7	7
160.41891503807582	7.0	7	7
160.51898922088185	6.0	6	6
160.6190634036879	6.0	6	6
160.71913758649393	6.0	6	6
160.81921176929995	6.0	6	6
160.919285952106	6.0	6	6
161.01936013491203	6.0	6	6
161.11943431771806	6.0	6	6
161.2195085005241	6.0	6	6
161.31958268333014	6.0	6	6
161.41965686613617	6.0	6	6
161.51973104894222	6.0	6	6
161.61980523174824	6.0	6	6
161.7198794145543	6.0	6	6
161.81995359736032	6.0	6	6
161.92002778016635	6.0	6	6
162.0201019629724	6.0	6	6
162.12017614577843	6.0	6	6
162.22025032858446	6.0	6	6
162.3203245113905	6.0	6	6
162.42039869419654	6.0	6	6
162.5204728770026	6.0	6	6
162.62054705980862	6.0	6	6
162.72062124261464	6.0	6	6
162.8206954254207	6.0	6	6
162.92076960822672	6.0	6	6
163.02084379103275	6.0	6	6
163.1209179738388	6.0	6	6
163.22099215664483	6.0	6	6
163.32106633945085	6.0	6	6
163.4211405222569	6.0	6	6
163.52121470506293	6.0	6	6
163.62128888786899	6.0	6	6
163.721363070675	6.0	6	6
163.82143725348104	6.0	6	6
163.9215114362871	6.0	6	6
164.02158561909312	7.0	7	7
164.12165980189914	7.0	7	7
164.2217339847052	6.0	6	6
164.32180816751122	6.0	6	6
164.42188235031725	6.0	6	6
164.5219565331233	6.0	6	6
164.62203071592933	6.0	6	6
164.72210489873538	6.0	6	6
164.8221790815414	6.0	6	6
164.92225326434743	6.0	6	6
165.0223274471535	6.0	6	6
165.1224016299595	6.0	6	6
165.22247581276554	7.0	7	7
165.3225499955716	7.0	7	7
165.42262417837762	7.0	7	7
165.52269836118367	7.0	7	7
165.6227725439897	7.0	7	7
165.72284672679572	7.0	7	7
165.82292090960178	7.0	7	7
165.9229950924078	7.0	7	7
166.02306927521383	7.0	7	7
166.12314345801988	7.0	7	7
166.2232176408259	7.0	7	7
166.32329182363193	7.0	7	7
166.423366006438	7.0	7	7
166.523440189244	7.0	7	7
166.62351437205007	7.0	7	7
166.7235885548561	7.0	7	7
166.82366273766212	7.0	7	7
166.92373692046817	7.0	7	7
167.0238111032742	7.0	7	7
167.12388528608022	7.0	7	7
167.22395946888628	7.0	7	7
167.3240336516923	7.0	7	7
167.42410783449833	7.0	7	7
167.52418201730438	7.0	7	7
167.6242562001104	7.0	7	7
167.72433038291646	7.0	7	7
167.8244045657225	7.0	7	7
167.92447874852851	7.0	7	7
168.02455293133457	7.0	7	7
168.1246271141406	7.0	7	7
168.22470129694662	7.0	7	7
168.32477547975267	7.0	7	7
168.4248496625587	7.0	7	7
168.52492384536475	8.0	8	8
168.62499802817078	8.0	8	8
168.7250722109768	8.0	8	8
168.82514639378286	8.0	8	8
168.92522057658888	8.0	8	8
169.0252947593949	8.0	8	8
169.12536894220096	7.0	7	7
169.225443125007	6.0	6	6
169.32551730781302	6.0	6	6
169.42559149061907	6.0	6	6
169.5256656734251	6.0	6	6
169.62573985623115	6.0	6	6
169.72581403903718	6.0	6	6
169.8258882218432	6.0	6	6
169.92596240464925	5.0	5	5
170.02603658745528	5.0	5	5
170.1261107702613	5.0	5	5
170.22618495306736	5.0	5	5
170.32625913587339	5.0	5	5
170.4263333186794	5.0	5	5
170.52640750148547	5.0	5	5
170.6264816842915	5.0	5	5
170.72655586709755	5.0	5	5
170.82663004990357	5.0	5	5
170.9267042327096	5.0	5	5
171.02677841551565	5.0	5	5
171.12685259832168	5.0	5	5
171.2269267811277	5.0	5	5
171.32700096393376	5.0	5	5
171.42707514673978	5.0	5	5
171.52714932954584	5.0	5	5
171.62722351235186	5.0	5	5
171.7272976951579	5.0	5	5
171.82737187796394	5.0	5	5
171.92744606076997	5.0	5	5
172.027520243576	5.0	5	5
172.12759442638205	5.0	5	5
172.22766860918807	4.0	4	4
172.3277427919941	4.0	4	4
172.42781697480015	4.0	4	4
172.52789115760618	4.0	4	4
172.62796534041223	4.0	4	4
172.72803952321826	4.0	4	4
172.82811370602428	4.0	4	4
172.92818788883034	4.0	4	4
173.02826207163636	4.0	4	4
173.1283362544424	4.0	4	4
173.22841043724844	4.0	4	4
173.32848462005447	4.0	4	4
173.4285588028605	4.0	4	4
173.52863298566655	4.0	4	4
173.62870716847257	4.0	4	4
173.72878135127863	4.0	4	4
173.82885553408465	4.0	4	4
173.92892971689068	4.0	4	4
174.02900389969673	4.0	4	4
174.12907808250276	4.0	4	4
174.22915226530878	4.0	4	4
174.32922644811484	4.0	4	4
174.42930063092086	4.0	4	4
174.52937481372692	4.0	4	4
174.62944899653294	4.0	4	4
174.72952317933897	4.0	4	4
174.82959736214502	4.0	4	4
174.92967154495105	4.0	4	4
175.02974572775707	4.0	4	4
175.12981991056313	4.0	4	4
175.22989409336915	4.0	4	4
175.32996827617518	4.0	4	4
175.43004245898123	4.0	4	4
175.53011664178726	4.0	4	4
175.6301908245933	4.0	4	4
175.73026500739934	4.0	4	4
175.83033919020536	4.0	4	4
175.93041337301142	4.0	4	4
176.03048755581744	4.0	4	4
176.13056173862347	4.0	4	4
176.23063592142952	4.0	4	4
176.33071010423555	4.0	4	4
176.43078428704158	4.0	4	4
176.53085846984763	4.0	4	4
176.63093265265366	4.0	4	4
176.7310068354597	4.0	4	4
176.83108101826573	4.0	4	4
176.93115520107176	4.0	4	4
177.03122938387781	4.0	4	4
177.13130356668384	4.0	4	4
177.23137774948987	4.0	4	4
177.33145193229592	4.0	4	4
177.43152611510195	4.0	4	4
177.531600297908	4.0	4	4
177.63167448071403	4.0	4	4
177.73174866352005	4.0	4	4
177.8318228463261	4.0	4	4
177.93189702913213	4.0	4	4
178.03197121193816	4.0	4	4
178.1320453947442	4.0	4	4
178.23211957755024	4.0	4	4
178.33219376035626	4.0	4	4
178.43226794316232	3.0	3	3
178.53234212596834	3.0	3	3
178.6324163087744	3.0	3	3
178.73249049158042	3.0	3	3
178.83256467438645	3.0	3	3
178.9326388571925	3.0	3	3
179.03271303999853	3.0	3	3
179.13278722280455	3.0	3	3
179.2328614056106	3.0	3	3
179.33293558841663	3.0	3	3
179.43300977122266	3.0	3	3
179.5330839540287	3.0	3	3
179.63315813683474	3.0	3	3
179.7332323196408	3.0	3	3
179.83330650244682	3.0	3	3
179.93338068525284	3.0	3	3
180.0334548680589	3.0	3	3
180.13352905086492	3.0	3	3
180.23360323367095	2.0	2	2
180.333677416477	2.0	2	2
180.43375159928303	2.0	2	2
180.53382578208908	2.0	2	2
180.6338999648951	2.0	2	2
180.73397414770113	2.0	2	2
180.8340483305072	2.0	2	2
180.9341225133132	2.0	2	2
181.03419669611924	2.0	2	2
181.1342708789253	2.0	2	2
181.23434506173132	2.0	2	2
181.33441924453734	2.0	2	2
181.4344934273434	2.0	2	2
181.53456761014942	2.0	2	2
181.63464179295548	2.0	2	2
181.7347159757615	2.0	2	2
181.83479015856753	2.0	2	2
181.93486434137358	1.0	1	1
182.0349385241796	1.0	1	1
182.13501270698563	1.0	1	1
182.2350868897917	1.0	1	1
182.3351610725977	1.0	1	1
182.43523525540374	1.0	1	1
182.5353094382098	1.0	1	1
182.63538362101582	1.0	1	1
182.73545780382187	1.0	1	1
182.8355319866279	1.0	1	1
182.93560616943392	1.0	1	1
183.03568035223998	1.0	1	1
183.135754535046	1.0	1	1
183.23582871785203	1.0	1	1
183.33590290065808	1.0	1	1
183.4359770834641	1.0	1	1
183.53605126627016	1.0	1	1
183.6361254490762	1.0	1	1
183.73619963188222	1.0	1	1
183.83627381468827	1.0	1	1
183.9363479974943	1.0	1	1
184.03642218030032	1.0	1	1
184.13649636310637	1.0	1	1
184.2365705459124	1.0	1	1
184.33664472871843	1.0	1	1
184.43671891152448	1.0	1	1
184.5367930943305	1.0	1	1
184.63686727713656	1.0	1	1
184.73694145994259	1.0	1	1
184.8370156427486	1.0	1	1
184.93708982555466	1.0	1	1
185.0371640083607	1.0	1	1
