time	diversity	m_div	M_div
0.0	10.0	10	10
0.100066900671275	10.0	10	10
0.20013380134255	10.0	10	10
0.300200702013825	10.0	10	10
0.4002676026851	10.0	10	10
0.500334503356375	10.0	10	10
0.60040140402765	10.0	10	10
0.700468304698925	10.0	10	10
0.8005352053702	10.0	10	10
0.900602106041475	10.0	10	10
1.00066900671275	10.0	10	10
1.100735907384025	10.0	10	10
1.2008028080553	10.0	10	10
1.3008697087265748	10.0	10	10
1.40093660939785	10.0	10	10
1.501003510069125	10.0	10	10
1.6010704107404	10.0	10	10
1.7011373114116748	10.0	10	10
1.80120421208295	10.0	10	10
1.901271112754225	10.0	10	10
2.0013380134255	10.0	10	10
2.1014049140967748	10.0	10	10
2.20147181476805	10.0	10	10
2.301538715439325	10.0	10	10
2.4016056161106	10.0	10	10
2.5016725167818747	10.0	10	10
2.6017394174531496	10.0	10	10
2.701806318124425	10.0	10	10
2.8018732187957	10.0	10	10
2.9019401194669747	10.0	10	10
3.00200702013825	10.0	10	10
3.102073920809525	10.0	10	10
3.2021408214808	10.0	10	10
3.3022077221520747	10.0	10	10
3.4022746228233496	10.0	10	10
3.502341523494625	10.0	10	10
3.6024084241659	10.0	10	10
3.7024753248371747	10.0	10	10
3.80254222550845	10.0	10	10
3.902609126179725	10.0	10	10
4.002676026851	10.0	10	10
4.102742927522275	10.0	10	10
4.2028098281935495	10.0	10	10
4.302876728864825	10.0	10	10
4.4029436295361	10.0	10	10
4.503010530207375	10.0	10	10
4.60307743087865	10.0	10	10
4.703144331549924	10.0	10	10
4.8032112322212	10.0	10	10
4.903278132892475	10.0	10	10
5.0033450335637495	10.0	10	10
5.103411934235025	10.0	10	10
5.203478834906299	10.0	10	10
5.303545735577575	10.0	10	10
5.40361263624885	10.0	10	10
5.503679536920124	10.0	10	10
5.6037464375914	10.0	10	10
5.703813338262675	10.0	10	10
5.803880238933949	10.0	10	10
5.903947139605225	10.0	10	10
6.0040140402765	10.0	10	10
6.1040809409477745	10.0	10	10
6.20414784161905	10.0	10	10
6.304214742290324	10.0	10	10
6.4042816429616	10.0	10	10
6.504348543632875	10.0	10	10
6.604415444304149	10.0	10	10
6.704482344975425	10.0	10	10
6.804549245646699	10.0	10	10
6.9046161463179745	10.0	10	10
7.00468304698925	10.0	10	10
7.104749947660524	10.0	10	10
7.2048168483318	10.0	10	10
7.304883749003075	10.0	10	10
7.404950649674349	10.0	10	10
7.505017550345625	10.0	10	10
7.6050844510169	10.0	10	10
7.705151351688174	10.0	10	10
7.80521825235945	10.0	10	10
7.905285153030724	10.0	10	10
8.005352053702	10.0	10	10
8.105418954373274	10.0	10	10
8.20548585504455	10.0	10	10
8.305552755715825	10.0	10	10
8.405619656387099	10.0	10	10
8.505686557058375	10.0	10	10
8.60575345772965	10.0	10	10
8.705820358400924	10.0	10	10
8.8058872590722	10.0	10	10
8.905954159743475	10.0	10	10
9.00602106041475	10.0	10	10
9.106087961086024	10.0	10	10
9.2061548617573	10.0	10	10
9.306221762428574	10.0	10	10
9.406288663099849	10.0	10	10
9.506355563771125	10.0	10	10
9.6064224644424	10.0	10	10
9.706489365113674	10.0	10	10
9.80655626578495	10.0	10	10
9.906623166456225	10.0	10	10
10.006690067127499	10.0	10	10
10.106756967798775	10.0	10	10
10.20682386847005	10.0	10	10
10.306890769141324	10.0	10	10
10.406957669812599	10.0	10	10
10.507024570483875	10.0	10	10
10.60709147115515	10.0	10	10
10.707158371826424	10.0	10	10
10.8072252724977	10.0	10	10
10.907292173168974	10.0	10	10
11.007359073840249	10.0	10	10
11.107425974511525	10.0	10	10
11.2074928751828	10.0	10	10
11.307559775854074	10.0	10	10
11.40762667652535	10.0	10	10
11.507693577196624	10.0	10	10
11.607760477867899	10.0	10	10
11.707827378539175	10.0	10	10
11.80789427921045	10.0	10	10
11.907961179881724	10.0	10	10
12.008028080553	10.0	10	10
12.108094981224275	10.0	10	10
12.208161881895549	10.0	10	10
12.308228782566824	10.0	10	10
12.4082956832381	10.0	10	10
12.508362583909374	10.0	10	10
12.608429484580649	10.0	10	10
12.708496385251925	10.0	10	10
12.8085632859232	10.0	10	10
12.908630186594474	10.0	10	10
13.00869708726575	10.0	10	10
13.108763987937024	10.0	10	10
13.208830888608299	10.0	10	10
13.308897789279575	10.0	10	10
13.40896468995085	10.0	10	10
13.509031590622124	10.0	10	10
13.609098491293398	10.0	10	10
13.709165391964675	10.0	10	10
13.809232292635949	10.0	10	10
13.909299193307223	10.0	10	10
14.0093660939785	10.0	10	10
14.109432994649774	10.0	10	10
14.209499895321049	10.0	10	10
14.309566795992325	10.0	10	10
14.4096336966636	10.0	10	10
14.509700597334874	10.0	10	10
14.60976749800615	10.0	10	10
14.709834398677424	10.0	10	10
14.809901299348699	10.0	10	10
14.909968200019975	10.0	10	10
15.01003510069125	10.0	10	10
15.110102001362524	10.0	10	10
15.2101689020338	10.0	10	10
15.310235802705074	10.0	10	10
15.410302703376349	10.0	10	10
15.510369604047623	10.0	10	10
15.6104365047189	10.0	10	10
15.710503405390174	10.0	10	10
15.810570306061448	10.0	10	10
15.910637206732725	10.0	10	10
16.010704107404	10.0	10	10
16.110771008075275	10.0	10	10
16.210837908746548	10.0	10	10
16.310904809417824	10.0	10	10
16.4109717100891	10.0	10	10
16.511038610760373	10.0	10	10
16.61110551143165	10.0	10	10
16.711172412102925	10.0	10	10
16.811239312774198	10.0	10	10
16.911306213445474	10.0	10	10
17.01137311411675	10.0	10	10
17.111440014788023	10.0	10	10
17.2115069154593	10.0	10	10
17.311573816130576	10.0	10	10
17.41164071680185	10.0	10	10
17.511707617473125	10.0	10	10
17.6117745181444	10.0	10	10
17.711841418815673	10.0	10	10
17.81190831948695	10.0	10	10
17.911975220158222	10.0	10	10
18.0120421208295	10.0	10	10
18.112109021500775	10.0	10	10
18.212175922172047	10.0	10	10
18.312242822843324	10.0	10	10
18.4123097235146	10.0	10	10
18.512376624185872	10.0	10	10
18.61244352485715	10.0	10	10
18.712510425528425	10.0	10	10
18.812577326199698	10.0	10	10
18.912644226870974	10.0	10	10
19.01271112754225	11.0	11	11
19.112778028213523	11.0	11	11
19.2128449288848	11.0	11	11
19.312911829556075	11.0	11	11
19.412978730227348	11.0	11	11
19.513045630898624	11.0	11	11
19.6131125315699	11.0	11	11
19.713179432241173	11.0	11	11
19.81324633291245	11.0	11	11
19.913313233583725	11.0	11	11
20.013380134254998	11.0	11	11
20.113447034926274	11.0	11	11
20.21351393559755	11.0	11	11
20.313580836268823	11.0	11	11
20.4136477369401	11.0	11	11
20.513714637611375	11.0	11	11
20.613781538282648	11.0	11	11
20.713848438953924	11.0	11	11
20.813915339625197	11.0	11	11
20.913982240296473	11.0	11	11
21.01404914096775	11.0	11	11
21.114116041639022	11.0	11	11
21.2141829423103	11.0	11	11
21.314249842981575	11.0	11	11
21.414316743652847	11.0	11	11
21.514383644324123	11.0	11	11
21.6144505449954	11.0	11	11
21.714517445666672	11.0	11	11
21.81458434633795	11.0	11	11
21.914651247009225	11.0	11	11
22.014718147680497	11.0	11	11
22.114785048351774	11.0	11	11
22.21485194902305	11.0	11	11
22.314918849694322	11.0	11	11
22.4149857503656	11.0	11	11
22.515052651036875	11.0	11	11
22.615119551708148	11.0	11	11
22.715186452379424	11.0	11	11
22.8152533530507	11.0	11	11
22.915320253721973	11.0	11	11
23.01538715439325	11.0	11	11
23.115454055064525	11.0	11	11
23.215520955735798	11.0	11	11
23.315587856407074	11.0	11	11
23.41565475707835	11.0	11	11
23.515721657749623	11.0	11	11
23.6157885584209	11.0	11	11
23.715855459092175	11.0	11	11
23.815922359763448	11.0	11	11
23.915989260434724	11.0	11	11
24.016056161106	11.0	11	11
24.116123061777273	11.0	11	11
24.21618996244855	11.0	11	11
24.316256863119822	11.0	11	11
24.416323763791098	11.0	11	11
24.516390664462374	11.0	11	11
24.616457565133647	11.0	11	11
24.716524465804923	11.0	11	11
24.8165913664762	11.0	11	11
24.916658267147472	11.0	11	11
25.01672516781875	11.0	11	11
25.116792068490025	11.0	11	11
25.216858969161297	11.0	11	11
25.316925869832573	11.0	11	11
25.41699277050385	11.0	11	11
25.517059671175122	11.0	11	11
25.6171265718464	11.0	11	11
25.717193472517675	11.0	11	11
25.817260373188947	11.0	11	11
25.917327273860224	11.0	11	11
26.0173941745315	12.0	12	12
26.117461075202772	12.0	12	12
26.21752797587405	12.0	12	12
26.317594876545325	12.0	12	12
26.417661777216598	12.0	12	12
26.517728677887874	12.0	12	12
26.61779557855915	12.0	12	12
26.717862479230423	12.0	12	12
26.8179293799017	12.0	12	12
26.917996280572975	12.0	12	12
27.018063181244248	12.0	12	12
27.118130081915524	12.0	12	12
27.218196982586797	12.0	12	12
27.318263883258073	12.0	12	12
27.41833078392935	12.0	12	12
27.51839768460062	12.0	12	12
27.618464585271898	12.0	12	12
27.718531485943174	12.0	12	12
27.818598386614447	12.0	12	12
27.918665287285723	12.0	12	12
28.018732187957	12.0	12	12
28.118799088628272	12.0	12	12
28.218865989299548	12.0	12	12
28.318932889970824	12.0	12	12
28.418999790642097	12.0	12	12
28.519066691313373	12.0	12	12
28.61913359198465	12.0	12	12
28.719200492655922	12.0	12	12
28.8192673933272	12.0	12	12
28.919334293998475	12.0	12	12
29.019401194669747	12.0	12	12
29.119468095341023	12.0	12	12
29.2195349960123	12.0	12	12
29.319601896683572	12.0	12	12
29.41966879735485	12.0	12	12
29.519735698026125	12.0	12	12
29.619802598697397	12.0	12	12
29.719869499368674	12.0	12	12
29.81993640003995	12.0	12	12
29.920003300711222	12.0	12	12
30.0200702013825	12.0	12	12
30.120137102053775	12.0	12	12
30.220204002725048	12.0	12	12
30.320270903396324	12.0	12	12
30.4203378040676	12.0	12	12
30.520404704738873	12.0	12	12
30.62047160541015	12.0	12	12
30.72053850608142	12.0	12	12
30.820605406752698	12.0	12	12
30.920672307423974	12.0	12	12
31.020739208095247	12.0	12	12
31.120806108766523	12.0	12	12
31.2208730094378	12.0	12	12
31.32093991010907	12.0	12	12
31.421006810780348	12.0	12	12
31.521073711451624	12.0	12	12
31.621140612122897	12.0	12	12
31.721207512794173	12.0	12	12
31.82127441346545	12.0	12	12
31.921341314136722	12.0	12	12
32.021408214808	12.0	12	12
32.12147511547927	12.0	12	12
32.22154201615055	12.0	12	12
32.32160891682182	12.0	12	12
32.421675817493096	13.0	13	13
32.521742718164376	12.0	12	12
32.62180961883565	12.0	12	12
32.72187651950692	12.0	12	12
32.8219434201782	12.0	12	12
32.92201032084947	12.0	12	12
33.022077221520746	12.0	12	12
33.122144122192026	12.0	12	12
33.2222110228633	12.0	12	12
33.32227792353457	12.0	12	12
33.42234482420585	12.0	12	12
33.522411724877124	12.0	12	12
33.622478625548396	12.0	12	12
33.722545526219676	12.0	12	12
33.82261242689095	12.0	12	12
33.92267932756222	12.0	12	12
34.0227462282335	12.0	12	12
34.122813128904774	12.0	12	12
34.22288002957605	12.0	12	12
34.322946930247326	12.0	12	12
34.4230138309186	12.0	12	12
34.52308073158987	12.0	12	12
34.62314763226115	12.0	12	12
34.723214532932424	12.0	12	12
34.8232814336037	12.0	12	12
34.923348334274976	12.0	12	12
35.02341523494625	12.0	12	12
35.12348213561752	12.0	12	12
35.2235490362888	12.0	12	12
35.323615936960074	12.0	12	12
35.42368283763135	12.0	12	12
35.52374973830262	12.0	12	12
35.6238166389739	12.0	12	12
35.72388353964517	12.0	12	12
35.823950440316445	12.0	12	12
35.924017340987724	12.0	12	12
36.024084241659	12.0	12	12
36.12415114233027	12.0	12	12
36.22421804300155	12.0	12	12
36.32428494367282	12.0	12	12
36.424351844344095	12.0	12	12
36.524418745015375	12.0	12	12
36.62448564568665	12.0	12	12
36.72455254635792	12.0	12	12
36.8246194470292	13.0	13	13
36.92468634770047	14.0	14	14
37.024753248371745	14.0	14	14
37.124820149043025	14.0	14	14
37.2248870497143	14.0	14	14
37.32495395038557	14.0	14	14
37.42502085105685	14.0	14	14
37.52508775172812	14.0	14	14
37.625154652399395	14.0	14	14
37.725221553070675	14.0	14	14
37.82528845374195	14.0	14	14
37.92535535441322	14.0	14	14
38.0254222550845	15.0	15	15
38.12548915575577	15.0	15	15
38.225556056427045	17.0	17	17
38.325622957098325	17.0	17	17
38.4256898577696	17.0	17	17
38.52575675844087	17.0	17	17
38.62582365911215	17.0	17	17
38.72589055978342	17.0	17	17
38.825957460454696	17.0	17	17
38.926024361125975	17.0	17	17
39.02609126179725	17.0	17	17
39.12615816246852	17.0	17	17
39.2262250631398	17.0	17	17
39.32629196381107	17.0	17	17
39.426358864482346	17.0	17	17
39.526425765153625	17.0	17	17
39.6264926658249	17.0	17	17
39.72655956649617	17.0	17	17
39.82662646716745	17.0	17	17
39.92669336783872	17.0	17	17
40.026760268509996	17.0	17	17
40.126827169181276	17.0	17	17
40.22689406985255	17.0	17	17
40.32696097052382	17.0	17	17
40.4270278711951	17.0	17	17
40.52709477186637	17.0	17	17
40.627161672537646	17.0	17	17
40.727228573208926	17.0	17	17
40.8272954738802	17.0	17	17
40.92736237455147	17.0	17	17
41.02742927522275	17.0	17	17
41.127496175894024	17.0	17	17
41.227563076565296	17.0	17	17
41.327629977236576	17.0	17	17
41.42769687790785	17.0	17	17
41.52776377857912	17.0	17	17
41.627830679250394	17.0	17	17
41.727897579921674	17.0	17	17
41.82796448059295	17.0	17	17
41.92803138126422	17.0	17	17
42.0280982819355	17.0	17	17
42.12816518260677	17.0	17	17
42.228232083278044	17.0	17	17
42.328298983949324	17.0	17	17
42.4283658846206	17.0	17	17
42.52843278529187	17.0	17	17
42.62849968596315	17.0	17	17
42.72856658663442	17.0	17	17
42.828633487305694	17.0	17	17
42.928700387976974	17.0	17	17
43.02876728864825	17.0	17	17
43.12883418931952	17.0	17	17
43.2289010899908	17.0	17	17
43.32896799066207	17.0	17	17
43.429034891333345	17.0	17	17
43.529101792004624	17.0	17	17
43.6291686926759	17.0	17	17
43.72923559334717	17.0	17	17
43.82930249401845	17.0	17	17
43.92936939468972	17.0	17	17
44.029436295360995	17.0	17	17
44.129503196032275	17.0	17	17
44.22957009670355	17.0	17	17
44.32963699737482	17.0	17	17
44.4297038980461	17.0	17	17
44.52977079871737	17.0	17	17
44.629837699388645	17.0	17	17
44.729904600059925	17.0	17	17
44.8299715007312	17.0	17	17
44.93003840140247	17.0	17	17
45.03010530207375	17.0	17	17
45.13017220274502	17.0	17	17
45.230239103416295	17.0	17	17
45.330306004087575	17.0	17	17
45.43037290475885	17.0	17	17
45.53043980543012	17.0	17	17
45.6305067061014	17.0	17	17
45.73057360677267	17.0	17	17
45.830640507443945	17.0	17	17
45.930707408115225	17.0	17	17
46.0307743087865	17.0	17	17
46.13084120945777	18.0	18	18
46.23090811012905	18.0	18	18
46.33097501080032	18.0	18	18
46.431041911471596	18.0	18	18
46.531108812142875	17.0	17	17
46.63117571281415	17.0	17	17
46.73124261348542	17.0	17	17
46.8313095141567	17.0	17	17
46.93137641482797	17.0	17	17
47.031443315499246	17.0	17	17
47.131510216170525	17.0	17	17
47.2315771168418	17.0	17	17
47.33164401751307	17.0	17	17
47.43171091818435	17.0	17	17
47.53177781885562	17.0	17	17
47.631844719526896	17.0	17	17
47.731911620198176	17.0	17	17
47.83197852086945	17.0	17	17
47.93204542154072	17.0	17	17
48.032112322212	17.0	17	17
48.13217922288327	17.0	17	17
48.232246123554546	17.0	17	17
48.33231302422582	17.0	17	17
48.4323799248971	16.0	16	16
48.53244682556837	16.0	16	16
48.632513726239644	16.0	16	16
48.732580626910924	16.0	16	16
48.832647527582196	16.0	16	16
48.93271442825347	16.0	16	16
49.03278132892475	16.0	16	16
49.13284822959602	16.0	16	16
49.232915130267294	16.0	16	16
49.332982030938574	16.0	16	16
49.43304893160985	16.0	16	16
49.53311583228112	16.0	16	16
49.6331827329524	16.0	16	16
49.73324963362367	16.0	16	16
49.833316534294944	15.0	15	15
49.933383434966224	15.0	15	15
50.0334503356375	15.0	15	15
50.13351723630877	15.0	15	15
50.23358413698005	15.0	15	15
50.33365103765132	15.0	15	15
50.433717938322594	15.0	15	15
50.533784838993874	15.0	15	15
50.63385173966515	15.0	15	15
50.73391864033642	15.0	15	15
50.8339855410077	15.0	15	15
50.93405244167897	15.0	15	15
51.034119342350245	15.0	15	15
51.134186243021524	15.0	15	15
51.2342531436928	15.0	15	15
51.33432004436407	15.0	15	15
51.43438694503535	15.0	15	15
51.53445384570662	15.0	15	15
51.634520746377895	15.0	15	15
51.734587647049175	15.0	15	15
51.83465454772045	15.0	15	15
51.93472144839172	16.0	16	16
52.034788349063	15.0	15	15
52.13485524973427	15.0	15	15
52.234922150405545	15.0	15	15
52.334989051076825	16.0	16	16
52.4350559517481	16.0	16	16
52.53512285241937	16.0	16	16
52.63518975309065	16.0	16	16
52.73525665376192	16.0	16	16
52.835323554433195	16.0	16	16
52.935390455104475	16.0	16	16
53.03545735577575	16.0	16	16
53.13552425644702	16.0	16	16
53.2355911571183	16.0	16	16
53.33565805778957	16.0	16	16
53.435724958460845	16.0	16	16
53.535791859132125	16.0	16	16
53.6358587598034	16.0	16	16
53.73592566047467	16.0	16	16
53.83599256114595	16.0	16	16
53.93605946181722	16.0	16	16
54.036126362488496	16.0	16	16
54.136193263159775	16.0	16	16
54.23626016383105	15.0	15	15
54.33632706450232	15.0	15	15
54.43639396517359	15.0	15	15
54.53646086584487	14.0	14	14
54.636527766516146	14.0	14	14
54.73659466718742	14.0	14	14
54.8366615678587	14.0	14	14
54.93672846852997	14.0	14	14
55.03679536920124	14.0	14	14
55.13686226987252	14.0	14	14
55.236929170543796	14.0	14	14
55.33699607121507	14.0	14	14
55.43706297188635	14.0	14	14
55.53712987255762	13.0	13	13
55.637196773228894	13.0	13	13
55.73726367390017	13.0	13	13
55.837330574571446	13.0	13	13
55.93739747524272	13.0	13	13
56.037464375914	13.0	13	13
56.13753127658527	13.0	13	13
56.237598177256544	13.0	13	13
56.337665077927824	13.0	13	13
56.437731978599096	13.0	13	13
56.53779887927037	13.0	13	13
56.63786577994165	13.0	13	13
56.73793268061292	13.0	13	13
56.837999581284194	13.0	13	13
56.938066481955474	13.0	13	13
57.03813338262675	13.0	13	13
57.13820028329802	13.0	13	13
57.2382671839693	13.0	13	13
57.33833408464057	13.0	13	13
57.438400985311844	13.0	13	13
57.538467885983124	13.0	13	13
57.6385347866544	13.0	13	13
57.73860168732567	13.0	13	13
57.83866858799695	13.0	13	13
57.93873548866822	13.0	13	13
58.038802389339494	13.0	13	13
58.138869290010774	13.0	13	13
58.23893619068205	13.0	13	13
58.33900309135332	13.0	13	13
58.4390699920246	13.0	13	13
58.53913689269587	12.0	12	12
58.639203793367145	12.0	12	12
58.739270694038424	12.0	12	12
58.8393375947097	12.0	12	12
58.93940449538097	12.0	12	12
59.03947139605225	12.0	12	12
59.13953829672352	12.0	12	12
59.239605197394795	13.0	13	13
59.339672098066075	12.0	12	12
59.43973899873735	12.0	12	12
59.53980589940862	12.0	12	12
59.6398728000799	11.0	11	11
59.73993970075117	11.0	11	11
59.840006601422445	11.0	11	11
59.940073502093725	11.0	11	11
60.040140402765	11.0	11	11
60.14020730343627	11.0	11	11
60.24027420410755	11.0	11	11
60.34034110477882	11.0	11	11
60.440408005450095	11.0	11	11
60.540474906121375	11.0	11	11
60.64054180679265	11.0	11	11
60.74060870746392	11.0	11	11
60.8406756081352	11.0	11	11
60.94074250880647	11.0	11	11
61.040809409477745	11.0	11	11
61.14087631014902	11.0	11	11
61.2409432108203	11.0	11	11
61.34101011149157	11.0	11	11
61.44107701216284	11.0	11	11
61.54114391283412	11.0	11	11
61.641210813505396	10.0	10	10
61.74127771417667	10.0	10	10
61.84134461484795	10.0	10	10
61.94141151551922	10.0	10	10
62.04147841619049	10.0	10	10
62.14154531686177	10.0	10	10
62.241612217533046	10.0	10	10
62.34167911820432	10.0	10	10
62.4417460188756	10.0	10	10
62.54181291954687	10.0	10	10
62.64187982021814	10.0	10	10
62.74194672088942	10.0	10	10
62.842013621560696	10.0	10	10
62.94208052223197	10.0	10	10
63.04214742290325	10.0	10	10
63.14221432357452	10.0	10	10
63.242281224245794	10.0	10	10
63.34234812491707	10.0	10	10
63.442415025588346	10.0	10	10
63.54248192625962	10.0	10	10
63.6425488269309	10.0	10	10
63.74261572760217	10.0	10	10
63.842682628273444	10.0	10	10
63.942749528944724	10.0	10	10
64.042816429616	10.0	10	10
64.14288333028728	10.0	10	10
64.24295023095854	10.0	10	10
64.34301713162982	10.0	10	10
64.4430840323011	10.0	10	10
64.54315093297237	10.0	10	10
64.64321783364365	11.0	11	11
64.74328473431493	11.0	11	11
64.84335163498619	12.0	12	12
64.94341853565747	12.0	12	12
65.04348543632875	12.0	12	12
65.14355233700002	12.0	12	12
65.2436192376713	12.0	12	12
65.34368613834258	12.0	12	12
65.44375303901384	13.0	13	13
65.54381993968512	13.0	13	13
65.6438868403564	14.0	14	14
65.74395374102767	14.0	14	14
65.84402064169895	15.0	15	15
65.94408754237023	15.0	15	15
66.04415444304149	15.0	15	15
66.14422134371277	15.0	15	15
66.24428824438405	15.0	15	15
66.34435514505532	16.0	16	16
66.4444220457266	16.0	16	16
66.54448894639788	16.0	16	16
66.64455584706914	16.0	16	16
66.74462274774042	16.0	16	16
66.8446896484117	15.0	15	15
66.94475654908297	14.0	14	14
67.04482344975425	14.0	14	14
67.14489035042553	14.0	14	14
67.24495725109679	14.0	14	14
67.34502415176807	14.0	14	14
67.44509105243935	14.0	14	14
67.54515795311062	14.0	14	14
67.6452248537819	14.0	14	14
67.74529175445318	13.0	13	13
67.84535865512444	13.0	13	13
67.94542555579572	13.0	13	13
68.045492456467	13.0	13	13
68.14555935713827	13.0	13	13
68.24562625780955	13.0	13	13
68.34569315848083	13.0	13	13
68.4457600591521	13.0	13	13
68.54582695982337	12.0	12	12
68.64589386049465	12.0	12	12
68.74596076116592	12.0	12	12
68.8460276618372	12.0	12	12
68.94609456250848	12.0	12	12
69.04616146317974	12.0	12	12
69.14622836385102	12.0	12	12
69.2462952645223	12.0	12	12
69.34636216519357	12.0	12	12
69.44642906586485	12.0	12	12
69.54649596653613	12.0	12	12
69.6465628672074	11.0	11	11
69.74662976787867	11.0	11	11
69.84669666854995	11.0	11	11
69.94676356922122	11.0	11	11
70.0468304698925	11.0	11	11
70.14689737056378	11.0	11	11
70.24696427123504	11.0	11	11
70.34703117190632	11.0	11	11
70.4470980725776	11.0	11	11
70.54716497324887	11.0	11	11
70.64723187392015	11.0	11	11
70.74729877459141	11.0	11	11
70.8473656752627	11.0	11	11
70.94743257593397	11.0	11	11
71.04749947660524	11.0	11	11
71.14756637727652	11.0	11	11
71.2476332779478	11.0	11	11
71.34770017861906	11.0	11	11
71.44776707929034	11.0	11	11
71.54783397996162	12.0	12	12
71.64790088063289	12.0	12	12
71.74796778130417	12.0	12	12
71.84803468197545	12.0	12	12
71.94810158264671	12.0	12	12
72.048168483318	12.0	12	12
72.14823538398927	12.0	12	12
72.24830228466054	12.0	12	12
72.34836918533182	12.0	12	12
72.4484360860031	12.0	12	12
72.54850298667436	12.0	12	12
72.64856988734564	12.0	12	12
72.74863678801692	12.0	12	12
72.84870368868819	12.0	12	12
72.94877058935947	12.0	12	12
73.04883749003075	12.0	12	12
73.14890439070201	12.0	12	12
73.2489712913733	12.0	12	12
73.34903819204457	12.0	12	12
73.44910509271584	12.0	12	12
73.54917199338712	12.0	12	12
73.6492388940584	12.0	12	12
73.74930579472966	12.0	12	12
73.84937269540094	12.0	12	12
73.94943959607222	12.0	12	12
74.04950649674349	12.0	12	12
74.14957339741477	12.0	12	12
74.24964029808605	12.0	12	12
74.34970719875732	12.0	12	12
74.4497740994286	12.0	12	12
74.54984100009987	11.0	11	11
74.64990790077114	11.0	11	11
74.74997480144242	11.0	11	11
74.8500417021137	11.0	11	11
74.95010860278497	11.0	11	11
75.05017550345624	11.0	11	11
75.15024240412752	11.0	11	11
75.25030930479879	11.0	11	11
75.35037620547007	11.0	11	11
75.45044310614135	11.0	11	11
75.55051000681262	11.0	11	11
75.6505769074839	11.0	11	11
75.75064380815517	11.0	11	11
75.85071070882644	11.0	11	11
75.95077760949772	11.0	11	11
76.050844510169	11.0	11	11
76.15091141084027	11.0	11	11
76.25097831151155	11.0	11	11
76.35104521218283	11.0	11	11
76.45111211285409	11.0	11	11
76.55117901352537	11.0	11	11
76.65124591419665	11.0	11	11
76.75131281486792	11.0	11	11
76.8513797155392	11.0	11	11
76.95144661621048	11.0	11	11
77.05151351688174	11.0	11	11
77.15158041755302	11.0	11	11
77.2516473182243	11.0	11	11
77.35171421889557	11.0	11	11
77.45178111956685	11.0	11	11
77.55184802023813	11.0	11	11
77.65191492090939	10.0	10	10
77.75198182158067	10.0	10	10
77.85204872225195	10.0	10	10
77.95211562292322	10.0	10	10
78.0521825235945	10.0	10	10
78.15224942426578	10.0	10	10
78.25231632493704	10.0	10	10
78.35238322560832	9.0	9	9
78.4524501262796	9.0	9	9
78.55251702695087	9.0	9	9
78.65258392762215	9.0	9	9
78.75265082829343	9.0	9	9
78.85271772896469	9.0	9	9
78.95278462963597	9.0	9	9
79.05285153030725	9.0	9	9
79.15291843097852	9.0	9	9
79.2529853316498	9.0	9	9
79.35305223232108	9.0	9	9
79.45311913299234	9.0	9	9
79.55318603366362	10.0	10	10
79.6532529343349	10.0	10	10
79.75331983500617	10.0	10	10
79.85338673567745	10.0	10	10
79.95345363634873	10.0	10	10
80.05352053701999	10.0	10	10
80.15358743769127	10.0	10	10
80.25365433836255	10.0	10	10
80.35372123903382	10.0	10	10
80.4537881397051	10.0	10	10
80.55385504037638	10.0	10	10
80.65392194104764	10.0	10	10
80.75398884171892	11.0	11	11
80.8540557423902	11.0	11	11
80.95412264306147	11.0	11	11
81.05418954373275	11.0	11	11
81.15425644440403	11.0	11	11
81.25432334507529	11.0	11	11
81.35439024574657	11.0	11	11
81.45445714641785	11.0	11	11
81.55452404708912	11.0	11	11
81.6545909477604	11.0	11	11
81.75465784843168	11.0	11	11
81.85472474910294	11.0	11	11
81.95479164977422	11.0	11	11
82.0548585504455	11.0	11	11
82.15492545111677	11.0	11	11
82.25499235178805	11.0	11	11
82.35505925245933	11.0	11	11
82.45512615313059	11.0	11	11
82.55519305380187	11.0	11	11
82.65525995447315	11.0	11	11
82.75532685514442	11.0	11	11
82.8553937558157	11.0	11	11
82.95546065648698	11.0	11	11
83.05552755715824	11.0	11	11
83.15559445782952	11.0	11	11
83.25566135850079	11.0	11	11
83.35572825917207	11.0	11	11
83.45579515984335	11.0	11	11
83.55586206051461	11.0	11	11
83.6559289611859	11.0	11	11
83.75599586185717	11.0	11	11
83.85606276252844	11.0	11	11
83.95612966319972	11.0	11	11
84.056196563871	11.0	11	11
84.15626346454226	11.0	11	11
84.25633036521354	10.0	10	10
84.35639726588482	10.0	10	10
84.45646416655609	10.0	10	10
84.55653106722737	10.0	10	10
84.65659796789865	10.0	10	10
84.75666486856991	11.0	11	11
84.8567317692412	11.0	11	11
84.95679866991247	11.0	11	11
85.05686557058374	11.0	11	11
85.15693247125502	11.0	11	11
85.2569993719263	11.0	11	11
85.35706627259756	11.0	11	11
85.45713317326884	11.0	11	11
85.55720007394012	11.0	11	11
85.65726697461139	11.0	11	11
85.75733387528267	11.0	11	11
85.85740077595395	11.0	11	11
85.95746767662521	11.0	11	11
86.0575345772965	11.0	11	11
86.15760147796777	11.0	11	11
86.25766837863904	11.0	11	11
86.35773527931032	11.0	11	11
86.4578021799816	11.0	11	11
86.55786908065286	10.0	10	10
86.65793598132414	10.0	10	10
86.75800288199542	10.0	10	10
86.85806978266669	10.0	10	10
86.95813668333797	10.0	10	10
87.05820358400925	10.0	10	10
87.15827048468051	10.0	10	10
87.2583373853518	10.0	10	10
87.35840428602307	10.0	10	10
87.45847118669434	10.0	10	10
87.55853808736562	10.0	10	10
87.6586049880369	10.0	10	10
87.75867188870816	10.0	10	10
87.85873878937944	10.0	10	10
87.95880569005072	10.0	10	10
88.05887259072199	10.0	10	10
88.15893949139327	10.0	10	10
88.25900639206455	10.0	10	10
88.35907329273581	10.0	10	10
88.4591401934071	10.0	10	10
88.55920709407837	10.0	10	10
88.65927399474964	10.0	10	10
88.75934089542092	10.0	10	10
88.8594077960922	10.0	10	10
88.95947469676346	9.0	9	9
89.05954159743474	9.0	9	9
89.15960849810602	9.0	9	9
89.25967539877729	9.0	9	9
89.35974229944857	9.0	9	9
89.45980920011985	9.0	9	9
89.55987610079112	9.0	9	9
89.6599430014624	9.0	9	9
89.76000990213367	9.0	9	9
89.86007680280494	9.0	9	9
89.96014370347622	9.0	9	9
90.0602106041475	9.0	9	9
90.16027750481877	9.0	9	9
90.26034440549005	9.0	9	9
90.36041130616132	9.0	9	9
90.46047820683259	9.0	9	9
90.56054510750387	9.0	9	9
90.66061200817515	9.0	9	9
90.76067890884642	9.0	9	9
90.8607458095177	9.0	9	9
90.96081271018897	9.0	9	9
91.06087961086024	9.0	9	9
91.16094651153152	9.0	9	9
91.2610134122028	9.0	9	9
91.36108031287407	9.0	9	9
91.46114721354535	9.0	9	9
91.56121411421663	9.0	9	9
91.66128101488789	9.0	9	9
91.76134791555917	9.0	9	9
91.86141481623045	9.0	9	9
91.96148171690172	9.0	9	9
92.061548617573	9.0	9	9
92.16161551824428	9.0	9	9
92.26168241891554	9.0	9	9
92.36174931958682	9.0	9	9
92.4618162202581	9.0	9	9
92.56188312092937	9.0	9	9
92.66195002160065	9.0	9	9
92.76201692227193	9.0	9	9
92.86208382294319	9.0	9	9
92.96215072361447	9.0	9	9
93.06221762428575	9.0	9	9
93.16228452495702	9.0	9	9
93.2623514256283	9.0	9	9
93.36241832629958	10.0	10	10
93.46248522697084	10.0	10	10
93.56255212764212	10.0	10	10
93.6626190283134	10.0	10	10
93.76268592898467	10.0	10	10
93.86275282965595	10.0	10	10
93.96281973032723	10.0	10	10
94.06288663099849	10.0	10	10
94.16295353166977	10.0	10	10
94.26302043234105	10.0	10	10
94.36308733301232	10.0	10	10
94.4631542336836	10.0	10	10
94.56322113435488	10.0	10	10
94.66328803502614	10.0	10	10
94.76335493569742	10.0	10	10
94.8634218363687	11.0	11	11
94.96348873703997	11.0	11	11
95.06355563771125	11.0	11	11
95.16362253838253	11.0	11	11
95.26368943905379	11.0	11	11
95.36375633972507	11.0	11	11
95.46382324039635	12.0	12	12
95.56389014106762	11.0	11	11
95.6639570417389	11.0	11	11
95.76402394241018	11.0	11	11
95.86409084308144	11.0	11	11
95.96415774375272	11.0	11	11
96.064224644424	11.0	11	11
96.16429154509527	11.0	11	11
96.26435844576655	11.0	11	11
96.36442534643781	11.0	11	11
96.46449224710909	11.0	11	11
96.56455914778037	11.0	11	11
96.66462604845164	11.0	11	11
96.76469294912292	11.0	11	11
96.8647598497942	11.0	11	11
96.96482675046546	11.0	11	11
97.06489365113674	11.0	11	11
97.16496055180802	11.0	11	11
97.26502745247929	11.0	11	11
97.36509435315057	11.0	11	11
97.46516125382185	11.0	11	11
97.56522815449311	11.0	11	11
97.66529505516439	11.0	11	11
97.76536195583567	11.0	11	11
97.86542885650694	11.0	11	11
97.96549575717822	11.0	11	11
98.0655626578495	11.0	11	11
98.16562955852076	11.0	11	11
98.26569645919204	11.0	11	11
98.36576335986332	11.0	11	11
98.46583026053459	11.0	11	11
98.56589716120587	11.0	11	11
98.66596406187715	11.0	11	11
98.76603096254841	11.0	11	11
98.8660978632197	11.0	11	11
98.96616476389097	11.0	11	11
99.06623166456224	11.0	11	11
99.16629856523352	11.0	11	11
99.2663654659048	11.0	11	11
99.36643236657606	11.0	11	11
99.46649926724734	11.0	11	11
99.56656616791862	11.0	11	11
99.66663306858989	11.0	11	11
99.76669996926117	11.0	11	11
99.86676686993245	11.0	11	11
99.96683377060371	11.0	11	11
100.066900671275	11.0	11	11
100.16696757194627	11.0	11	11
100.26703447261754	11.0	11	11
100.36710137328882	11.0	11	11
100.4671682739601	11.0	11	11
100.56723517463136	11.0	11	11
100.66730207530264	11.0	11	11
100.76736897597392	11.0	11	11
100.86743587664519	11.0	11	11
100.96750277731647	11.0	11	11
101.06756967798775	11.0	11	11
101.16763657865901	11.0	11	11
101.2677034793303	11.0	11	11
101.36777038000157	11.0	11	11
101.46783728067284	11.0	11	11
101.56790418134412	11.0	11	11
101.6679710820154	11.0	11	11
101.76803798268666	11.0	11	11
101.86810488335794	11.0	11	11
101.96817178402922	11.0	11	11
102.06823868470049	11.0	11	11
102.16830558537177	11.0	11	11
102.26837248604305	11.0	11	11
102.36843938671431	11.0	11	11
102.4685062873856	11.0	11	11
102.56857318805687	11.0	11	11
102.66864008872814	11.0	11	11
102.76870698939942	11.0	11	11
102.8687738900707	11.0	11	11
102.96884079074196	10.0	10	10
103.06890769141324	10.0	10	10
103.16897459208452	10.0	10	10
103.26904149275579	10.0	10	10
103.36910839342707	10.0	10	10
103.46917529409835	10.0	10	10
103.56924219476961	10.0	10	10
103.6693090954409	10.0	10	10
103.76937599611217	10.0	10	10
103.86944289678344	10.0	10	10
103.96950979745472	10.0	10	10
104.069576698126	10.0	10	10
104.16964359879726	10.0	10	10
104.26971049946854	10.0	10	10
104.36977740013982	10.0	10	10
104.46984430081109	10.0	10	10
104.56991120148237	10.0	10	10
104.66997810215365	10.0	10	10
104.77004500282492	10.0	10	10
104.8701119034962	10.0	10	10
104.97017880416747	10.0	10	10
105.07024570483874	10.0	10	10
105.17031260551002	10.0	10	10
105.2703795061813	10.0	10	10
105.37044640685257	10.0	10	10
105.47051330752385	10.0	10	10
105.57058020819512	10.0	10	10
105.67064710886639	10.0	10	10
105.77071400953767	10.0	10	10
105.87078091020895	10.0	10	10
105.97084781088022	10.0	10	10
106.0709147115515	10.0	10	10
106.17098161222277	10.0	10	10
106.27104851289404	10.0	10	10
106.37111541356532	10.0	10	10
106.4711823142366	10.0	10	10
106.57124921490787	10.0	10	10
106.67131611557915	10.0	10	10
106.77138301625043	10.0	10	10
106.87144991692169	10.0	10	10
106.97151681759297	10.0	10	10
107.07158371826425	10.0	10	10
107.17165061893552	10.0	10	10
107.2717175196068	10.0	10	10
107.37178442027808	10.0	10	10
107.47185132094934	10.0	10	10
107.57191822162062	10.0	10	10
107.6719851222919	10.0	10	10
107.77205202296317	10.0	10	10
107.87211892363445	10.0	10	10
107.97218582430573	10.0	10	10
108.07225272497699	10.0	10	10
108.17231962564827	10.0	10	10
108.27238652631955	10.0	10	10
108.37245342699082	10.0	10	10
108.4725203276621	10.0	10	10
108.57258722833338	10.0	10	10
108.67265412900464	10.0	10	10
108.77272102967592	10.0	10	10
108.87278793034719	10.0	10	10
108.97285483101847	10.0	10	10
109.07292173168975	10.0	10	10
109.17298863236101	10.0	10	10
109.27305553303229	10.0	10	10
109.37312243370357	10.0	10	10
109.47318933437484	10.0	10	10
109.57325623504612	10.0	10	10
109.6733231357174	10.0	10	10
109.77339003638866	10.0	10	10
109.87345693705994	10.0	10	10
109.97352383773122	10.0	10	10
110.07359073840249	10.0	10	10
110.17365763907377	10.0	10	10
110.27372453974505	10.0	10	10
110.37379144041631	10.0	10	10
110.47385834108759	10.0	10	10
110.57392524175887	10.0	10	10
110.67399214243014	10.0	10	10
110.77405904310142	10.0	10	10
110.8741259437727	11.0	11	11
110.97419284444396	11.0	11	11
111.07425974511524	11.0	11	11
111.17432664578652	11.0	11	11
111.27439354645779	11.0	11	11
111.37446044712907	11.0	11	11
111.47452734780035	11.0	11	11
111.57459424847161	11.0	11	11
111.67466114914289	11.0	11	11
111.77472804981417	11.0	11	11
111.87479495048544	11.0	11	11
111.97486185115672	11.0	11	11
112.074928751828	11.0	11	11
112.17499565249926	11.0	11	11
112.27506255317054	11.0	11	11
112.37512945384182	11.0	11	11
112.47519635451309	11.0	11	11
112.57526325518437	11.0	11	11
112.67533015585565	11.0	11	11
112.77539705652691	10.0	10	10
112.87546395719819	10.0	10	10
112.97553085786947	10.0	10	10
113.07559775854074	10.0	10	10
113.17566465921202	10.0	10	10
113.2757315598833	10.0	10	10
113.37579846055456	10.0	10	10
113.47586536122584	10.0	10	10
113.57593226189712	10.0	10	10
113.67599916256839	10.0	10	10
113.77606606323967	10.0	10	10
113.87613296391095	10.0	10	10
113.97619986458221	10.0	10	10
114.0762667652535	10.0	10	10
114.17633366592477	10.0	10	10
114.27640056659604	10.0	10	10
114.37646746726732	10.0	10	10
114.4765343679386	10.0	10	10
114.57660126860986	10.0	10	10
114.67666816928114	10.0	10	10
114.77673506995242	11.0	11	11
114.87680197062369	11.0	11	11
114.97686887129497	11.0	11	11
115.07693577196625	11.0	11	11
115.17700267263751	11.0	11	11
115.2770695733088	11.0	11	11
115.37713647398007	11.0	11	11
115.47720337465134	11.0	11	11
115.57727027532262	10.0	10	10
115.6773371759939	10.0	10	10
115.77740407666516	10.0	10	10
115.87747097733644	10.0	10	10
115.97753787800772	10.0	10	10
116.07760477867899	10.0	10	10
116.17767167935027	10.0	10	10
116.27773858002155	10.0	10	10
116.37780548069281	10.0	10	10
116.4778723813641	10.0	10	10
116.57793928203537	10.0	10	10
116.67800618270664	10.0	10	10
116.77807308337792	10.0	10	10
116.8781399840492	10.0	10	10
116.97820688472046	10.0	10	10
117.07827378539174	10.0	10	10
117.17834068606302	10.0	10	10
117.27840758673429	10.0	10	10
117.37847448740557	10.0	10	10
117.47854138807685	10.0	10	10
117.57860828874811	10.0	10	10
117.6786751894194	10.0	10	10
117.77874209009067	10.0	10	10
117.87880899076194	10.0	10	10
117.97887589143322	10.0	10	10
118.0789427921045	10.0	10	10
118.17900969277576	9.0	9	9
118.27907659344704	9.0	9	9
118.37914349411832	9.0	9	9
118.47921039478959	9.0	9	9
118.57927729546087	9.0	9	9
118.67934419613215	9.0	9	9
118.77941109680341	9.0	9	9
118.8794779974747	9.0	9	9
118.97954489814597	9.0	9	9
119.07961179881724	9.0	9	9
119.17967869948852	9.0	9	9
119.2797456001598	8.0	8	8
119.37981250083106	8.0	8	8
119.47987940150234	8.0	8	8
119.57994630217362	8.0	8	8
119.68001320284489	8.0	8	8
119.78008010351617	8.0	8	8
119.88014700418745	8.0	8	8
119.98021390485872	8.0	8	8
120.08028080553	8.0	8	8
120.18034770620127	8.0	8	8
120.28041460687254	8.0	8	8
120.38048150754382	8.0	8	8
120.4805484082151	8.0	8	8
120.58061530888637	8.0	8	8
120.68068220955765	8.0	8	8
120.78074911022892	8.0	8	8
120.88081601090019	8.0	8	8
120.98088291157147	8.0	8	8
121.08094981224275	8.0	8	8
121.18101671291402	8.0	8	8
121.2810836135853	8.0	8	8
121.38115051425657	8.0	8	8
121.48121741492784	8.0	8	8
121.58128431559912	8.0	8	8
121.6813512162704	8.0	8	8
121.78141811694167	8.0	8	8
121.88148501761295	8.0	8	8
121.98155191828421	8.0	8	8
122.08161881895549	8.0	8	8
122.18168571962677	8.0	8	8
122.28175262029804	8.0	8	8
122.38181952096932	8.0	8	8
122.4818864216406	8.0	8	8
122.58195332231186	8.0	8	8
122.68202022298314	8.0	8	8
122.78208712365442	8.0	8	8
122.88215402432569	8.0	8	8
122.98222092499697	8.0	8	8
123.08228782566825	8.0	8	8
123.18235472633951	8.0	8	8
123.28242162701079	8.0	8	8
123.38248852768207	8.0	8	8
123.48255542835334	8.0	8	8
123.58262232902462	8.0	8	8
123.6826892296959	9.0	9	9
123.78275613036716	9.0	9	9
123.88282303103844	9.0	9	9
123.98288993170972	9.0	9	9
124.08295683238099	9.0	9	9
124.18302373305227	9.0	9	9
124.28309063372355	9.0	9	9
124.38315753439481	9.0	9	9
124.48322443506609	9.0	9	9
124.58329133573737	9.0	9	9
124.68335823640864	9.0	9	9
124.78342513707992	9.0	9	9
124.8834920377512	9.0	9	9
124.98355893842246	9.0	9	9
125.08362583909374	9.0	9	9
125.18369273976502	9.0	9	9
125.28375964043629	9.0	9	9
125.38382654110757	9.0	9	9
125.48389344177885	9.0	9	9
125.58396034245011	9.0	9	9
125.68402724312139	9.0	9	9
125.78409414379267	9.0	9	9
125.88416104446394	9.0	9	9
125.98422794513522	9.0	9	9
126.0842948458065	9.0	9	9
126.18436174647776	9.0	9	9
126.28442864714904	9.0	9	9
126.38449554782032	9.0	9	9
126.48456244849159	9.0	9	9
126.58462934916287	9.0	9	9
126.68469624983415	9.0	9	9
126.78476315050541	9.0	9	9
126.88483005117669	9.0	9	9
126.98489695184797	9.0	9	9
127.08496385251924	9.0	9	9
127.18503075319052	9.0	9	9
127.2850976538618	9.0	9	9
127.38516455453306	9.0	9	9
127.48523145520434	9.0	9	9
127.58529835587562	9.0	9	9
127.68536525654689	9.0	9	9
127.78543215721817	9.0	9	9
127.88549905788945	9.0	9	9
127.98556595856071	9.0	9	9
128.085632859232	9.0	9	9
128.18569975990326	8.0	8	8
128.28576666057455	8.0	8	8
128.38583356124582	8.0	8	8
128.48590046191708	8.0	8	8
128.58596736258838	8.0	8	8
128.68603426325964	8.0	8	8
128.7861011639309	8.0	8	8
128.8861680646022	8.0	8	8
128.98623496527347	8.0	8	8
129.08630186594473	8.0	8	8
129.18636876661603	8.0	8	8
129.2864356672873	8.0	8	8
129.38650256795856	8.0	8	8
129.48656946862985	8.0	8	8
129.58663636930112	8.0	8	8
129.68670326997238	8.0	8	8
129.78677017064368	8.0	8	8
129.88683707131494	8.0	8	8
129.9869039719862	8.0	8	8
130.0869708726575	8.0	8	8
130.18703777332877	8.0	8	8
130.28710467400003	8.0	8	8
130.38717157467133	8.0	8	8
130.4872384753426	8.0	8	8
130.58730537601386	8.0	8	8
130.68737227668515	8.0	8	8
130.78743917735642	8.0	8	8
130.88750607802768	8.0	8	8
130.98757297869898	8.0	8	8
131.08763987937024	8.0	8	8
131.1877067800415	8.0	8	8
131.2877736807128	8.0	8	8
131.38784058138407	8.0	8	8
131.48790748205533	8.0	8	8
131.58797438272663	8.0	8	8
131.6880412833979	8.0	8	8
131.78810818406916	8.0	8	8
131.88817508474045	8.0	8	8
131.98824198541172	8.0	8	8
132.08830888608298	9.0	9	9
132.18837578675428	9.0	9	9
132.28844268742554	10.0	10	10
132.3885095880968	10.0	10	10
132.4885764887681	10.0	10	10
132.58864338943937	10.0	10	10
132.68871029011063	10.0	10	10
132.78877719078193	10.0	10	10
132.8888440914532	10.0	10	10
132.98891099212446	10.0	10	10
133.08897789279575	11.0	11	11
133.18904479346702	11.0	11	11
133.28911169413828	11.0	11	11
133.38917859480958	11.0	11	11
133.48924549548084	11.0	11	11
133.5893123961521	11.0	11	11
133.6893792968234	11.0	11	11
133.78944619749467	11.0	11	11
133.88951309816593	11.0	11	11
133.98957999883723	11.0	11	11
134.0896468995085	11.0	11	11
134.18971380017976	11.0	11	11
134.28978070085105	11.0	11	11
134.38984760152232	11.0	11	11
134.48991450219359	11.0	11	11
134.58998140286488	11.0	11	11
134.69004830353614	11.0	11	11
134.7901152042074	11.0	11	11
134.8901821048787	11.0	11	11
134.99024900554997	11.0	11	11
135.09031590622124	11.0	11	11
135.19038280689253	11.0	11	11
135.2904497075638	11.0	11	11
135.39051660823506	11.0	11	11
135.49058350890635	11.0	11	11
135.59065040957762	11.0	11	11
135.69071731024889	11.0	11	11
135.79078421092018	11.0	11	11
135.89085111159145	11.0	11	11
135.9909180122627	11.0	11	11
136.090984912934	11.0	11	11
136.19105181360527	11.0	11	11
136.29111871427654	11.0	11	11
136.39118561494783	11.0	11	11
136.4912525156191	11.0	11	11
136.59131941629036	11.0	11	11
136.69138631696165	11.0	11	11
136.79145321763292	11.0	11	11
136.8915201183042	11.0	11	11
136.99158701897548	12.0	12	12
137.09165391964675	12.0	12	12
137.191720820318	12.0	12	12
137.2917877209893	12.0	12	12
137.39185462166057	12.0	12	12
137.49192152233184	12.0	12	12
137.59198842300313	12.0	12	12
137.6920553236744	12.0	12	12
137.79212222434566	12.0	12	12
137.89218912501696	12.0	12	12
137.99225602568822	12.0	12	12
138.0923229263595	12.0	12	12
138.19238982703078	12.0	12	12
138.29245672770205	12.0	12	12
138.3925236283733	12.0	12	12
138.4925905290446	12.0	12	12
138.59265742971587	12.0	12	12
138.69272433038714	12.0	12	12
138.79279123105843	12.0	12	12
138.8928581317297	12.0	12	12
138.99292503240096	12.0	12	12
139.09299193307226	12.0	12	12
139.19305883374352	12.0	12	12
139.2931257344148	13.0	13	13
139.39319263508608	13.0	13	13
139.49325953575735	13.0	13	13
139.5933264364286	13.0	13	13
139.6933933370999	13.0	13	13
139.79346023777117	13.0	13	13
139.89352713844244	13.0	13	13
139.99359403911373	13.0	13	13
140.093660939785	13.0	13	13
140.19372784045626	13.0	13	13
140.29379474112756	13.0	13	13
140.39386164179882	13.0	13	13
140.4939285424701	13.0	13	13
140.59399544314138	13.0	13	13
140.69406234381265	13.0	13	13
140.7941292444839	13.0	13	13
140.8941961451552	13.0	13	13
140.99426304582647	13.0	13	13
141.09432994649774	13.0	13	13
141.194396847169	13.0	13	13
141.2944637478403	13.0	13	13
141.39453064851156	13.0	13	13
141.49459754918283	13.0	13	13
141.59466444985412	13.0	13	13
141.6947313505254	13.0	13	13
141.79479825119665	13.0	13	13
141.89486515186795	13.0	13	13
141.9949320525392	13.0	13	13
142.09499895321048	13.0	13	13
142.19506585388177	12.0	12	12
142.29513275455304	12.0	12	12
142.3951996552243	12.0	12	12
142.4952665558956	12.0	12	12
142.59533345656686	12.0	12	12
142.69540035723813	10.0	10	10
142.79546725790942	10.0	10	10
142.8955341585807	9.0	9	9
142.99560105925195	8.0	8	8
143.09566795992325	8.0	8	8
143.1957348605945	8.0	8	8
143.29580176126578	8.0	8	8
143.39586866193707	8.0	8	8
143.49593556260834	8.0	8	8
143.5960024632796	8.0	8	8
143.6960693639509	8.0	8	8
143.79613626462216	8.0	8	8
143.89620316529343	8.0	8	8
143.99627006596472	8.0	8	8
144.096336966636	8.0	8	8
144.19640386730725	8.0	8	8
144.29647076797855	8.0	8	8
144.3965376686498	8.0	8	8
144.49660456932108	8.0	8	8
144.59667146999237	8.0	8	8
144.69673837066364	8.0	8	8
144.7968052713349	8.0	8	8
144.8968721720062	8.0	8	8
144.99693907267746	8.0	8	8
145.09700597334873	8.0	8	8
145.19707287402002	8.0	8	8
145.2971397746913	8.0	8	8
145.39720667536255	8.0	8	8
145.49727357603385	8.0	8	8
145.5973404767051	8.0	8	8
145.69740737737638	8.0	8	8
145.79747427804767	8.0	8	8
145.89754117871894	8.0	8	8
145.9976080793902	8.0	8	8
146.0976749800615	8.0	8	8
146.19774188073276	8.0	8	8
146.29780878140403	8.0	8	8
146.39787568207532	8.0	8	8
146.4979425827466	8.0	8	8
146.59800948341785	8.0	8	8
146.69807638408915	8.0	8	8
146.7981432847604	8.0	8	8
146.89821018543168	8.0	8	8
146.99827708610297	8.0	8	8
147.09834398677424	8.0	8	8
147.1984108874455	8.0	8	8
147.2984777881168	8.0	8	8
147.39854468878806	8.0	8	8
147.49861158945933	9.0	9	9
147.59867849013062	9.0	9	9
147.6987453908019	9.0	9	9
147.79881229147315	9.0	9	9
147.89887919214445	9.0	9	9
147.99894609281571	9.0	9	9
148.09901299348698	9.0	9	9
148.19907989415827	9.0	9	9
148.29914679482954	9.0	9	9
148.3992136955008	9.0	9	9
148.4992805961721	9.0	9	9
148.59934749684336	9.0	9	9
148.69941439751463	9.0	9	9
148.79948129818592	9.0	9	9
148.8995481988572	9.0	9	9
148.99961509952846	9.0	9	9
149.09968200019975	9.0	9	9
149.19974890087101	9.0	9	9
149.29981580154228	9.0	9	9
149.39988270221357	9.0	9	9
149.49994960288484	9.0	9	9
149.6000165035561	9.0	9	9
149.7000834042274	9.0	9	9
149.80015030489866	9.0	9	9
149.90021720556993	9.0	9	9
150.00028410624122	9.0	9	9
150.1003510069125	9.0	9	9
150.20041790758376	9.0	9	9
150.30048480825505	9.0	9	9
150.40055170892632	9.0	9	9
150.50061860959758	9.0	9	9
150.60068551026887	9.0	9	9
150.70075241094014	9.0	9	9
150.8008193116114	9.0	9	9
150.9008862122827	9.0	9	9
151.00095311295397	9.0	9	9
151.10102001362523	9.0	9	9
151.20108691429652	9.0	9	9
151.3011538149678	9.0	9	9
151.40122071563906	9.0	9	9
151.50128761631035	9.0	9	9
151.60135451698162	9.0	9	9
151.70142141765288	9.0	9	9
151.80148831832417	9.0	9	9
151.90155521899544	9.0	9	9
152.0016221196667	9.0	9	9
152.101689020338	9.0	9	9
152.20175592100927	9.0	9	9
152.30182282168053	9.0	9	9
152.40188972235183	9.0	9	9
152.5019566230231	9.0	9	9
152.60202352369436	10.0	10	10
152.70209042436565	10.0	10	10
152.80215732503692	10.0	10	10
152.90222422570818	10.0	10	10
153.00229112637948	10.0	10	10
153.10235802705074	10.0	10	10
153.202424927722	10.0	10	10
153.3024918283933	9.0	9	9
153.40255872906457	9.0	9	9
153.50262562973583	9.0	9	9
153.60269253040713	9.0	9	9
153.7027594310784	9.0	9	9
153.80282633174966	9.0	9	9
153.90289323242095	9.0	9	9
154.00296013309222	9.0	9	9
154.10302703376348	9.0	9	9
154.20309393443478	9.0	9	9
154.30316083510604	9.0	9	9
154.4032277357773	9.0	9	9
154.5032946364486	9.0	9	9
154.60336153711987	9.0	9	9
154.70342843779113	9.0	9	9
154.80349533846243	9.0	9	9
154.9035622391337	9.0	9	9
155.00362913980496	9.0	9	9
155.10369604047625	9.0	9	9
155.20376294114752	9.0	9	9
155.30382984181878	9.0	9	9
155.40389674249008	9.0	9	9
155.50396364316134	9.0	9	9
155.6040305438326	9.0	9	9
155.7040974445039	9.0	9	9
155.80416434517517	9.0	9	9
155.90423124584643	9.0	9	9
156.00429814651773	9.0	9	9
156.104365047189	9.0	9	9
156.20443194786026	9.0	9	9
156.30449884853155	9.0	9	9
156.40456574920282	9.0	9	9
156.50463264987408	9.0	9	9
156.60469955054538	9.0	9	9
156.70476645121664	9.0	9	9
156.8048333518879	9.0	9	9
156.9049002525592	9.0	9	9
157.00496715323047	9.0	9	9
157.10503405390173	8.0	8	8
157.20510095457303	8.0	8	8
157.3051678552443	8.0	8	8
157.40523475591556	8.0	8	8
157.50530165658685	8.0	8	8
157.60536855725812	8.0	8	8
157.70543545792938	8.0	8	8
157.80550235860068	8.0	8	8
157.90556925927194	8.0	8	8
158.0056361599432	8.0	8	8
158.1057030606145	7.0	7	7
158.20576996128577	7.0	7	7
158.30583686195703	7.0	7	7
158.40590376262833	7.0	7	7
158.5059706632996	7.0	7	7
158.60603756397086	6.0	6	6
158.70610446464215	6.0	6	6
158.80617136531342	6.0	6	6
158.90623826598468	6.0	6	6
159.00630516665598	6.0	6	6
159.10637206732724	6.0	6	6
159.2064389679985	6.0	6	6
159.3065058686698	6.0	6	6
159.40657276934107	6.0	6	6
159.50663967001233	6.0	6	6
159.60670657068363	6.0	6	6
159.7067734713549	6.0	6	6
159.80684037202616	6.0	6	6
159.90690727269745	6.0	6	6
160.00697417336872	6.0	6	6
160.10704107403998	6.0	6	6
160.20710797471128	6.0	6	6
160.30717487538254	6.0	6	6
160.4072417760538	6.0	6	6
160.5073086767251	6.0	6	6
160.60737557739637	6.0	6	6
160.70744247806763	6.0	6	6
160.80750937873893	6.0	6	6
160.9075762794102	6.0	6	6
161.00764318008146	6.0	6	6
161.10771008075275	6.0	6	6
161.20777698142402	6.0	6	6
161.30784388209528	6.0	6	6
161.40791078276658	6.0	6	6
161.50797768343784	6.0	6	6
161.6080445841091	6.0	6	6
161.7081114847804	6.0	6	6
161.80817838545167	6.0	6	6
161.90824528612293	6.0	6	6
162.00831218679423	6.0	6	6
162.1083790874655	6.0	6	6
162.20844598813676	6.0	6	6
162.30851288880805	6.0	6	6
162.40857978947932	6.0	6	6
162.50864669015058	6.0	6	6
162.60871359082188	6.0	6	6
162.70878049149314	6.0	6	6
162.8088473921644	6.0	6	6
162.9089142928357	6.0	6	6
163.00898119350697	6.0	6	6
163.10904809417823	6.0	6	6
163.20911499484953	6.0	6	6
163.3091818955208	5.0	5	5
163.40924879619206	5.0	5	5
163.50931569686335	5.0	5	5
163.60938259753462	5.0	5	5
163.70944949820588	5.0	5	5
163.80951639887718	5.0	5	5
163.90958329954844	5.0	5	5
164.0096502002197	5.0	5	5
164.109717100891	5.0	5	5
164.20978400156227	6.0	6	6
164.30985090223353	6.0	6	6
164.40991780290483	6.0	6	6
164.5099847035761	6.0	6	6
164.61005160424736	6.0	6	6
164.71011850491865	6.0	6	6
164.81018540558992	6.0	6	6
164.91025230626119	6.0	6	6
165.01031920693248	6.0	6	6
165.11038610760374	6.0	6	6
165.210453008275	6.0	6	6
165.3105199089463	6.0	6	6
165.41058680961757	6.0	6	6
165.51065371028884	6.0	6	6
165.61072061096013	6.0	6	6
165.7107875116314	7.0	7	7
165.81085441230266	7.0	7	7
165.91092131297395	7.0	7	7
166.01098821364522	7.0	7	7
166.11105511431649	8.0	8	8
166.21112201498778	8.0	8	8
166.31118891565905	8.0	8	8
166.4112558163303	8.0	8	8
166.51132271700158	8.0	8	8
166.61138961767287	8.0	8	8
166.71145651834414	8.0	8	8
166.8115234190154	8.0	8	8
166.9115903196867	8.0	8	8
167.01165722035796	8.0	8	8
167.11172412102923	8.0	8	8
167.21179102170052	8.0	8	8
167.3118579223718	8.0	8	8
167.41192482304305	8.0	8	8
167.51199172371435	8.0	8	8
167.6120586243856	8.0	8	8
167.71212552505688	8.0	8	8
167.81219242572817	8.0	8	8
167.91225932639944	8.0	8	8
168.0123262270707	8.0	8	8
168.112393127742	8.0	8	8
168.21246002841326	8.0	8	8
168.31252692908453	8.0	8	8
168.41259382975582	8.0	8	8
168.5126607304271	8.0	8	8
168.61272763109835	8.0	8	8
168.71279453176965	8.0	8	8
168.8128614324409	8.0	8	8
168.91292833311218	8.0	8	8
169.01299523378347	8.0	8	8
169.11306213445474	8.0	8	8
169.213129035126	8.0	8	8
169.3131959357973	8.0	8	8
169.41326283646856	8.0	8	8
169.51332973713983	7.0	7	7
169.61339663781112	7.0	7	7
169.7134635384824	7.0	7	7
169.81353043915365	6.0	6	6
169.91359733982495	6.0	6	6
170.0136642404962	6.0	6	6
170.11373114116748	6.0	6	6
170.21379804183877	6.0	6	6
170.31386494251004	6.0	6	6
170.4139318431813	6.0	6	6
170.5139987438526	6.0	6	6
170.61406564452386	5.0	5	5
170.71413254519513	5.0	5	5
170.81419944586642	5.0	5	5
170.9142663465377	5.0	5	5
171.01433324720895	5.0	5	5
171.11440014788025	5.0	5	5
171.2144670485515	5.0	5	5
171.31453394922278	5.0	5	5
171.41460084989407	5.0	5	5
171.51466775056534	5.0	5	5
171.6147346512366	5.0	5	5
171.7148015519079	5.0	5	5
171.81486845257916	5.0	5	5
171.91493535325043	5.0	5	5
172.01500225392172	5.0	5	5
172.115069154593	5.0	5	5
172.21513605526425	5.0	5	5
172.31520295593555	5.0	5	5
172.4152698566068	5.0	5	5
172.51533675727808	5.0	5	5
172.61540365794937	4.0	4	4
172.71547055862064	4.0	4	4
172.8155374592919	4.0	4	4
172.9156043599632	4.0	4	4
173.01567126063446	4.0	4	4
173.11573816130573	4.0	4	4
173.21580506197702	4.0	4	4
173.3158719626483	4.0	4	4
173.41593886331955	4.0	4	4
173.51600576399085	4.0	4	4
173.6160726646621	4.0	4	4
173.71613956533338	4.0	4	4
173.81620646600467	4.0	4	4
173.91627336667594	4.0	4	4
174.0163402673472	4.0	4	4
174.1164071680185	4.0	4	4
174.21647406868976	4.0	4	4
174.31654096936103	4.0	4	4
174.41660787003232	4.0	4	4
174.5166747707036	4.0	4	4
174.61674167137485	4.0	4	4
174.71680857204615	4.0	4	4
174.8168754727174	4.0	4	4
174.91694237338868	4.0	4	4
175.01700927405997	4.0	4	4
175.11707617473124	4.0	4	4
175.2171430754025	4.0	4	4
175.3172099760738	4.0	4	4
175.41727687674506	4.0	4	4
175.51734377741633	4.0	4	4
175.61741067808762	4.0	4	4
175.7174775787589	4.0	4	4
175.81754447943015	4.0	4	4
175.91761138010145	4.0	4	4
176.0176782807727	4.0	4	4
176.11774518144398	4.0	4	4
176.21781208211527	4.0	4	4
176.31787898278654	4.0	4	4
176.4179458834578	4.0	4	4
176.5180127841291	4.0	4	4
176.61807968480036	4.0	4	4
176.71814658547163	4.0	4	4
176.81821348614292	4.0	4	4
176.9182803868142	4.0	4	4
177.01834728748545	4.0	4	4
177.11841418815675	4.0	4	4
177.218481088828	4.0	4	4
177.31854798949928	4.0	4	4
177.41861489017057	4.0	4	4
177.51868179084184	4.0	4	4
177.6187486915131	4.0	4	4
177.7188155921844	4.0	4	4
177.81888249285566	4.0	4	4
177.91894939352693	4.0	4	4
178.01901629419822	4.0	4	4
178.1190831948695	4.0	4	4
178.21915009554075	4.0	4	4
178.31921699621205	4.0	4	4
178.41928389688331	4.0	4	4
178.51935079755458	4.0	4	4
178.61941769822587	4.0	4	4
178.71948459889714	4.0	4	4
178.8195514995684	4.0	4	4
178.9196184002397	4.0	4	4
179.01968530091096	4.0	4	4
179.11975220158223	4.0	4	4
179.21981910225352	4.0	4	4
179.3198860029248	4.0	4	4
179.41995290359606	4.0	4	4
179.52001980426735	4.0	4	4
179.62008670493861	4.0	4	4
179.72015360560988	4.0	4	4
179.82022050628117	4.0	4	4
179.92028740695244	4.0	4	4
180.0203543076237	4.0	4	4
180.120421208295	4.0	4	4
180.22048810896626	4.0	4	4
180.32055500963753	4.0	4	4
180.42062191030882	4.0	4	4
180.5206888109801	4.0	4	4
180.62075571165136	4.0	4	4
180.72082261232265	4.0	4	4
180.82088951299392	4.0	4	4
180.92095641366518	4.0	4	4
181.02102331433647	3.0	3	3
181.12109021500774	3.0	3	3
181.221157115679	3.0	3	3
181.3212240163503	3.0	3	3
181.42129091702157	3.0	3	3
181.52135781769283	3.0	3	3
181.62142471836412	3.0	3	3
181.7214916190354	3.0	3	3
181.82155851970666	3.0	3	3
181.92162542037795	3.0	3	3
182.02169232104922	3.0	3	3
182.12175922172048	3.0	3	3
182.22182612239178	3.0	3	3
182.32189302306304	3.0	3	3
182.4219599237343	3.0	3	3
182.5220268244056	3.0	3	3
182.62209372507687	3.0	3	3
182.72216062574813	3.0	3	3
182.82222752641943	3.0	3	3
182.9222944270907	3.0	3	3
183.02236132776196	3.0	3	3
183.12242822843325	3.0	3	3
183.22249512910452	3.0	3	3
183.32256202977578	3.0	3	3
183.42262893044708	3.0	3	3
183.52269583111834	3.0	3	3
183.6227627317896	3.0	3	3
183.7228296324609	3.0	3	3
183.82289653313217	3.0	3	3
183.92296343380343	3.0	3	3
184.02303033447473	3.0	3	3
184.123097235146	3.0	3	3
184.22316413581726	2.0	2	2
184.32323103648855	2.0	2	2
184.42329793715982	2.0	2	2
184.52336483783108	1.0	1	1
184.62343173850238	1.0	1	1
184.72349863917364	1.0	1	1
184.8235655398449	1.0	1	1
184.9236324405162	1.0	1	1
185.02369934118747	1.0	1	1
185.12376624185873	1.0	1	1
185.22383314253003	1.0	1	1
185.3239000432013	1.0	1	1
185.42396694387256	1.0	1	1
