time	diversity	m_div	M_div
0.0	10.0	10	10
0.10008398662717727	10.0	10	10
0.20016797325435454	10.0	10	10
0.3002519598815318	10.0	10	10
0.4003359465087091	10.0	10	10
0.5004199331358863	10.0	10	10
0.6005039197630636	10.0	10	10
0.7005879063902409	10.0	10	10
0.8006718930174181	10.0	10	10
0.9007558796445954	10.0	10	10
1.0008398662717726	10.0	10	10
1.10092385289895	10.0	10	10
1.2010078395261272	10.0	10	10
1.3010918261533044	10.0	10	10
1.4011758127804819	10.0	10	10
1.501259799407659	10.0	10	10
1.6013437860348363	10.0	10	10
1.7014277726620135	10.0	10	10
1.8015117592891907	10.0	10	10
1.9015957459163682	10.0	10	10
2.001679732543545	10.0	10	10
2.1017637191707226	10.0	10	10
2.2018477057979	10.0	10	10
2.301931692425077	10.0	10	10
2.4020156790522544	10.0	10	10
2.502099665679432	10.0	10	10
2.602183652306609	10.0	10	10
2.7022676389337863	10.0	10	10
2.8023516255609637	10.0	10	10
2.9024356121881407	10.0	10	10
3.002519598815318	10.0	10	10
3.102603585442495	10.0	10	10
3.2026875720696726	10.0	10	10
3.30277155869685	10.0	10	10
3.402855545324027	10.0	10	10
3.5029395319512044	10.0	10	10
3.6030235185783814	10.0	10	10
3.703107505205559	10.0	10	10
3.8031914918327363	10.0	10	10
3.9032754784599133	10.0	10	10
4.00335946508709	10.0	10	10
4.103443451714268	10.0	10	10
4.203527438341445	10.0	10	10
4.303611424968622	10.0	10	10
4.4036954115958	10.0	10	10
4.503779398222977	10.0	10	10
4.603863384850154	10.0	10	10
4.703947371477332	10.0	10	10
4.804031358104509	10.0	10	10
4.904115344731686	10.0	10	10
5.004199331358864	10.0	10	10
5.104283317986041	10.0	10	10
5.204367304613218	10.0	10	10
5.304451291240396	10.0	10	10
5.404535277867573	10.0	10	10
5.50461926449475	10.0	10	10
5.6047032511219275	10.0	10	10
5.7047872377491045	10.0	10	10
5.8048712243762814	10.0	10	10
5.904955211003458	10.0	10	10
6.005039197630636	10.0	10	10
6.105123184257813	10.0	10	10
6.20520717088499	10.0	10	10
6.305291157512168	10.0	10	10
6.405375144139345	10.0	10	10
6.505459130766522	10.0	10	10
6.6055431173937	10.0	10	10
6.705627104020877	10.0	10	10
6.805711090648054	10.0	10	10
6.905795077275232	10.0	10	10
7.005879063902409	10.0	10	10
7.105963050529586	10.0	10	10
7.206047037156763	10.0	10	10
7.306131023783941	10.0	10	10
7.406215010411118	10.0	10	10
7.506298997038295	10.0	10	10
7.606382983665473	10.0	10	10
7.70646697029265	10.0	10	10
7.806550956919827	10.0	10	10
7.9066349435470045	10.0	10	10
8.00671893017418	10.0	10	10
8.106802916801358	10.0	10	10
8.206886903428536	10.0	10	10
8.306970890055712	10.0	10	10
8.40705487668289	10.0	10	10
8.507138863310068	10.0	10	10
8.607222849937244	10.0	10	10
8.707306836564422	10.0	10	10
8.8073908231916	10.0	10	10
8.907474809818776	10.0	10	10
9.007558796445954	10.0	10	10
9.107642783073132	10.0	10	10
9.207726769700308	10.0	10	10
9.307810756327486	10.0	10	10
9.407894742954664	10.0	10	10
9.50797872958184	10.0	10	10
9.608062716209018	10.0	10	10
9.708146702836196	10.0	10	10
9.808230689463372	10.0	10	10
9.90831467609055	10.0	10	10
10.008398662717727	10.0	10	10
10.108482649344904	10.0	10	10
10.208566635972081	10.0	10	10
10.30865062259926	10.0	10	10
10.408734609226435	10.0	10	10
10.508818595853613	10.0	10	10
10.608902582480791	10.0	10	10
10.708986569107967	10.0	10	10
10.809070555735145	10.0	10	10
10.909154542362323	10.0	10	10
11.0092385289895	10.0	10	10
11.109322515616677	10.0	10	10
11.209406502243855	10.0	10	10
11.309490488871031	10.0	10	10
11.409574475498209	10.0	10	10
11.509658462125385	10.0	10	10
11.609742448752563	10.0	10	10
11.70982643537974	10.0	10	10
11.809910422006917	10.0	10	10
11.909994408634095	10.0	10	10
12.010078395261273	10.0	10	10
12.110162381888449	10.0	10	10
12.210246368515627	10.0	10	10
12.310330355142804	10.0	10	10
12.41041434176998	10.0	10	10
12.510498328397158	10.0	10	10
12.610582315024336	10.0	10	10
12.710666301651512	10.0	10	10
12.81075028827869	10.0	10	10
12.910834274905868	10.0	10	10
13.010918261533044	10.0	10	10
13.111002248160222	10.0	10	10
13.2110862347874	10.0	10	10
13.311170221414576	10.0	10	10
13.411254208041754	10.0	10	10
13.511338194668932	10.0	10	10
13.611422181296108	10.0	10	10
13.711506167923286	10.0	10	10
13.811590154550464	10.0	10	10
13.91167414117764	10.0	10	10
14.011758127804818	10.0	10	10
14.111842114431996	10.0	10	10
14.211926101059172	10.0	10	10
14.31201008768635	10.0	10	10
14.412094074313526	10.0	10	10
14.512178060940704	10.0	10	10
14.612262047567881	10.0	10	10
14.712346034195058	10.0	10	10
14.812430020822235	10.0	10	10
14.912514007449413	10.0	10	10
15.01259799407659	10.0	10	10
15.112681980703767	10.0	10	10
15.212765967330945	10.0	10	10
15.312849953958121	10.0	10	10
15.4129339405853	10.0	10	10
15.513017927212477	10.0	10	10
15.613101913839653	10.0	10	10
15.713185900466831	10.0	10	10
15.813269887094009	10.0	10	10
15.913353873721185	10.0	10	10
16.01343786034836	10.0	10	10
16.11352184697554	10.0	10	10
16.213605833602717	10.0	10	10
16.313689820229893	10.0	10	10
16.413773806857073	10.0	10	10
16.51385779348425	10.0	10	10
16.613941780111425	10.0	10	10
16.714025766738605	10.0	10	10
16.81410975336578	10.0	10	10
16.914193739992957	10.0	10	10
17.014277726620136	10.0	10	10
17.114361713247312	10.0	10	10
17.21444569987449	10.0	10	10
17.31452968650167	10.0	10	10
17.414613673128844	10.0	10	10
17.51469765975602	10.0	10	10
17.6147816463832	10.0	10	10
17.714865633010376	10.0	10	10
17.814949619637552	10.0	10	10
17.915033606264732	10.0	10	10
18.015117592891908	10.0	10	10
18.115201579519084	10.0	10	10
18.215285566146264	10.0	10	10
18.31536955277344	10.0	10	10
18.415453539400616	10.0	10	10
18.515537526027796	10.0	10	10
18.615621512654972	10.0	10	10
18.715705499282148	10.0	10	10
18.815789485909328	10.0	10	10
18.915873472536504	10.0	10	10
19.01595745916368	10.0	10	10
19.11604144579086	10.0	10	10
19.216125432418036	10.0	10	10
19.31620941904521	11.0	11	11
19.41629340567239	11.0	11	11
19.516377392299567	11.0	11	11
19.616461378926743	11.0	11	11
19.716545365553923	11.0	11	11
19.8166293521811	11.0	11	11
19.916713338808275	11.0	11	11
20.016797325435455	11.0	11	11
20.11688131206263	11.0	11	11
20.216965298689807	11.0	11	11
20.317049285316987	11.0	11	11
20.417133271944163	11.0	11	11
20.51721725857134	11.0	11	11
20.61730124519852	11.0	11	11
20.717385231825695	11.0	11	11
20.81746921845287	11.0	11	11
20.91755320508005	11.0	11	11
21.017637191707227	11.0	11	11
21.117721178334403	11.0	11	11
21.217805164961582	11.0	11	11
21.31788915158876	11.0	11	11
21.417973138215935	11.0	11	11
21.518057124843114	11.0	11	11
21.61814111147029	11.0	11	11
21.718225098097466	11.0	11	11
21.818309084724646	11.0	11	11
21.918393071351822	11.0	11	11
22.018477057979	11.0	11	11
22.118561044606178	11.0	11	11
22.218645031233354	11.0	11	11
22.31872901786053	11.0	11	11
22.41881300448771	11.0	11	11
22.518896991114886	11.0	11	11
22.618980977742062	11.0	11	11
22.719064964369238	11.0	11	11
22.819148950996418	11.0	11	11
22.919232937623594	11.0	11	11
23.01931692425077	11.0	11	11
23.11940091087795	11.0	11	11
23.219484897505126	11.0	11	11
23.319568884132302	11.0	11	11
23.41965287075948	11.0	11	11
23.519736857386658	11.0	11	11
23.619820844013834	11.0	11	11
23.719904830641013	11.0	11	11
23.81998881726819	11.0	11	11
23.920072803895366	11.0	11	11
24.020156790522545	11.0	11	11
24.12024077714972	11.0	11	11
24.220324763776897	11.0	11	11
24.320408750404077	11.0	11	11
24.420492737031253	11.0	11	11
24.52057672365843	11.0	11	11
24.62066071028561	11.0	11	11
24.720744696912785	11.0	11	11
24.82082868353996	11.0	11	11
24.92091267016714	11.0	11	11
25.020996656794317	11.0	11	11
25.121080643421493	11.0	11	11
25.221164630048673	11.0	11	11
25.32124861667585	11.0	11	11
25.421332603303025	11.0	11	11
25.521416589930205	11.0	11	11
25.62150057655738	11.0	11	11
25.721584563184557	11.0	11	11
25.821668549811736	11.0	11	11
25.921752536438913	11.0	11	11
26.02183652306609	11.0	11	11
26.12192050969327	11.0	11	11
26.222004496320444	11.0	11	11
26.32208848294762	11.0	11	11
26.4221724695748	11.0	11	11
26.522256456201976	11.0	11	11
26.622340442829152	11.0	11	11
26.722424429456332	11.0	11	11
26.822508416083508	11.0	11	11
26.922592402710684	11.0	11	11
27.022676389337864	11.0	11	11
27.12276037596504	11.0	11	11
27.222844362592216	11.0	11	11
27.322928349219396	11.0	11	11
27.423012335846572	11.0	11	11
27.523096322473748	11.0	11	11
27.623180309100928	11.0	11	11
27.723264295728104	11.0	11	11
27.82334828235528	11.0	11	11
27.92343226898246	11.0	11	11
28.023516255609636	11.0	11	11
28.12360024223681	11.0	11	11
28.22368422886399	11.0	11	11
28.323768215491167	11.0	11	11
28.423852202118344	11.0	11	11
28.523936188745523	11.0	11	11
28.6240201753727	11.0	11	11
28.724104161999875	11.0	11	11
28.82418814862705	11.0	11	11
28.92427213525423	11.0	11	11
29.024356121881407	11.0	11	11
29.124440108508583	11.0	11	11
29.224524095135763	11.0	11	11
29.32460808176294	11.0	11	11
29.424692068390115	11.0	11	11
29.524776055017295	11.0	11	11
29.62486004164447	11.0	11	11
29.724944028271647	11.0	11	11
29.825028014898827	11.0	11	11
29.925112001526003	11.0	11	11
30.02519598815318	11.0	11	11
30.12527997478036	11.0	11	11
30.225363961407535	11.0	11	11
30.32544794803471	11.0	11	11
30.42553193466189	11.0	11	11
30.525615921289067	11.0	11	11
30.625699907916243	11.0	11	11
30.725783894543422	11.0	11	11
30.8258678811706	11.0	11	11
30.925951867797774	11.0	11	11
31.026035854424954	11.0	11	11
31.12611984105213	11.0	11	11
31.226203827679306	11.0	11	11
31.326287814306486	11.0	11	11
31.426371800933662	11.0	11	11
31.526455787560838	11.0	11	11
31.626539774188018	12.0	12	12
31.726623760815194	12.0	12	12
31.82670774744237	12.0	12	12
31.92679173406955	12.0	12	12
32.02687572069672	12.0	12	12
32.126959707323905	12.0	12	12
32.22704369395108	12.0	12	12
32.32712768057826	12.0	12	12
32.427211667205434	12.0	12	12
32.52729565383261	12.0	12	12
32.627379640459786	12.0	12	12
32.72746362708697	12.0	12	12
32.827547613714145	12.0	12	12
32.92763160034132	12.0	12	12
33.0277155869685	12.0	12	12
33.127799573595674	12.0	12	12
33.22788356022285	12.0	12	12
33.32796754685003	12.0	12	12
33.42805153347721	12.0	12	12
33.528135520104385	12.0	12	12
33.62821950673156	12.0	12	12
33.72830349335874	12.0	12	12
33.82838747998591	12.0	12	12
33.9284714666131	12.0	12	12
34.02855545324027	12.0	12	12
34.12863943986745	12.0	12	12
34.228723426494625	12.0	12	12
34.3288074131218	12.0	12	12
34.42889139974898	12.0	12	12
34.52897538637616	12.0	12	12
34.62905937300334	12.0	12	12
34.72914335963051	12.0	12	12
34.82922734625769	13.0	13	13
34.929311332884865	13.0	13	13
35.02939531951204	13.0	13	13
35.129479306139224	13.0	13	13
35.2295632927664	13.0	13	13
35.329647279393576	13.0	13	13
35.42973126602075	13.0	13	13
35.52981525264793	13.0	13	13
35.629899239275105	13.0	13	13
35.72998322590229	13.0	13	13
35.830067212529464	13.0	13	13
35.93015119915664	13.0	13	13
36.030235185783816	13.0	13	13
36.13031917241099	13.0	13	13
36.23040315903817	14.0	14	14
36.33048714566535	14.0	14	14
36.43057113229253	14.0	14	14
36.530655118919704	15.0	15	15
36.63073910554688	15.0	15	15
36.730823092174056	15.0	15	15
36.83090707880123	15.0	15	15
36.930991065428415	15.0	15	15
37.03107505205559	15.0	15	15
37.13115903868277	15.0	15	15
37.231243025309944	15.0	15	15
37.33132701193712	15.0	15	15
37.431410998564296	15.0	15	15
37.53149498519148	15.0	15	15
37.631578971818655	15.0	15	15
37.73166295844583	15.0	15	15
37.83174694507301	15.0	15	15
37.93183093170018	16.0	16	16
38.03191491832736	16.0	16	16
38.13199890495454	16.0	16	16
38.23208289158172	16.0	16	16
38.332166878208895	16.0	16	16
38.43225086483607	16.0	16	16
38.53233485146325	16.0	16	16
38.63241883809042	16.0	16	16
38.7325028247176	17.0	17	17
38.83258681134478	18.0	18	18
38.93267079797196	18.0	18	18
39.032754784599135	18.0	18	18
39.13283877122631	18.0	18	18
39.23292275785349	18.0	18	18
39.33300674448066	18.0	18	18
39.433090731107846	18.0	18	18
39.53317471773502	18.0	18	18
39.6332587043622	18.0	18	18
39.733342690989375	18.0	18	18
39.83342667761655	18.0	18	18
39.93351066424373	18.0	18	18
40.03359465087091	18.0	18	18
40.133678637498086	18.0	18	18
40.23376262412526	18.0	18	18
40.33384661075244	18.0	18	18
40.433930597379614	18.0	18	18
40.53401458400679	18.0	18	18
40.634098570633974	18.0	18	18
40.73418255726115	18.0	18	18
40.834266543888326	18.0	18	18
40.9343505305155	18.0	18	18
41.03443451714268	18.0	18	18
41.134518503769854	18.0	18	18
41.23460249039704	18.0	18	18
41.33468647702421	18.0	18	18
41.43477046365139	18.0	18	18
41.534854450278566	18.0	18	18
41.63493843690574	18.0	18	18
41.73502242353292	18.0	18	18
41.8351064101601	18.0	18	18
41.93519039678728	18.0	18	18
42.03527438341445	18.0	18	18
42.13535837004163	18.0	18	18
42.235442356668806	18.0	18	18
42.33552634329598	18.0	18	18
42.435610329923165	18.0	18	18
42.53569431655034	17.0	17	17
42.63577830317752	17.0	17	17
42.73586228980469	17.0	17	17
42.83594627643187	17.0	17	17
42.936030263059045	17.0	17	17
43.03611424968623	17.0	17	17
43.136198236313405	17.0	17	17
43.23628222294058	17.0	17	17
43.33636620956776	17.0	17	17
43.43645019619493	17.0	17	17
43.53653418282211	17.0	17	17
43.63661816944929	17.0	17	17
43.73670215607647	17.0	17	17
43.836786142703644	17.0	17	17
43.93687012933082	17.0	17	17
44.036954115958	17.0	17	17
44.13703810258517	17.0	17	17
44.237122089212356	17.0	17	17
44.33720607583953	17.0	17	17
44.43729006246671	17.0	17	17
44.537374049093884	17.0	17	17
44.63745803572106	17.0	17	17
44.73754202234824	17.0	17	17
44.83762600897542	17.0	17	17
44.937709995602596	17.0	17	17
45.03779398222977	17.0	17	17
45.13787796885695	17.0	17	17
45.237961955484124	17.0	17	17
45.3380459421113	17.0	17	17
45.438129928738476	17.0	17	17
45.53821391536566	17.0	17	17
45.638297901992836	17.0	17	17
45.73838188862001	17.0	17	17
45.83846587524719	17.0	17	17
45.938549861874364	17.0	17	17
46.03863384850154	17.0	17	17
46.13871783512872	17.0	17	17
46.2388018217559	17.0	17	17
46.338885808383075	17.0	17	17
46.43896979501025	17.0	17	17
46.53905378163743	17.0	17	17
46.639137768264604	17.0	17	17
46.73922175489179	17.0	17	17
46.83930574151896	17.0	17	17
46.93938972814614	17.0	17	17
47.039473714773315	17.0	17	17
47.13955770140049	17.0	17	17
47.23964168802767	17.0	17	17
47.33972567465485	17.0	17	17
47.43980966128203	16.0	16	16
47.5398936479092	16.0	16	16
47.63997763453638	16.0	16	16
47.740061621163555	16.0	16	16
47.84014560779073	16.0	16	16
47.940229594417914	16.0	16	16
48.04031358104509	16.0	16	16
48.14039756767227	16.0	16	16
48.24048155429944	16.0	16	16
48.34056554092662	15.0	15	15
48.440649527553795	14.0	14	14
48.54073351418098	14.0	14	14
48.640817500808154	14.0	14	14
48.74090148743533	14.0	14	14
48.84098547406251	14.0	14	14
48.94106946068968	14.0	14	14
49.04115344731686	14.0	14	14
49.14123743394404	14.0	14	14
49.24132142057122	14.0	14	14
49.341405407198394	14.0	14	14
49.44148939382557	14.0	14	14
49.541573380452746	14.0	14	14
49.64165736707992	14.0	14	14
49.741741353707106	14.0	14	14
49.84182534033428	13.0	13	13
49.94190932696146	14.0	14	14
50.041993313588634	14.0	14	14
50.14207730021581	14.0	14	14
50.242161286842986	14.0	14	14
50.34224527347017	14.0	14	14
50.442329260097345	14.0	14	14
50.54241324672452	14.0	14	14
50.6424972333517	14.0	14	14
50.742581219978874	14.0	14	14
50.84266520660605	14.0	14	14
50.94274919323323	14.0	14	14
51.04283317986041	14.0	14	14
51.142917166487585	15.0	15	15
51.24300115311476	15.0	15	15
51.34308513974194	15.0	15	15
51.44316912636911	15.0	15	15
51.54325311299629	15.0	15	15
51.64333709962347	15.0	15	15
51.74342108625065	15.0	15	15
51.843505072877825	15.0	15	15
51.943589059505	15.0	15	15
52.04367304613218	15.0	15	15
52.14375703275935	15.0	15	15
52.24384101938654	15.0	15	15
52.34392500601371	15.0	15	15
52.44400899264089	15.0	15	15
52.544092979268065	16.0	16	16
52.64417696589524	16.0	16	16
52.74426095252242	16.0	16	16
52.8443449391496	16.0	16	16
52.944428925776776	16.0	16	16
53.04451291240395	16.0	16	16
53.14459689903113	16.0	16	16
53.244680885658305	16.0	16	16
53.34476487228548	16.0	16	16
53.444848858912664	16.0	16	16
53.54493284553984	16.0	16	16
53.645016832167016	16.0	16	16
53.74510081879419	16.0	16	16
53.84518480542137	16.0	16	16
53.945268792048545	16.0	16	16
54.04535277867573	16.0	16	16
54.145436765302904	16.0	16	16
54.24552075193008	16.0	16	16
54.345604738557256	16.0	16	16
54.44568872518443	16.0	16	16
54.54577271181161	16.0	16	16
54.64585669843879	16.0	16	16
54.74594068506597	16.0	16	16
54.846024671693144	16.0	16	16
54.94610865832032	16.0	16	16
55.046192644947496	16.0	16	16
55.14627663157467	16.0	16	16
55.246360618201855	16.0	16	16
55.34644460482903	15.0	15	15
55.44652859145621	15.0	15	15
55.54661257808338	15.0	15	15
55.64669656471056	15.0	15	15
55.746780551337736	14.0	14	14
55.84686453796492	14.0	14	14
55.946948524592095	14.0	14	14
56.04703251121927	14.0	14	14
56.14711649784645	14.0	14	14
56.24720048447362	14.0	14	14
56.3472844711008	14.0	14	14
56.44736845772798	14.0	14	14
56.54745244435516	14.0	14	14
56.647536430982335	14.0	14	14
56.74762041760951	14.0	14	14
56.84770440423669	14.0	14	14
56.94778839086386	14.0	14	14
57.047872377491046	14.0	14	14
57.14795636411822	14.0	14	14
57.2480403507454	14.0	14	14
57.348124337372575	14.0	14	14
57.44820832399975	13.0	13	13
57.54829231062693	12.0	12	12
57.6483762972541	12.0	12	12
57.748460283881286	12.0	12	12
57.84854427050846	12.0	12	12
57.94862825713564	12.0	12	12
58.048712243762814	12.0	12	12
58.14879623038999	12.0	12	12
58.24888021701717	12.0	12	12
58.34896420364435	12.0	12	12
58.449048190271526	12.0	12	12
58.5491321768987	12.0	12	12
58.64921616352588	12.0	12	12
58.749300150153054	12.0	12	12
58.84938413678023	12.0	12	12
58.949468123407414	12.0	12	12
59.04955211003459	12.0	12	12
59.149636096661766	12.0	12	12
59.24972008328894	11.0	11	11
59.34980406991612	11.0	11	11
59.449888056543294	11.0	11	11
59.54997204317048	11.0	11	11
59.65005602979765	11.0	11	11
59.75014001642483	11.0	11	11
59.850224003052006	11.0	11	11
59.95030798967918	11.0	11	11
60.05039197630636	10.0	10	10
60.15047596293354	10.0	10	10
60.25055994956072	10.0	10	10
60.35064393618789	10.0	10	10
60.45072792281507	10.0	10	10
60.550811909442245	10.0	10	10
60.65089589606942	11.0	11	11
60.750979882696605	11.0	11	11
60.85106386932378	11.0	11	11
60.95114785595096	10.0	10	10
61.05123184257813	10.0	10	10
61.15131582920531	10.0	10	10
61.251399815832485	10.0	10	10
61.35148380245967	10.0	10	10
61.451567789086845	10.0	10	10
61.55165177571402	10.0	10	10
61.6517357623412	10.0	10	10
61.75181974896837	10.0	10	10
61.85190373559555	10.0	10	10
61.95198772222273	10.0	10	10
62.05207170884991	10.0	10	10
62.152155695477084	10.0	10	10
62.25223968210426	10.0	10	10
62.35232366873144	10.0	10	10
62.45240765535861	10.0	10	10
62.552491641985796	10.0	10	10
62.65257562861297	10.0	10	10
62.75265961524015	10.0	10	10
62.852743601867324	10.0	10	10
62.9528275884945	10.0	10	10
63.052911575121676	10.0	10	10
63.15299556174886	10.0	10	10
63.253079548376036	10.0	10	10
63.35316353500321	10.0	10	10
63.45324752163039	10.0	10	10
63.553331508257564	10.0	10	10
63.65341549488474	10.0	10	10
63.75349948151192	10.0	10	10
63.8535834681391	10.0	10	10
63.953667454766276	10.0	10	10
64.05375144139344	10.0	10	10
64.15383542802063	10.0	10	10
64.25391941464781	10.0	10	10
64.35400340127498	10.0	10	10
64.45408738790216	10.0	10	10
64.55417137452933	10.0	10	10
64.65425536115652	10.0	10	10
64.7543393477837	10.0	10	10
64.85442333441087	10.0	10	10
64.95450732103805	10.0	10	10
65.05459130766522	10.0	10	10
65.1546752942924	10.0	10	10
65.25475928091957	10.0	10	10
65.35484326754676	10.0	10	10
65.45492725417394	10.0	10	10
65.55501124080111	10.0	10	10
65.65509522742829	12.0	12	12
65.75517921405546	13.0	13	13
65.85526320068264	13.0	13	13
65.95534718730983	13.0	13	13
66.055431173937	14.0	14	14
66.15551516056418	15.0	15	15
66.25559914719135	15.0	15	15
66.35568313381853	15.0	15	15
66.4557671204457	15.0	15	15
66.55585110707288	15.0	15	15
66.65593509370007	15.0	15	15
66.75601908032723	15.0	15	15
66.85610306695442	15.0	15	15
66.95618705358159	15.0	15	15
67.05627104020877	14.0	14	14
67.15635502683595	14.0	14	14
67.25643901346312	14.0	14	14
67.3565230000903	14.0	14	14
67.45660698671747	14.0	14	14
67.55669097334466	13.0	13	13
67.65677495997183	13.0	13	13
67.75685894659901	13.0	13	13
67.8569429332262	13.0	13	13
67.95702691985336	13.0	13	13
68.05711090648055	13.0	13	13
68.15719489310771	13.0	13	13
68.2572788797349	13.0	13	13
68.35736286636208	13.0	13	13
68.45744685298925	13.0	13	13
68.55753083961643	13.0	13	13
68.6576148262436	13.0	13	13
68.75769881287079	13.0	13	13
68.85778279949795	12.0	12	12
68.95786678612514	12.0	12	12
69.05795077275232	12.0	12	12
69.15803475937949	12.0	12	12
69.25811874600667	12.0	12	12
69.35820273263384	12.0	12	12
69.45828671926103	12.0	12	12
69.55837070588821	12.0	12	12
69.65845469251538	12.0	12	12
69.75853867914256	11.0	11	11
69.85862266576973	11.0	11	11
69.95870665239691	11.0	11	11
70.05879063902408	11.0	11	11
70.15887462565126	11.0	11	11
70.25895861227845	11.0	11	11
70.35904259890562	11.0	11	11
70.4591265855328	11.0	11	11
70.55921057215997	11.0	11	11
70.65929455878715	11.0	11	11
70.75937854541432	11.0	11	11
70.8594625320415	11.0	11	11
70.95954651866869	11.0	11	11
71.05963050529586	11.0	11	11
71.15971449192304	11.0	11	11
71.25979847855021	11.0	11	11
71.35988246517739	11.0	11	11
71.45996645180458	11.0	11	11
71.56005043843174	11.0	11	11
71.66013442505893	11.0	11	11
71.7602184116861	11.0	11	11
71.86030239831328	11.0	11	11
71.96038638494045	11.0	11	11
72.06047037156763	11.0	11	11
72.16055435819482	11.0	11	11
72.26063834482198	11.0	11	11
72.36072233144917	11.0	11	11
72.46080631807634	11.0	11	11
72.56089030470352	11.0	11	11
72.6609742913307	11.0	11	11
72.76105827795787	11.0	11	11
72.86114226458506	11.0	11	11
72.96122625121222	11.0	11	11
73.06131023783941	11.0	11	11
73.16139422446658	11.0	11	11
73.26147821109376	12.0	12	12
73.36156219772094	12.0	12	12
73.46164618434811	12.0	12	12
73.5617301709753	12.0	12	12
73.66181415760246	12.0	12	12
73.76189814422965	12.0	12	12
73.86198213085683	12.0	12	12
73.962066117484	12.0	12	12
74.06215010411118	12.0	12	12
74.16223409073835	12.0	12	12
74.26231807736553	12.0	12	12
74.3624020639927	12.0	12	12
74.46248605061989	12.0	12	12
74.56257003724707	12.0	12	12
74.66265402387424	12.0	12	12
74.76273801050142	12.0	12	12
74.86282199712859	12.0	12	12
74.96290598375577	12.0	12	12
75.06298997038296	12.0	12	12
75.16307395701013	12.0	12	12
75.26315794363731	12.0	12	12
75.36324193026448	12.0	12	12
75.46332591689166	12.0	12	12
75.56340990351883	12.0	12	12
75.66349389014601	12.0	12	12
75.7635778767732	12.0	12	12
75.86366186340037	12.0	12	12
75.96374585002755	12.0	12	12
76.06382983665472	12.0	12	12
76.1639138232819	12.0	12	12
76.26399780990909	12.0	12	12
76.36408179653625	12.0	12	12
76.46416578316344	12.0	12	12
76.5642497697906	12.0	12	12
76.66433375641779	13.0	13	13
76.76441774304496	13.0	13	13
76.86450172967214	13.0	13	13
76.96458571629933	13.0	13	13
77.0646697029265	13.0	13	13
77.16475368955368	12.0	12	12
77.26483767618085	12.0	12	12
77.36492166280803	12.0	12	12
77.4650056494352	12.0	12	12
77.56508963606238	12.0	12	12
77.66517362268957	11.0	11	11
77.76525760931673	11.0	11	11
77.86534159594392	11.0	11	11
77.96542558257109	11.0	11	11
78.06550956919827	10.0	10	10
78.16559355582545	10.0	10	10
78.26567754245262	10.0	10	10
78.3657615290798	10.0	10	10
78.46584551570697	10.0	10	10
78.56592950233416	10.0	10	10
78.66601348896133	10.0	10	10
78.76609747558851	10.0	10	10
78.86618146221569	10.0	10	10
78.96626544884286	10.0	10	10
79.06634943547004	10.0	10	10
79.16643342209721	10.0	10	10
79.2665174087244	10.0	10	10
79.36660139535158	11.0	11	11
79.46668538197875	11.0	11	11
79.56676936860593	11.0	11	11
79.6668533552331	11.0	11	11
79.76693734186028	11.0	11	11
79.86702132848745	11.0	11	11
79.96710531511464	11.0	11	11
80.06718930174182	11.0	11	11
80.16727328836899	11.0	11	11
80.26735727499617	11.0	11	11
80.36744126162334	11.0	11	11
80.46752524825052	11.0	11	11
80.56760923487771	11.0	11	11
80.66769322150488	11.0	11	11
80.76777720813206	11.0	11	11
80.86786119475923	11.0	11	11
80.96794518138641	11.0	11	11
81.06802916801358	11.0	11	11
81.16811315464076	11.0	11	11
81.26819714126795	11.0	11	11
81.36828112789512	11.0	11	11
81.4683651145223	11.0	11	11
81.56844910114947	11.0	11	11
81.66853308777665	11.0	11	11
81.76861707440383	11.0	11	11
81.868701061031	11.0	11	11
81.96878504765819	11.0	11	11
82.06886903428536	11.0	11	11
82.16895302091254	11.0	11	11
82.26903700753971	11.0	11	11
82.36912099416689	11.0	11	11
82.46920498079407	11.0	11	11
82.56928896742124	11.0	11	11
82.66937295404843	11.0	11	11
82.7694569406756	11.0	11	11
82.86954092730278	11.0	11	11
82.96962491392996	11.0	11	11
83.06970890055713	11.0	11	11
83.16979288718431	11.0	11	11
83.26987687381148	11.0	11	11
83.36996086043867	10.0	10	10
83.47004484706584	11.0	11	11
83.57012883369302	11.0	11	11
83.6702128203202	11.0	11	11
83.77029680694737	11.0	11	11
83.87038079357455	11.0	11	11
83.97046478020172	11.0	11	11
84.0705487668289	11.0	11	11
84.17063275345608	11.0	11	11
84.27071674008326	11.0	11	11
84.37080072671044	11.0	11	11
84.47088471333761	11.0	11	11
84.5709686999648	11.0	11	11
84.67105268659196	11.0	11	11
84.77113667321915	11.0	11	11
84.87122065984633	11.0	11	11
84.9713046464735	11.0	11	11
85.07138863310068	11.0	11	11
85.17147261972785	11.0	11	11
85.27155660635503	11.0	11	11
85.3716405929822	11.0	11	11
85.47172457960939	10.0	10	10
85.57180856623657	10.0	10	10
85.67189255286374	10.0	10	10
85.77197653949092	10.0	10	10
85.87206052611809	10.0	10	10
85.97214451274527	10.0	10	10
86.07222849937246	10.0	10	10
86.17231248599963	10.0	10	10
86.27239647262681	10.0	10	10
86.37248045925398	10.0	10	10
86.47256444588116	10.0	10	10
86.57264843250833	10.0	10	10
86.67273241913551	10.0	10	10
86.7728164057627	10.0	10	10
86.87290039238987	10.0	10	10
86.97298437901705	10.0	10	10
87.07306836564422	10.0	10	10
87.1731523522714	10.0	10	10
87.27323633889858	10.0	10	10
87.37332032552575	10.0	10	10
87.47340431215294	10.0	10	10
87.5734882987801	10.0	10	10
87.67357228540729	10.0	10	10
87.77365627203446	10.0	10	10
87.87374025866164	10.0	10	10
87.97382424528882	10.0	10	10
88.073908231916	10.0	10	10
88.17399221854318	10.0	10	10
88.27407620517035	10.0	10	10
88.37416019179753	10.0	10	10
88.47424417842471	10.0	10	10
88.57432816505188	10.0	10	10
88.67441215167906	10.0	10	10
88.77449613830623	10.0	10	10
88.87458012493342	10.0	10	10
88.97466411156059	10.0	10	10
89.07474809818777	10.0	10	10
89.17483208481495	10.0	10	10
89.27491607144212	10.0	10	10
89.3750000580693	10.0	10	10
89.47508404469647	10.0	10	10
89.57516803132366	10.0	10	10
89.67525201795084	10.0	10	10
89.77533600457801	10.0	10	10
89.87541999120519	10.0	10	10
89.97550397783236	10.0	10	10
90.07558796445954	10.0	10	10
90.17567195108671	10.0	10	10
90.2757559377139	10.0	10	10
90.37583992434108	9.0	9	9
90.47592391096825	9.0	9	9
90.57600789759543	9.0	9	9
90.6760918842226	9.0	9	9
90.77617587084978	9.0	9	9
90.87625985747695	9.0	9	9
90.97634384410414	9.0	9	9
91.07642783073132	9.0	9	9
91.17651181735849	9.0	9	9
91.27659580398567	9.0	9	9
91.37667979061284	9.0	9	9
91.47676377724002	9.0	9	9
91.5768477638672	9.0	9	9
91.67693175049438	9.0	9	9
91.77701573712156	9.0	9	9
91.87709972374873	9.0	9	9
91.97718371037591	9.0	9	9
92.07726769700308	9.0	9	9
92.17735168363026	9.0	9	9
92.27743567025745	9.0	9	9
92.37751965688462	9.0	9	9
92.4776036435118	9.0	9	9
92.57768763013897	9.0	9	9
92.67777161676615	9.0	9	9
92.77785560339333	9.0	9	9
92.8779395900205	9.0	9	9
92.97802357664769	9.0	9	9
93.07810756327486	9.0	9	9
93.17819154990204	9.0	9	9
93.27827553652921	9.0	9	9
93.37835952315639	9.0	9	9
93.47844350978357	9.0	9	9
93.57852749641074	9.0	9	9
93.67861148303793	9.0	9	9
93.7786954696651	9.0	9	9
93.87877945629228	9.0	9	9
93.97886344291946	9.0	9	9
94.07894742954663	9.0	9	9
94.17903141617381	9.0	9	9
94.27911540280098	9.0	9	9
94.37919938942817	10.0	10	10
94.47928337605533	11.0	11	11
94.57936736268252	11.0	11	11
94.6794513493097	11.0	11	11
94.77953533593687	11.0	11	11
94.87961932256405	11.0	11	11
94.97970330919122	11.0	11	11
95.0797872958184	11.0	11	11
95.17987128244559	11.0	11	11
95.27995526907276	11.0	11	11
95.38003925569994	11.0	11	11
95.48012324232711	11.0	11	11
95.5802072289543	11.0	11	11
95.68029121558146	11.0	11	11
95.78037520220865	11.0	11	11
95.88045918883583	11.0	11	11
95.980543175463	11.0	11	11
96.08062716209018	12.0	12	12
96.18071114871735	12.0	12	12
96.28079513534453	12.0	12	12
96.3808791219717	12.0	12	12
96.48096310859889	12.0	12	12
96.58104709522607	12.0	12	12
96.68113108185324	12.0	12	12
96.78121506848042	12.0	12	12
96.88129905510759	12.0	12	12
96.98138304173477	12.0	12	12
97.08146702836196	12.0	12	12
97.18155101498913	12.0	12	12
97.28163500161631	12.0	12	12
97.38171898824348	12.0	12	12
97.48180297487066	12.0	12	12
97.58188696149783	12.0	12	12
97.68197094812501	11.0	11	11
97.7820549347522	11.0	11	11
97.88213892137937	11.0	11	11
97.98222290800655	11.0	11	11
98.08230689463372	11.0	11	11
98.1823908812609	11.0	11	11
98.28247486788808	11.0	11	11
98.38255885451525	11.0	11	11
98.48264284114244	11.0	11	11
98.5827268277696	11.0	11	11
98.68281081439679	11.0	11	11
98.78289480102396	11.0	11	11
98.88297878765114	11.0	11	11
98.98306277427832	11.0	11	11
99.08314676090549	11.0	11	11
99.18323074753268	11.0	11	11
99.28331473415984	11.0	11	11
99.38339872078703	11.0	11	11
99.48348270741421	11.0	11	11
99.58356669404138	11.0	11	11
99.68365068066856	11.0	11	11
99.78373466729573	11.0	11	11
99.88381865392292	11.0	11	11
99.98390264055008	11.0	11	11
100.08398662717727	11.0	11	11
100.18407061380445	11.0	11	11
100.28415460043162	11.0	11	11
100.3842385870588	11.0	11	11
100.48432257368597	11.0	11	11
100.58440656031316	11.0	11	11
100.68449054694034	11.0	11	11
100.78457453356751	11.0	11	11
100.88465852019469	11.0	11	11
100.98474250682186	11.0	11	11
101.08482649344904	11.0	11	11
101.18491048007621	11.0	11	11
101.2849944667034	11.0	11	11
101.38507845333058	11.0	11	11
101.48516243995775	11.0	11	11
101.58524642658493	11.0	11	11
101.6853304132121	11.0	11	11
101.78541439983928	11.0	11	11
101.88549838646647	11.0	11	11
101.98558237309364	11.0	11	11
102.08566635972082	11.0	11	11
102.18575034634799	11.0	11	11
102.28583433297517	11.0	11	11
102.38591831960234	11.0	11	11
102.48600230622952	11.0	11	11
102.5860862928567	11.0	11	11
102.68617027948387	11.0	11	11
102.78625426611106	11.0	11	11
102.88633825273823	11.0	11	11
102.98642223936541	11.0	11	11
103.08650622599258	11.0	11	11
103.18659021261976	11.0	11	11
103.28667419924695	11.0	11	11
103.38675818587411	11.0	11	11
103.4868421725013	11.0	11	11
103.58692615912847	11.0	11	11
103.68701014575565	11.0	11	11
103.78709413238283	11.0	11	11
103.88717811901	11.0	11	11
103.98726210563719	11.0	11	11
104.08734609226435	11.0	11	11
104.18743007889154	11.0	11	11
104.2875140655187	11.0	11	11
104.38759805214589	11.0	11	11
104.48768203877307	11.0	11	11
104.58776602540024	11.0	11	11
104.68785001202743	11.0	11	11
104.7879339986546	11.0	11	11
104.88801798528178	11.0	11	11
104.98810197190896	11.0	11	11
105.08818595853613	11.0	11	11
105.18826994516331	11.0	11	11
105.28835393179048	11.0	11	11
105.38843791841767	11.0	11	11
105.48852190504483	11.0	11	11
105.58860589167202	11.0	11	11
105.6886898782992	11.0	11	11
105.78877386492637	11.0	11	11
105.88885785155355	11.0	11	11
105.98894183818072	11.0	11	11
106.0890258248079	11.0	11	11
106.18910981143509	11.0	11	11
106.28919379806226	11.0	11	11
106.38927778468944	11.0	11	11
106.48936177131661	11.0	11	11
106.58944575794379	11.0	11	11
106.68952974457096	11.0	11	11
106.78961373119814	11.0	11	11
106.88969771782533	11.0	11	11
106.9897817044525	12.0	12	12
107.08986569107968	12.0	12	12
107.18994967770685	12.0	12	12
107.29003366433403	12.0	12	12
107.39011765096122	12.0	12	12
107.49020163758838	12.0	12	12
107.59028562421557	12.0	12	12
107.69036961084274	12.0	12	12
107.79045359746992	12.0	12	12
107.89053758409709	12.0	12	12
107.99062157072427	12.0	12	12
108.09070555735146	12.0	12	12
108.19078954397862	12.0	12	12
108.29087353060581	12.0	12	12
108.39095751723298	12.0	12	12
108.49104150386016	12.0	12	12
108.59112549048734	12.0	12	12
108.69120947711451	12.0	12	12
108.7912934637417	12.0	12	12
108.89137745036886	12.0	12	12
108.99146143699605	12.0	12	12
109.09154542362322	12.0	12	12
109.1916294102504	12.0	12	12
109.29171339687758	11.0	11	11
109.39179738350475	11.0	11	11
109.49188137013194	11.0	11	11
109.5919653567591	12.0	12	12
109.69204934338629	12.0	12	12
109.79213333001346	12.0	12	12
109.89221731664064	12.0	12	12
109.99230130326782	12.0	12	12
110.09238528989499	12.0	12	12
110.19246927652217	12.0	12	12
110.29255326314934	12.0	12	12
110.39263724977653	12.0	12	12
110.49272123640371	12.0	12	12
110.59280522303088	12.0	12	12
110.69288920965806	12.0	12	12
110.79297319628523	11.0	11	11
110.89305718291241	11.0	11	11
110.99314116953958	11.0	11	11
111.09322515616677	11.0	11	11
111.19330914279395	11.0	11	11
111.29339312942112	11.0	11	11
111.3934771160483	11.0	11	11
111.49356110267547	11.0	11	11
111.59364508930265	11.0	11	11
111.69372907592984	11.0	11	11
111.793813062557	11.0	11	11
111.89389704918419	11.0	11	11
111.99398103581136	11.0	11	11
112.09406502243854	11.0	11	11
112.19414900906571	11.0	11	11
112.2942329956929	11.0	11	11
112.39431698232008	11.0	11	11
112.49440096894725	11.0	11	11
112.59448495557443	11.0	11	11
112.6945689422016	11.0	11	11
112.79465292882878	11.0	11	11
112.89473691545597	11.0	11	11
112.99482090208313	11.0	11	11
113.09490488871032	11.0	11	11
113.19498887533749	11.0	11	11
113.29507286196467	11.0	11	11
113.39515684859184	11.0	11	11
113.49524083521902	11.0	11	11
113.5953248218462	11.0	11	11
113.69540880847337	11.0	11	11
113.79549279510056	11.0	11	11
113.89557678172773	11.0	11	11
113.99566076835491	11.0	11	11
114.09574475498209	11.0	11	11
114.19582874160926	11.0	11	11
114.29591272823644	11.0	11	11
114.39599671486361	11.0	11	11
114.4960807014908	11.0	11	11
114.59616468811797	11.0	11	11
114.69624867474515	11.0	11	11
114.79633266137233	11.0	11	11
114.8964166479995	11.0	11	11
114.99650063462668	11.0	11	11
115.09658462125385	11.0	11	11
115.19666860788104	11.0	11	11
115.2967525945082	11.0	11	11
115.39683658113539	11.0	11	11
115.49692056776257	11.0	11	11
115.59700455438974	11.0	11	11
115.69708854101692	11.0	11	11
115.7971725276441	11.0	11	11
115.89725651427128	11.0	11	11
115.99734050089846	11.0	11	11
116.09742448752563	11.0	11	11
116.19750847415281	11.0	11	11
116.29759246077998	11.0	11	11
116.39767644740716	11.0	11	11
116.49776043403433	11.0	11	11
116.59784442066152	11.0	11	11
116.6979284072887	10.0	10	10
116.79801239391587	10.0	10	10
116.89809638054305	10.0	10	10
116.99818036717022	10.0	10	10
117.0982643537974	10.0	10	10
117.19834834042459	10.0	10	10
117.29843232705176	10.0	10	10
117.39851631367894	10.0	10	10
117.49860030030611	10.0	10	10
117.59868428693329	10.0	10	10
117.69876827356046	10.0	10	10
117.79885226018764	10.0	10	10
117.89893624681483	10.0	10	10
117.999020233442	10.0	10	10
118.09910422006918	10.0	10	10
118.19918820669635	10.0	10	10
118.29927219332353	10.0	10	10
118.39935617995071	9.0	9	9
118.49944016657788	9.0	9	9
118.59952415320507	9.0	9	9
118.69960813983224	9.0	9	9
118.79969212645942	9.0	9	9
118.89977611308659	10.0	10	10
118.99986009971377	10.0	10	10
119.09994408634095	10.0	10	10
119.20002807296812	10.0	10	10
119.3001120595953	10.0	10	10
119.40019604622248	10.0	10	10
119.50028003284966	10.0	10	10
119.60036401947684	10.0	10	10
119.70044800610401	10.0	10	10
119.8005319927312	10.0	10	10
119.90061597935836	10.0	10	10
120.00069996598555	10.0	10	10
120.10078395261272	10.0	10	10
120.2008679392399	10.0	10	10
120.30095192586708	10.0	10	10
120.40103591249425	10.0	10	10
120.50111989912143	10.0	10	10
120.6012038857486	10.0	10	10
120.70128787237579	10.0	10	10
120.80137185900297	10.0	10	10
120.90145584563014	10.0	10	10
121.00153983225732	10.0	10	10
121.10162381888449	10.0	10	10
121.20170780551167	10.0	10	10
121.30179179213884	10.0	10	10
121.40187577876603	10.0	10	10
121.50195976539321	10.0	10	10
121.60204375202038	10.0	10	10
121.70212773864756	10.0	10	10
121.80221172527473	10.0	10	10
121.90229571190191	10.0	10	10
122.00237969852908	10.0	10	10
122.10246368515627	10.0	10	10
122.20254767178345	10.0	10	10
122.30263165841062	10.0	10	10
122.4027156450378	10.0	10	10
122.50279963166497	10.0	10	10
122.60288361829215	10.0	10	10
122.70296760491934	10.0	10	10
122.8030515915465	10.0	10	10
122.90313557817369	10.0	10	10
123.00321956480086	10.0	10	10
123.10330355142804	10.0	10	10
123.20338753805521	10.0	10	10
123.3034715246824	10.0	10	10
123.40355551130958	10.0	10	10
123.50363949793675	10.0	10	10
123.60372348456393	10.0	10	10
123.7038074711911	10.0	10	10
123.80389145781828	10.0	10	10
123.90397544444546	10.0	10	10
124.00405943107263	10.0	10	10
124.10414341769982	10.0	10	10
124.20422740432699	10.0	10	10
124.30431139095417	10.0	10	10
124.40439537758134	10.0	10	10
124.50447936420852	10.0	10	10
124.6045633508357	10.0	10	10
124.70464733746287	10.0	10	10
124.80473132409006	10.0	10	10
124.90481531071723	10.0	10	10
125.00489929734441	10.0	10	10
125.10498328397159	10.0	10	10
125.20506727059876	10.0	10	10
125.30515125722594	10.0	10	10
125.40523524385311	10.0	10	10
125.5053192304803	10.0	10	10
125.60540321710747	10.0	10	10
125.70548720373465	10.0	10	10
125.80557119036183	10.0	10	10
125.905655176989	10.0	10	10
126.00573916361618	10.0	10	10
126.10582315024335	10.0	10	10
126.20590713687054	10.0	10	10
126.30599112349772	10.0	10	10
126.40607511012489	10.0	10	10
126.50615909675207	10.0	10	10
126.60624308337924	10.0	10	10
126.70632707000642	10.0	10	10
126.80641105663359	10.0	10	10
126.90649504326078	10.0	10	10
127.00657902988796	10.0	10	10
127.10666301651513	10.0	10	10
127.20674700314231	10.0	10	10
127.30683098976948	10.0	10	10
127.40691497639666	10.0	10	10
127.50699896302385	10.0	10	10
127.60708294965102	10.0	10	10
127.7071669362782	10.0	10	10
127.80725092290537	10.0	10	10
127.90733490953255	10.0	10	10
128.00741889615972	10.0	10	10
128.1075028827869	10.0	10	10
128.2075868694141	10.0	10	10
128.30767085604126	10.0	10	10
128.40775484266842	9.0	9	9
128.50783882929562	9.0	9	9
128.6079228159228	9.0	9	9
128.70800680254996	9.0	9	9
128.80809078917716	9.0	9	9
128.90817477580433	9.0	9	9
129.0082587624315	9.0	9	9
129.10834274905866	9.0	9	9
129.20842673568586	9.0	9	9
129.30851072231303	9.0	9	9
129.4085947089402	9.0	9	9
129.5086786955674	9.0	9	9
129.60876268219457	9.0	9	9
129.70884666882174	9.0	9	9
129.8089306554489	9.0	9	9
129.9090146420761	9.0	9	9
130.00909862870327	9.0	9	9
130.10918261533044	9.0	9	9
130.20926660195764	9.0	9	9
130.3093505885848	9.0	9	9
130.40943457521198	9.0	9	9
130.50951856183914	9.0	9	9
130.60960254846634	9.0	9	9
130.7096865350935	10.0	10	10
130.80977052172068	11.0	11	11
130.90985450834788	11.0	11	11
131.00993849497505	12.0	12	12
131.11002248160221	12.0	12	12
131.2101064682294	12.0	12	12
131.31019045485658	12.0	12	12
131.41027444148375	12.0	12	12
131.51035842811092	12.0	12	12
131.61044241473812	12.0	12	12
131.71052640136529	12.0	12	12
131.81061038799245	12.0	12	12
131.91069437461965	12.0	12	12
132.01077836124682	12.0	12	12
132.110862347874	12.0	12	12
132.21094633450116	12.0	12	12
132.31103032112836	12.0	12	12
132.41111430775553	12.0	12	12
132.5111982943827	12.0	12	12
132.6112822810099	12.0	12	12
132.71136626763706	12.0	12	12
132.81145025426423	11.0	11	11
132.9115342408914	11.0	11	11
133.0116182275186	11.0	11	11
133.11170221414577	11.0	11	11
133.21178620077293	11.0	11	11
133.31187018740013	11.0	11	11
133.4119541740273	11.0	11	11
133.51203816065447	11.0	11	11
133.61212214728167	11.0	11	11
133.71220613390884	11.0	11	11
133.812290120536	11.0	11	11
133.91237410716317	11.0	11	11
134.01245809379037	11.0	11	11
134.11254208041754	11.0	11	11
134.2126260670447	11.0	11	11
134.3127100536719	11.0	11	11
134.41279404029908	11.0	11	11
134.51287802692624	11.0	11	11
134.6129620135534	11.0	11	11
134.7130460001806	11.0	11	11
134.81312998680778	11.0	11	11
134.91321397343495	11.0	11	11
135.01329796006215	11.0	11	11
135.11338194668932	11.0	11	11
135.21346593331648	11.0	11	11
135.31354991994365	11.0	11	11
135.41363390657085	11.0	11	11
135.51371789319802	11.0	11	11
135.6138018798252	11.0	11	11
135.7138858664524	11.0	11	11
135.81396985307956	11.0	11	11
135.91405383970672	11.0	11	11
136.0141378263339	11.0	11	11
136.1142218129611	11.0	11	11
136.21430579958826	11.0	11	11
136.31438978621543	11.0	11	11
136.41447377284263	11.0	11	11
136.5145577594698	11.0	11	11
136.61464174609696	11.0	11	11
136.71472573272416	11.0	11	11
136.81480971935133	11.0	11	11
136.9148937059785	11.0	11	11
137.01497769260567	11.0	11	11
137.11506167923287	11.0	11	11
137.21514566586004	11.0	11	11
137.3152296524872	11.0	11	11
137.4153136391144	11.0	11	11
137.51539762574157	11.0	11	11
137.61548161236874	11.0	11	11
137.7155655989959	11.0	11	11
137.8156495856231	11.0	11	11
137.91573357225028	11.0	11	11
138.01581755887744	11.0	11	11
138.11590154550464	11.0	11	11
138.2159855321318	11.0	11	11
138.31606951875898	12.0	12	12
138.41615350538615	12.0	12	12
138.51623749201335	12.0	12	12
138.61632147864051	12.0	12	12
138.71640546526768	12.0	12	12
138.81648945189488	12.0	12	12
138.91657343852205	12.0	12	12
139.01665742514922	12.0	12	12
139.11674141177642	12.0	12	12
139.21682539840359	12.0	12	12
139.31690938503075	12.0	12	12
139.41699337165792	12.0	12	12
139.51707735828512	13.0	13	13
139.6171613449123	13.0	13	13
139.71724533153946	13.0	13	13
139.81732931816666	13.0	13	13
139.91741330479383	13.0	13	13
140.017497291421	13.0	13	13
140.11758127804816	13.0	13	13
140.21766526467536	13.0	13	13
140.31774925130253	13.0	13	13
140.4178332379297	13.0	13	13
140.5179172245569	13.0	13	13
140.61800121118407	13.0	13	13
140.71808519781123	13.0	13	13
140.8181691844384	13.0	13	13
140.9182531710656	13.0	13	13
141.01833715769277	13.0	13	13
141.11842114431994	13.0	13	13
141.21850513094714	13.0	13	13
141.3185891175743	13.0	13	13
141.41867310420147	13.0	13	13
141.51875709082864	13.0	13	13
141.61884107745584	13.0	13	13
141.718925064083	13.0	13	13
141.81900905071018	13.0	13	13
141.91909303733738	13.0	13	13
142.01917702396455	13.0	13	13
142.1192610105917	13.0	13	13
142.2193449972189	13.0	13	13
142.31942898384608	13.0	13	13
142.41951297047325	12.0	12	12
142.51959695710042	12.0	12	12
142.61968094372762	12.0	12	12
142.71976493035478	11.0	11	11
142.81984891698195	11.0	11	11
142.91993290360915	10.0	10	10
143.02001689023632	10.0	10	10
143.1201008768635	10.0	10	10
143.22018486349066	10.0	10	10
143.32026885011786	10.0	10	10
143.42035283674502	10.0	10	10
143.5204368233722	9.0	9	9
143.6205208099994	9.0	9	9
143.72060479662656	9.0	9	9
143.82068878325373	9.0	9	9
143.9207727698809	9.0	9	9
144.0208567565081	9.0	9	9
144.12094074313526	9.0	9	9
144.22102472976243	9.0	9	9
144.32110871638963	9.0	9	9
144.4211927030168	9.0	9	9
144.52127668964397	9.0	9	9
144.62136067627117	9.0	9	9
144.72144466289834	9.0	9	9
144.8215286495255	9.0	9	9
144.92161263615267	9.0	9	9
145.02169662277987	9.0	9	9
145.12178060940704	10.0	10	10
145.2218645960342	10.0	10	10
145.3219485826614	9.0	9	9
145.42203256928858	9.0	9	9
145.52211655591574	9.0	9	9
145.6222005425429	9.0	9	9
145.7222845291701	9.0	9	9
145.82236851579728	9.0	9	9
145.92245250242445	9.0	9	9
146.02253648905165	9.0	9	9
146.12262047567881	9.0	9	9
146.22270446230598	9.0	9	9
146.32278844893315	9.0	9	9
146.42287243556035	9.0	9	9
146.52295642218752	9.0	9	9
146.6230404088147	9.0	9	9
146.72312439544189	9.0	9	9
146.82320838206905	9.0	9	9
146.92329236869622	9.0	9	9
147.02337635532342	9.0	9	9
147.1234603419506	9.0	9	9
147.22354432857776	9.0	9	9
147.32362831520493	9.0	9	9
147.42371230183213	9.0	9	9
147.5237962884593	9.0	9	9
147.62388027508646	9.0	9	9
147.72396426171366	9.0	9	9
147.82404824834083	9.0	9	9
147.924132234968	9.0	9	9
148.02421622159517	9.0	9	9
148.12430020822237	9.0	9	9
148.22438419484953	9.0	9	9
148.3244681814767	9.0	9	9
148.4245521681039	9.0	9	9
148.52463615473107	9.0	9	9
148.62472014135824	9.0	9	9
148.7248041279854	9.0	9	9
148.8248881146126	9.0	9	9
148.92497210123977	9.0	9	9
149.02505608786694	9.0	9	9
149.12514007449414	9.0	9	9
149.2252240611213	9.0	9	9
149.32530804774848	9.0	9	9
149.42539203437565	9.0	9	9
149.52547602100285	9.0	9	9
149.62556000763	9.0	9	9
149.72564399425718	9.0	9	9
149.82572798088438	9.0	9	9
149.92581196751155	9.0	9	9
150.02589595413872	9.0	9	9
150.12597994076592	9.0	9	9
150.22606392739308	9.0	9	9
150.32614791402025	10.0	10	10
150.42623190064742	10.0	10	10
150.52631588727462	10.0	10	10
150.6263998739018	10.0	10	10
150.72648386052896	10.0	10	10
150.82656784715616	10.0	10	10
150.92665183378332	10.0	10	10
151.0267358204105	10.0	10	10
151.12681980703766	10.0	10	10
151.22690379366486	10.0	10	10
151.32698778029203	10.0	10	10
151.4270717669192	10.0	10	10
151.5271557535464	10.0	10	10
151.62723974017356	10.0	10	10
151.72732372680073	10.0	10	10
151.8274077134279	10.0	10	10
151.9274917000551	10.0	10	10
152.02757568668227	10.0	10	10
152.12765967330944	10.0	10	10
152.22774365993664	9.0	9	9
152.3278276465638	9.0	9	9
152.42791163319097	9.0	9	9
152.52799561981817	9.0	9	9
152.62807960644534	9.0	9	9
152.7281635930725	9.0	9	9
152.82824757969968	9.0	9	9
152.92833156632688	9.0	9	9
153.02841555295404	9.0	9	9
153.1284995395812	9.0	9	9
153.2285835262084	9.0	9	9
153.32866751283558	9.0	9	9
153.42875149946275	9.0	9	9
153.52883548608992	9.0	9	9
153.62891947271712	9.0	9	9
153.72900345934428	9.0	9	9
153.82908744597145	9.0	9	9
153.92917143259865	9.0	9	9
154.02925541922582	9.0	9	9
154.129339405853	9.0	9	9
154.22942339248016	9.0	9	9
154.32950737910735	9.0	9	9
154.42959136573452	9.0	9	9
154.5296753523617	9.0	9	9
154.6297593389889	9.0	9	9
154.72984332561606	9.0	9	9
154.82992731224323	9.0	9	9
154.9300112988704	9.0	9	9
155.0300952854976	9.0	9	9
155.13017927212476	9.0	9	9
155.23026325875193	9.0	9	9
155.33034724537913	9.0	9	9
155.4304312320063	9.0	9	9
155.53051521863347	9.0	9	9
155.63059920526067	9.0	9	9
155.73068319188783	9.0	9	9
155.830767178515	8.0	8	8
155.93085116514217	8.0	8	8
156.03093515176937	8.0	8	8
156.13101913839654	8.0	8	8
156.2311031250237	8.0	8	8
156.3311871116509	8.0	8	8
156.43127109827807	8.0	8	8
156.53135508490524	8.0	8	8
156.6314390715324	8.0	8	8
156.7315230581596	7.0	7	7
156.83160704478678	7.0	7	7
156.93169103141395	7.0	7	7
157.03177501804115	7.0	7	7
157.1318590046683	7.0	7	7
157.23194299129548	7.0	7	7
157.33202697792265	7.0	7	7
157.43211096454985	7.0	7	7
157.53219495117702	7.0	7	7
157.6322789378042	7.0	7	7
157.73236292443138	7.0	7	7
157.83244691105855	7.0	7	7
157.93253089768572	7.0	7	7
158.03261488431292	7.0	7	7
158.1326988709401	7.0	7	7
158.23278285756726	7.0	7	7
158.33286684419443	7.0	7	7
158.43295083082162	7.0	7	7
158.5330348174488	7.0	7	7
158.63311880407596	7.0	7	7
158.73320279070316	7.0	7	7
158.83328677733033	7.0	7	7
158.9333707639575	7.0	7	7
159.03345475058467	6.0	6	6
159.13353873721186	6.0	6	6
159.23362272383903	6.0	6	6
159.3337067104662	6.0	6	6
159.4337906970934	6.0	6	6
159.53387468372057	6.0	6	6
159.63395867034774	6.0	6	6
159.7340426569749	6.0	6	6
159.8341266436021	6.0	6	6
159.93421063022927	6.0	6	6
160.03429461685644	6.0	6	6
160.13437860348364	6.0	6	6
160.2344625901108	6.0	6	6
160.33454657673798	6.0	6	6
160.43463056336515	6.0	6	6
160.53471454999234	6.0	6	6
160.6347985366195	6.0	6	6
160.73488252324668	6.0	6	6
160.83496650987388	6.0	6	6
160.93505049650105	6.0	6	6
161.03513448312822	6.0	6	6
161.13521846975542	6.0	6	6
161.23530245638258	6.0	6	6
161.33538644300975	6.0	6	6
161.43547042963692	6.0	6	6
161.53555441626412	6.0	6	6
161.6356384028913	6.0	6	6
161.73572238951846	6.0	6	6
161.83580637614565	6.0	6	6
161.93589036277282	6.0	6	6
162.0359743494	6.0	6	6
162.13605833602716	5.0	5	5
162.23614232265436	5.0	5	5
162.33622630928153	5.0	5	5
162.4363102959087	5.0	5	5
162.5363942825359	5.0	5	5
162.63647826916306	5.0	5	5
162.73656225579023	5.0	5	5
162.8366462424174	5.0	5	5
162.9367302290446	5.0	5	5
163.03681421567177	5.0	5	5
163.13689820229894	5.0	5	5
163.23698218892613	5.0	5	5
163.3370661755533	5.0	5	5
163.43715016218047	5.0	5	5
163.53723414880767	5.0	5	5
163.63731813543484	5.0	5	5
163.737402122062	5.0	5	5
163.83748610868918	5.0	5	5
163.93757009531637	5.0	5	5
164.03765408194354	5.0	5	5
164.1377380685707	6.0	6	6
164.2378220551979	6.0	6	6
164.33790604182508	6.0	6	6
164.43799002845225	6.0	6	6
164.53807401507942	6.0	6	6
164.6381580017066	6.0	6	6
164.73824198833378	6.0	6	6
164.83832597496095	6.0	6	6
164.93840996158815	6.0	6	6
165.03849394821532	6.0	6	6
165.1385779348425	6.0	6	6
165.23866192146966	7.0	7	7
165.33874590809685	7.0	7	7
165.43882989472402	7.0	7	7
165.5389138813512	7.0	7	7
165.6389978679784	7.0	7	7
165.73908185460556	7.0	7	7
165.83916584123273	7.0	7	7
165.93924982785992	7.0	7	7
166.0393338144871	7.0	7	7
166.13941780111426	7.0	7	7
166.23950178774143	7.0	7	7
166.33958577436863	7.0	7	7
166.4396697609958	7.0	7	7
166.53975374762297	7.0	7	7
166.63983773425016	7.0	7	7
166.73992172087733	7.0	7	7
166.8400057075045	7.0	7	7
166.94008969413167	7.0	7	7
167.04017368075887	7.0	7	7
167.14025766738604	7.0	7	7
167.2403416540132	7.0	7	7
167.3404256406404	7.0	7	7
167.44050962726757	7.0	7	7
167.54059361389474	7.0	7	7
167.6406776005219	7.0	7	7
167.7407615871491	7.0	7	7
167.84084557377628	7.0	7	7
167.94092956040345	7.0	7	7
168.04101354703064	7.0	7	7
168.1410975336578	6.0	6	6
168.24118152028498	6.0	6	6
168.34126550691215	6.0	6	6
168.44134949353935	6.0	6	6
168.54143348016652	6.0	6	6
168.6415174667937	6.0	6	6
168.74160145342088	6.0	6	6
168.84168544004805	6.0	6	6
168.94176942667522	6.0	6	6
169.04185341330242	6.0	6	6
169.1419373999296	6.0	6	6
169.24202138655676	6.0	6	6
169.34210537318393	5.0	5	5
169.44218935981112	5.0	5	5
169.5422733464383	5.0	5	5
169.64235733306546	6.0	6	6
169.74244131969266	6.0	6	6
169.84252530631983	6.0	6	6
169.942609292947	6.0	6	6
170.04269327957417	6.0	6	6
170.14277726620136	6.0	6	6
170.24286125282853	5.0	5	5
170.3429452394557	5.0	5	5
170.4430292260829	5.0	5	5
170.54311321271007	5.0	5	5
170.64319719933724	5.0	5	5
170.7432811859644	5.0	5	5
170.8433651725916	5.0	5	5
170.94344915921877	5.0	5	5
171.04353314584594	5.0	5	5
171.14361713247314	5.0	5	5
171.2437011191003	5.0	5	5
171.34378510572748	5.0	5	5
171.44386909235467	5.0	5	5
171.54395307898184	5.0	5	5
171.644037065609	5.0	5	5
171.74412105223618	5.0	5	5
171.84420503886338	5.0	5	5
171.94428902549055	5.0	5	5
172.04437301211772	5.0	5	5
172.14445699874491	5.0	5	5
172.24454098537208	4.0	4	4
172.34462497199925	4.0	4	4
172.44470895862642	4.0	4	4
172.54479294525362	4.0	4	4
172.6448769318808	4.0	4	4
172.74496091850796	4.0	4	4
172.84504490513515	4.0	4	4
172.94512889176232	4.0	4	4
173.0452128783895	4.0	4	4
173.14529686501666	4.0	4	4
173.24538085164386	4.0	4	4
173.34546483827103	4.0	4	4
173.4455488248982	4.0	4	4
173.5456328115254	4.0	4	4
173.64571679815256	4.0	4	4
173.74580078477973	4.0	4	4
173.8458847714069	4.0	4	4
173.9459687580341	4.0	4	4
174.04605274466127	4.0	4	4
174.14613673128844	4.0	4	4
174.24622071791563	4.0	4	4
174.3463047045428	4.0	4	4
174.44638869116997	4.0	4	4
174.54647267779717	4.0	4	4
174.64655666442434	4.0	4	4
174.7466406510515	4.0	4	4
174.84672463767868	4.0	4	4
174.94680862430587	4.0	4	4
175.04689261093304	4.0	4	4
175.1469765975602	4.0	4	4
175.2470605841874	4.0	4	4
175.34714457081458	4.0	4	4
175.44722855744175	4.0	4	4
175.54731254406892	4.0	4	4
175.6473965306961	4.0	4	4
175.74748051732328	4.0	4	4
175.84756450395045	4.0	4	4
175.94764849057765	4.0	4	4
176.04773247720482	4.0	4	4
176.147816463832	4.0	4	4
176.24790045045916	4.0	4	4
176.34798443708635	4.0	4	4
176.44806842371352	4.0	4	4
176.5481524103407	4.0	4	4
176.6482363969679	4.0	4	4
176.74832038359506	4.0	4	4
176.84840437022223	4.0	4	4
176.94848835684942	4.0	4	4
177.0485723434766	4.0	4	4
177.14865633010376	4.0	4	4
177.24874031673093	4.0	4	4
177.34882430335813	4.0	4	4
177.4489082899853	4.0	4	4
177.54899227661247	4.0	4	4
177.64907626323966	4.0	4	4
177.74916024986683	4.0	4	4
177.849244236494	4.0	4	4
177.94932822312117	4.0	4	4
178.04941220974837	4.0	4	4
178.14949619637554	4.0	4	4
178.2495801830027	4.0	4	4
178.3496641696299	4.0	4	4
178.44974815625707	4.0	4	4
178.54983214288424	4.0	4	4
178.6499161295114	4.0	4	4
178.7500001161386	4.0	4	4
178.85008410276578	4.0	4	4
178.95016808939295	4.0	4	4
179.05025207602014	4.0	4	4
179.1503360626473	4.0	4	4
179.25042004927448	4.0	4	4
179.35050403590168	4.0	4	4
179.45058802252885	4.0	4	4
179.55067200915602	4.0	4	4
179.6507559957832	4.0	4	4
179.75083998241038	4.0	4	4
179.85092396903755	4.0	4	4
179.95100795566472	4.0	4	4
180.05109194229192	4.0	4	4
180.1511759289191	4.0	4	4
180.25125991554626	4.0	4	4
180.35134390217343	4.0	4	4
180.45142788880062	4.0	4	4
180.5515118754278	4.0	4	4
180.65159586205496	4.0	4	4
180.75167984868216	4.0	4	4
180.85176383530933	4.0	4	4
180.9518478219365	4.0	4	4
181.05193180856367	4.0	4	4
181.15201579519086	4.0	4	4
181.25209978181803	4.0	4	4
181.3521837684452	4.0	4	4
181.4522677550724	3.0	3	3
181.55235174169957	3.0	3	3
181.65243572832674	3.0	3	3
181.7525197149539	3.0	3	3
181.8526037015811	3.0	3	3
181.95268768820827	3.0	3	3
182.05277167483544	3.0	3	3
182.15285566146264	3.0	3	3
182.2529396480898	3.0	3	3
182.35302363471698	3.0	3	3
182.45310762134417	3.0	3	3
182.55319160797134	3.0	3	3
182.6532755945985	3.0	3	3
182.75335958122568	3.0	3	3
182.85344356785288	3.0	3	3
182.95352755448005	3.0	3	3
183.05361154110722	3.0	3	3
183.1536955277344	3.0	3	3
183.25377951436158	3.0	3	3
183.35386350098875	3.0	3	3
183.45394748761592	3.0	3	3
183.55403147424312	3.0	3	3
183.6541154608703	3.0	3	3
183.75419944749746	3.0	3	3
183.85428343412465	3.0	3	3
183.95436742075182	3.0	3	3
184.054451407379	3.0	3	3
184.15453539400616	3.0	3	3
184.25461938063336	3.0	3	3
184.35470336726053	3.0	3	3
184.4547873538877	3.0	3	3
184.5548713405149	3.0	3	3
184.65495532714206	3.0	3	3
184.75503931376923	3.0	3	3
184.85512330039643	3.0	3	3
184.9552072870236	2.0	2	2
185.05529127365077	1.0	1	1
185.15537526027794	1.0	1	1
185.25545924690513	1.0	1	1
185.3555432335323	1.0	1	1
185.45562722015947	1.0	1	1
185.55571120678667	1.0	1	1
185.65579519341384	1.0	1	1
