time	diversity	m_div	M_div
0.0	10.0	10	10
0.1000541882621647	10.0	10	10
0.2001083765243294	10.0	10	10
0.30016256478649406	10.0	10	10
0.4002167530486588	10.0	10	10
0.5002709413108235	10.0	10	10
0.6003251295729881	10.0	10	10
0.7003793178351528	10.0	10	10
0.8004335060973176	10.0	10	10
0.9004876943594823	10.0	10	10
1.000541882621647	10.0	10	10
1.1005960708838116	10.0	10	10
1.2006502591459762	10.0	10	10
1.300704447408141	10.0	10	10
1.4007586356703057	10.0	10	10
1.5008128239324705	10.0	10	10
1.6008670121946351	10.0	10	10
1.7009212004567997	10.0	10	10
1.8009753887189646	10.0	10	10
1.9010295769811292	10.0	10	10
2.001083765243294	10.0	10	10
2.1011379535054586	10.0	10	10
2.2011921417676232	10.0	10	10
2.301246330029788	10.0	10	10
2.4013005182919525	10.0	10	10
2.5013547065541175	10.0	10	10
2.601408894816282	10.0	10	10
2.7014630830784467	10.0	10	10
2.8015172713406113	10.0	10	10
2.901571459602776	10.0	10	10
3.001625647864941	10.0	10	10
3.1016798361271056	10.0	10	10
3.2017340243892702	10.0	10	10
3.301788212651435	10.0	10	10
3.4018424009135995	10.0	10	10
3.5018965891757645	10.0	10	10
3.601950777437929	10.0	10	10
3.7020049657000937	10.0	10	10
3.8020591539622584	10.0	10	10
3.902113342224423	10.0	10	10
4.002167530486588	10.0	10	10
4.102221718748752	10.0	10	10
4.202275907010917	10.0	10	10
4.302330095273082	10.0	10	10
4.4023842835352465	10.0	10	10
4.5024384717974115	10.0	10	10
4.602492660059576	10.0	10	10
4.702546848321741	10.0	10	10
4.802601036583905	10.0	10	10
4.90265522484607	10.0	10	10
5.002709413108235	10.0	10	10
5.102763601370399	10.0	10	10
5.202817789632564	10.0	10	10
5.302871977894728	10.0	10	10
5.4029261661568935	10.0	10	10
5.5029803544190585	10.0	10	10
5.603034542681223	10.0	10	10
5.703088730943388	10.0	10	10
5.803142919205552	10.0	10	10
5.903197107467717	10.0	10	10
6.003251295729882	10.0	10	10
6.103305483992046	10.0	10	10
6.203359672254211	10.0	10	10
6.303413860516375	10.0	10	10
6.4034680487785405	10.0	10	10
6.5035222370407055	10.0	10	10
6.60357642530287	10.0	10	10
6.703630613565035	10.0	10	10
6.803684801827199	10.0	10	10
6.903738990089364	10.0	10	10
7.003793178351529	10.0	10	10
7.103847366613693	10.0	10	10
7.203901554875858	10.0	10	10
7.303955743138022	10.0	10	10
7.4040099314001875	10.0	10	10
7.5040641196623525	10.0	10	10
7.604118307924517	10.0	10	10
7.704172496186682	10.0	10	10
7.804226684448846	10.0	10	10
7.904280872711011	10.0	10	10
8.004335060973176	10.0	10	10
8.104389249235341	10.0	10	10
8.204443437497504	10.0	10	10
8.30449762575967	10.0	10	10
8.404551814021834	10.0	10	10
8.504606002284	10.0	10	10
8.604660190546165	10.0	10	10
8.704714378808328	10.0	10	10
8.804768567070493	10.0	10	10
8.904822755332658	10.0	10	10
9.004876943594823	10.0	10	10
9.104931131856988	10.0	10	10
9.204985320119151	10.0	10	10
9.305039508381316	10.0	10	10
9.405093696643481	10.0	10	10
9.505147884905647	10.0	10	10
9.60520207316781	10.0	10	10
9.705256261429975	10.0	10	10
9.80531044969214	10.0	10	10
9.905364637954305	10.0	10	10
10.00541882621647	10.0	10	10
10.105473014478633	10.0	10	10
10.205527202740798	10.0	10	10
10.305581391002963	10.0	10	10
10.405635579265128	10.0	10	10
10.505689767527294	10.0	10	10
10.605743955789457	10.0	10	10
10.705798144051622	10.0	10	10
10.805852332313787	10.0	10	10
10.905906520575952	10.0	10	10
11.005960708838117	10.0	10	10
11.10601489710028	10.0	10	10
11.206069085362445	10.0	10	10
11.30612327362461	10.0	10	10
11.406177461886776	10.0	10	10
11.50623165014894	10.0	10	10
11.606285838411104	10.0	10	10
11.706340026673269	10.0	10	10
11.806394214935434	10.0	10	10
11.906448403197599	10.0	10	10
12.006502591459764	10.0	10	10
12.106556779721927	10.0	10	10
12.206610967984092	10.0	10	10
12.306665156246257	10.0	10	10
12.406719344508423	10.0	10	10
12.506773532770588	10.0	10	10
12.60682772103275	10.0	10	10
12.706881909294916	10.0	10	10
12.806936097557081	10.0	10	10
12.906990285819246	10.0	10	10
13.007044474081411	10.0	10	10
13.107098662343574	10.0	10	10
13.20715285060574	10.0	10	10
13.307207038867904	10.0	10	10
13.40726122713007	10.0	10	10
13.507315415392235	10.0	10	10
13.607369603654398	10.0	10	10
13.707423791916563	10.0	10	10
13.807477980178728	10.0	10	10
13.907532168440893	10.0	10	10
14.007586356703058	10.0	10	10
14.107640544965221	10.0	10	10
14.207694733227386	10.0	10	10
14.307748921489551	10.0	10	10
14.407803109751717	10.0	10	10
14.507857298013882	10.0	10	10
14.607911486276045	10.0	10	10
14.70796567453821	10.0	10	10
14.808019862800375	10.0	10	10
14.90807405106254	10.0	10	10
15.008128239324705	10.0	10	10
15.108182427586868	10.0	10	10
15.208236615849033	10.0	10	10
15.308290804111198	10.0	10	10
15.408344992373364	10.0	10	10
15.508399180635529	10.0	10	10
15.608453368897692	10.0	10	10
15.708507557159857	10.0	10	10
15.808561745422022	10.0	10	10
15.908615933684187	10.0	10	10
16.008670121946352	10.0	10	10
16.108724310208515	10.0	10	10
16.208778498470682	10.0	10	10
16.308832686732845	10.0	10	10
16.40888687499501	10.0	10	10
16.508941063257176	10.0	10	10
16.60899525151934	10.0	10	10
16.709049439781506	10.0	10	10
16.80910362804367	10.0	10	10
16.909157816305832	10.0	10	10
17.009212004568	10.0	10	10
17.109266192830162	10.0	10	10
17.20932038109233	10.0	10	10
17.309374569354492	10.0	10	10
17.409428757616656	10.0	10	10
17.509482945878823	11.0	11	11
17.609537134140986	11.0	11	11
17.709591322403153	11.0	11	11
17.809645510665316	11.0	11	11
17.90969969892748	11.0	11	11
18.009753887189646	11.0	11	11
18.10980807545181	11.0	11	11
18.209862263713976	11.0	11	11
18.30991645197614	11.0	11	11
18.409970640238303	11.0	11	11
18.51002482850047	11.0	11	11
18.610079016762633	11.0	11	11
18.7101332050248	11.0	11	11
18.810187393286963	11.0	11	11
18.910241581549126	11.0	11	11
19.010295769811293	11.0	11	11
19.110349958073456	11.0	11	11
19.21040414633562	11.0	11	11
19.310458334597786	11.0	11	11
19.41051252285995	11.0	11	11
19.510566711122117	11.0	11	11
19.61062089938428	11.0	11	11
19.710675087646443	11.0	11	11
19.81072927590861	11.0	11	11
19.910783464170773	11.0	11	11
20.01083765243294	11.0	11	11
20.110891840695103	11.0	11	11
20.210946028957267	11.0	11	11
20.311000217219433	11.0	11	11
20.411054405481597	11.0	11	11
20.511108593743764	11.0	11	11
20.611162782005927	11.0	11	11
20.71121697026809	11.0	11	11
20.811271158530257	11.0	11	11
20.91132534679242	11.0	11	11
21.011379535054587	11.0	11	11
21.11143372331675	11.0	11	11
21.211487911578914	11.0	11	11
21.31154209984108	11.0	11	11
21.411596288103244	11.0	11	11
21.51165047636541	11.0	11	11
21.611704664627574	11.0	11	11
21.711758852889737	11.0	11	11
21.811813041151904	11.0	11	11
21.911867229414067	11.0	11	11
22.011921417676234	11.0	11	11
22.111975605938397	11.0	11	11
22.21202979420056	11.0	11	11
22.312083982462728	11.0	11	11
22.41213817072489	11.0	11	11
22.512192358987058	11.0	11	11
22.61224654724922	11.0	11	11
22.712300735511384	11.0	11	11
22.81235492377355	11.0	11	11
22.912409112035714	11.0	11	11
23.01246330029788	11.0	11	11
23.112517488560044	11.0	11	11
23.212571676822208	11.0	11	11
23.312625865084375	11.0	11	11
23.412680053346538	11.0	11	11
23.512734241608705	11.0	11	11
23.612788429870868	11.0	11	11
23.71284261813303	11.0	11	11
23.812896806395198	11.0	11	11
23.91295099465736	11.0	11	11
24.013005182919528	11.0	11	11
24.11305937118169	11.0	11	11
24.213113559443855	11.0	11	11
24.31316774770602	11.0	11	11
24.413221935968185	11.0	11	11
24.51327612423035	11.0	11	11
24.613330312492515	11.0	11	11
24.713384500754678	11.0	11	11
24.813438689016845	11.0	11	11
24.91349287727901	11.0	11	11
25.013547065541175	11.0	11	11
25.11360125380334	11.0	11	11
25.2136554420655	11.0	11	11
25.31370963032767	11.0	11	11
25.413763818589832	11.0	11	11
25.513818006852	11.0	11	11
25.613872195114162	11.0	11	11
25.713926383376325	11.0	11	11
25.813980571638492	11.0	11	11
25.914034759900655	11.0	11	11
26.014088948162822	11.0	11	11
26.114143136424985	11.0	11	11
26.21419732468715	11.0	11	11
26.314251512949316	11.0	11	11
26.41430570121148	11.0	11	11
26.514359889473646	11.0	11	11
26.61441407773581	11.0	11	11
26.714468265997972	11.0	11	11
26.81452245426014	11.0	11	11
26.914576642522302	11.0	11	11
27.01463083078447	11.0	11	11
27.114685019046632	11.0	11	11
27.214739207308796	11.0	11	11
27.314793395570963	11.0	11	11
27.414847583833126	11.0	11	11
27.514901772095293	11.0	11	11
27.614955960357456	11.0	11	11
27.71501014861962	11.0	11	11
27.815064336881786	11.0	11	11
27.91511852514395	11.0	11	11
28.015172713406116	11.0	11	11
28.11522690166828	11.0	11	11
28.215281089930443	12.0	12	12
28.31533527819261	12.0	12	12
28.415389466454773	12.0	12	12
28.51544365471694	12.0	12	12
28.615497842979103	12.0	12	12
28.715552031241266	12.0	12	12
28.815606219503433	12.0	12	12
28.915660407765596	12.0	12	12
29.015714596027763	12.0	12	12
29.115768784289926	12.0	12	12
29.21582297255209	12.0	12	12
29.315877160814257	12.0	12	12
29.41593134907642	12.0	12	12
29.515985537338587	12.0	12	12
29.61603972560075	12.0	12	12
29.716093913862913	12.0	12	12
29.81614810212508	12.0	12	12
29.916202290387243	12.0	12	12
30.01625647864941	12.0	12	12
30.116310666911573	12.0	12	12
30.216364855173737	12.0	12	12
30.316419043435904	12.0	12	12
30.416473231698067	12.0	12	12
30.516527419960234	12.0	12	12
30.616581608222397	12.0	12	12
30.71663579648456	12.0	12	12
30.816689984746727	12.0	12	12
30.91674417300889	12.0	12	12
31.016798361271057	12.0	12	12
31.11685254953322	12.0	12	12
31.216906737795384	12.0	12	12
31.31696092605755	12.0	12	12
31.417015114319714	12.0	12	12
31.51706930258188	12.0	12	12
31.617123490844044	12.0	12	12
31.717177679106207	12.0	12	12
31.817231867368374	12.0	12	12
31.917286055630537	12.0	12	12
32.017340243892704	12.0	12	12
32.11739443215487	12.0	12	12
32.21744862041703	12.0	12	12
32.317502808679194	13.0	13	13
32.417556996941364	13.0	13	13
32.51761118520353	13.0	13	13
32.61766537346569	13.0	13	13
32.717719561727854	13.0	13	13
32.81777374999002	13.0	13	13
32.91782793825219	13.0	13	13
33.01788212651435	13.0	13	13
33.117936314776514	13.0	13	13
33.21799050303868	13.0	13	13
33.31804469130084	13.0	13	13
33.41809887956301	13.0	13	13
33.518153067825175	13.0	13	13
33.61820725608734	13.0	13	13
33.7182614443495	13.0	13	13
33.818315632611665	13.0	13	13
33.918369820873835	13.0	13	13
34.018424009136	13.0	13	13
34.11847819739816	13.0	13	13
34.218532385660325	13.0	13	13
34.31858657392249	13.0	13	13
34.41864076218466	13.0	13	13
34.51869495044682	13.0	13	13
34.618749138708985	13.0	13	13
34.71880332697115	13.0	13	13
34.81885751523331	13.0	13	13
34.91891170349548	13.0	13	13
35.018965891757645	13.0	13	13
35.11902008001981	13.0	13	13
35.21907426828197	13.0	13	13
35.319128456544135	13.0	13	13
35.419182644806305	13.0	13	13
35.51923683306847	13.0	13	13
35.61929102133063	13.0	13	13
35.719345209592795	13.0	13	13
35.81939939785496	13.0	13	13
35.91945358611713	13.0	13	13
36.01950777437929	14.0	14	14
36.119561962641455	14.0	14	14
36.21961615090362	15.0	15	15
36.31967033916578	15.0	15	15
36.41972452742795	15.0	15	15
36.519778715690116	15.0	15	15
36.61983290395228	15.0	15	15
36.71988709221444	15.0	15	15
36.819941280476606	15.0	15	15
36.919995468738776	15.0	15	15
37.02004965700094	15.0	15	15
37.1201038452631	14.0	14	14
37.220158033525266	14.0	14	14
37.32021222178743	14.0	14	14
37.4202664100496	14.0	14	14
37.52032059831176	15.0	15	15
37.620374786573926	15.0	15	15
37.72042897483609	15.0	15	15
37.82048316309825	15.0	15	15
37.92053735136042	15.0	15	15
38.020591539622586	15.0	15	15
38.12064572788475	15.0	15	15
38.22069991614691	15.0	15	15
38.320754104409076	16.0	16	16
38.42080829267124	16.0	16	16
38.52086248093341	16.0	16	16
38.62091666919557	16.0	16	16
38.720970857457736	16.0	16	16
38.8210250457199	16.0	16	16
38.92107923398206	17.0	17	17
39.02113342224423	17.0	17	17
39.1211876105064	17.0	17	17
39.22124179876856	17.0	17	17
39.32129598703072	17.0	17	17
39.421350175292886	17.0	17	17
39.52140436355506	17.0	17	17
39.62145855181722	17.0	17	17
39.72151274007938	17.0	17	17
39.82156692834155	17.0	17	17
39.92162111660371	17.0	17	17
40.02167530486588	17.0	17	17
40.12172949312804	17.0	17	17
40.22178368139021	17.0	17	17
40.32183786965237	17.0	17	17
40.42189205791453	17.0	17	17
40.521946246176704	17.0	17	17
40.62200043443887	17.0	17	17
40.72205462270103	17.0	17	17
40.82210881096319	17.0	17	17
40.92216299922536	17.0	17	17
41.02221718748753	17.0	17	17
41.12227137574969	17.0	17	17
41.222325564011854	17.0	17	17
41.32237975227402	17.0	17	17
41.42243394053618	17.0	17	17
41.52248812879835	17.0	17	17
41.622542317060514	17.0	17	17
41.72259650532268	17.0	17	17
41.82265069358484	17.0	17	17
41.922704881847004	17.0	17	17
42.022759070109174	17.0	17	17
42.12281325837134	17.0	17	17
42.2228674466335	17.0	17	17
42.322921634895664	17.0	17	17
42.42297582315783	17.0	17	17
42.52303001142	17.0	17	17
42.62308419968216	17.0	17	17
42.723138387944324	17.0	17	17
42.82319257620649	17.0	17	17
42.92324676446865	17.0	17	17
43.02330095273082	17.0	17	17
43.123355140992985	17.0	17	17
43.22340932925515	17.0	17	17
43.32346351751731	17.0	17	17
43.423517705779474	17.0	17	17
43.523571894041645	17.0	17	17
43.62362608230381	17.0	17	17
43.72368027056597	17.0	17	17
43.823734458828135	17.0	17	17
43.9237886470903	17.0	17	17
44.02384283535247	17.0	17	17
44.12389702361463	17.0	17	17
44.223951211876795	17.0	17	17
44.32400540013896	16.0	16	16
44.42405958840112	16.0	16	16
44.52411377666329	16.0	16	16
44.624167964925455	16.0	16	16
44.72422215318762	16.0	16	16
44.82427634144978	16.0	16	16
44.924330529711945	16.0	16	16
45.024384717974115	16.0	16	16
45.12443890623628	16.0	16	16
45.22449309449844	16.0	16	16
45.324547282760605	16.0	16	16
45.42460147102277	16.0	16	16
45.52465565928494	16.0	16	16
45.6247098475471	16.0	16	16
45.724764035809265	16.0	16	16
45.82481822407143	16.0	16	16
45.92487241233359	17.0	17	17
46.02492660059576	17.0	17	17
46.124980788857926	17.0	17	17
46.22503497712009	17.0	17	17
46.32508916538225	17.0	17	17
46.425143353644415	17.0	17	17
46.525197541906586	17.0	17	17
46.62525173016875	16.0	16	16
46.72530591843091	16.0	16	16
46.825360106693076	16.0	16	16
46.92541429495524	16.0	16	16
47.02546848321741	16.0	16	16
47.12552267147957	16.0	16	16
47.225576859741736	15.0	15	15
47.3256310480039	15.0	15	15
47.42568523626606	15.0	15	15
47.52573942452823	15.0	15	15
47.625793612790396	15.0	15	15
47.72584780105256	15.0	15	15
47.82590198931472	15.0	15	15
47.925956177576886	15.0	15	15
48.026010365839056	15.0	15	15
48.12606455410122	15.0	15	15
48.22611874236338	15.0	15	15
48.326172930625546	15.0	15	15
48.42622711888771	15.0	15	15
48.52628130714988	15.0	15	15
48.62633549541204	15.0	15	15
48.726389683674206	15.0	15	15
48.82644387193637	15.0	15	15
48.92649806019853	15.0	15	15
49.0265522484607	15.0	15	15
49.12660643672287	15.0	15	15
49.22666062498503	15.0	15	15
49.32671481324719	15.0	15	15
49.426769001509356	15.0	15	15
49.52682318977153	15.0	15	15
49.62687737803369	15.0	15	15
49.72693156629585	15.0	15	15
49.82698575455802	15.0	15	15
49.92703994282018	15.0	15	15
50.02709413108235	15.0	15	15
50.12714831934451	15.0	15	15
50.22720250760668	15.0	15	15
50.32725669586884	15.0	15	15
50.427310884131	15.0	15	15
50.527365072393174	15.0	15	15
50.62741926065534	15.0	15	15
50.7274734489175	15.0	15	15
50.827527637179664	15.0	15	15
50.92758182544183	15.0	15	15
51.027636013704	15.0	15	15
51.12769020196616	15.0	15	15
51.227744390228324	15.0	15	15
51.32779857849049	15.0	15	15
51.42785276675265	15.0	15	15
51.52790695501482	15.0	15	15
51.627961143276984	16.0	16	16
51.72801533153915	16.0	16	16
51.82806951980131	16.0	16	16
51.928123708063474	16.0	16	16
52.028177896325644	16.0	16	16
52.12823208458781	16.0	16	16
52.22828627284997	16.0	16	16
52.328340461112134	17.0	17	17
52.4283946493743	17.0	17	17
52.52844883763647	17.0	17	17
52.62850302589863	17.0	17	17
52.728557214160794	17.0	17	17
52.82861140242296	17.0	17	17
52.92866559068512	17.0	17	17
53.02871977894729	17.0	17	17
53.128773967209455	17.0	17	17
53.22882815547162	17.0	17	17
53.32888234373378	17.0	17	17
53.428936531995944	17.0	17	17
53.528990720258115	17.0	17	17
53.62904490852028	16.0	16	16
53.72909909678244	16.0	16	16
53.829153285044605	16.0	16	16
53.92920747330677	16.0	16	16
54.02926166156894	16.0	16	16
54.1293158498311	16.0	16	16
54.229370038093265	16.0	16	16
54.32942422635543	16.0	16	16
54.42947841461759	16.0	16	16
54.52953260287976	16.0	16	16
54.629586791141925	16.0	16	16
54.72964097940409	16.0	16	16
54.82969516766625	15.0	15	15
54.929749355928415	15.0	15	15
55.029803544190585	15.0	15	15
55.12985773245275	15.0	15	15
55.22991192071491	15.0	15	15
55.329966108977075	15.0	15	15
55.43002029723924	15.0	15	15
55.53007448550141	14.0	14	14
55.63012867376357	14.0	14	14
55.730182862025735	14.0	14	14
55.8302370502879	14.0	14	14
55.93029123855006	14.0	14	14
56.03034542681223	14.0	14	14
56.130399615074396	14.0	14	14
56.23045380333656	14.0	14	14
56.33050799159872	14.0	14	14
56.430562179860885	14.0	14	14
56.530616368123056	14.0	14	14
56.63067055638522	14.0	14	14
56.73072474464738	14.0	14	14
56.830778932909546	14.0	14	14
56.93083312117171	14.0	14	14
57.03088730943388	14.0	14	14
57.13094149769604	14.0	14	14
57.230995685958206	14.0	14	14
57.33104987422037	13.0	13	13
57.43110406248253	13.0	13	13
57.5311582507447	13.0	13	13
57.631212439006866	13.0	13	13
57.73126662726903	13.0	13	13
57.83132081553119	13.0	13	13
57.931375003793356	13.0	13	13
58.031429192055526	13.0	13	13
58.13148338031769	13.0	13	13
58.23153756857985	13.0	13	13
58.331591756842016	13.0	13	13
58.43164594510418	13.0	13	13
58.53170013336635	13.0	13	13
58.63175432162851	13.0	13	13
58.731808509890676	12.0	12	12
58.83186269815284	12.0	12	12
58.931916886415	12.0	12	12
59.03197107467717	11.0	11	11
59.13202526293934	11.0	11	11
59.2320794512015	11.0	11	11
59.33213363946366	11.0	11	11
59.432187827725826	11.0	11	11
59.532242015988	11.0	11	11
59.63229620425016	11.0	11	11
59.73235039251232	11.0	11	11
59.83240458077449	10.0	10	10
59.93245876903665	10.0	10	10
60.03251295729882	10.0	10	10
60.132567145560984	10.0	10	10
60.23262133382315	10.0	10	10
60.33267552208531	10.0	10	10
60.43272971034747	10.0	10	10
60.532783898609644	10.0	10	10
60.63283808687181	10.0	10	10
60.73289227513397	10.0	10	10
60.832946463396134	10.0	10	10
60.9330006516583	10.0	10	10
61.03305483992047	10.0	10	10
61.13310902818263	10.0	10	10
61.233163216444794	10.0	10	10
61.33321740470696	10.0	10	10
61.43327159296912	10.0	10	10
61.53332578123129	10.0	10	10
61.633379969493454	10.0	10	10
61.73343415775562	10.0	10	10
61.83348834601778	10.0	10	10
61.933542534279944	10.0	10	10
62.033596722542114	10.0	10	10
62.13365091080428	10.0	10	10
62.23370509906644	10.0	10	10
62.333759287328604	10.0	10	10
62.43381347559077	10.0	10	10
62.53386766385294	10.0	10	10
62.6339218521151	10.0	10	10
62.733976040377264	10.0	10	10
62.83403022863943	10.0	10	10
62.93408441690159	10.0	10	10
63.03413860516376	10.0	10	10
63.134192793425925	10.0	10	10
63.23424698168809	10.0	10	10
63.33430116995025	10.0	10	10
63.434355358212414	10.0	10	10
63.534409546474585	10.0	10	10
63.63446373473675	10.0	10	10
63.73451792299891	10.0	10	10
63.834572111261075	10.0	10	10
63.93462629952324	10.0	10	10
64.03468048778541	10.0	10	10
64.13473467604757	10.0	10	10
64.23478886430973	10.0	10	10
64.3348430525719	10.0	10	10
64.43489724083406	10.0	10	10
64.53495142909622	10.0	10	10
64.63500561735839	10.0	10	10
64.73505980562055	10.0	10	10
64.83511399388273	10.0	10	10
64.93516818214489	11.0	11	11
65.03522237040706	12.0	12	12
65.13527655866922	12.0	12	12
65.23533074693138	12.0	12	12
65.33538493519355	11.0	11	11
65.43543912345571	11.0	11	11
65.53549331171787	11.0	11	11
65.63554749998004	11.0	11	11
65.7356016882422	12.0	12	12
65.83565587650438	12.0	12	12
65.93571006476654	12.0	12	12
66.0357642530287	12.0	12	12
66.13581844129087	13.0	13	13
66.23587262955303	13.0	13	13
66.33592681781519	13.0	13	13
66.43598100607736	13.0	13	13
66.53603519433952	14.0	14	14
66.63608938260168	14.0	14	14
66.73614357086385	14.0	14	14
66.83619775912602	13.0	13	13
66.93625194738819	13.0	13	13
67.03630613565035	13.0	13	13
67.13636032391251	13.0	13	13
67.23641451217468	13.0	13	13
67.33646870043684	13.0	13	13
67.436522888699	13.0	13	13
67.53657707696117	13.0	13	13
67.63663126522333	13.0	13	13
67.73668545348549	13.0	13	13
67.83673964174767	13.0	13	13
67.93679383000983	13.0	13	13
68.036848018272	13.0	13	13
68.13690220653416	13.0	13	13
68.23695639479632	13.0	13	13
68.33701058305849	13.0	13	13
68.43706477132065	13.0	13	13
68.53711895958281	13.0	13	13
68.63717314784498	13.0	13	13
68.73722733610714	13.0	13	13
68.83728152436932	13.0	13	13
68.93733571263148	13.0	13	13
69.03738990089364	13.0	13	13
69.1374440891558	13.0	13	13
69.23749827741797	13.0	13	13
69.33755246568013	13.0	13	13
69.4376066539423	14.0	14	14
69.53766084220446	14.0	14	14
69.63771503046662	14.0	14	14
69.73776921872879	14.0	14	14
69.83782340699096	14.0	14	14
69.93787759525313	14.0	14	14
70.03793178351529	14.0	14	14
70.13798597177745	14.0	14	14
70.23804016003962	14.0	14	14
70.33809434830178	14.0	14	14
70.43814853656394	14.0	14	14
70.5382027248261	14.0	14	14
70.63825691308827	14.0	14	14
70.73831110135043	13.0	13	13
70.83836528961261	13.0	13	13
70.93841947787477	13.0	13	13
71.03847366613694	12.0	12	12
71.1385278543991	11.0	11	11
71.23858204266126	11.0	11	11
71.33863623092343	11.0	11	11
71.43869041918559	11.0	11	11
71.53874460744775	11.0	11	11
71.63879879570992	11.0	11	11
71.73885298397208	11.0	11	11
71.83890717223426	11.0	11	11
71.93896136049642	11.0	11	11
72.03901554875858	12.0	12	12
72.13906973702075	12.0	12	12
72.23912392528291	12.0	12	12
72.33917811354507	12.0	12	12
72.43923230180724	12.0	12	12
72.5392864900694	12.0	12	12
72.63934067833156	12.0	12	12
72.73939486659373	12.0	12	12
72.8394490548559	12.0	12	12
72.93950324311807	12.0	12	12
73.03955743138023	12.0	12	12
73.1396116196424	12.0	12	12
73.23966580790456	12.0	12	12
73.33971999616672	12.0	12	12
73.43977418442888	12.0	12	12
73.53982837269105	12.0	12	12
73.63988256095321	12.0	12	12
73.73993674921537	12.0	12	12
73.83999093747755	12.0	12	12
73.94004512573972	12.0	12	12
74.04009931400188	12.0	12	12
74.14015350226404	12.0	12	12
74.2402076905262	12.0	12	12
74.34026187878837	12.0	12	12
74.44031606705053	12.0	12	12
74.5403702553127	12.0	12	12
74.64042444357486	12.0	12	12
74.74047863183702	12.0	12	12
74.8405328200992	12.0	12	12
74.94058700836136	12.0	12	12
75.04064119662353	12.0	12	12
75.14069538488569	12.0	12	12
75.24074957314785	12.0	12	12
75.34080376141002	12.0	12	12
75.44085794967218	12.0	12	12
75.54091213793434	11.0	11	11
75.6409663261965	11.0	11	11
75.74102051445867	11.0	11	11
75.84107470272085	11.0	11	11
75.94112889098301	11.0	11	11
76.04118307924517	11.0	11	11
76.14123726750734	11.0	11	11
76.2412914557695	11.0	11	11
76.34134564403166	11.0	11	11
76.44139983229383	11.0	11	11
76.54145402055599	11.0	11	11
76.64150820881815	11.0	11	11
76.74156239708032	11.0	11	11
76.84161658534248	11.0	11	11
76.94167077360466	11.0	11	11
77.04172496186682	11.0	11	11
77.14177915012898	10.0	10	10
77.24183333839115	10.0	10	10
77.34188752665331	10.0	10	10
77.44194171491547	10.0	10	10
77.54199590317764	9.0	9	9
77.6420500914398	9.0	9	9
77.74210427970196	9.0	9	9
77.84215846796413	9.0	9	9
77.9422126562263	9.0	9	9
78.04226684448847	9.0	9	9
78.14232103275063	9.0	9	9
78.2423752210128	9.0	9	9
78.34242940927496	9.0	9	9
78.44248359753712	8.0	8	8
78.54253778579928	8.0	8	8
78.64259197406145	8.0	8	8
78.74264616232361	8.0	8	8
78.84270035058577	8.0	8	8
78.94275453884795	8.0	8	8
79.04280872711011	8.0	8	8
79.14286291537228	8.0	8	8
79.24291710363444	8.0	8	8
79.3429712918966	8.0	8	8
79.44302548015877	8.0	8	8
79.54307966842093	8.0	8	8
79.6431338566831	8.0	8	8
79.74318804494526	8.0	8	8
79.84324223320742	9.0	9	9
79.9432964214696	9.0	9	9
80.04335060973176	9.0	9	9
80.14340479799392	9.0	9	9
80.24345898625609	9.0	9	9
80.34351317451825	9.0	9	9
80.44356736278041	9.0	9	9
80.54362155104258	9.0	9	9
80.64367573930474	10.0	10	10
80.7437299275669	10.0	10	10
80.84378411582907	10.0	10	10
80.94383830409124	10.0	10	10
81.04389249235341	10.0	10	10
81.14394668061557	10.0	10	10
81.24400086887773	10.0	10	10
81.3440550571399	10.0	10	10
81.44410924540206	10.0	10	10
81.54416343366422	10.0	10	10
81.64421762192639	10.0	10	10
81.74427181018855	10.0	10	10
81.84432599845071	10.0	10	10
81.94438018671289	10.0	10	10
82.04443437497505	10.0	10	10
82.14448856323722	10.0	10	10
82.24454275149938	10.0	10	10
82.34459693976154	10.0	10	10
82.44465112802371	10.0	10	10
82.54470531628587	10.0	10	10
82.64475950454803	10.0	10	10
82.7448136928102	10.0	10	10
82.84486788107236	10.0	10	10
82.94492206933454	10.0	10	10
83.0449762575967	10.0	10	10
83.14503044585886	10.0	10	10
83.24508463412103	10.0	10	10
83.34513882238319	10.0	10	10
83.44519301064535	10.0	10	10
83.54524719890752	10.0	10	10
83.64530138716968	10.0	10	10
83.74535557543184	10.0	10	10
83.84540976369401	11.0	11	11
83.94546395195619	11.0	11	11
84.04551814021835	11.0	11	11
84.14557232848051	11.0	11	11
84.24562651674267	11.0	11	11
84.34568070500484	11.0	11	11
84.445734893267	11.0	11	11
84.54578908152916	11.0	11	11
84.64584326979133	11.0	11	11
84.74589745805349	11.0	11	11
84.84595164631565	11.0	11	11
84.94600583457783	11.0	11	11
85.04606002284	11.0	11	11
85.14611421110216	11.0	11	11
85.24616839936432	11.0	11	11
85.34622258762649	10.0	10	10
85.44627677588865	10.0	10	10
85.54633096415081	10.0	10	10
85.64638515241298	10.0	10	10
85.74643934067514	10.0	10	10
85.8464935289373	10.0	10	10
85.94654771719948	10.0	10	10
86.04660190546164	10.0	10	10
86.1466560937238	10.0	10	10
86.24671028198597	10.0	10	10
86.34676447024813	10.0	10	10
86.4468186585103	10.0	10	10
86.54687284677246	10.0	10	10
86.64692703503462	10.0	10	10
86.74698122329679	10.0	10	10
86.84703541155895	10.0	10	10
86.94708959982113	10.0	10	10
87.04714378808329	9.0	9	9
87.14719797634545	9.0	9	9
87.24725216460762	9.0	9	9
87.34730635286978	9.0	9	9
87.44736054113194	9.0	9	9
87.5474147293941	9.0	9	9
87.64746891765627	9.0	9	9
87.74752310591843	9.0	9	9
87.8475772941806	9.0	9	9
87.94763148244277	9.0	9	9
88.04768567070494	9.0	9	9
88.1477398589671	9.0	9	9
88.24779404722926	9.0	9	9
88.34784823549143	9.0	9	9
88.44790242375359	9.0	9	9
88.54795661201575	9.0	9	9
88.64801080027792	9.0	9	9
88.74806498854008	9.0	9	9
88.84811917680224	9.0	9	9
88.94817336506442	9.0	9	9
89.04822755332658	9.0	9	9
89.14828174158875	9.0	9	9
89.24833592985091	9.0	9	9
89.34839011811307	9.0	9	9
89.44844430637524	9.0	9	9
89.5484984946374	9.0	9	9
89.64855268289956	9.0	9	9
89.74860687116173	9.0	9	9
89.84866105942389	9.0	9	9
89.94871524768607	9.0	9	9
90.04876943594823	9.0	9	9
90.1488236242104	9.0	9	9
90.24887781247256	9.0	9	9
90.34893200073472	9.0	9	9
90.44898618899688	9.0	9	9
90.54904037725905	9.0	9	9
90.64909456552121	9.0	9	9
90.74914875378337	9.0	9	9
90.84920294204554	9.0	9	9
90.94925713030771	9.0	9	9
91.04931131856988	9.0	9	9
91.14936550683204	9.0	9	9
91.2494196950942	9.0	9	9
91.34947388335637	9.0	9	9
91.44952807161853	9.0	9	9
91.5495822598807	9.0	9	9
91.64963644814286	9.0	9	9
91.74969063640502	9.0	9	9
91.84974482466718	9.0	9	9
91.94979901292936	9.0	9	9
92.04985320119152	9.0	9	9
92.14990738945369	9.0	9	9
92.24996157771585	9.0	9	9
92.35001576597801	9.0	9	9
92.45006995424018	9.0	9	9
92.55012414250234	9.0	9	9
92.6501783307645	9.0	9	9
92.75023251902667	9.0	9	9
92.85028670728883	9.0	9	9
92.95034089555101	9.0	9	9
93.05039508381317	9.0	9	9
93.15044927207533	9.0	9	9
93.2505034603375	9.0	9	9
93.35055764859966	9.0	9	9
93.45061183686182	9.0	9	9
93.55066602512399	9.0	9	9
93.65072021338615	9.0	9	9
93.75077440164831	9.0	9	9
93.85082858991048	9.0	9	9
93.95088277817266	9.0	9	9
94.05093696643482	9.0	9	9
94.15099115469698	9.0	9	9
94.25104534295915	9.0	9	9
94.35109953122131	9.0	9	9
94.45115371948347	10.0	10	10
94.55120790774563	11.0	11	11
94.6512620960078	11.0	11	11
94.75131628426996	11.0	11	11
94.85137047253212	11.0	11	11
94.9514246607943	11.0	11	11
95.05147884905647	11.0	11	11
95.15153303731863	11.0	11	11
95.25158722558079	11.0	11	11
95.35164141384296	11.0	11	11
95.45169560210512	11.0	11	11
95.55174979036728	11.0	11	11
95.65180397862945	11.0	11	11
95.75185816689161	11.0	11	11
95.85191235515377	11.0	11	11
95.95196654341595	11.0	11	11
96.05202073167811	11.0	11	11
96.15207491994028	11.0	11	11
96.25212910820244	11.0	11	11
96.3521832964646	11.0	11	11
96.45223748472677	11.0	11	11
96.55229167298893	10.0	10	10
96.65234586125109	10.0	10	10
96.75240004951326	10.0	10	10
96.85245423777542	10.0	10	10
96.9525084260376	10.0	10	10
97.05256261429976	10.0	10	10
97.15261680256192	10.0	10	10
97.25267099082409	10.0	10	10
97.35272517908625	10.0	10	10
97.45277936734841	11.0	11	11
97.55283355561058	11.0	11	11
97.65288774387274	11.0	11	11
97.7529419321349	11.0	11	11
97.85299612039707	11.0	11	11
97.95305030865924	11.0	11	11
98.0531044969214	11.0	11	11
98.15315868518357	11.0	11	11
98.25321287344573	11.0	11	11
98.3532670617079	11.0	11	11
98.45332124997006	11.0	11	11
98.55337543823222	11.0	11	11
98.65342962649439	11.0	11	11
98.75348381475655	11.0	11	11
98.85353800301871	11.0	11	11
98.95359219128089	11.0	11	11
99.05364637954305	11.0	11	11
99.15370056780522	11.0	11	11
99.25375475606738	11.0	11	11
99.35380894432954	11.0	11	11
99.4538631325917	11.0	11	11
99.55391732085387	11.0	11	11
99.65397150911603	11.0	11	11
99.7540256973782	11.0	11	11
99.85407988564036	11.0	11	11
99.95413407390254	11.0	11	11
100.0541882621647	11.0	11	11
100.15424245042686	11.0	11	11
100.25429663868903	11.0	11	11
100.35435082695119	11.0	11	11
100.45440501521335	11.0	11	11
100.55445920347552	11.0	11	11
100.65451339173768	11.0	11	11
100.75456757999984	11.0	11	11
100.854621768262	11.0	11	11
100.95467595652418	11.0	11	11
101.05473014478635	11.0	11	11
101.15478433304851	11.0	11	11
101.25483852131067	11.0	11	11
101.35489270957284	11.0	11	11
101.454946897835	11.0	11	11
101.55500108609716	11.0	11	11
101.65505527435933	11.0	11	11
101.75510946262149	11.0	11	11
101.85516365088365	11.0	11	11
101.95521783914583	11.0	11	11
102.055272027408	11.0	11	11
102.15532621567016	11.0	11	11
102.25538040393232	11.0	11	11
102.35543459219448	11.0	11	11
102.45548878045665	11.0	11	11
102.55554296871881	11.0	11	11
102.65559715698097	11.0	11	11
102.75565134524314	11.0	11	11
102.8557055335053	11.0	11	11
102.95575972176746	11.0	11	11
103.05581391002964	11.0	11	11
103.1558680982918	11.0	11	11
103.25592228655397	11.0	11	11
103.35597647481613	11.0	11	11
103.4560306630783	11.0	11	11
103.55608485134046	11.0	11	11
103.65613903960262	11.0	11	11
103.75619322786478	11.0	11	11
103.85624741612695	11.0	11	11
103.95630160438911	11.0	11	11
104.05635579265129	11.0	11	11
104.15640998091345	11.0	11	11
104.25646416917562	11.0	11	11
104.35651835743778	11.0	11	11
104.45657254569994	11.0	11	11
104.5566267339621	11.0	11	11
104.65668092222427	11.0	11	11
104.75673511048643	11.0	11	11
104.8567892987486	11.0	11	11
104.95684348701076	11.0	11	11
105.05689767527294	11.0	11	11
105.1569518635351	11.0	11	11
105.25700605179726	11.0	11	11
105.35706024005943	11.0	11	11
105.45711442832159	11.0	11	11
105.55716861658375	11.0	11	11
105.65722280484592	11.0	11	11
105.75727699310808	11.0	11	11
105.85733118137024	11.0	11	11
105.9573853696324	11.0	11	11
106.05743955789458	11.0	11	11
106.15749374615675	11.0	11	11
106.25754793441891	11.0	11	11
106.35760212268107	11.0	11	11
106.45765631094324	11.0	11	11
106.5577104992054	11.0	11	11
106.65776468746756	11.0	11	11
106.75781887572973	11.0	11	11
106.85787306399189	10.0	10	10
106.95792725225405	10.0	10	10
107.05798144051623	10.0	10	10
107.15803562877839	10.0	10	10
107.25808981704056	10.0	10	10
107.35814400530272	10.0	10	10
107.45819819356488	10.0	10	10
107.55825238182705	10.0	10	10
107.65830657008921	10.0	10	10
107.75836075835137	10.0	10	10
107.85841494661354	10.0	10	10
107.9584691348757	10.0	10	10
108.05852332313788	10.0	10	10
108.15857751140004	10.0	10	10
108.2586316996622	10.0	10	10
108.35868588792437	10.0	10	10
108.45874007618653	10.0	10	10
108.5587942644487	10.0	10	10
108.65884845271086	10.0	10	10
108.75890264097302	10.0	10	10
108.85895682923518	10.0	10	10
108.95901101749735	10.0	10	10
109.05906520575952	10.0	10	10
109.15911939402169	10.0	10	10
109.25917358228385	10.0	10	10
109.35922777054601	10.0	10	10
109.45928195880818	10.0	10	10
109.55933614707034	10.0	10	10
109.6593903353325	10.0	10	10
109.75944452359467	10.0	10	10
109.85949871185683	10.0	10	10
109.959552900119	10.0	10	10
110.05960708838117	10.0	10	10
110.15966127664333	10.0	10	10
110.2597154649055	10.0	10	10
110.35976965316766	10.0	10	10
110.45982384142982	10.0	10	10
110.55987802969199	10.0	10	10
110.65993221795415	10.0	10	10
110.75998640621631	10.0	10	10
110.86004059447848	10.0	10	10
110.96009478274064	10.0	10	10
111.06014897100282	10.0	10	10
111.16020315926498	9.0	9	9
111.26025734752714	9.0	9	9
111.36031153578931	9.0	9	9
111.46036572405147	9.0	9	9
111.56041991231363	9.0	9	9
111.6604741005758	9.0	9	9
111.76052828883796	9.0	9	9
111.86058247710012	9.0	9	9
111.96063666536229	9.0	9	9
112.06069085362446	9.0	9	9
112.16074504188663	9.0	9	9
112.26079923014879	9.0	9	9
112.36085341841095	9.0	9	9
112.46090760667312	9.0	9	9
112.56096179493528	9.0	9	9
112.66101598319744	8.0	8	8
112.76107017145961	8.0	8	8
112.86112435972177	8.0	8	8
112.96117854798393	8.0	8	8
113.06123273624611	8.0	8	8
113.16128692450827	8.0	8	8
113.26134111277044	8.0	8	8
113.3613953010326	8.0	8	8
113.46144948929476	8.0	8	8
113.56150367755693	8.0	8	8
113.66155786581909	8.0	8	8
113.76161205408125	8.0	8	8
113.86166624234342	8.0	8	8
113.96172043060558	8.0	8	8
114.06177461886776	8.0	8	8
114.16182880712992	9.0	9	9
114.26188299539209	9.0	9	9
114.36193718365425	9.0	9	9
114.46199137191641	9.0	9	9
114.56204556017857	9.0	9	9
114.66209974844074	10.0	10	10
114.7621539367029	10.0	10	10
114.86220812496506	10.0	10	10
114.96226231322723	10.0	10	10
115.0623165014894	10.0	10	10
115.16237068975157	10.0	10	10
115.26242487801373	10.0	10	10
115.3624790662759	10.0	10	10
115.46253325453806	10.0	10	10
115.56258744280022	10.0	10	10
115.66264163106239	10.0	10	10
115.76269581932455	10.0	10	10
115.86275000758671	10.0	10	10
115.96280419584888	10.0	10	10
116.06285838411105	9.0	9	9
116.16291257237322	9.0	9	9
116.26296676063538	9.0	9	9
116.36302094889754	9.0	9	9
116.4630751371597	9.0	9	9
116.56312932542187	9.0	9	9
116.66318351368403	9.0	9	9
116.7632377019462	9.0	9	9
116.86329189020836	9.0	9	9
116.96334607847052	9.0	9	9
117.0634002667327	9.0	9	9
117.16345445499486	9.0	9	9
117.26350864325703	9.0	9	9
117.36356283151919	9.0	9	9
117.46361701978135	9.0	9	9
117.56367120804352	9.0	9	9
117.66372539630568	9.0	9	9
117.76377958456784	9.0	9	9
117.86383377283	9.0	9	9
117.96388796109217	9.0	9	9
118.06394214935435	9.0	9	9
118.16399633761651	9.0	9	9
118.26405052587867	9.0	9	9
118.36410471414084	9.0	9	9
118.464158902403	9.0	9	9
118.56421309066516	9.0	9	9
118.66426727892733	9.0	9	9
118.76432146718949	9.0	9	9
118.86437565545165	9.0	9	9
118.96442984371382	9.0	9	9
119.064484031976	9.0	9	9
119.16453822023816	9.0	9	9
119.26459240850032	9.0	9	9
119.36464659676248	9.0	9	9
119.46470078502465	10.0	10	10
119.56475497328681	9.0	9	9
119.66480916154897	9.0	9	9
119.76486334981114	9.0	9	9
119.8649175380733	9.0	9	9
119.96497172633546	9.0	9	9
120.06502591459764	9.0	9	9
120.1650801028598	9.0	9	9
120.26513429112197	9.0	9	9
120.36518847938413	9.0	9	9
120.4652426676463	9.0	9	9
120.56529685590846	9.0	9	9
120.66535104417062	9.0	9	9
120.76540523243278	9.0	9	9
120.86545942069495	9.0	9	9
120.96551360895711	9.0	9	9
121.06556779721929	9.0	9	9
121.16562198548145	9.0	9	9
121.26567617374361	9.0	9	9
121.36573036200578	9.0	9	9
121.46578455026794	9.0	9	9
121.5658387385301	9.0	9	9
121.66589292679227	9.0	9	9
121.76594711505443	9.0	9	9
121.8660013033166	9.0	9	9
121.96605549157876	9.0	9	9
122.06610967984093	9.0	9	9
122.1661638681031	9.0	9	9
122.26621805636526	9.0	9	9
122.36627224462742	9.0	9	9
122.46632643288959	9.0	9	9
122.56638062115175	9.0	9	9
122.66643480941391	9.0	9	9
122.76648899767608	9.0	9	9
122.86654318593824	9.0	9	9
122.9665973742004	9.0	9	9
123.06665156246258	9.0	9	9
123.16670575072474	9.0	9	9
123.26675993898691	9.0	9	9
123.36681412724907	9.0	9	9
123.46686831551123	9.0	9	9
123.5669225037734	9.0	9	9
123.66697669203556	9.0	9	9
123.76703088029772	9.0	9	9
123.86708506855989	9.0	9	9
123.96713925682205	9.0	9	9
124.06719344508423	9.0	9	9
124.16724763334639	9.0	9	9
124.26730182160856	9.0	9	9
124.36735600987072	9.0	9	9
124.46741019813288	9.0	9	9
124.56746438639505	9.0	9	9
124.66751857465721	9.0	9	9
124.76757276291937	9.0	9	9
124.86762695118153	9.0	9	9
124.9676811394437	9.0	9	9
125.06773532770588	9.0	9	9
125.16778951596804	9.0	9	9
125.2678437042302	9.0	9	9
125.36789789249237	9.0	9	9
125.46795208075453	9.0	9	9
125.56800626901669	9.0	9	9
125.66806045727886	9.0	9	9
125.76811464554102	9.0	9	9
125.86816883380318	9.0	9	9
125.96822302206535	9.0	9	9
126.06827721032752	9.0	9	9
126.16833139858969	9.0	9	9
126.26838558685185	9.0	9	9
126.36843977511401	9.0	9	9
126.46849396337618	9.0	9	9
126.56854815163834	9.0	9	9
126.6686023399005	9.0	9	9
126.76865652816267	9.0	9	9
126.86871071642483	9.0	9	9
126.96876490468699	9.0	9	9
127.06881909294917	9.0	9	9
127.16887328121133	9.0	9	9
127.2689274694735	9.0	9	9
127.36898165773566	9.0	9	9
127.46903584599782	9.0	9	9
127.56909003425999	9.0	9	9
127.66914422252215	9.0	9	9
127.76919841078431	9.0	9	9
127.86925259904648	8.0	8	8
127.96930678730864	8.0	8	8
128.06936097557082	8.0	8	8
128.16941516383298	8.0	8	8
128.26946935209514	8.0	8	8
128.3695235403573	8.0	8	8
128.46957772861947	8.0	8	8
128.56963191688163	8.0	8	8
128.6696861051438	8.0	8	8
128.76974029340596	8.0	8	8
128.86979448166812	8.0	8	8
128.9698486699303	8.0	8	8
129.06990285819245	8.0	8	8
129.1699570464546	8.0	8	8
129.27001123471678	8.0	8	8
129.37006542297894	8.0	8	8
129.4701196112411	8.0	8	8
129.57017379950327	8.0	8	8
129.67022798776546	8.0	8	8
129.77028217602762	8.0	8	8
129.87033636428978	8.0	8	8
129.97039055255195	8.0	8	8
130.0704447408141	8.0	8	8
130.17049892907627	8.0	8	8
130.27055311733844	8.0	8	8
130.3706073056006	8.0	8	8
130.47066149386276	8.0	8	8
130.57071568212493	8.0	8	8
130.6707698703871	8.0	8	8
130.77082405864925	8.0	8	8
130.87087824691142	8.0	8	8
130.97093243517358	8.0	8	8
131.07098662343574	8.0	8	8
131.1710408116979	8.0	8	8
131.27109499996007	9.0	9	9
131.37114918822223	9.0	9	9
131.4712033764844	9.0	9	9
131.57125756474656	9.0	9	9
131.67131175300875	9.0	9	9
131.77136594127091	9.0	9	9
131.87142012953308	9.0	9	9
131.97147431779524	9.0	9	9
132.0715285060574	9.0	9	9
132.17158269431957	9.0	9	9
132.27163688258173	9.0	9	9
132.3716910708439	9.0	9	9
132.47174525910606	9.0	9	9
132.57179944736822	9.0	9	9
132.67185363563038	9.0	9	9
132.77190782389255	9.0	9	9
132.8719620121547	9.0	9	9
132.97201620041687	9.0	9	9
133.07207038867904	9.0	9	9
133.1721245769412	9.0	9	9
133.27217876520336	9.0	9	9
133.37223295346553	9.0	9	9
133.4722871417277	9.0	9	9
133.57234132998985	10.0	10	10
133.67239551825205	10.0	10	10
133.7724497065142	10.0	10	10
133.87250389477637	10.0	10	10
133.97255808303854	10.0	10	10
134.0726122713007	10.0	10	10
134.17266645956286	10.0	10	10
134.27272064782503	10.0	10	10
134.3727748360872	11.0	11	11
134.47282902434935	11.0	11	11
134.57288321261152	11.0	11	11
134.67293740087368	11.0	11	11
134.77299158913584	11.0	11	11
134.873045777398	11.0	11	11
134.97309996566017	11.0	11	11
135.07315415392233	11.0	11	11
135.1732083421845	11.0	11	11
135.27326253044666	11.0	11	11
135.37331671870882	11.0	11	11
135.47337090697098	11.0	11	11
135.57342509523315	11.0	11	11
135.67347928349534	11.0	11	11
135.7735334717575	11.0	11	11
135.87358766001967	11.0	11	11
135.97364184828183	11.0	11	11
136.073696036544	11.0	11	11
136.17375022480616	11.0	11	11
136.27380441306832	11.0	11	11
136.37385860133048	11.0	11	11
136.47391278959265	11.0	11	11
136.5739669778548	11.0	11	11
136.67402116611697	11.0	11	11
136.77407535437914	11.0	11	11
136.8741295426413	11.0	11	11
136.97418373090346	11.0	11	11
137.07423791916563	11.0	11	11
137.1742921074278	11.0	11	11
137.27434629568995	11.0	11	11
137.37440048395212	11.0	11	11
137.47445467221428	11.0	11	11
137.57450886047644	11.0	11	11
137.67456304873863	11.0	11	11
137.7746172370008	12.0	12	12
137.87467142526296	12.0	12	12
137.97472561352512	12.0	12	12
138.0747798017873	12.0	12	12
138.17483399004945	12.0	12	12
138.2748881783116	12.0	12	12
138.37494236657378	12.0	12	12
138.47499655483594	12.0	12	12
138.5750507430981	12.0	12	12
138.67510493136027	12.0	12	12
138.77515911962243	12.0	12	12
138.8752133078846	12.0	12	12
138.97526749614676	12.0	12	12
139.07532168440892	12.0	12	12
139.17537587267108	12.0	12	12
139.27543006093325	13.0	13	13
139.3754842491954	13.0	13	13
139.47553843745757	13.0	13	13
139.57559262571974	13.0	13	13
139.67564681398193	13.0	13	13
139.7757010022441	13.0	13	13
139.87575519050625	13.0	13	13
139.97580937876842	13.0	13	13
140.07586356703058	13.0	13	13
140.17591775529274	13.0	13	13
140.2759719435549	12.0	12	12
140.37602613181707	12.0	12	12
140.47608032007923	12.0	12	12
140.5761345083414	12.0	12	12
140.67618869660356	12.0	12	12
140.77624288486572	12.0	12	12
140.8762970731279	12.0	12	12
140.97635126139005	12.0	12	12
141.0764054496522	12.0	12	12
141.17645963791438	12.0	12	12
141.27651382617654	12.0	12	12
141.3765680144387	12.0	12	12
141.47662220270087	12.0	12	12
141.57667639096303	12.0	12	12
141.67673057922522	12.0	12	12
141.77678476748738	12.0	12	12
141.87683895574955	12.0	12	12
141.9768931440117	12.0	12	12
142.07694733227387	12.0	12	12
142.17700152053604	12.0	12	12
142.2770557087982	12.0	12	12
142.37710989706036	12.0	12	12
142.47716408532253	12.0	12	12
142.5772182735847	12.0	12	12
142.67727246184685	12.0	12	12
142.77732665010902	11.0	11	11
142.87738083837118	11.0	11	11
142.97743502663334	11.0	11	11
143.0774892148955	11.0	11	11
143.17754340315767	11.0	11	11
143.27759759141983	11.0	11	11
143.377651779682	11.0	11	11
143.47770596794416	11.0	11	11
143.57776015620632	11.0	11	11
143.67781434446852	10.0	10	10
143.77786853273068	10.0	10	10
143.87792272099284	9.0	9	9
143.977976909255	9.0	9	9
144.07803109751717	9.0	9	9
144.17808528577933	9.0	9	9
144.2781394740415	9.0	9	9
144.37819366230366	9.0	9	9
144.47824785056582	9.0	9	9
144.57830203882799	9.0	9	9
144.67835622709015	9.0	9	9
144.7784104153523	9.0	9	9
144.87846460361447	9.0	9	9
144.97851879187664	9.0	9	9
145.0785729801388	9.0	9	9
145.17862716840096	9.0	9	9
145.27868135666313	9.0	9	9
145.3787355449253	9.0	9	9
145.47878973318745	8.0	8	8
145.57884392144962	8.0	8	8
145.6788981097118	8.0	8	8
145.77895229797397	8.0	8	8
145.87900648623614	8.0	8	8
145.9790606744983	8.0	8	8
146.07911486276046	8.0	8	8
146.17916905102263	8.0	8	8
146.2792232392848	8.0	8	8
146.37927742754695	8.0	8	8
146.47933161580912	8.0	8	8
146.57938580407128	8.0	8	8
146.67943999233344	8.0	8	8
146.7794941805956	8.0	8	8
146.87954836885777	8.0	8	8
146.97960255711993	8.0	8	8
147.0796567453821	8.0	8	8
147.17971093364426	8.0	8	8
147.27976512190642	8.0	8	8
147.37981931016859	8.0	8	8
147.47987349843075	8.0	8	8
147.5799276866929	8.0	8	8
147.6799818749551	8.0	8	8
147.78003606321727	8.0	8	8
147.88009025147943	8.0	8	8
147.9801444397416	8.0	8	8
148.08019862800376	8.0	8	8
148.18025281626592	8.0	8	8
148.28030700452808	8.0	8	8
148.38036119279025	8.0	8	8
148.4804153810524	8.0	8	8
148.58046956931457	8.0	8	8
148.68052375757674	8.0	8	8
148.7805779458389	8.0	8	8
148.88063213410106	8.0	8	8
148.98068632236323	8.0	8	8
149.0807405106254	8.0	8	8
149.18079469888755	8.0	8	8
149.28084888714972	8.0	8	8
149.38090307541188	8.0	8	8
149.48095726367404	9.0	9	9
149.5810114519362	9.0	9	9
149.6810656401984	9.0	9	9
149.78111982846056	9.0	9	9
149.88117401672272	9.0	9	9
149.9812282049849	9.0	9	9
150.08128239324705	9.0	9	9
150.1813365815092	9.0	9	9
150.28139076977138	9.0	9	9
150.38144495803354	9.0	9	9
150.4814991462957	9.0	9	9
150.58155333455787	9.0	9	9
150.68160752282003	9.0	9	9
150.7816617110822	9.0	9	9
150.88171589934436	9.0	9	9
150.98177008760652	9.0	9	9
151.08182427586868	9.0	9	9
151.18187846413085	9.0	9	9
151.281932652393	9.0	9	9
151.38198684065517	9.0	9	9
151.48204102891734	9.0	9	9
151.5820952171795	9.0	9	9
151.6821494054417	9.0	9	9
151.78220359370385	9.0	9	9
151.88225778196602	9.0	9	9
151.98231197022818	9.0	9	9
152.08236615849034	9.0	9	9
152.1824203467525	9.0	9	9
152.28247453501467	9.0	9	9
152.38252872327683	9.0	9	9
152.482582911539	9.0	9	9
152.58263709980116	9.0	9	9
152.68269128806332	10.0	10	10
152.7827454763255	10.0	10	10
152.88279966458765	10.0	10	10
152.98285385284981	10.0	10	10
153.08290804111198	10.0	10	10
153.18296222937414	10.0	10	10
153.2830164176363	10.0	10	10
153.38307060589847	10.0	10	10
153.48312479416063	10.0	10	10
153.5831789824228	10.0	10	10
153.68323317068496	10.0	10	10
153.78328735894715	10.0	10	10
153.8833415472093	10.0	10	10
153.98339573547148	10.0	10	10
154.08344992373364	9.0	9	9
154.1835041119958	9.0	9	9
154.28355830025797	9.0	9	9
154.38361248852013	9.0	9	9
154.4836666767823	9.0	9	9
154.58372086504446	9.0	9	9
154.68377505330662	9.0	9	9
154.78382924156878	9.0	9	9
154.88388342983095	9.0	9	9
154.9839376180931	9.0	9	9
155.08399180635527	9.0	9	9
155.18404599461743	9.0	9	9
155.2841001828796	9.0	9	9
155.38415437114176	9.0	9	9
155.48420855940392	9.0	9	9
155.5842627476661	9.0	9	9
155.68431693592825	9.0	9	9
155.78437112419044	9.0	9	9
155.8844253124526	9.0	9	9
155.98447950071477	9.0	9	9
156.08453368897693	9.0	9	9
156.1845878772391	9.0	9	9
156.28464206550126	9.0	9	9
156.38469625376342	9.0	9	9
156.4847504420256	9.0	9	9
156.58480463028775	9.0	9	9
156.6848588185499	9.0	9	9
156.78491300681208	9.0	9	9
156.88496719507424	9.0	9	9
156.9850213833364	9.0	9	9
157.08507557159857	8.0	8	8
157.18512975986073	8.0	8	8
157.2851839481229	7.0	7	7
157.38523813638506	7.0	7	7
157.48529232464722	7.0	7	7
157.58534651290938	7.0	7	7
157.68540070117155	7.0	7	7
157.78545488943374	7.0	7	7
157.8855090776959	7.0	7	7
157.98556326595806	7.0	7	7
158.08561745422023	7.0	7	7
158.1856716424824	7.0	7	7
158.28572583074455	7.0	7	7
158.38578001900672	7.0	7	7
158.48583420726888	7.0	7	7
158.58588839553104	7.0	7	7
158.6859425837932	7.0	7	7
158.78599677205537	7.0	7	7
158.88605096031753	7.0	7	7
158.9861051485797	7.0	7	7
159.08615933684186	7.0	7	7
159.18621352510402	7.0	7	7
159.2862677133662	7.0	7	7
159.38632190162835	7.0	7	7
159.4863760898905	7.0	7	7
159.58643027815268	7.0	7	7
159.68648446641484	6.0	6	6
159.78653865467703	6.0	6	6
159.8865928429392	6.0	6	6
159.98664703120136	6.0	6	6
160.08670121946352	6.0	6	6
160.18675540772568	6.0	6	6
160.28680959598785	6.0	6	6
160.38686378425	6.0	6	6
160.48691797251217	6.0	6	6
160.58697216077434	6.0	6	6
160.6870263490365	6.0	6	6
160.78708053729866	6.0	6	6
160.88713472556083	6.0	6	6
160.987188913823	6.0	6	6
161.08724310208515	6.0	6	6
161.18729729034732	6.0	6	6
161.28735147860948	6.0	6	6
161.38740566687164	6.0	6	6
161.4874598551338	6.0	6	6
161.58751404339597	6.0	6	6
161.68756823165813	6.0	6	6
161.78762241992033	6.0	6	6
161.8876766081825	6.0	6	6
161.98773079644465	6.0	6	6
162.08778498470681	6.0	6	6
162.18783917296898	6.0	6	6
162.28789336123114	6.0	6	6
162.3879475494933	6.0	6	6
162.48800173775547	6.0	6	6
162.58805592601763	5.0	5	5
162.6881101142798	5.0	5	5
162.78816430254196	5.0	5	5
162.88821849080412	5.0	5	5
162.98827267906628	5.0	5	5
163.08832686732845	5.0	5	5
163.1883810555906	5.0	5	5
163.28843524385277	5.0	5	5
163.38848943211494	5.0	5	5
163.4885436203771	5.0	5	5
163.58859780863926	5.0	5	5
163.68865199690143	5.0	5	5
163.78870618516362	5.0	5	5
163.88876037342578	5.0	5	5
163.98881456168795	5.0	5	5
164.0888687499501	5.0	5	5
164.18892293821227	5.0	5	5
164.28897712647444	5.0	5	5
164.3890313147366	5.0	5	5
164.48908550299876	6.0	6	6
164.58913969126093	6.0	6	6
164.6891938795231	7.0	7	7
164.78924806778525	7.0	7	7
164.88930225604742	7.0	7	7
164.98935644430958	7.0	7	7
165.08941063257174	7.0	7	7
165.1894648208339	7.0	7	7
165.28951900909607	7.0	7	7
165.38957319735823	7.0	7	7
165.4896273856204	7.0	7	7
165.58968157388256	7.0	7	7
165.68973576214472	7.0	7	7
165.7897899504069	7.0	7	7
165.88984413866908	7.0	7	7
165.98989832693124	7.0	7	7
166.0899525151934	7.0	7	7
166.19000670345557	7.0	7	7
166.29006089171773	7.0	7	7
166.3901150799799	7.0	7	7
166.49016926824206	7.0	7	7
166.59022345650422	7.0	7	7
166.69027764476638	7.0	7	7
166.79033183302855	7.0	7	7
166.8903860212907	7.0	7	7
166.99044020955287	7.0	7	7
167.09049439781504	7.0	7	7
167.1905485860772	7.0	7	7
167.29060277433936	7.0	7	7
167.39065696260153	7.0	7	7
167.4907111508637	7.0	7	7
167.59076533912585	7.0	7	7
167.69081952738802	7.0	7	7
167.7908737156502	7.0	7	7
167.89092790391237	7.0	7	7
167.99098209217453	7.0	7	7
168.0910362804367	7.0	7	7
168.19109046869886	7.0	7	7
168.29114465696102	7.0	7	7
168.3911988452232	7.0	7	7
168.49125303348535	7.0	7	7
168.5913072217475	7.0	7	7
168.69136141000968	7.0	7	7
168.79141559827184	6.0	6	6
168.891469786534	5.0	5	5
168.99152397479617	5.0	5	5
169.09157816305833	5.0	5	5
169.1916323513205	5.0	5	5
169.29168653958266	5.0	5	5
169.39174072784482	5.0	5	5
169.49179491610698	5.0	5	5
169.59184910436915	5.0	5	5
169.6919032926313	5.0	5	5
169.7919574808935	5.0	5	5
169.89201166915566	5.0	5	5
169.99206585741783	5.0	5	5
170.09212004568	5.0	5	5
170.19217423394215	5.0	5	5
170.29222842220432	5.0	5	5
170.39228261046648	5.0	5	5
170.49233679872864	5.0	5	5
170.5923909869908	5.0	5	5
170.69244517525297	5.0	5	5
170.79249936351513	5.0	5	5
170.8925535517773	5.0	5	5
170.99260774003946	5.0	5	5
171.09266192830162	5.0	5	5
171.1927161165638	5.0	5	5
171.29277030482595	5.0	5	5
171.3928244930881	5.0	5	5
171.49287868135028	5.0	5	5
171.59293286961244	5.0	5	5
171.6929870578746	5.0	5	5
171.7930412461368	5.0	5	5
171.89309543439896	5.0	5	5
171.99314962266112	5.0	5	5
172.09320381092328	5.0	5	5
172.19325799918545	5.0	5	5
172.2933121874476	5.0	5	5
172.39336637570977	5.0	5	5
172.49342056397194	4.0	4	4
172.5934747522341	4.0	4	4
172.69352894049626	4.0	4	4
172.79358312875843	4.0	4	4
172.8936373170206	4.0	4	4
172.99369150528275	4.0	4	4
173.09374569354492	4.0	4	4
173.19379988180708	4.0	4	4
173.29385407006924	4.0	4	4
173.3939082583314	4.0	4	4
173.49396244659357	4.0	4	4
173.59401663485573	4.0	4	4
173.6940708231179	4.0	4	4
173.7941250113801	4.0	4	4
173.89417919964225	4.0	4	4
173.99423338790442	4.0	4	4
174.09428757616658	4.0	4	4
174.19434176442874	4.0	4	4
174.2943959526909	4.0	4	4
174.39445014095307	4.0	4	4
174.49450432921523	4.0	4	4
174.5945585174774	4.0	4	4
174.69461270573956	4.0	4	4
174.79466689400172	4.0	4	4
174.89472108226389	4.0	4	4
174.99477527052605	4.0	4	4
175.0948294587882	4.0	4	4
175.19488364705037	4.0	4	4
175.29493783531254	4.0	4	4
175.3949920235747	4.0	4	4
175.49504621183686	4.0	4	4
175.59510040009903	4.0	4	4
175.6951545883612	4.0	4	4
175.79520877662338	4.0	4	4
175.89526296488555	4.0	4	4
175.9953171531477	4.0	4	4
176.09537134140987	4.0	4	4
176.19542552967204	4.0	4	4
176.2954797179342	4.0	4	4
176.39553390619636	4.0	4	4
176.49558809445853	4.0	4	4
176.5956422827207	4.0	4	4
176.69569647098285	4.0	4	4
176.79575065924502	4.0	4	4
176.89580484750718	4.0	4	4
176.99585903576934	4.0	4	4
177.0959132240315	4.0	4	4
177.19596741229367	4.0	4	4
177.29602160055583	4.0	4	4
177.396075788818	4.0	4	4
177.49612997708016	4.0	4	4
177.59618416534232	4.0	4	4
177.69623835360449	4.0	4	4
177.79629254186668	4.0	4	4
177.89634673012884	4.0	4	4
177.996400918391	4.0	4	4
178.09645510665317	4.0	4	4
178.19650929491533	4.0	4	4
178.2965634831775	4.0	4	4
178.39661767143966	4.0	4	4
178.49667185970182	3.0	3	3
178.59672604796398	3.0	3	3
178.69678023622615	3.0	3	3
178.7968344244883	3.0	3	3
178.89688861275047	3.0	3	3
178.99694280101264	3.0	3	3
179.0969969892748	3.0	3	3
179.19705117753696	3.0	3	3
179.29710536579913	3.0	3	3
179.3971595540613	3.0	3	3
179.49721374232345	3.0	3	3
179.59726793058562	3.0	3	3
179.69732211884778	3.0	3	3
179.79737630710994	3.0	3	3
179.89743049537213	3.0	3	3
179.9974846836343	3.0	3	3
180.09753887189646	3.0	3	3
180.19759306015862	3.0	3	3
180.2976472484208	3.0	3	3
180.39770143668295	3.0	3	3
180.4977556249451	2.0	2	2
180.59780981320728	2.0	2	2
180.69786400146944	2.0	2	2
180.7979181897316	2.0	2	2
180.89797237799377	2.0	2	2
180.99802656625593	2.0	2	2
181.0980807545181	2.0	2	2
181.19813494278026	2.0	2	2
181.29818913104242	2.0	2	2
181.39824331930458	2.0	2	2
181.49829750756675	2.0	2	2
181.5983516958289	2.0	2	2
181.69840588409107	2.0	2	2
181.79846007235324	2.0	2	2
181.89851426061543	2.0	2	2
181.9985684488776	2.0	2	2
182.09862263713975	2.0	2	2
182.19867682540192	2.0	2	2
182.29873101366408	2.0	2	2
182.39878520192624	2.0	2	2
182.4988393901884	2.0	2	2
182.59889357845057	2.0	2	2
182.69894776671273	2.0	2	2
182.7990019549749	2.0	2	2
182.89905614323706	2.0	2	2
182.99911033149922	2.0	2	2
183.0991645197614	2.0	2	2
183.19921870802355	2.0	2	2
183.29927289628571	2.0	2	2
183.39932708454788	2.0	2	2
183.49938127281004	2.0	2	2
183.5994354610722	2.0	2	2
183.69948964933437	2.0	2	2
183.79954383759653	2.0	2	2
183.89959802585872	2.0	2	2
183.99965221412089	2.0	2	2
184.09970640238305	2.0	2	2
184.1997605906452	2.0	2	2
184.29981477890738	2.0	2	2
184.39986896716954	2.0	2	2
184.4999231554317	2.0	2	2
184.59997734369387	2.0	2	2
184.70003153195603	2.0	2	2
184.8000857202182	2.0	2	2
184.90013990848036	2.0	2	2
185.00019409674252	2.0	2	2
185.10024828500468	2.0	2	2
185.20030247326685	1.0	1	1
185.300356661529	1.0	1	1
185.40041084979117	1.0	1	1
185.50046503805333	1.0	1	1
185.6005192263155	1.0	1	1
