time	diversity	m_div	M_div
0.0	10.0	10	10
0.10009766203278923	10.0	10	10
0.20019532406557847	10.0	10	10
0.3002929860983677	10.0	10	10
0.40039064813115693	10.0	10	10
0.5004883101639461	10.0	10	10
0.6005859721967354	10.0	10	10
0.7006836342295246	10.0	10	10
0.8007812962623139	10.0	10	10
0.9008789582951031	10.0	10	10
1.0009766203278923	10.0	10	10
1.1010742823606816	10.0	10	10
1.2011719443934707	10.0	10	10
1.30126960642626	10.0	10	10
1.4013672684590492	10.0	10	10
1.5014649304918386	10.0	10	10
1.6015625925246277	10.0	10	10
1.7016602545574169	10.0	10	10
1.8017579165902062	10.0	10	10
1.9018555786229954	10.0	10	10
2.0019532406557845	10.0	10	10
2.102050902688574	10.0	10	10
2.202148564721363	10.0	10	10
2.3022462267541526	10.0	10	10
2.4023438887869415	10.0	10	10
2.502441550819731	10.0	10	10
2.60253921285252	10.0	10	10
2.702636874885309	10.0	10	10
2.8027345369180985	10.0	10	10
2.902832198950888	10.0	10	10
3.002929860983677	10.0	10	10
3.103027523016466	10.0	10	10
3.2031251850492555	10.0	10	10
3.303222847082045	10.0	10	10
3.4033205091148337	10.0	10	10
3.503418171147623	10.0	10	10
3.6035158331804125	10.0	10	10
3.703613495213202	10.0	10	10
3.8037111572459907	10.0	10	10
3.90380881927878	10.0	10	10
4.003906481311569	10.0	10	10
4.104004143344358	10.0	10	10
4.204101805377148	10.0	10	10
4.304199467409937	10.0	10	10
4.404297129442726	10.0	10	10
4.504394791475516	10.0	10	10
4.604492453508305	10.0	10	10
4.704590115541094	10.0	10	10
4.804687777573883	10.0	10	10
4.904785439606672	10.0	10	10
5.004883101639462	10.0	10	10
5.104980763672251	10.0	10	10
5.20507842570504	10.0	10	10
5.30517608773783	10.0	10	10
5.405273749770618	10.0	10	10
5.505371411803408	10.0	10	10
5.605469073836197	10.0	10	10
5.705566735868986	10.0	10	10
5.805664397901776	10.0	10	10
5.905762059934565	10.0	10	10
6.005859721967354	10.0	10	10
6.105957384000143	10.0	10	10
6.206055046032932	10.0	10	10
6.306152708065722	10.0	10	10
6.406250370098511	10.0	10	10
6.5063480321313	10.0	10	10
6.60644569416409	10.0	10	10
6.706543356196879	10.0	10	10
6.8066410182296675	10.0	10	10
6.906738680262457	10.0	10	10
7.006836342295246	10.0	10	10
7.106934004328036	10.0	10	10
7.207031666360825	10.0	10	10
7.307129328393614	10.0	10	10
7.407226990426404	10.0	10	10
7.507324652459192	10.0	10	10
7.6074223144919815	10.0	10	10
7.707519976524771	10.0	10	10
7.80761763855756	10.0	10	10
7.9077153005903495	10.0	10	10
8.007812962623138	10.0	10	10
8.107910624655927	10.0	10	10
8.208008286688717	10.0	10	10
8.308105948721506	10.0	10	10
8.408203610754295	10.0	10	10
8.508301272787085	10.0	10	10
8.608398934819874	10.0	10	10
8.708496596852664	10.0	10	10
8.808594258885453	10.0	10	10
8.908691920918242	10.0	10	10
9.008789582951032	10.0	10	10
9.108887244983821	10.0	10	10
9.20898490701661	10.0	10	10
9.309082569049398	10.0	10	10
9.409180231082187	10.0	10	10
9.509277893114977	10.0	10	10
9.609375555147766	10.0	10	10
9.709473217180555	10.0	10	10
9.809570879213345	10.0	10	10
9.909668541246134	10.0	10	10
10.009766203278923	10.0	10	10
10.109863865311713	10.0	10	10
10.209961527344502	10.0	10	10
10.310059189377291	10.0	10	10
10.41015685141008	10.0	10	10
10.51025451344287	10.0	10	10
10.61035217547566	10.0	10	10
10.710449837508447	10.0	10	10
10.810547499541237	10.0	10	10
10.910645161574026	10.0	10	10
11.010742823606815	10.0	10	10
11.110840485639605	10.0	10	10
11.210938147672394	10.0	10	10
11.311035809705183	10.0	10	10
11.411133471737973	10.0	10	10
11.511231133770762	10.0	10	10
11.611328795803551	10.0	10	10
11.71142645783634	10.0	10	10
11.81152411986913	10.0	10	10
11.91162178190192	10.0	10	10
12.011719443934709	10.0	10	10
12.111817105967496	10.0	10	10
12.211914768000286	10.0	10	10
12.312012430033075	10.0	10	10
12.412110092065864	10.0	10	10
12.512207754098654	10.0	10	10
12.612305416131443	10.0	10	10
12.712403078164233	10.0	10	10
12.812500740197022	10.0	10	10
12.912598402229811	10.0	10	10
13.0126960642626	10.0	10	10
13.11279372629539	10.0	10	10
13.21289138832818	10.0	10	10
13.312989050360969	10.0	10	10
13.413086712393758	10.0	10	10
13.513184374426547	10.0	10	10
13.613282036459335	10.0	10	10
13.713379698492124	10.0	10	10
13.813477360524914	10.0	10	10
13.913575022557703	10.0	10	10
14.013672684590492	10.0	10	10
14.113770346623282	10.0	10	10
14.213868008656071	10.0	10	10
14.31396567068886	10.0	10	10
14.41406333272165	10.0	10	10
14.51416099475444	10.0	10	10
14.614258656787229	10.0	10	10
14.714356318820018	10.0	10	10
14.814453980852807	10.0	10	10
14.914551642885597	10.0	10	10
15.014649304918384	10.0	10	10
15.114746966951174	10.0	10	10
15.214844628983963	10.0	10	10
15.314942291016752	10.0	10	10
15.415039953049542	10.0	10	10
15.515137615082331	10.0	10	10
15.61523527711512	10.0	10	10
15.71533293914791	10.0	10	10
15.815430601180699	10.0	10	10
15.915528263213488	10.0	10	10
16.015625925246276	10.0	10	10
16.115723587279067	10.0	10	10
16.215821249311855	10.0	10	10
16.315918911344646	10.0	10	10
16.416016573377433	10.0	10	10
16.516114235410225	10.0	10	10
16.616211897443012	10.0	10	10
16.716309559475803	10.0	10	10
16.81640722150859	10.0	10	10
16.916504883541382	10.0	10	10
17.01660254557417	10.0	10	10
17.116700207606957	10.0	10	10
17.21679786963975	10.0	10	10
17.316895531672536	10.0	10	10
17.416993193705327	10.0	10	10
17.517090855738115	10.0	10	10
17.617188517770906	10.0	10	10
17.717286179803693	10.0	10	10
17.817383841836484	10.0	10	10
17.917481503869272	10.0	10	10
18.017579165902063	10.0	10	10
18.11767682793485	10.0	10	10
18.217774489967642	10.0	10	10
18.31787215200043	10.0	10	10
18.41796981403322	10.0	10	10
18.51806747606601	10.0	10	10
18.618165138098796	10.0	10	10
18.718262800131587	10.0	10	10
18.818360462164375	10.0	10	10
18.918458124197166	10.0	10	10
19.018555786229953	10.0	10	10
19.118653448262744	10.0	10	10
19.218751110295532	10.0	10	10
19.318848772328323	10.0	10	10
19.41894643436111	10.0	10	10
19.519044096393902	10.0	10	10
19.61914175842669	10.0	10	10
19.71923942045948	11.0	11	11
19.819337082492268	11.0	11	11
19.91943474452506	11.0	11	11
20.019532406557847	11.0	11	11
20.119630068590634	11.0	11	11
20.219727730623426	11.0	11	11
20.319825392656213	11.0	11	11
20.419923054689004	11.0	11	11
20.520020716721792	11.0	11	11
20.620118378754583	11.0	11	11
20.72021604078737	11.0	11	11
20.82031370282016	11.0	11	11
20.92041136485295	11.0	11	11
21.02050902688574	11.0	11	11
21.120606688918528	11.0	11	11
21.22070435095132	11.0	11	11
21.320802012984107	11.0	11	11
21.420899675016894	11.0	11	11
21.520997337049685	11.0	11	11
21.621094999082473	11.0	11	11
21.721192661115264	11.0	11	11
21.82129032314805	11.0	11	11
21.921387985180843	11.0	11	11
22.02148564721363	11.0	11	11
22.12158330924642	11.0	11	11
22.22168097127921	11.0	11	11
22.321778633312	11.0	11	11
22.421876295344788	11.0	11	11
22.52197395737758	11.0	11	11
22.622071619410367	11.0	11	11
22.722169281443158	11.0	11	11
22.822266943475945	11.0	11	11
22.922364605508733	11.0	11	11
23.022462267541524	11.0	11	11
23.12255992957431	11.0	11	11
23.222657591607103	11.0	11	11
23.32275525363989	11.0	11	11
23.42285291567268	11.0	11	11
23.52295057770547	11.0	11	11
23.62304823973826	11.0	11	11
23.723145901771048	11.0	11	11
23.82324356380384	11.0	11	11
23.923341225836626	11.0	11	11
24.023438887869418	11.0	11	11
24.123536549902205	11.0	11	11
24.223634211934993	11.0	11	11
24.323731873967784	11.0	11	11
24.42382953600057	11.0	11	11
24.523927198033363	11.0	11	11
24.62402486006615	11.0	11	11
24.72412252209894	11.0	11	11
24.82422018413173	11.0	11	11
24.92431784616452	11.0	11	11
25.024415508197308	11.0	11	11
25.1245131702301	11.0	11	11
25.224610832262886	11.0	11	11
25.324708494295677	11.0	11	11
25.424806156328465	11.0	11	11
25.524903818361256	11.0	11	11
25.625001480394044	11.0	11	11
25.72509914242683	11.0	11	11
25.825196804459623	11.0	11	11
25.92529446649241	11.0	11	11
26.0253921285252	11.0	11	11
26.12548979055799	11.0	11	11
26.22558745259078	11.0	11	11
26.325685114623568	11.0	11	11
26.42578277665636	11.0	11	11
26.525880438689146	11.0	11	11
26.625978100721937	11.0	11	11
26.726075762754725	11.0	11	11
26.826173424787516	11.0	11	11
26.926271086820304	11.0	11	11
27.026368748853095	11.0	11	11
27.126466410885882	11.0	11	11
27.22656407291867	11.0	11	11
27.32666173495146	11.0	11	11
27.42675939698425	11.0	11	11
27.52685705901704	11.0	11	11
27.626954721049827	11.0	11	11
27.72705238308262	11.0	11	11
27.827150045115406	11.0	11	11
27.927247707148197	11.0	11	11
28.027345369180985	11.0	11	11
28.127443031213776	11.0	11	11
28.227540693246564	11.0	11	11
28.327638355279355	11.0	11	11
28.427736017312142	11.0	11	11
28.52783367934493	11.0	11	11
28.62793134137772	11.0	11	11
28.72802900341051	11.0	11	11
28.8281266654433	11.0	11	11
28.928224327476087	11.0	11	11
29.02832198950888	11.0	11	11
29.128419651541666	12.0	12	12
29.228517313574457	12.0	12	12
29.328614975607245	12.0	12	12
29.428712637640036	12.0	12	12
29.528810299672823	12.0	12	12
29.628907961705615	12.0	12	12
29.729005623738402	12.0	12	12
29.829103285771193	12.0	12	12
29.92920094780398	12.0	12	12
30.02929860983677	12.0	12	12
30.12939627186956	12.0	12	12
30.229493933902347	12.0	12	12
30.32959159593514	12.0	12	12
30.429689257967926	12.0	12	12
30.529786920000717	12.0	12	12
30.629884582033505	12.0	12	12
30.729982244066296	12.0	12	12
30.830079906099083	12.0	12	12
30.930177568131874	12.0	12	12
31.030275230164662	12.0	12	12
31.130372892197453	12.0	12	12
31.23047055423024	12.0	12	12
31.33056821626303	12.0	12	12
31.43066587829582	12.0	12	12
31.530763540328607	12.0	12	12
31.630861202361398	12.0	12	12
31.730958864394186	12.0	12	12
31.831056526426977	12.0	12	12
31.931154188459764	12.0	12	12
32.03125185049255	12.0	12	12
32.13134951252535	12.0	12	12
32.231447174558134	12.0	12	12
32.33154483659092	12.0	12	12
32.43164249862371	12.0	12	12
32.531740160656504	12.0	12	12
32.63183782268929	12.0	12	12
32.73193548472208	12.0	12	12
32.83203314675487	12.0	12	12
32.932130808787655	12.0	12	12
33.03222847082045	12.0	12	12
33.13232613285324	12.0	12	12
33.232423794886024	12.0	12	12
33.33252145691881	12.0	12	12
33.43261911895161	12.0	12	12
33.532716780984394	13.0	13	13
33.63281444301718	13.0	13	13
33.73291210504997	13.0	13	13
33.833009767082764	13.0	13	13
33.93310742911555	13.0	13	13
34.03320509114834	13.0	13	13
34.13330275318113	13.0	13	13
34.233400415213914	13.0	13	13
34.33349807724671	13.0	13	13
34.4335957392795	13.0	13	13
34.533693401312284	13.0	13	13
34.63379106334507	13.0	13	13
34.73388872537787	13.0	13	13
34.833986387410654	13.0	13	13
34.93408404944344	13.0	13	13
35.03418171147623	13.0	13	13
35.134279373509024	13.0	13	13
35.23437703554181	13.0	13	13
35.3344746975746	13.0	13	13
35.43457235960739	13.0	13	13
35.53467002164018	13.0	13	13
35.63476768367297	13.0	13	13
35.73486534570576	13.0	13	13
35.834963007738544	13.0	13	13
35.93506066977133	14.0	14	14
36.035158331804126	14.0	14	14
36.135255993836914	14.0	14	14
36.2353536558697	14.0	14	14
36.33545131790249	14.0	14	14
36.435548979935284	14.0	14	14
36.53564664196807	14.0	14	14
36.63574430400086	14.0	14	14
36.73584196603365	14.0	14	14
36.83593962806644	14.0	14	14
36.93603729009923	14.0	14	14
37.03613495213202	15.0	15	15
37.136232614164804	15.0	15	15
37.23633027619759	15.0	15	15
37.336427938230386	16.0	16	16
37.436525600263174	16.0	16	16
37.53662326229596	16.0	16	16
37.63672092432875	16.0	16	16
37.736818586361544	16.0	16	16
37.83691624839433	16.0	16	16
37.93701391042712	16.0	16	16
38.03711157245991	16.0	16	16
38.1372092344927	16.0	16	16
38.23730689652549	16.0	16	16
38.337404558558276	16.0	16	16
38.437502220591064	16.0	16	16
38.53759988262385	16.0	16	16
38.637697544656646	16.0	16	16
38.737795206689434	16.0	16	16
38.83789286872222	16.0	16	16
38.93799053075501	16.0	16	16
39.038088192787804	16.0	16	16
39.13818585482059	16.0	16	16
39.23828351685338	16.0	16	16
39.338381178886166	16.0	16	16
39.43847884091896	16.0	16	16
39.53857650295175	16.0	16	16
39.638674164984536	16.0	16	16
39.738771827017324	16.0	16	16
39.83886948905012	16.0	16	16
39.938967151082906	16.0	16	16
40.039064813115694	16.0	16	16
40.13916247514848	16.0	16	16
40.23926013718127	16.0	16	16
40.33935779921406	16.0	16	16
40.43945546124685	16.0	16	16
40.53955312327964	16.0	16	16
40.639650785312426	16.0	16	16
40.73974844734522	16.0	16	16
40.83984610937801	16.0	16	16
40.939943771410796	16.0	16	16
41.040041433443584	16.0	16	16
41.14013909547638	16.0	16	16
41.240236757509166	16.0	16	16
41.34033441954195	16.0	16	16
41.44043208157474	16.0	16	16
41.54052974360753	16.0	16	16
41.64062740564032	16.0	16	16
41.74072506767311	16.0	16	16
41.8408227297059	16.0	16	16
41.940920391738686	16.0	16	16
42.04101805377148	16.0	16	16
42.14111571580427	16.0	16	16
42.241213377837056	16.0	16	16
42.341311039869844	16.0	16	16
42.44140870190264	16.0	16	16
42.541506363935426	16.0	16	16
42.64160402596821	17.0	17	17
42.741701688001	17.0	17	17
42.84179935003379	17.0	17	17
42.94189701206658	17.0	17	17
43.04199467409937	17.0	17	17
43.14209233613216	17.0	17	17
43.242189998164946	17.0	17	17
43.34228766019774	17.0	17	17
43.44238532223053	17.0	17	17
43.542482984263316	17.0	17	17
43.6425806462961	17.0	17	17
43.7426783083289	17.0	17	17
43.842775970361686	17.0	17	17
43.94287363239447	17.0	17	17
44.04297129442726	17.0	17	17
44.14306895646005	18.0	18	18
44.24316661849284	18.0	18	18
44.34326428052563	18.0	18	18
44.44336194255842	18.0	18	18
44.543459604591206	18.0	18	18
44.643557266624	18.0	18	18
44.74365492865679	18.0	18	18
44.843752590689576	17.0	17	17
44.94385025272236	17.0	17	17
45.04394791475516	17.0	17	17
45.144045576787946	17.0	17	17
45.24414323882073	17.0	17	17
45.34424090085352	17.0	17	17
45.444338562886315	17.0	17	17
45.5444362249191	17.0	17	17
45.64453388695189	17.0	17	17
45.74463154898468	17.0	17	17
45.844729211017466	17.0	17	17
45.94482687305026	16.0	16	16
46.04492453508305	16.0	16	16
46.145022197115836	16.0	16	16
46.24511985914862	15.0	15	15
46.34521752118142	15.0	15	15
46.445315183214205	15.0	15	15
46.54541284524699	15.0	15	15
46.64551050727978	15.0	15	15
46.745608169312575	15.0	15	15
46.84570583134536	15.0	15	15
46.94580349337815	14.0	14	14
47.04590115541094	14.0	14	14
47.145998817443726	14.0	14	14
47.24609647947652	14.0	14	14
47.34619414150931	14.0	14	14
47.446291803542096	14.0	14	14
47.54638946557488	14.0	14	14
47.64648712760768	14.0	14	14
47.746584789640465	14.0	14	14
47.84668245167325	14.0	14	14
47.94678011370604	15.0	15	15
48.046877775738835	15.0	15	15
48.14697543777162	15.0	15	15
48.24707309980441	15.0	15	15
48.3471707618372	15.0	15	15
48.447268423869986	15.0	15	15
48.54736608590278	16.0	16	16
48.64746374793557	16.0	16	16
48.747561409968355	16.0	16	16
48.84765907200114	16.0	16	16
48.94775673403394	16.0	16	16
49.047854396066725	16.0	16	16
49.14795205809951	15.0	15	15
49.2480497201323	15.0	15	15
49.348147382165095	15.0	15	15
49.44824504419788	15.0	15	15
49.54834270623067	15.0	15	15
49.64844036826346	15.0	15	15
49.74853803029625	15.0	15	15
49.84863569232904	15.0	15	15
49.94873335436183	15.0	15	15
50.048831016394615	15.0	15	15
50.1489286784274	15.0	15	15
50.2490263404602	15.0	15	15
50.349124002492985	15.0	15	15
50.44922166452577	15.0	15	15
50.54931932655856	15.0	15	15
50.649416988591355	15.0	15	15
50.74951465062414	15.0	15	15
50.84961231265693	15.0	15	15
50.94970997468972	15.0	15	15
51.04980763672251	16.0	16	16
51.1499052987553	16.0	16	16
51.25000296078809	16.0	16	16
51.350100622820875	16.0	16	16
51.45019828485366	16.0	16	16
51.55029594688646	16.0	16	16
51.650393608919245	16.0	16	16
51.75049127095203	16.0	16	16
51.85058893298482	16.0	16	16
51.950686595017615	16.0	16	16
52.0507842570504	16.0	16	16
52.15088191908319	16.0	16	16
52.25097958111598	16.0	16	16
52.35107724314877	16.0	16	16
52.45117490518156	16.0	16	16
52.55127256721435	16.0	16	16
52.651370229247135	16.0	16	16
52.75146789127992	16.0	16	16
52.85156555331272	16.0	16	16
52.951663215345505	16.0	16	16
53.05176087737829	16.0	16	16
53.15185853941108	16.0	16	16
53.251956201443875	16.0	16	16
53.35205386347666	16.0	16	16
53.45215152550945	16.0	16	16
53.55224918754224	16.0	16	16
53.65234684957503	16.0	16	16
53.75244451160782	16.0	16	16
53.85254217364061	16.0	16	16
53.952639835673395	16.0	16	16
54.05273749770619	16.0	16	16
54.15283515973898	16.0	16	16
54.252932821771765	16.0	16	16
54.35303048380455	16.0	16	16
54.45312814583734	16.0	16	16
54.553225807870135	16.0	16	16
54.65332346990292	16.0	16	16
54.75342113193571	15.0	15	15
54.8535187939685	15.0	15	15
54.95361645600129	15.0	15	15
55.05371411803408	15.0	15	15
55.15381178006687	15.0	15	15
55.253909442099655	15.0	15	15
55.35400710413245	15.0	15	15
55.45410476616524	15.0	15	15
55.554202428198025	15.0	15	15
55.65430009023081	15.0	15	15
55.7543977522636	15.0	15	15
55.854495414296395	14.0	14	14
55.95459307632918	14.0	14	14
56.05469073836197	14.0	14	14
56.15478840039476	14.0	14	14
56.25488606242755	14.0	14	14
56.35498372446034	14.0	14	14
56.45508138649313	14.0	14	14
56.555179048525915	14.0	14	14
56.65527671055871	14.0	14	14
56.7553743725915	14.0	14	14
56.855472034624285	13.0	13	13
56.95556969665707	13.0	13	13
57.05566735868986	13.0	13	13
57.155765020722654	13.0	13	13
57.25586268275544	13.0	13	13
57.35596034478823	13.0	13	13
57.45605800682102	13.0	13	13
57.55615566885381	13.0	13	13
57.6562533308866	13.0	13	13
57.75635099291939	13.0	13	13
57.856448654952175	13.0	13	13
57.95654631698497	12.0	12	12
58.05664397901776	12.0	12	12
58.156741641050544	12.0	12	12
58.25683930308333	12.0	12	12
58.35693696511613	12.0	12	12
58.457034627148914	12.0	12	12
58.5571322891817	12.0	12	12
58.65722995121449	11.0	11	11
58.75732761324728	11.0	11	11
58.85742527528007	10.0	10	10
58.95752293731286	10.0	10	10
59.05762059934565	10.0	10	10
59.157718261378434	10.0	10	10
59.25781592341123	10.0	10	10
59.35791358544402	10.0	10	10
59.458011247476804	10.0	10	10
59.55810890950959	10.0	10	10
59.65820657154239	10.0	10	10
59.758304233575174	10.0	10	10
59.85840189560796	10.0	10	10
59.95849955764075	10.0	10	10
60.05859721967354	9.0	9	9
60.15869488170633	9.0	9	9
60.25879254373912	9.0	9	9
60.35889020577191	9.0	9	9
60.458987867804694	9.0	9	9
60.55908552983749	9.0	9	9
60.65918319187028	9.0	9	9
60.759280853903064	9.0	9	9
60.85937851593585	9.0	9	9
60.95947617796865	9.0	9	9
61.059573840001434	9.0	9	9
61.15967150203422	9.0	9	9
61.25976916406701	9.0	9	9
61.3598668260998	9.0	9	9
61.45996448813259	9.0	9	9
61.56006215016538	9.0	9	9
61.66015981219817	9.0	9	9
61.760257474230954	9.0	9	9
61.86035513626375	9.0	9	9
61.96045279829654	9.0	9	9
62.060550460329324	10.0	10	10
62.16064812236211	10.0	10	10
62.260745784394906	10.0	10	10
62.360843446427694	10.0	10	10
62.46094110846048	10.0	10	10
62.56103877049327	10.0	10	10
62.66113643252606	10.0	10	10
62.76123409455885	10.0	10	10
62.86133175659164	10.0	10	10
62.96142941862443	10.0	10	10
63.061527080657214	10.0	10	10
63.16162474269001	10.0	10	10
63.261722404722796	10.0	10	10
63.361820066755584	10.0	10	10
63.46191772878837	10.0	10	10
63.562015390821166	10.0	10	10
63.662113052853954	10.0	10	10
63.76221071488674	10.0	10	10
63.86230837691953	9.0	9	9
63.962406038952324	9.0	9	9
64.0625037009851	9.0	9	9
64.1626013630179	9.0	9	9
64.2626990250507	9.0	9	9
64.36279668708347	9.0	9	9
64.46289434911627	9.0	9	9
64.56299201114905	9.0	9	9
64.66308967318184	9.0	9	9
64.76318733521464	9.0	9	9
64.86328499724742	9.0	9	9
64.96338265928021	9.0	9	9
65.06348032131301	9.0	9	9
65.16357798334579	9.0	9	9
65.26367564537858	10.0	10	10
65.36377330741136	10.0	10	10
65.46387096944416	11.0	11	11
65.56396863147695	11.0	11	11
65.66406629350973	11.0	11	11
65.76416395554253	11.0	11	11
65.86426161757531	11.0	11	11
65.9643592796081	12.0	12	12
66.0644569416409	12.0	12	12
66.16455460367368	12.0	12	12
66.26465226570647	12.0	12	12
66.36474992773927	12.0	12	12
66.46484758977205	12.0	12	12
66.56494525180484	12.0	12	12
66.66504291383762	11.0	11	11
66.76514057587042	10.0	10	10
66.86523823790321	10.0	10	10
66.965335899936	10.0	10	10
67.06543356196879	10.0	10	10
67.16553122400157	10.0	10	10
67.26562888603436	10.0	10	10
67.36572654806716	11.0	11	11
67.46582421009994	11.0	11	11
67.56592187213273	11.0	11	11
67.66601953416553	11.0	11	11
67.76611719619831	11.0	11	11
67.8662148582311	11.0	11	11
67.96631252026388	12.0	12	12
68.06641018229668	12.0	12	12
68.16650784432947	12.0	12	12
68.26660550636225	12.0	12	12
68.36670316839505	12.0	12	12
68.46680083042783	12.0	12	12
68.56689849246062	12.0	12	12
68.66699615449342	12.0	12	12
68.7670938165262	12.0	12	12
68.867191478559	12.0	12	12
68.96728914059179	12.0	12	12
69.06738680262457	12.0	12	12
69.16748446465736	12.0	12	12
69.26758212669014	12.0	12	12
69.36767978872294	12.0	12	12
69.46777745075573	12.0	12	12
69.56787511278851	12.0	12	12
69.66797277482131	12.0	12	12
69.76807043685409	12.0	12	12
69.86816809888688	12.0	12	12
69.96826576091968	12.0	12	12
70.06836342295246	11.0	11	11
70.16846108498525	11.0	11	11
70.26855874701805	11.0	11	11
70.36865640905083	11.0	11	11
70.46875407108362	11.0	11	11
70.5688517331164	11.0	11	11
70.6689493951492	11.0	11	11
70.769047057182	11.0	11	11
70.86914471921477	11.0	11	11
70.96924238124757	11.0	11	11
71.06934004328036	12.0	12	12
71.16943770531314	12.0	12	12
71.26953536734594	12.0	12	12
71.36963302937872	12.0	12	12
71.46973069141151	12.0	12	12
71.56982835344431	12.0	12	12
71.66992601547709	12.0	12	12
71.77002367750988	12.0	12	12
71.87012133954266	13.0	13	13
71.97021900157546	13.0	13	13
72.07031666360825	13.0	13	13
72.17041432564103	13.0	13	13
72.27051198767383	13.0	13	13
72.37060964970662	13.0	13	13
72.4707073117394	13.0	13	13
72.5708049737722	13.0	13	13
72.67090263580498	13.0	13	13
72.77100029783777	13.0	13	13
72.87109795987057	13.0	13	13
72.97119562190335	13.0	13	13
73.07129328393614	12.0	12	12
73.17139094596892	12.0	12	12
73.27148860800172	12.0	12	12
73.37158627003451	12.0	12	12
73.4716839320673	12.0	12	12
73.57178159410009	12.0	12	12
73.67187925613288	12.0	12	12
73.77197691816566	12.0	12	12
73.87207458019846	12.0	12	12
73.97217224223124	12.0	12	12
74.07226990426403	12.0	12	12
74.17236756629683	12.0	12	12
74.27246522832961	12.0	12	12
74.3725628903624	12.0	12	12
74.47266055239518	12.0	12	12
74.57275821442798	12.0	12	12
74.67285587646077	12.0	12	12
74.77295353849355	12.0	12	12
74.87305120052635	11.0	11	11
74.97314886255914	11.0	11	11
75.07324652459192	11.0	11	11
75.17334418662472	11.0	11	11
75.2734418486575	10.0	10	10
75.37353951069029	10.0	10	10
75.47363717272309	10.0	10	10
75.57373483475587	10.0	10	10
75.67383249678866	10.0	10	10
75.77393015882144	10.0	10	10
75.87402782085424	10.0	10	10
75.97412548288703	10.0	10	10
76.07422314491981	10.0	10	10
76.17432080695261	10.0	10	10
76.2744184689854	10.0	10	10
76.37451613101818	10.0	10	10
76.47461379305098	10.0	10	10
76.57471145508376	10.0	10	10
76.67480911711655	10.0	10	10
76.77490677914935	10.0	10	10
76.87500444118213	10.0	10	10
76.97510210321492	10.0	10	10
77.0751997652477	9.0	9	9
77.1752974272805	9.0	9	9
77.27539508931329	9.0	9	9
77.37549275134607	9.0	9	9
77.47559041337887	9.0	9	9
77.57568807541166	9.0	9	9
77.67578573744444	9.0	9	9
77.77588339947724	9.0	9	9
77.87598106151002	9.0	9	9
77.97607872354281	9.0	9	9
78.07617638557561	9.0	9	9
78.17627404760839	9.0	9	9
78.27637170964118	9.0	9	9
78.37646937167396	9.0	9	9
78.47656703370676	9.0	9	9
78.57666469573955	9.0	9	9
78.67676235777233	9.0	9	9
78.77686001980513	9.0	9	9
78.87695768183792	9.0	9	9
78.9770553438707	9.0	9	9
79.0771530059035	9.0	9	9
79.17725066793628	9.0	9	9
79.27734832996907	9.0	9	9
79.37744599200187	9.0	9	9
79.47754365403465	10.0	10	10
79.57764131606744	10.0	10	10
79.67773897810024	10.0	10	10
79.77783664013302	10.0	10	10
79.87793430216581	10.0	10	10
79.97803196419859	10.0	10	10
80.07812962623139	10.0	10	10
80.17822728826418	10.0	10	10
80.27832495029696	10.0	10	10
80.37842261232976	11.0	11	11
80.47852027436254	11.0	11	11
80.57861793639533	11.0	11	11
80.67871559842813	11.0	11	11
80.77881326046091	11.0	11	11
80.8789109224937	11.0	11	11
80.9790085845265	11.0	11	11
81.07910624655928	11.0	11	11
81.17920390859207	11.0	11	11
81.27930157062485	11.0	11	11
81.37939923265765	11.0	11	11
81.47949689469044	11.0	11	11
81.57959455672322	11.0	11	11
81.67969221875602	11.0	11	11
81.7797898807888	11.0	11	11
81.87988754282159	11.0	11	11
81.97998520485439	11.0	11	11
82.08008286688717	11.0	11	11
82.18018052891996	11.0	11	11
82.28027819095276	11.0	11	11
82.38037585298554	11.0	11	11
82.48047351501833	11.0	11	11
82.58057117705111	11.0	11	11
82.6806688390839	11.0	11	11
82.7807665011167	11.0	11	11
82.88086416314948	11.0	11	11
82.98096182518228	11.0	11	11
83.08105948721506	11.0	11	11
83.18115714924785	11.0	11	11
83.28125481128065	11.0	11	11
83.38135247331343	11.0	11	11
83.48145013534622	11.0	11	11
83.58154779737902	11.0	11	11
83.6816454594118	12.0	12	12
83.78174312144459	12.0	12	12
83.88184078347737	12.0	12	12
83.98193844551017	12.0	12	12
84.08203610754296	12.0	12	12
84.18213376957574	11.0	11	11
84.28223143160854	11.0	11	11
84.38232909364132	11.0	11	11
84.48242675567411	11.0	11	11
84.5825244177069	11.0	11	11
84.68262207973969	11.0	11	11
84.78271974177248	11.0	11	11
84.88281740380528	11.0	11	11
84.98291506583806	11.0	11	11
85.08301272787085	11.0	11	11
85.18311038990363	11.0	11	11
85.28320805193643	10.0	10	10
85.38330571396922	10.0	10	10
85.483403376002	10.0	10	10
85.5835010380348	10.0	10	10
85.68359870006758	10.0	10	10
85.78369636210037	10.0	10	10
85.88379402413317	10.0	10	10
85.98389168616595	10.0	10	10
86.08398934819874	10.0	10	10
86.18408701023154	10.0	10	10
86.28418467226432	10.0	10	10
86.38428233429711	10.0	10	10
86.48437999632989	10.0	10	10
86.58447765836269	10.0	10	10
86.68457532039548	10.0	10	10
86.78467298242826	10.0	10	10
86.88477064446106	10.0	10	10
86.98486830649384	10.0	10	10
87.08496596852663	10.0	10	10
87.18506363055943	10.0	10	10
87.2851612925922	10.0	10	10
87.385258954625	10.0	10	10
87.4853566166578	10.0	10	10
87.58545427869058	10.0	10	10
87.68555194072337	10.0	10	10
87.78564960275615	10.0	10	10
87.88574726478895	10.0	10	10
87.98584492682174	10.0	10	10
88.08594258885452	10.0	10	10
88.18604025088732	10.0	10	10
88.2861379129201	10.0	10	10
88.38623557495289	10.0	10	10
88.48633323698569	9.0	9	9
88.58643089901847	9.0	9	9
88.68652856105126	9.0	9	9
88.78662622308406	9.0	9	9
88.88672388511684	9.0	9	9
88.98682154714963	9.0	9	9
89.08691920918241	9.0	9	9
89.1870168712152	9.0	9	9
89.287114533248	9.0	9	9
89.38721219528078	9.0	9	9
89.48730985731358	9.0	9	9
89.58740751934637	9.0	9	9
89.68750518137915	9.0	9	9
89.78760284341195	9.0	9	9
89.88770050544473	9.0	9	9
89.98779816747752	9.0	9	9
90.08789582951032	9.0	9	9
90.1879934915431	9.0	9	9
90.28809115357589	9.0	9	9
90.38818881560867	9.0	9	9
90.48828647764147	9.0	9	9
90.58838413967426	9.0	9	9
90.68848180170704	9.0	9	9
90.78857946373984	9.0	9	9
90.88867712577263	9.0	9	9
90.98877478780541	9.0	9	9
91.0888724498382	9.0	9	9
91.18897011187099	9.0	9	9
91.28906777390378	9.0	9	9
91.38916543593658	9.0	9	9
91.48926309796936	9.0	9	9
91.58936076000215	9.0	9	9
91.68945842203493	9.0	9	9
91.78955608406773	9.0	9	9
91.88965374610052	9.0	9	9
91.9897514081333	9.0	9	9
92.0898490701661	9.0	9	9
92.18994673219889	9.0	9	9
92.29004439423167	9.0	9	9
92.39014205626447	9.0	9	9
92.49023971829725	9.0	9	9
92.59033738033004	9.0	9	9
92.69043504236284	9.0	9	9
92.79053270439562	9.0	9	9
92.89063036642841	9.0	9	9
92.99072802846119	9.0	9	9
93.09082569049399	9.0	9	9
93.19092335252678	9.0	9	9
93.29102101455956	9.0	9	9
93.39111867659236	9.0	9	9
93.49121633862515	9.0	9	9
93.59131400065793	9.0	9	9
93.69141166269073	9.0	9	9
93.7915093247235	9.0	9	9
93.8916069867563	9.0	9	9
93.9917046487891	9.0	9	9
94.09180231082188	9.0	9	9
94.19189997285467	9.0	9	9
94.29199763488745	9.0	9	9
94.39209529692025	9.0	9	9
94.49219295895304	9.0	9	9
94.59229062098582	10.0	10	10
94.69238828301862	10.0	10	10
94.79248594505141	10.0	10	10
94.89258360708419	10.0	10	10
94.99268126911699	10.0	10	10
95.09277893114977	10.0	10	10
95.19287659318256	10.0	10	10
95.29297425521536	10.0	10	10
95.39307191724814	10.0	10	10
95.49316957928093	10.0	10	10
95.59326724131371	10.0	10	10
95.6933649033465	10.0	10	10
95.7934625653793	10.0	10	10
95.89356022741208	10.0	10	10
95.99365788944488	10.0	10	10
96.09375555147767	10.0	10	10
96.19385321351045	10.0	10	10
96.29395087554325	10.0	10	10
96.39404853757603	10.0	10	10
96.49414619960882	10.0	10	10
96.59424386164162	11.0	11	11
96.6943415236744	11.0	11	11
96.79443918570719	11.0	11	11
96.89453684773997	11.0	11	11
96.99463450977277	11.0	11	11
97.09473217180556	11.0	11	11
97.19482983383834	11.0	11	11
97.29492749587114	11.0	11	11
97.39502515790393	11.0	11	11
97.49512281993671	11.0	11	11
97.5952204819695	11.0	11	11
97.69531814400229	11.0	11	11
97.79541580603508	11.0	11	11
97.89551346806788	11.0	11	11
97.99561113010066	11.0	11	11
98.09570879213345	11.0	11	11
98.19580645416625	11.0	11	11
98.29590411619903	11.0	11	11
98.39600177823182	12.0	12	12
98.4960994402646	12.0	12	12
98.5961971022974	12.0	12	12
98.69629476433019	12.0	12	12
98.79639242636297	12.0	12	12
98.89649008839577	12.0	12	12
98.99658775042855	12.0	12	12
99.09668541246134	12.0	12	12
99.19678307449414	12.0	12	12
99.29688073652692	12.0	12	12
99.39697839855971	12.0	12	12
99.4970760605925	12.0	12	12
99.59717372262529	12.0	12	12
99.69727138465808	12.0	12	12
99.79736904669086	12.0	12	12
99.89746670872366	12.0	12	12
99.99756437075645	12.0	12	12
100.09766203278923	12.0	12	12
100.19775969482203	12.0	12	12
100.2978573568548	12.0	12	12
100.3979550188876	12.0	12	12
100.4980526809204	12.0	12	12
100.59815034295318	12.0	12	12
100.69824800498597	12.0	12	12
100.79834566701876	12.0	12	12
100.89844332905155	12.0	12	12
100.99854099108434	12.0	12	12
101.09863865311712	12.0	12	12
101.19873631514992	12.0	12	12
101.29883397718271	12.0	12	12
101.39893163921549	12.0	12	12
101.49902930124829	12.0	12	12
101.59912696328107	12.0	12	12
101.69922462531386	12.0	12	12
101.79932228734666	12.0	12	12
101.89941994937944	12.0	12	12
101.99951761141223	12.0	12	12
102.09961527344502	12.0	12	12
102.1997129354778	12.0	12	12
102.2998105975106	12.0	12	12
102.39990825954338	12.0	12	12
102.50000592157618	12.0	12	12
102.60010358360897	12.0	12	12
102.70020124564175	12.0	12	12
102.80029890767455	12.0	12	12
102.90039656970733	12.0	12	12
103.00049423174012	12.0	12	12
103.10059189377291	12.0	12	12
103.2006895558057	12.0	12	12
103.30078721783849	12.0	12	12
103.40088487987128	12.0	12	12
103.50098254190407	12.0	12	12
103.60108020393686	12.0	12	12
103.70117786596964	12.0	12	12
103.80127552800244	12.0	12	12
103.90137319003523	12.0	12	12
104.00147085206801	12.0	12	12
104.1015685141008	12.0	12	12
104.20166617613359	12.0	12	12
104.30176383816638	12.0	12	12
104.40186150019917	12.0	12	12
104.50195916223196	12.0	12	12
104.60205682426475	12.0	12	12
104.70215448629754	12.0	12	12
104.80225214833033	12.0	12	12
104.90234981036312	12.0	12	12
105.0024474723959	12.0	12	12
105.1025451344287	12.0	12	12
105.20264279646149	12.0	12	12
105.30274045849427	12.0	12	12
105.40283812052706	12.0	12	12
105.50293578255985	12.0	12	12
105.60303344459264	12.0	12	12
105.70313110662543	12.0	12	12
105.80322876865822	11.0	11	11
105.90332643069101	11.0	11	11
106.0034240927238	11.0	11	11
106.10352175475658	11.0	11	11
106.20361941678938	11.0	11	11
106.30371707882216	11.0	11	11
106.40381474085495	11.0	11	11
106.50391240288775	11.0	11	11
106.60401006492053	11.0	11	11
106.70410772695332	11.0	11	11
106.8042053889861	11.0	11	11
106.9043030510189	11.0	11	11
107.0044007130517	11.0	11	11
107.10449837508448	11.0	11	11
107.20459603711727	11.0	11	11
107.30469369915006	11.0	11	11
107.40479136118284	11.0	11	11
107.50488902321564	11.0	11	11
107.60498668524842	11.0	11	11
107.70508434728121	11.0	11	11
107.80518200931401	11.0	11	11
107.90527967134679	11.0	11	11
108.00537733337958	11.0	11	11
108.10547499541238	11.0	11	11
108.20557265744516	11.0	11	11
108.30567031947795	11.0	11	11
108.40576798151073	11.0	11	11
108.50586564354353	11.0	11	11
108.60596330557632	11.0	11	11
108.7060609676091	11.0	11	11
108.8061586296419	11.0	11	11
108.90625629167468	11.0	11	11
109.00635395370747	11.0	11	11
109.10645161574027	11.0	11	11
109.20654927777305	11.0	11	11
109.30664693980584	11.0	11	11
109.40674460183864	11.0	11	11
109.50684226387142	11.0	11	11
109.60693992590421	10.0	10	10
109.707037587937	10.0	10	10
109.80713524996979	10.0	10	10
109.90723291200258	10.0	10	10
110.00733057403536	10.0	10	10
110.10742823606816	10.0	10	10
110.20752589810094	10.0	10	10
110.30762356013373	10.0	10	10
110.40772122216653	10.0	10	10
110.50781888419931	10.0	10	10
110.6079165462321	10.0	10	10
110.7080142082649	10.0	10	10
110.80811187029768	10.0	10	10
110.90820953233047	10.0	10	10
111.00830719436325	10.0	10	10
111.10840485639605	11.0	11	11
111.20850251842884	11.0	11	11
111.30860018046162	11.0	11	11
111.40869784249442	11.0	11	11
111.5087955045272	11.0	11	11
111.60889316656	11.0	11	11
111.70899082859279	11.0	11	11
111.80908849062557	12.0	12	12
111.90918615265836	12.0	12	12
112.00928381469116	12.0	12	12
112.10938147672394	12.0	12	12
112.20947913875673	12.0	12	12
112.30957680078951	12.0	12	12
112.40967446282231	12.0	12	12
112.5097721248551	12.0	12	12
112.60986978688788	12.0	12	12
112.70996744892068	11.0	11	11
112.81006511095346	11.0	11	11
112.91016277298625	11.0	11	11
113.01026043501905	11.0	11	11
113.11035809705183	11.0	11	11
113.21045575908462	11.0	11	11
113.31055342111742	11.0	11	11
113.4106510831502	11.0	11	11
113.510748745183	11.0	11	11
113.61084640721577	11.0	11	11
113.71094406924857	11.0	11	11
113.81104173128136	11.0	11	11
113.91113939331414	11.0	11	11
114.01123705534694	11.0	11	11
114.11133471737972	11.0	11	11
114.21143237941251	11.0	11	11
114.31153004144531	11.0	11	11
114.41162770347809	11.0	11	11
114.51172536551088	11.0	11	11
114.61182302754368	11.0	11	11
114.71192068957646	11.0	11	11
114.81201835160925	11.0	11	11
114.91211601364203	11.0	11	11
115.01221367567483	11.0	11	11
115.11231133770762	11.0	11	11
115.2124089997404	11.0	11	11
115.3125066617732	11.0	11	11
115.41260432380598	11.0	11	11
115.51270198583877	11.0	11	11
115.61279964787157	11.0	11	11
115.71289730990435	11.0	11	11
115.81299497193714	11.0	11	11
115.91309263396994	11.0	11	11
116.01319029600272	11.0	11	11
116.11328795803551	11.0	11	11
116.2133856200683	11.0	11	11
116.31348328210109	11.0	11	11
116.41358094413388	11.0	11	11
116.51367860616666	11.0	11	11
116.61377626819946	11.0	11	11
116.71387393023225	11.0	11	11
116.81397159226503	11.0	11	11
116.91406925429783	11.0	11	11
117.01416691633061	11.0	11	11
117.1142645783634	11.0	11	11
117.2143622403962	11.0	11	11
117.31445990242898	11.0	11	11
117.41455756446177	11.0	11	11
117.51465522649455	11.0	11	11
117.61475288852735	11.0	11	11
117.71485055056014	11.0	11	11
117.81494821259292	11.0	11	11
117.91504587462572	11.0	11	11
118.01514353665851	11.0	11	11
118.1152411986913	11.0	11	11
118.21533886072409	11.0	11	11
118.31543652275687	11.0	11	11
118.41553418478966	11.0	11	11
118.51563184682246	11.0	11	11
118.61572950885524	11.0	11	11
118.71582717088803	11.0	11	11
118.81592483292081	11.0	11	11
118.91602249495361	11.0	11	11
119.0161201569864	11.0	11	11
119.11621781901918	11.0	11	11
119.21631548105198	11.0	11	11
119.31641314308477	11.0	11	11
119.41651080511755	10.0	10	10
119.51660846715035	10.0	10	10
119.61670612918313	10.0	10	10
119.71680379121592	10.0	10	10
119.81690145324872	10.0	10	10
119.9169991152815	10.0	10	10
120.0170967773143	10.0	10	10
120.11719443934707	10.0	10	10
120.21729210137987	10.0	10	10
120.31738976341266	10.0	10	10
120.41748742544544	10.0	10	10
120.51758508747824	10.0	10	10
120.61768274951103	10.0	10	10
120.71778041154381	10.0	10	10
120.81787807357661	10.0	10	10
120.91797573560939	10.0	10	10
121.01807339764218	10.0	10	10
121.11817105967498	10.0	10	10
121.21826872170776	10.0	10	10
121.31836638374055	10.0	10	10
121.41846404577333	10.0	10	10
121.51856170780613	10.0	10	10
121.61865936983892	9.0	9	9
121.7187570318717	9.0	9	9
121.8188546939045	9.0	9	9
121.9189523559373	9.0	9	9
122.01905001797007	9.0	9	9
122.11914768000287	9.0	9	9
122.21924534203565	9.0	9	9
122.31934300406844	9.0	9	9
122.41944066610124	9.0	9	9
122.51953832813402	10.0	10	10
122.61963599016681	9.0	9	9
122.7197336521996	9.0	9	9
122.81983131423239	9.0	9	9
122.91992897626518	9.0	9	9
123.02002663829796	9.0	9	9
123.12012430033076	9.0	9	9
123.22022196236355	9.0	9	9
123.32031962439633	9.0	9	9
123.42041728642913	9.0	9	9
123.52051494846191	9.0	9	9
123.6206126104947	9.0	9	9
123.7207102725275	9.0	9	9
123.82080793456028	9.0	9	9
123.92090559659307	9.0	9	9
124.02100325862585	9.0	9	9
124.12110092065865	9.0	9	9
124.22119858269144	9.0	9	9
124.32129624472422	9.0	9	9
124.42139390675702	9.0	9	9
124.52149156878981	9.0	9	9
124.6215892308226	9.0	9	9
124.72168689285539	9.0	9	9
124.82178455488817	9.0	9	9
124.92188221692096	9.0	9	9
125.02197987895376	9.0	9	9
125.12207754098654	9.0	9	9
125.22217520301933	9.0	9	9
125.32227286505211	9.0	9	9
125.42237052708491	9.0	9	9
125.5224681891177	9.0	9	9
125.62256585115048	9.0	9	9
125.72266351318328	9.0	9	9
125.82276117521607	9.0	9	9
125.92285883724885	9.0	9	9
126.02295649928165	9.0	9	9
126.12305416131443	9.0	9	9
126.22315182334722	9.0	9	9
126.32324948538002	9.0	9	9
126.4233471474128	9.0	9	9
126.52344480944559	9.0	9	9
126.62354247147839	9.0	9	9
126.72364013351117	9.0	9	9
126.82373779554396	9.0	9	9
126.92383545757674	9.0	9	9
127.02393311960954	9.0	9	9
127.12403078164233	9.0	9	9
127.22412844367511	9.0	9	9
127.32422610570791	9.0	9	9
127.42432376774069	9.0	9	9
127.52442142977348	9.0	9	9
127.62451909180628	9.0	9	9
127.72461675383906	9.0	9	9
127.82471441587185	9.0	9	9
127.92481207790465	9.0	9	9
128.02490973993744	9.0	9	9
128.1250074019702	9.0	9	9
128.225105064003	9.0	9	9
128.3252027260358	9.0	9	9
128.4253003880686	9.0	9	9
128.5253980501014	9.0	9	9
128.62549571213415	9.0	9	9
128.72559337416695	9.0	9	9
128.82569103619974	9.0	9	9
128.92578869823254	8.0	8	8
129.02588636026533	8.0	8	8
129.1259840222981	8.0	8	8
129.2260816843309	8.0	8	8
129.3261793463637	8.0	8	8
129.42627700839648	8.0	8	8
129.52637467042928	8.0	8	8
129.62647233246204	8.0	8	8
129.72656999449484	8.0	8	8
129.82666765652763	8.0	8	8
129.92676531856043	8.0	8	8
130.02686298059322	8.0	8	8
130.12696064262602	8.0	8	8
130.22705830465878	8.0	8	8
130.32715596669158	8.0	8	8
130.42725362872437	8.0	8	8
130.52735129075717	8.0	8	8
130.62744895278996	8.0	8	8
130.72754661482273	8.0	8	8
130.82764427685552	8.0	8	8
130.92774193888832	8.0	8	8
131.0278396009211	8.0	8	8
131.1279372629539	8.0	8	8
131.22803492498667	8.0	8	8
131.32813258701947	8.0	8	8
131.42823024905226	8.0	8	8
131.52832791108506	8.0	8	8
131.62842557311785	8.0	8	8
131.72852323515062	8.0	8	8
131.8286208971834	8.0	8	8
131.9287185592162	8.0	8	8
132.028816221249	8.0	8	8
132.1289138832818	8.0	8	8
132.2290115453146	8.0	8	8
132.32910920734736	8.0	8	8
132.42920686938015	8.0	8	8
132.52930453141295	8.0	8	8
132.62940219344574	8.0	8	8
132.72949985547854	8.0	8	8
132.8295975175113	8.0	8	8
132.9296951795441	8.0	8	8
133.0297928415769	8.0	8	8
133.1298905036097	8.0	8	8
133.22998816564248	8.0	8	8
133.33008582767525	8.0	8	8
133.43018348970804	8.0	8	8
133.53028115174084	8.0	8	8
133.63037881377363	8.0	8	8
133.73047647580643	9.0	9	9
133.8305741378392	9.0	9	9
133.930671799872	9.0	9	9
134.03076946190478	9.0	9	9
134.13086712393758	9.0	9	9
134.23096478597037	11.0	11	11
134.33106244800314	11.0	11	11
134.43116011003593	11.0	11	11
134.53125777206873	11.0	11	11
134.63135543410152	11.0	11	11
134.73145309613432	11.0	11	11
134.8315507581671	11.0	11	11
134.93164842019988	11.0	11	11
135.03174608223267	11.0	11	11
135.13184374426547	11.0	11	11
135.23194140629826	11.0	11	11
135.33203906833106	11.0	11	11
135.43213673036382	11.0	11	11
135.53223439239662	11.0	11	11
135.6323320544294	11.0	11	11
135.7324297164622	11.0	11	11
135.832527378495	11.0	11	11
135.93262504052777	11.0	11	11
136.03272270256056	11.0	11	11
136.13282036459336	11.0	11	11
136.23291802662615	11.0	11	11
136.33301568865895	11.0	11	11
136.4331133506917	11.0	11	11
136.5332110127245	11.0	11	11
136.6333086747573	11.0	11	11
136.7334063367901	12.0	12	12
136.8335039988229	12.0	12	12
136.93360166085566	12.0	12	12
137.03369932288845	12.0	12	12
137.13379698492125	12.0	12	12
137.23389464695404	12.0	12	12
137.33399230898684	12.0	12	12
137.43408997101963	12.0	12	12
137.5341876330524	12.0	12	12
137.6342852950852	12.0	12	12
137.734382957118	12.0	12	12
137.83448061915078	12.0	12	12
137.93457828118358	12.0	12	12
138.03467594321634	12.0	12	12
138.13477360524914	12.0	12	12
138.23487126728193	12.0	12	12
138.33496892931473	12.0	12	12
138.43506659134752	12.0	12	12
138.5351642533803	12.0	12	12
138.63526191541308	12.0	12	12
138.73535957744588	12.0	12	12
138.83545723947867	12.0	12	12
138.93555490151147	12.0	12	12
139.03565256354423	12.0	12	12
139.13575022557703	12.0	12	12
139.23584788760982	12.0	12	12
139.33594554964262	12.0	12	12
139.4360432116754	12.0	12	12
139.53614087370818	12.0	12	12
139.63623853574097	12.0	12	12
139.73633619777377	12.0	12	12
139.83643385980656	12.0	12	12
139.93653152183936	12.0	12	12
140.03662918387215	12.0	12	12
140.13672684590492	12.0	12	12
140.2368245079377	12.0	12	12
140.3369221699705	12.0	12	12
140.4370198320033	12.0	12	12
140.5371174940361	12.0	12	12
140.63721515606886	12.0	12	12
140.73731281810166	12.0	12	12
140.83741048013445	12.0	12	12
140.93750814216725	12.0	12	12
141.03760580420004	12.0	12	12
141.1377034662328	12.0	12	12
141.2378011282656	12.0	12	12
141.3378987902984	11.0	11	11
141.4379964523312	11.0	11	11
141.538094114364	12.0	12	12
141.63819177639675	12.0	12	12
141.73828943842955	12.0	12	12
141.83838710046234	12.0	12	12
141.93848476249514	12.0	12	12
142.03858242452793	12.0	12	12
142.13868008656073	12.0	12	12
142.2387777485935	12.0	12	12
142.3388754106263	12.0	12	12
142.43897307265908	12.0	12	12
142.53907073469188	12.0	12	12
142.63916839672467	12.0	12	12
142.73926605875744	12.0	12	12
142.83936372079023	12.0	12	12
142.93946138282303	11.0	11	11
143.03955904485582	11.0	11	11
143.13965670688862	11.0	11	11
143.23975436892138	10.0	10	10
143.33985203095418	9.0	9	9
143.43994969298697	9.0	9	9
143.54004735501977	8.0	8	8
143.64014501705256	8.0	8	8
143.74024267908533	8.0	8	8
143.84034034111812	8.0	8	8
143.94043800315092	8.0	8	8
144.0405356651837	8.0	8	8
144.1406333272165	8.0	8	8
144.24073098924927	8.0	8	8
144.34082865128207	8.0	8	8
144.44092631331486	8.0	8	8
144.54102397534766	8.0	8	8
144.64112163738045	8.0	8	8
144.74121929941325	8.0	8	8
144.841316961446	8.0	8	8
144.9414146234788	8.0	8	8
145.0415122855116	8.0	8	8
145.1416099475444	8.0	8	8
145.2417076095772	8.0	8	8
145.34180527160996	8.0	8	8
145.44190293364275	8.0	8	8
145.54200059567555	8.0	8	8
145.64209825770834	8.0	8	8
145.74219591974114	8.0	8	8
145.8422935817739	8.0	8	8
145.9423912438067	8.0	8	8
146.0424889058395	8.0	8	8
146.14258656787229	8.0	8	8
146.24268422990508	8.0	8	8
146.34278189193785	8.0	8	8
146.44287955397064	8.0	8	8
146.54297721600344	8.0	8	8
146.64307487803623	8.0	8	8
146.74317254006903	8.0	8	8
146.8432702021018	8.0	8	8
146.9433678641346	8.0	8	8
147.04346552616738	8.0	8	8
147.14356318820018	8.0	8	8
147.24366085023297	8.0	8	8
147.34375851226577	8.0	8	8
147.44385617429853	8.0	8	8
147.54395383633133	8.0	8	8
147.64405149836412	8.0	8	8
147.74414916039692	8.0	8	8
147.8442468224297	8.0	8	8
147.94434448446248	8.0	8	8
148.04444214649527	8.0	8	8
148.14453980852807	8.0	8	8
148.24463747056086	8.0	8	8
148.34473513259366	8.0	8	8
148.44483279462642	9.0	9	9
148.54493045665922	9.0	9	9
148.645028118692	9.0	9	9
148.7451257807248	9.0	9	9
148.8452234427576	9.0	9	9
148.94532110479037	9.0	9	9
149.04541876682316	9.0	9	9
149.14551642885596	9.0	9	9
149.24561409088875	10.0	10	10
149.34571175292155	10.0	10	10
149.44580941495434	10.0	10	10
149.5459070769871	10.0	10	10
149.6460047390199	10.0	10	10
149.7461024010527	10.0	10	10
149.8462000630855	10.0	10	10
149.94629772511828	10.0	10	10
150.04639538715105	10.0	10	10
150.14649304918385	10.0	10	10
150.24659071121664	10.0	10	10
150.34668837324944	10.0	10	10
150.44678603528223	10.0	10	10
150.546883697315	10.0	10	10
150.6469813593478	10.0	10	10
150.74707902138059	10.0	10	10
150.84717668341338	10.0	10	10
150.94727434544617	10.0	10	10
151.04737200747894	10.0	10	10
151.14746966951174	10.0	10	10
151.24756733154453	10.0	10	10
151.34766499357733	10.0	10	10
151.44776265561012	10.0	10	10
151.5478603176429	10.0	10	10
151.64795797967568	10.0	10	10
151.74805564170848	10.0	10	10
151.84815330374127	10.0	10	10
151.94825096577406	10.0	10	10
152.04834862780686	10.0	10	10
152.14844628983963	10.0	10	10
152.24854395187242	10.0	10	10
152.34864161390522	10.0	10	10
152.448739275938	10.0	10	10
152.5488369379708	10.0	10	10
152.64893460000357	10.0	10	10
152.74903226203637	10.0	10	10
152.84912992406916	10.0	10	10
152.94922758610196	10.0	10	10
153.04932524813475	10.0	10	10
153.14942291016752	10.0	10	10
153.2495205722003	10.0	10	10
153.3496182342331	10.0	10	10
153.4497158962659	10.0	10	10
153.5498135582987	10.0	10	10
153.64991122033146	10.0	10	10
153.75000888236426	10.0	10	10
153.85010654439705	10.0	10	10
153.95020420642985	9.0	9	9
154.05030186846264	9.0	9	9
154.1503995304954	9.0	9	9
154.2504971925282	9.0	9	9
154.350594854561	9.0	9	9
154.4506925165938	9.0	9	9
154.55079017862658	9.0	9	9
154.65088784065938	9.0	9	9
154.75098550269215	9.0	9	9
154.85108316472494	9.0	9	9
154.95118082675774	9.0	9	9
155.05127848879053	9.0	9	9
155.15137615082332	9.0	9	9
155.2514738128561	9.0	9	9
155.35157147488889	8.0	8	8
155.45166913692168	8.0	8	8
155.55176679895447	8.0	8	8
155.65186446098727	8.0	8	8
155.75196212302004	8.0	8	8
155.85205978505283	8.0	8	8
155.95215744708563	8.0	8	8
156.05225510911842	8.0	8	8
156.15235277115121	8.0	8	8
156.25245043318398	8.0	8	8
156.35254809521678	8.0	8	8
156.45264575724957	8.0	8	8
156.55274341928236	8.0	8	8
156.65284108131516	8.0	8	8
156.75293874334793	8.0	8	8
156.85303640538072	8.0	8	8
156.95313406741352	8.0	8	8
157.0532317294463	8.0	8	8
157.1533293914791	8.0	8	8
157.2534270535119	7.0	7	7
157.35352471554467	7.0	7	7
157.45362237757746	7.0	7	7
157.55372003961025	7.0	7	7
157.65381770164305	6.0	6	6
157.75391536367584	6.0	6	6
157.8540130257086	6.0	6	6
157.9541106877414	6.0	6	6
158.0542083497742	6.0	6	6
158.154306011807	6.0	6	6
158.2544036738398	6.0	6	6
158.35450133587256	6.0	6	6
158.45459899790535	6.0	6	6
158.55469665993814	6.0	6	6
158.65479432197094	6.0	6	6
158.75489198400373	6.0	6	6
158.8549896460365	6.0	6	6
158.9550873080693	6.0	6	6
159.0551849701021	6.0	6	6
159.15528263213488	6.0	6	6
159.25538029416768	6.0	6	6
159.35547795620047	6.0	6	6
159.45557561823324	6.0	6	6
159.55567328026603	6.0	6	6
159.65577094229883	6.0	6	6
159.75586860433162	6.0	6	6
159.85596626636442	6.0	6	6
159.95606392839719	6.0	6	6
160.05616159042998	6.0	6	6
160.15625925246277	6.0	6	6
160.25635691449557	6.0	6	6
160.35645457652836	6.0	6	6
160.45655223856113	6.0	6	6
160.55664990059392	6.0	6	6
160.65674756262672	6.0	6	6
160.75684522465951	6.0	6	6
160.8569428866923	6.0	6	6
160.95704054872508	6.0	6	6
161.05713821075787	6.0	6	6
161.15723587279066	6.0	6	6
161.25733353482346	6.0	6	6
161.35743119685625	6.0	6	6
161.45752885888902	6.0	6	6
161.55762652092181	6.0	6	6
161.6577241829546	6.0	6	6
161.7578218449874	6.0	6	6
161.8579195070202	6.0	6	6
161.958017169053	6.0	6	6
162.05811483108576	6.0	6	6
162.15821249311855	6.0	6	6
162.25831015515135	6.0	6	6
162.35840781718414	5.0	5	5
162.45850547921694	5.0	5	5
162.5586031412497	5.0	5	5
162.6587008032825	5.0	5	5
162.7587984653153	5.0	5	5
162.8588961273481	5.0	5	5
162.95899378938088	5.0	5	5
163.05909145141365	5.0	5	5
163.15918911344644	5.0	5	5
163.25928677547924	5.0	5	5
163.35938443751203	5.0	5	5
163.45948209954483	5.0	5	5
163.5595797615776	5.0	5	5
163.6596774236104	5.0	5	5
163.75977508564318	5.0	5	5
163.85987274767598	5.0	5	5
163.95997040970877	5.0	5	5
164.06006807174154	5.0	5	5
164.16016573377433	5.0	5	5
164.26026339580713	5.0	5	5
164.36036105783992	5.0	5	5
164.46045871987272	6.0	6	6
164.5605563819055	6.0	6	6
164.66065404393828	6.0	6	6
164.76075170597107	6.0	6	6
164.86084936800387	6.0	6	6
164.96094703003666	7.0	7	7
165.06104469206946	7.0	7	7
165.16114235410222	7.0	7	7
165.26124001613502	7.0	7	7
165.3613376781678	8.0	8	8
165.4614353402006	8.0	8	8
165.5615330022334	8.0	8	8
165.66163066426617	8.0	8	8
165.76172832629896	8.0	8	8
165.86182598833176	8.0	8	8
165.96192365036455	8.0	8	8
166.06202131239735	8.0	8	8
166.16211897443011	8.0	8	8
166.2622166364629	8.0	8	8
166.3623142984957	8.0	8	8
166.4624119605285	8.0	8	8
166.5625096225613	8.0	8	8
166.66260728459406	8.0	8	8
166.76270494662685	8.0	8	8
166.86280260865965	8.0	8	8
166.96290027069244	8.0	8	8
167.06299793272524	8.0	8	8
167.16309559475803	8.0	8	8
167.2631932567908	8.0	8	8
167.3632909188236	8.0	8	8
167.4633885808564	8.0	8	8
167.56348624288918	8.0	8	8
167.66358390492198	8.0	8	8
167.76368156695474	8.0	8	8
167.86377922898754	8.0	8	8
167.96387689102033	8.0	8	8
168.06397455305313	8.0	8	8
168.16407221508592	8.0	8	8
168.2641698771187	8.0	8	8
168.36426753915148	8.0	8	8
168.46436520118428	8.0	8	8
168.56446286321707	8.0	8	8
168.66456052524987	8.0	8	8
168.76465818728263	8.0	8	8
168.86475584931543	8.0	8	8
168.96485351134822	8.0	8	8
169.06495117338102	8.0	8	8
169.1650488354138	8.0	8	8
169.2651464974466	8.0	8	8
169.36524415947937	8.0	8	8
169.46534182151217	8.0	8	8
169.56543948354496	6.0	6	6
169.66553714557776	6.0	6	6
169.76563480761055	6.0	6	6
169.86573246964332	6.0	6	6
169.9658301316761	6.0	6	6
170.0659277937089	6.0	6	6
170.1660254557417	5.0	5	5
170.2661231177745	5.0	5	5
170.36622077980726	5.0	5	5
170.46631844184006	5.0	5	5
170.56641610387285	5.0	5	5
170.66651376590565	5.0	5	5
170.76661142793844	5.0	5	5
170.8667090899712	5.0	5	5
170.966806752004	5.0	5	5
171.0669044140368	5.0	5	5
171.1670020760696	5.0	5	5
171.2670997381024	5.0	5	5
171.36719740013515	4.0	4	4
171.46729506216795	4.0	4	4
171.56739272420074	4.0	4	4
171.66749038623354	4.0	4	4
171.76758804826633	4.0	4	4
171.86768571029913	4.0	4	4
171.9677833723319	4.0	4	4
172.0678810343647	4.0	4	4
172.16797869639748	4.0	4	4
172.26807635843028	4.0	4	4
172.36817402046307	4.0	4	4
172.46827168249584	4.0	4	4
172.56836934452863	4.0	4	4
172.66846700656143	4.0	4	4
172.76856466859422	4.0	4	4
172.86866233062702	4.0	4	4
172.96875999265978	4.0	4	4
173.06885765469258	4.0	4	4
173.16895531672537	4.0	4	4
173.26905297875817	4.0	4	4
173.36915064079096	4.0	4	4
173.46924830282373	4.0	4	4
173.56934596485652	4.0	4	4
173.66944362688932	4.0	4	4
173.7695412889221	4.0	4	4
173.8696389509549	4.0	4	4
173.96973661298767	4.0	4	4
174.06983427502047	4.0	4	4
174.16993193705326	4.0	4	4
174.27002959908606	4.0	4	4
174.37012726111885	4.0	4	4
174.47022492315165	4.0	4	4
174.5703225851844	4.0	4	4
174.6704202472172	4.0	4	4
174.77051790925	4.0	4	4
174.8706155712828	4.0	4	4
174.9707132333156	4.0	4	4
175.07081089534836	4.0	4	4
175.17090855738115	4.0	4	4
175.27100621941395	4.0	4	4
175.37110388144674	4.0	4	4
175.47120154347954	4.0	4	4
175.5712992055123	4.0	4	4
175.6713968675451	4.0	4	4
175.7714945295779	4.0	4	4
175.8715921916107	4.0	4	4
175.97168985364348	4.0	4	4
176.07178751567625	4.0	4	4
176.17188517770904	4.0	4	4
176.27198283974184	4.0	4	4
176.37208050177463	4.0	4	4
176.47217816380743	4.0	4	4
176.5722758258402	4.0	4	4
176.672373487873	4.0	4	4
176.77247114990578	4.0	4	4
176.87256881193858	4.0	4	4
176.97266647397137	4.0	4	4
177.07276413600417	4.0	4	4
177.17286179803693	4.0	4	4
177.27295946006973	4.0	4	4
177.37305712210252	4.0	4	4
177.47315478413532	4.0	4	4
177.5732524461681	4.0	4	4
177.67335010820088	4.0	4	4
177.77344777023367	4.0	4	4
177.87354543226647	4.0	4	4
177.97364309429926	4.0	4	4
178.07374075633206	4.0	4	4
178.17383841836482	4.0	4	4
178.27393608039762	4.0	4	4
178.3740337424304	4.0	4	4
178.4741314044632	4.0	4	4
178.574229066496	4.0	4	4
178.67432672852877	4.0	4	4
178.77442439056156	4.0	4	4
178.87452205259436	4.0	4	4
178.97461971462715	4.0	4	4
179.07471737665995	4.0	4	4
179.17481503869274	4.0	4	4
179.2749127007255	4.0	4	4
179.3750103627583	4.0	4	4
179.4751080247911	4.0	4	4
179.5752056868239	4.0	4	4
179.6753033488567	4.0	4	4
179.77540101088945	4.0	4	4
179.87549867292225	4.0	4	4
179.97559633495504	4.0	4	4
180.07569399698784	4.0	4	4
180.17579165902063	4.0	4	4
180.2758893210534	4.0	4	4
180.3759869830862	4.0	4	4
180.476084645119	4.0	4	4
180.57618230715178	4.0	4	4
180.67627996918458	4.0	4	4
180.77637763121734	4.0	4	4
180.87647529325014	4.0	4	4
180.97657295528293	4.0	4	4
181.07667061731573	4.0	4	4
181.17676827934852	4.0	4	4
181.2768659413813	4.0	4	4
181.37696360341408	4.0	4	4
181.47706126544688	4.0	4	4
181.57715892747967	4.0	4	4
181.67725658951247	4.0	4	4
181.77735425154526	4.0	4	4
181.87745191357803	4.0	4	4
181.97754957561082	4.0	4	4
182.07764723764362	4.0	4	4
182.1777448996764	4.0	4	4
182.2778425617092	4.0	4	4
182.37794022374197	4.0	4	4
182.47803788577477	4.0	4	4
182.57813554780756	4.0	4	4
182.67823320984036	4.0	4	4
182.77833087187315	4.0	4	4
182.87842853390592	4.0	4	4
182.9785261959387	3.0	3	3
183.0786238579715	3.0	3	3
183.1787215200043	3.0	3	3
183.2788191820371	3.0	3	3
183.37891684406986	3.0	3	3
183.47901450610266	3.0	3	3
183.57911216813545	3.0	3	3
183.67920983016825	3.0	3	3
183.77930749220104	3.0	3	3
183.8794051542338	3.0	3	3
183.9795028162666	3.0	3	3
184.0796004782994	3.0	3	3
184.1796981403322	2.0	2	2
184.279795802365	2.0	2	2
184.37989346439778	2.0	2	2
184.47999112643055	2.0	2	2
184.58008878846334	2.0	2	2
184.68018645049614	2.0	2	2
184.78028411252893	2.0	2	2
184.88038177456173	2.0	2	2
184.9804794365945	2.0	2	2
185.0805770986273	2.0	2	2
185.18067476066008	2.0	2	2
185.28077242269288	2.0	2	2
185.38087008472567	2.0	2	2
185.48096774675844	2.0	2	2
185.58106540879123	2.0	2	2
185.68116307082403	2.0	2	2
185.78126073285682	2.0	2	2
185.88135839488962	2.0	2	2
185.98145605692238	2.0	2	2
186.08155371895518	2.0	2	2
186.18165138098797	2.0	2	2
186.28174904302077	2.0	2	2
186.38184670505356	2.0	2	2
186.48194436708636	2.0	2	2
186.58204202911912	2.0	2	2
186.68213969115192	1.0	1	1
186.7822373531847	1.0	1	1
186.8823350152175	1.0	1	1
186.9824326772503	1.0	1	1
187.08253033928307	1.0	1	1
187.18262800131586	1.0	1	1
187.28272566334866	1.0	1	1
187.38282332538145	1.0	1	1
187.48292098741425	1.0	1	1
