time	diversity	m_div	M_div
0.0	10.0	10	10
0.1000566349192405	10.0	10	10
0.200113269838481	10.0	10	10
0.3001699047577215	10.0	10	10
0.400226539676962	10.0	10	10
0.5002831745962024	10.0	10	10
0.600339809515443	10.0	10	10
0.7003964444346835	10.0	10	10
0.800453079353924	10.0	10	10
0.9005097142731644	10.0	10	10
1.0005663491924048	10.0	10	10
1.1006229841116455	10.0	10	10
1.200679619030886	10.0	10	10
1.3007362539501264	10.0	10	10
1.400792888869367	10.0	10	10
1.5008495237886075	10.0	10	10
1.600906158707848	10.0	10	10
1.7009627936270884	10.0	10	10
1.8010194285463288	10.0	10	10
1.9010760634655695	10.0	10	10
2.0011326983848097	10.0	10	10
2.1011893333040503	10.0	10	10
2.201245968223291	10.0	10	10
2.301302603142531	10.0	10	10
2.401359238061772	10.0	10	10
2.5014158729810125	10.0	10	10
2.6014725079002528	10.0	10	10
2.7015291428194934	10.0	10	10
2.801585777738734	10.0	10	10
2.9016424126579743	10.0	10	10
3.001699047577215	10.0	10	10
3.101755682496455	10.0	10	10
3.201812317415696	10.0	10	10
3.3018689523349365	10.0	10	10
3.4019255872541767	10.0	10	10
3.5019822221734174	10.0	10	10
3.6020388570926576	10.0	10	10
3.7020954920118982	10.0	10	10
3.802152126931139	10.0	10	10
3.902208761850379	10.0	10	10
4.002265396769619	10.0	10	10
4.1023220316888604	10.0	10	10
4.202378666608101	10.0	10	10
4.302435301527341	10.0	10	10
4.402491936446582	10.0	10	10
4.502548571365822	10.0	10	10
4.602605206285062	10.0	10	10
4.7026618412043035	10.0	10	10
4.802718476123544	10.0	10	10
4.902775111042784	10.0	10	10
5.002831745962025	10.0	10	10
5.102888380881265	10.0	10	10
5.2029450158005055	10.0	10	10
5.303001650719747	10.0	10	10
5.403058285638987	10.0	10	10
5.503114920558227	10.0	10	10
5.603171555477468	10.0	10	10
5.703228190396708	10.0	10	10
5.803284825315949	10.0	10	10
5.903341460235189	10.0	10	10
6.00339809515443	10.0	10	10
6.10345473007367	10.0	10	10
6.20351136499291	10.0	10	10
6.303567999912151	10.0	10	10
6.403624634831392	10.0	10	10
6.503681269750632	10.0	10	10
6.603737904669873	10.0	10	10
6.703794539589113	10.0	10	10
6.803851174508353	10.0	10	10
6.9039078094275945	10.0	10	10
7.003964444346835	10.0	10	10
7.104021079266075	10.0	10	10
7.204077714185315	10.0	10	10
7.304134349104556	10.0	10	10
7.4041909840237965	10.0	10	10
7.504247618943037	10.0	10	10
7.604304253862278	10.0	10	10
7.704360888781518	10.0	10	10
7.804417523700758	10.0	10	10
7.904474158619999	10.0	10	10
8.004530793539239	10.0	10	10
8.10458742845848	10.0	10	10
8.204644063377721	10.0	10	10
8.30470069829696	10.0	10	10
8.404757333216201	10.0	10	10
8.504813968135442	10.0	10	10
8.604870603054682	10.0	10	10
8.704927237973923	10.0	10	10
8.804983872893164	10.0	10	10
8.905040507812403	10.0	10	10
9.005097142731644	10.0	10	10
9.105153777650886	10.0	10	10
9.205210412570125	10.0	10	10
9.305267047489366	10.0	10	10
9.405323682408607	10.0	10	10
9.505380317327846	10.0	10	10
9.605436952247087	10.0	10	10
9.705493587166329	10.0	10	10
9.805550222085568	10.0	10	10
9.905606857004809	10.0	10	10
10.00566349192405	10.0	10	10
10.10572012684329	10.0	10	10
10.20577676176253	10.0	10	10
10.305833396681772	10.0	10	10
10.405890031601011	10.0	10	10
10.505946666520252	10.0	10	10
10.606003301439493	10.0	10	10
10.706059936358733	10.0	10	10
10.806116571277974	10.0	10	10
10.906173206197215	10.0	10	10
11.006229841116454	10.0	10	10
11.106286476035695	10.0	10	10
11.206343110954936	10.0	10	10
11.306399745874176	10.0	10	10
11.406456380793417	10.0	10	10
11.506513015712656	10.0	10	10
11.606569650631897	10.0	10	10
11.706626285551138	10.0	10	10
11.806682920470378	10.0	10	10
11.906739555389619	10.0	10	10
12.00679619030886	10.0	10	10
12.1068528252281	10.0	10	10
12.20690946014734	10.0	10	10
12.306966095066581	10.0	10	10
12.40702272998582	10.0	10	10
12.507079364905062	10.0	10	10
12.607135999824303	10.0	10	10
12.707192634743542	10.0	10	10
12.807249269662783	10.0	10	10
12.907305904582024	10.0	10	10
13.007362539501264	10.0	10	10
13.107419174420505	10.0	10	10
13.207475809339746	10.0	10	10
13.307532444258985	10.0	10	10
13.407589079178226	10.0	10	10
13.507645714097468	10.0	10	10
13.607702349016707	10.0	10	10
13.707758983935948	10.0	10	10
13.807815618855189	10.0	10	10
13.907872253774428	10.0	10	10
14.00792888869367	10.0	10	10
14.10798552361291	10.0	10	10
14.20804215853215	10.0	10	10
14.308098793451391	10.0	10	10
14.40815542837063	10.0	10	10
14.508212063289871	10.0	10	10
14.608268698209113	10.0	10	10
14.708325333128352	10.0	10	10
14.808381968047593	10.0	10	10
14.908438602966834	10.0	10	10
15.008495237886073	10.0	10	10
15.108551872805315	10.0	10	10
15.208608507724556	10.0	10	10
15.308665142643795	10.0	10	10
15.408721777563036	10.0	10	10
15.508778412482277	10.0	10	10
15.608835047401517	10.0	10	10
15.708891682320758	10.0	10	10
15.808948317239999	10.0	10	10
15.909004952159238	10.0	10	10
16.009061587078477	10.0	10	10
16.10911822199772	10.0	10	10
16.20917485691696	10.0	10	10
16.3092314918362	10.0	10	10
16.409288126755442	10.0	10	10
16.509344761674683	10.0	10	10
16.60940139659392	10.0	10	10
16.70945803151316	10.0	10	10
16.809514666432403	10.0	10	10
16.909571301351644	10.0	10	10
17.009627936270885	10.0	10	10
17.109684571190126	10.0	10	10
17.209741206109364	10.0	10	10
17.309797841028605	10.0	10	10
17.409854475947846	10.0	10	10
17.509911110867087	10.0	10	10
17.609967745786328	10.0	10	10
17.71002438070557	10.0	10	10
17.810081015624807	10.0	10	10
17.910137650544048	11.0	11	11
18.01019428546329	11.0	11	11
18.11025092038253	11.0	11	11
18.21030755530177	11.0	11	11
18.310364190221012	11.0	11	11
18.41042082514025	11.0	11	11
18.51047746005949	11.0	11	11
18.610534094978732	11.0	11	11
18.710590729897973	11.0	11	11
18.810647364817214	11.0	11	11
18.910703999736455	11.0	11	11
19.010760634655693	11.0	11	11
19.110817269574934	11.0	11	11
19.210873904494175	11.0	11	11
19.310930539413416	11.0	11	11
19.410987174332657	11.0	11	11
19.511043809251895	11.0	11	11
19.611100444171136	11.0	11	11
19.711157079090377	11.0	11	11
19.811213714009618	11.0	11	11
19.91127034892886	11.0	11	11
20.0113269838481	11.0	11	11
20.111383618767338	11.0	11	11
20.21144025368658	11.0	11	11
20.31149688860582	11.0	11	11
20.41155352352506	11.0	11	11
20.511610158444302	11.0	11	11
20.611666793363543	11.0	11	11
20.71172342828278	11.0	11	11
20.811780063202022	11.0	11	11
20.911836698121263	11.0	11	11
21.011893333040504	11.0	11	11
21.111949967959745	11.0	11	11
21.212006602878986	11.0	11	11
21.312063237798224	11.0	11	11
21.412119872717465	11.0	11	11
21.512176507636706	11.0	11	11
21.612233142555947	11.0	11	11
21.71228977747519	11.0	11	11
21.81234641239443	11.0	11	11
21.912403047313667	11.0	11	11
22.012459682232908	11.0	11	11
22.11251631715215	11.0	11	11
22.21257295207139	11.0	11	11
22.31262958699063	11.0	11	11
22.412686221909873	11.0	11	11
22.51274285682911	11.0	11	11
22.61279949174835	11.0	11	11
22.712856126667592	11.0	11	11
22.812912761586833	11.0	11	11
22.912969396506075	11.0	11	11
23.013026031425312	11.0	11	11
23.113082666344553	11.0	11	11
23.213139301263794	11.0	11	11
23.313195936183035	11.0	11	11
23.413252571102277	11.0	11	11
23.513309206021518	11.0	11	11
23.613365840940755	11.0	11	11
23.713422475859996	11.0	11	11
23.813479110779237	11.0	11	11
23.91353574569848	11.0	11	11
24.01359238061772	11.0	11	11
24.11364901553696	11.0	11	11
24.2137056504562	11.0	11	11
24.31376228537544	11.0	11	11
24.41381892029468	11.0	11	11
24.51387555521392	11.0	11	11
24.613932190133163	11.0	11	11
24.713988825052404	11.0	11	11
24.81404545997164	11.0	11	11
24.914102094890882	11.0	11	11
25.014158729810124	11.0	11	11
25.114215364729365	11.0	11	11
25.214271999648606	11.0	11	11
25.314328634567847	11.0	11	11
25.414385269487084	11.0	11	11
25.514441904406326	11.0	11	11
25.614498539325567	11.0	11	11
25.714555174244808	11.0	11	11
25.81461180916405	11.0	11	11
25.914668444083286	11.0	11	11
26.014725079002528	11.0	11	11
26.11478171392177	11.0	11	11
26.21483834884101	11.0	11	11
26.31489498376025	11.0	11	11
26.414951618679492	11.0	11	11
26.51500825359873	11.0	11	11
26.61506488851797	11.0	11	11
26.71512152343721	11.0	11	11
26.815178158356453	11.0	11	11
26.915234793275694	11.0	11	11
27.015291428194935	11.0	11	11
27.115348063114173	11.0	11	11
27.215404698033414	11.0	11	11
27.315461332952655	11.0	11	11
27.415517967871896	11.0	11	11
27.515574602791137	11.0	11	11
27.615631237710378	11.0	11	11
27.715687872629616	11.0	11	11
27.815744507548857	11.0	11	11
27.915801142468098	11.0	11	11
28.01585777738734	11.0	11	11
28.11591441230658	11.0	11	11
28.21597104722582	11.0	11	11
28.31602768214506	11.0	11	11
28.4160843170643	11.0	11	11
28.51614095198354	11.0	11	11
28.616197586902782	11.0	11	11
28.716254221822023	11.0	11	11
28.81631085674126	11.0	11	11
28.916367491660502	11.0	11	11
29.016424126579743	11.0	11	11
29.116480761498984	11.0	11	11
29.216537396418225	10.0	10	10
29.316594031337466	10.0	10	10
29.416650666256704	10.0	10	10
29.516707301175945	10.0	10	10
29.616763936095186	10.0	10	10
29.716820571014427	10.0	10	10
29.816877205933668	10.0	10	10
29.91693384085291	10.0	10	10
30.016990475772147	10.0	10	10
30.117047110691388	11.0	11	11
30.21710374561063	11.0	11	11
30.31716038052987	11.0	11	11
30.41721701544911	11.0	11	11
30.517273650368352	11.0	11	11
30.61733028528759	11.0	11	11
30.71738692020683	11.0	11	11
30.817443555126072	11.0	11	11
30.917500190045313	11.0	11	11
31.017556824964554	11.0	11	11
31.117613459883795	11.0	11	11
31.217670094803033	11.0	11	11
31.317726729722274	11.0	11	11
31.417783364641515	11.0	11	11
31.517839999560756	11.0	11	11
31.617896634479997	11.0	11	11
31.71795326939924	11.0	11	11
31.818009904318476	11.0	11	11
31.918066539237717	11.0	11	11
32.018123174156955	11.0	11	11
32.118179809076196	11.0	11	11
32.21823644399544	11.0	11	11
32.31829307891468	11.0	11	11
32.41834971383392	11.0	11	11
32.51840634875316	11.0	11	11
32.6184629836724	11.0	11	11
32.71851961859164	11.0	11	11
32.818576253510884	11.0	11	11
32.918632888430125	11.0	11	11
33.018689523349366	11.0	11	11
33.11874615826861	11.0	11	11
33.21880279318784	11.0	11	11
33.31885942810708	11.0	11	11
33.41891606302632	11.0	11	11
33.518972697945564	11.0	11	11
33.619029332864805	11.0	11	11
33.719085967784046	11.0	11	11
33.81914260270329	11.0	11	11
33.91919923762253	12.0	12	12
34.01925587254177	12.0	12	12
34.11931250746101	12.0	12	12
34.21936914238025	12.0	12	12
34.31942577729949	12.0	12	12
34.41948241221873	12.0	12	12
34.51953904713797	12.0	12	12
34.61959568205721	12.0	12	12
34.71965231697645	12.0	12	12
34.81970895189569	12.0	12	12
34.91976558681493	12.0	12	12
35.019822221734174	12.0	12	12
35.119878856653415	12.0	12	12
35.219935491572656	12.0	12	12
35.3199921264919	12.0	12	12
35.42004876141114	12.0	12	12
35.52010539633037	12.0	12	12
35.62016203124961	12.0	12	12
35.720218666168854	12.0	12	12
35.820275301088095	12.0	12	12
35.92033193600734	12.0	12	12
36.02038857092658	12.0	12	12
36.12044520584582	12.0	12	12
36.22050184076506	12.0	12	12
36.3205584756843	12.0	12	12
36.42061511060354	12.0	12	12
36.52067174552278	12.0	12	12
36.620728380442024	12.0	12	12
36.72078501536126	12.0	12	12
36.8208416502805	12.0	12	12
36.92089828519974	12.0	12	12
37.02095492011898	13.0	13	13
37.12101155503822	13.0	13	13
37.221068189957464	13.0	13	13
37.321124824876705	14.0	14	14
37.421181459795946	14.0	14	14
37.52123809471519	14.0	14	14
37.62129472963443	14.0	14	14
37.72135136455367	14.0	14	14
37.82140799947291	14.0	14	14
37.921464634392144	14.0	14	14
38.021521269311386	14.0	14	14
38.12157790423063	14.0	14	14
38.22163453914987	14.0	14	14
38.32169117406911	14.0	14	14
38.42174780898835	14.0	14	14
38.52180444390759	14.0	14	14
38.62186107882683	14.0	14	14
38.72191771374607	14.0	14	14
38.821974348665314	14.0	14	14
38.922030983584555	14.0	14	14
39.02208761850379	14.0	14	14
39.12214425342303	15.0	15	15
39.22220088834227	16.0	16	16
39.32225752326151	16.0	16	16
39.422314158180754	16.0	16	16
39.522370793099995	16.0	16	16
39.622427428019236	16.0	16	16
39.72248406293848	16.0	16	16
39.82254069785772	16.0	16	16
39.92259733277696	16.0	16	16
40.0226539676962	16.0	16	16
40.12271060261544	16.0	16	16
40.222767237534676	16.0	16	16
40.32282387245392	16.0	16	16
40.42288050737316	16.0	16	16
40.5229371422924	16.0	16	16
40.62299377721164	16.0	16	16
40.72305041213088	16.0	16	16
40.82310704705012	16.0	16	16
40.92316368196936	16.0	16	16
41.023220316888604	16.0	16	16
41.123276951807846	16.0	16	16
41.22333358672709	16.0	16	16
41.32339022164633	16.0	16	16
41.42344685656556	16.0	16	16
41.5235034914848	16.0	16	16
41.623560126404044	16.0	16	16
41.723616761323285	16.0	16	16
41.823673396242526	16.0	16	16
41.92373003116177	16.0	16	16
42.02378666608101	16.0	16	16
42.12384330100025	16.0	16	16
42.22389993591949	16.0	16	16
42.32395657083873	16.0	16	16
42.42401320575797	16.0	16	16
42.52406984067721	16.0	16	16
42.62412647559645	16.0	16	16
42.72418311051569	16.0	16	16
42.82423974543493	16.0	16	16
42.92429638035417	16.0	16	16
43.02435301527341	16.0	16	16
43.12440965019265	16.0	16	16
43.224466285111895	16.0	16	16
43.324522920031136	16.0	16	16
43.42457955495038	16.0	16	16
43.52463618986962	16.0	16	16
43.62469282478886	16.0	16	16
43.72474945970809	16.0	16	16
43.824806094627334	15.0	15	15
43.924862729546575	15.0	15	15
44.024919364465816	15.0	15	15
44.12497599938506	15.0	15	15
44.2250326343043	15.0	15	15
44.32508926922354	15.0	15	15
44.42514590414278	15.0	15	15
44.52520253906202	15.0	15	15
44.62525917398126	15.0	15	15
44.725315808900504	16.0	16	16
44.825372443819745	16.0	16	16
44.92542907873898	16.0	16	16
45.02548571365822	16.0	16	16
45.12554234857746	16.0	16	16
45.2255989834967	16.0	16	16
45.325655618415944	16.0	16	16
45.425712253335185	16.0	16	16
45.525768888254426	16.0	16	16
45.62582552317367	16.0	16	16
45.72588215809291	16.0	16	16
45.82593879301215	16.0	16	16
45.92599542793139	16.0	16	16
46.026052062850624	16.0	16	16
46.126108697769865	16.0	16	16
46.226165332689106	16.0	16	16
46.32622196760835	16.0	16	16
46.42627860252759	16.0	16	16
46.52633523744683	16.0	16	16
46.62639187236607	16.0	16	16
46.72644850728531	16.0	16	16
46.82650514220455	16.0	16	16
46.926561777123794	16.0	16	16
47.026618412043035	16.0	16	16
47.126675046962276	16.0	16	16
47.22673168188151	16.0	16	16
47.32678831680075	16.0	16	16
47.42684495171999	15.0	15	15
47.526901586639234	15.0	15	15
47.626958221558475	15.0	15	15
47.727014856477716	15.0	15	15
47.82707149139696	15.0	15	15
47.9271281263162	15.0	15	15
48.02718476123544	15.0	15	15
48.12724139615468	15.0	15	15
48.22729803107392	15.0	15	15
48.327354665993155	15.0	15	15
48.4274113009124	15.0	15	15
48.52746793583164	15.0	15	15
48.62752457075088	15.0	15	15
48.72758120567012	15.0	15	15
48.82763784058936	15.0	15	15
48.9276944755086	15.0	15	15
49.02775111042784	15.0	15	15
49.127807745347084	15.0	15	15
49.227864380266325	15.0	15	15
49.32792101518557	15.0	15	15
49.42797765010481	15.0	15	15
49.52803428502404	15.0	15	15
49.62809091994328	15.0	15	15
49.728147554862524	16.0	16	16
49.828204189781765	16.0	16	16
49.928260824701006	16.0	16	16
50.02831745962025	16.0	16	16
50.12837409453949	17.0	17	17
50.22843072945873	17.0	17	17
50.32848736437797	17.0	17	17
50.42854399929721	17.0	17	17
50.52860063421645	17.0	17	17
50.628657269135694	17.0	17	17
50.72871390405493	17.0	17	17
50.82877053897417	17.0	17	17
50.92882717389341	17.0	17	17
51.02888380881265	17.0	17	17
51.12894044373189	16.0	16	16
51.22899707865113	16.0	16	16
51.329053713570374	16.0	16	16
51.429110348489615	16.0	16	16
51.52916698340886	16.0	16	16
51.6292236183281	16.0	16	16
51.72928025324734	16.0	16	16
51.82933688816657	16.0	16	16
51.929393523085814	16.0	16	16
52.029450158005055	16.0	16	16
52.129506792924296	16.0	16	16
52.22956342784354	15.0	15	15
52.32962006276278	16.0	16	16
52.42967669768202	16.0	16	16
52.52973333260126	16.0	16	16
52.6297899675205	16.0	16	16
52.72984660243974	16.0	16	16
52.829903237358984	16.0	16	16
52.929959872278225	16.0	16	16
53.03001650719746	16.0	16	16
53.1300731421167	16.0	16	16
53.23012977703594	16.0	16	16
53.33018641195518	16.0	16	16
53.43024304687442	16.0	16	16
53.530299681793664	16.0	16	16
53.630356316712906	16.0	16	16
53.73041295163215	16.0	16	16
53.83046958655139	16.0	16	16
53.93052622147063	16.0	16	16
54.03058285638987	16.0	16	16
54.13063949130911	16.0	16	16
54.230696126228345	16.0	16	16
54.330752761147586	16.0	16	16
54.43080939606683	16.0	16	16
54.53086603098607	16.0	16	16
54.63092266590531	16.0	16	16
54.73097930082455	16.0	16	16
54.83103593574379	16.0	16	16
54.93109257066303	16.0	16	16
55.031149205582274	16.0	16	16
55.131205840501515	16.0	16	16
55.231262475420756	16.0	16	16
55.33131911033999	16.0	16	16
55.43137574525923	16.0	16	16
55.53143238017847	16.0	16	16
55.63148901509771	14.0	14	14
55.731545650016955	14.0	14	14
55.831602284936196	14.0	14	14
55.93165891985544	14.0	14	14
56.03171555477468	14.0	14	14
56.13177218969392	14.0	14	14
56.23182882461316	14.0	14	14
56.3318854595324	14.0	14	14
56.43194209445164	14.0	14	14
56.531998729370876	14.0	14	14
56.63205536429012	14.0	14	14
56.73211199920936	14.0	14	14
56.8321686341286	13.0	13	13
56.93222526904784	13.0	13	13
57.03228190396708	13.0	13	13
57.13233853888632	13.0	13	13
57.232395173805564	13.0	13	13
57.332451808724805	13.0	13	13
57.432508443644046	13.0	13	13
57.53256507856329	13.0	13	13
57.63262171348252	13.0	13	13
57.73267834840176	13.0	13	13
57.832734983321004	12.0	12	12
57.932791618240245	12.0	12	12
58.032848253159486	12.0	12	12
58.13290488807873	12.0	12	12
58.23296152299797	12.0	12	12
58.33301815791721	12.0	12	12
58.43307479283645	12.0	12	12
58.53313142775569	12.0	12	12
58.63318806267493	12.0	12	12
58.73324469759417	12.0	12	12
58.83330133251341	12.0	12	12
58.93335796743265	11.0	11	11
59.03341460235189	11.0	11	11
59.13347123727113	11.0	11	11
59.23352787219037	11.0	11	11
59.33358450710961	11.0	11	11
59.433641142028854	10.0	10	10
59.533697776948095	10.0	10	10
59.633754411867336	10.0	10	10
59.73381104678658	10.0	10	10
59.83386768170582	10.0	10	10
59.93392431662506	10.0	10	10
60.033980951544294	10.0	10	10
60.134037586463535	10.0	10	10
60.234094221382776	10.0	10	10
60.33415085630202	10.0	10	10
60.43420749122126	9.0	9	9
60.5342641261405	9.0	9	9
60.63432076105974	10.0	10	10
60.73437739597898	10.0	10	10
60.83443403089822	10.0	10	10
60.934490665817464	10.0	10	10
61.034547300736705	10.0	10	10
61.13460393565594	10.0	10	10
61.23466057057518	10.0	10	10
61.33471720549442	10.0	10	10
61.43477384041366	10.0	10	10
61.5348304753329	10.0	10	10
61.634887110252144	10.0	10	10
61.734943745171385	10.0	10	10
61.83500038009063	10.0	10	10
61.93505701500987	10.0	10	10
62.03511364992911	10.0	10	10
62.13517028484835	10.0	10	10
62.23522691976759	10.0	10	10
62.335283554686825	10.0	10	10
62.435340189606066	10.0	10	10
62.53539682452531	10.0	10	10
62.63545345944455	10.0	10	10
62.73551009436379	10.0	10	10
62.83556672928303	10.0	10	10
62.93562336420227	10.0	10	10
63.03567999912151	10.0	10	10
63.135736634040754	10.0	10	10
63.235793268959995	10.0	10	10
63.335849903879236	10.0	10	10
63.43590653879848	10.0	10	10
63.53596317371771	10.0	10	10
63.63601980863695	10.0	10	10
63.73607644355619	10.0	10	10
63.836133078475434	10.0	10	10
63.936189713394675	10.0	10	10
64.03624634831391	10.0	10	10
64.13630298323315	10.0	10	10
64.23635961815239	10.0	10	10
64.33641625307163	10.0	10	10
64.43647288799087	10.0	10	10
64.53652952291012	9.0	9	9
64.63658615782936	9.0	9	9
64.7366427927486	9.0	9	9
64.83669942766784	9.0	9	9
64.93675606258708	10.0	10	10
65.03681269750632	10.0	10	10
65.13686933242556	11.0	11	11
65.2369259673448	11.0	11	11
65.33698260226404	11.0	11	11
65.43703923718328	11.0	11	11
65.53709587210253	11.0	11	11
65.63715250702177	11.0	11	11
65.73720914194101	12.0	12	12
65.83726577686025	12.0	12	12
65.93732241177949	13.0	13	13
66.03737904669873	13.0	13	13
66.13743568161797	13.0	13	13
66.23749231653721	12.0	12	12
66.33754895145645	12.0	12	12
66.43760558637568	12.0	12	12
66.53766222129492	12.0	12	12
66.63771885621416	12.0	12	12
66.7377754911334	12.0	12	12
66.83783212605265	12.0	12	12
66.93788876097189	12.0	12	12
67.03794539589113	12.0	12	12
67.13800203081037	12.0	12	12
67.23805866572961	12.0	12	12
67.33811530064885	13.0	13	13
67.43817193556809	13.0	13	13
67.53822857048733	13.0	13	13
67.63828520540658	13.0	13	13
67.73834184032582	13.0	13	13
67.83839847524506	13.0	13	13
67.9384551101643	13.0	13	13
68.03851174508354	13.0	13	13
68.13856838000278	13.0	13	13
68.23862501492202	13.0	13	13
68.33868164984126	13.0	13	13
68.4387382847605	13.0	13	13
68.53879491967975	13.0	13	13
68.63885155459899	13.0	13	13
68.73890818951821	13.0	13	13
68.83896482443745	13.0	13	13
68.9390214593567	13.0	13	13
69.03907809427594	13.0	13	13
69.13913472919518	12.0	12	12
69.23919136411442	13.0	13	13
69.33924799903366	13.0	13	13
69.4393046339529	13.0	13	13
69.53936126887214	13.0	13	13
69.63941790379138	13.0	13	13
69.73947453871062	13.0	13	13
69.83953117362987	13.0	13	13
69.9395878085491	13.0	13	13
70.03964444346835	13.0	13	13
70.13970107838759	13.0	13	13
70.23975771330683	13.0	13	13
70.33981434822607	13.0	13	13
70.43987098314531	13.0	13	13
70.53992761806455	13.0	13	13
70.6399842529838	14.0	14	14
70.74004088790304	14.0	14	14
70.84009752282228	14.0	14	14
70.94015415774152	14.0	14	14
71.04021079266074	14.0	14	14
71.14026742757999	14.0	14	14
71.24032406249923	14.0	14	14
71.34038069741847	13.0	13	13
71.44043733233771	13.0	13	13
71.54049396725695	12.0	12	12
71.64055060217619	12.0	12	12
71.74060723709543	12.0	12	12
71.84066387201467	12.0	12	12
71.94072050693391	12.0	12	12
72.04077714185316	12.0	12	12
72.1408337767724	12.0	12	12
72.24089041169164	12.0	12	12
72.34094704661088	12.0	12	12
72.44100368153012	12.0	12	12
72.54106031644936	12.0	12	12
72.6411169513686	12.0	12	12
72.74117358628784	12.0	12	12
72.84123022120708	12.0	12	12
72.94128685612633	12.0	12	12
73.04134349104557	12.0	12	12
73.14140012596481	12.0	12	12
73.24145676088405	12.0	12	12
73.34151339580329	12.0	12	12
73.44157003072252	12.0	12	12
73.54162666564176	12.0	12	12
73.641683300561	12.0	12	12
73.74173993548024	12.0	12	12
73.84179657039948	12.0	12	12
73.94185320531872	12.0	12	12
74.04190984023796	12.0	12	12
74.1419664751572	12.0	12	12
74.24202311007645	12.0	12	12
74.34207974499569	12.0	12	12
74.44213637991493	12.0	12	12
74.54219301483417	12.0	12	12
74.64224964975341	12.0	12	12
74.74230628467265	12.0	12	12
74.84236291959189	12.0	12	12
74.94241955451113	12.0	12	12
75.04247618943037	12.0	12	12
75.14253282434962	12.0	12	12
75.24258945926886	12.0	12	12
75.3426460941881	12.0	12	12
75.44270272910734	12.0	12	12
75.54275936402658	12.0	12	12
75.64281599894582	12.0	12	12
75.74287263386505	12.0	12	12
75.84292926878429	12.0	12	12
75.94298590370353	12.0	12	12
76.04304253862277	12.0	12	12
76.14309917354201	12.0	12	12
76.24315580846125	12.0	12	12
76.3432124433805	12.0	12	12
76.44326907829974	12.0	12	12
76.54332571321898	12.0	12	12
76.64338234813822	12.0	12	12
76.74343898305746	12.0	12	12
76.8434956179767	12.0	12	12
76.94355225289594	12.0	12	12
77.04360888781518	12.0	12	12
77.14366552273442	12.0	12	12
77.24372215765366	11.0	11	11
77.3437787925729	11.0	11	11
77.44383542749215	11.0	11	11
77.54389206241139	11.0	11	11
77.64394869733063	11.0	11	11
77.74400533224987	11.0	11	11
77.84406196716911	11.0	11	11
77.94411860208835	10.0	10	10
78.04417523700758	10.0	10	10
78.14423187192682	10.0	10	10
78.24428850684606	10.0	10	10
78.3443451417653	10.0	10	10
78.44440177668454	10.0	10	10
78.54445841160378	10.0	10	10
78.64451504652303	10.0	10	10
78.74457168144227	10.0	10	10
78.84462831636151	11.0	11	11
78.94468495128075	11.0	11	11
79.04474158619999	11.0	11	11
79.14479822111923	12.0	12	12
79.24485485603847	12.0	12	12
79.34491149095771	12.0	12	12
79.44496812587695	12.0	12	12
79.5450247607962	12.0	12	12
79.64508139571544	12.0	12	12
79.74513803063468	12.0	12	12
79.84519466555392	12.0	12	12
79.94525130047316	12.0	12	12
80.0453079353924	12.0	12	12
80.14536457031164	12.0	12	12
80.24542120523088	12.0	12	12
80.34547784015011	12.0	12	12
80.44553447506935	12.0	12	12
80.54559110998859	12.0	12	12
80.64564774490783	12.0	12	12
80.74570437982707	12.0	12	12
80.84576101474632	12.0	12	12
80.94581764966556	11.0	11	11
81.0458742845848	11.0	11	11
81.14593091950404	11.0	11	11
81.24598755442328	11.0	11	11
81.34604418934252	11.0	11	11
81.44610082426176	11.0	11	11
81.546157459181	11.0	11	11
81.64621409410024	11.0	11	11
81.74627072901949	11.0	11	11
81.84632736393873	11.0	11	11
81.94638399885797	11.0	11	11
82.04644063377721	11.0	11	11
82.14649726869645	11.0	11	11
82.24655390361569	11.0	11	11
82.34661053853493	11.0	11	11
82.44666717345417	11.0	11	11
82.54672380837341	11.0	11	11
82.64678044329266	11.0	11	11
82.74683707821188	11.0	11	11
82.84689371313112	11.0	11	11
82.94695034805036	11.0	11	11
83.0470069829696	11.0	11	11
83.14706361788885	11.0	11	11
83.24712025280809	10.0	10	10
83.34717688772733	10.0	10	10
83.44723352264657	10.0	10	10
83.54729015756581	10.0	10	10
83.64734679248505	10.0	10	10
83.7474034274043	10.0	10	10
83.84746006232353	10.0	10	10
83.94751669724278	10.0	10	10
84.04757333216202	10.0	10	10
84.14762996708126	10.0	10	10
84.2476866020005	10.0	10	10
84.34774323691974	10.0	10	10
84.44779987183898	11.0	11	11
84.54785650675822	11.0	11	11
84.64791314167746	11.0	11	11
84.7479697765967	11.0	11	11
84.84802641151595	11.0	11	11
84.94808304643519	11.0	11	11
85.04813968135441	11.0	11	11
85.14819631627365	11.0	11	11
85.2482529511929	11.0	11	11
85.34830958611214	11.0	11	11
85.44836622103138	11.0	11	11
85.54842285595062	11.0	11	11
85.64847949086986	11.0	11	11
85.7485361257891	11.0	11	11
85.84859276070834	11.0	11	11
85.94864939562758	11.0	11	11
86.04870603054682	11.0	11	11
86.14876266546607	11.0	11	11
86.2488193003853	11.0	11	11
86.34887593530455	10.0	10	10
86.44893257022379	10.0	10	10
86.54898920514303	10.0	10	10
86.64904584006227	10.0	10	10
86.74910247498151	10.0	10	10
86.84915910990075	10.0	10	10
86.94921574482	10.0	10	10
87.04927237973924	10.0	10	10
87.14932901465848	10.0	10	10
87.24938564957772	10.0	10	10
87.34944228449694	10.0	10	10
87.44949891941619	10.0	10	10
87.54955555433543	10.0	10	10
87.64961218925467	10.0	10	10
87.74966882417391	10.0	10	10
87.84972545909315	10.0	10	10
87.94978209401239	10.0	10	10
88.04983872893163	10.0	10	10
88.14989536385087	10.0	10	10
88.24995199877011	10.0	10	10
88.35000863368936	10.0	10	10
88.4500652686086	10.0	10	10
88.55012190352784	10.0	10	10
88.65017853844708	10.0	10	10
88.75023517336632	10.0	10	10
88.85029180828556	10.0	10	10
88.9503484432048	10.0	10	10
89.05040507812404	10.0	10	10
89.15046171304328	10.0	10	10
89.25051834796253	10.0	10	10
89.35057498288177	10.0	10	10
89.45063161780101	10.0	10	10
89.55068825272025	10.0	10	10
89.65074488763949	10.0	10	10
89.75080152255872	10.0	10	10
89.85085815747796	10.0	10	10
89.9509147923972	10.0	10	10
90.05097142731644	10.0	10	10
90.15102806223568	9.0	9	9
90.25108469715492	9.0	9	9
90.35114133207416	9.0	9	9
90.4511979669934	9.0	9	9
90.55125460191265	9.0	9	9
90.65131123683189	9.0	9	9
90.75136787175113	9.0	9	9
90.85142450667037	9.0	9	9
90.95148114158961	9.0	9	9
91.05153777650885	9.0	9	9
91.15159441142809	9.0	9	9
91.25165104634733	9.0	9	9
91.35170768126657	9.0	9	9
91.45176431618582	9.0	9	9
91.55182095110506	9.0	9	9
91.6518775860243	9.0	9	9
91.75193422094354	9.0	9	9
91.85199085586278	9.0	9	9
91.95204749078202	9.0	9	9
92.05210412570125	9.0	9	9
92.15216076062049	9.0	9	9
92.25221739553973	9.0	9	9
92.35227403045897	9.0	9	9
92.45233066537821	9.0	9	9
92.55238730029745	9.0	9	9
92.6524439352167	9.0	9	9
92.75250057013594	9.0	9	9
92.85255720505518	9.0	9	9
92.95261383997442	9.0	9	9
93.05267047489366	9.0	9	9
93.1527271098129	9.0	9	9
93.25278374473214	9.0	9	9
93.35284037965138	9.0	9	9
93.45289701457062	9.0	9	9
93.55295364948987	9.0	9	9
93.6530102844091	9.0	9	9
93.75306691932835	9.0	9	9
93.85312355424759	10.0	10	10
93.95318018916683	10.0	10	10
94.05323682408607	10.0	10	10
94.15329345900531	10.0	10	10
94.25335009392455	10.0	10	10
94.35340672884378	10.0	10	10
94.45346336376302	10.0	10	10
94.55351999868226	10.0	10	10
94.6535766336015	10.0	10	10
94.75363326852074	10.0	10	10
94.85368990343999	10.0	10	10
94.95374653835923	10.0	10	10
95.05380317327847	10.0	10	10
95.15385980819771	10.0	10	10
95.25391644311695	10.0	10	10
95.35397307803619	10.0	10	10
95.45402971295543	10.0	10	10
95.55408634787467	10.0	10	10
95.65414298279391	10.0	10	10
95.75419961771316	11.0	11	11
95.8542562526324	11.0	11	11
95.95431288755164	11.0	11	11
96.05436952247088	11.0	11	11
96.15442615739012	11.0	11	11
96.25448279230936	11.0	11	11
96.3545394272286	11.0	11	11
96.45459606214784	10.0	10	10
96.55465269706708	10.0	10	10
96.65470933198631	10.0	10	10
96.75476596690555	10.0	10	10
96.8548226018248	10.0	10	10
96.95487923674403	10.0	10	10
97.05493587166328	10.0	10	10
97.15499250658252	10.0	10	10
97.25504914150176	10.0	10	10
97.355105776421	10.0	10	10
97.45516241134024	10.0	10	10
97.55521904625948	10.0	10	10
97.65527568117872	10.0	10	10
97.75533231609796	10.0	10	10
97.8553889510172	10.0	10	10
97.95544558593645	10.0	10	10
98.05550222085569	10.0	10	10
98.15555885577493	10.0	10	10
98.25561549069417	11.0	11	11
98.35567212561341	11.0	11	11
98.45572876053265	11.0	11	11
98.55578539545189	11.0	11	11
98.65584203037113	11.0	11	11
98.75589866529037	11.0	11	11
98.85595530020962	11.0	11	11
98.95601193512886	11.0	11	11
99.05606857004808	11.0	11	11
99.15612520496732	11.0	11	11
99.25618183988657	11.0	11	11
99.3562384748058	11.0	11	11
99.45629510972505	11.0	11	11
99.55635174464429	11.0	11	11
99.65640837956353	11.0	11	11
99.75646501448277	11.0	11	11
99.85652164940201	11.0	11	11
99.95657828432125	11.0	11	11
100.0566349192405	11.0	11	11
100.15669155415974	11.0	11	11
100.25674818907898	11.0	11	11
100.35680482399822	11.0	11	11
100.45686145891746	11.0	11	11
100.5569180938367	11.0	11	11
100.65697472875594	11.0	11	11
100.75703136367518	11.0	11	11
100.85708799859442	11.0	11	11
100.95714463351366	11.0	11	11
101.0572012684329	11.0	11	11
101.15725790335215	11.0	11	11
101.25731453827139	11.0	11	11
101.35737117319061	11.0	11	11
101.45742780810986	11.0	11	11
101.5574844430291	11.0	11	11
101.65754107794834	11.0	11	11
101.75759771286758	11.0	11	11
101.85765434778682	11.0	11	11
101.95771098270606	11.0	11	11
102.0577676176253	11.0	11	11
102.15782425254454	11.0	11	11
102.25788088746378	11.0	11	11
102.35793752238303	11.0	11	11
102.45799415730227	11.0	11	11
102.55805079222151	11.0	11	11
102.65810742714075	11.0	11	11
102.75816406205999	11.0	11	11
102.85822069697923	11.0	11	11
102.95827733189847	11.0	11	11
103.05833396681771	11.0	11	11
103.15839060173695	11.0	11	11
103.2584472366562	11.0	11	11
103.35850387157544	11.0	11	11
103.45856050649468	11.0	11	11
103.55861714141392	11.0	11	11
103.65867377633315	11.0	11	11
103.75873041125239	11.0	11	11
103.85878704617163	11.0	11	11
103.95884368109087	11.0	11	11
104.05890031601011	11.0	11	11
104.15895695092935	11.0	11	11
104.25901358584859	11.0	11	11
104.35907022076783	11.0	11	11
104.45912685568707	11.0	11	11
104.55918349060632	11.0	11	11
104.65924012552556	11.0	11	11
104.7592967604448	11.0	11	11
104.85935339536404	11.0	11	11
104.95941003028328	11.0	11	11
105.05946666520252	11.0	11	11
105.15952330012176	11.0	11	11
105.259579935041	11.0	11	11
105.35963656996024	11.0	11	11
105.45969320487949	11.0	11	11
105.55974983979873	11.0	11	11
105.65980647471797	11.0	11	11
105.75986310963721	11.0	11	11
105.85991974455645	11.0	11	11
105.95997637947568	11.0	11	11
106.06003301439492	11.0	11	11
106.16008964931416	11.0	11	11
106.2601462842334	11.0	11	11
106.36020291915264	11.0	11	11
106.46025955407188	11.0	11	11
106.56031618899112	11.0	11	11
106.66037282391036	11.0	11	11
106.7604294588296	11.0	11	11
106.86048609374885	11.0	11	11
106.96054272866809	11.0	11	11
107.06059936358733	11.0	11	11
107.16065599850657	11.0	11	11
107.26071263342581	11.0	11	11
107.36076926834505	11.0	11	11
107.4608259032643	11.0	11	11
107.56088253818353	11.0	11	11
107.66093917310278	11.0	11	11
107.76099580802202	11.0	11	11
107.86105244294126	11.0	11	11
107.9611090778605	11.0	11	11
108.06116571277974	11.0	11	11
108.16122234769898	11.0	11	11
108.26127898261822	11.0	11	11
108.36133561753745	11.0	11	11
108.46139225245669	11.0	11	11
108.56144888737593	11.0	11	11
108.66150552229517	11.0	11	11
108.76156215721441	12.0	12	12
108.86161879213365	12.0	12	12
108.9616754270529	12.0	12	12
109.06173206197214	12.0	12	12
109.16178869689138	12.0	12	12
109.26184533181062	12.0	12	12
109.36190196672986	12.0	12	12
109.4619586016491	12.0	12	12
109.56201523656834	12.0	12	12
109.66207187148758	12.0	12	12
109.76212850640682	12.0	12	12
109.86218514132607	12.0	12	12
109.9622417762453	12.0	12	12
110.06229841116455	12.0	12	12
110.16235504608379	12.0	12	12
110.26241168100303	12.0	12	12
110.36246831592227	12.0	12	12
110.46252495084151	12.0	12	12
110.56258158576075	12.0	12	12
110.66263822067998	12.0	12	12
110.76269485559922	12.0	12	12
110.86275149051846	12.0	12	12
110.9628081254377	12.0	12	12
111.06286476035694	12.0	12	12
111.16292139527619	12.0	12	12
111.26297803019543	12.0	12	12
111.36303466511467	12.0	12	12
111.46309130003391	12.0	12	12
111.56314793495315	12.0	12	12
111.66320456987239	12.0	12	12
111.76326120479163	12.0	12	12
111.86331783971087	12.0	12	12
111.96337447463011	12.0	12	12
112.06343110954936	12.0	12	12
112.1634877444686	12.0	12	12
112.26354437938784	12.0	12	12
112.36360101430708	12.0	12	12
112.46365764922632	12.0	12	12
112.56371428414556	12.0	12	12
112.6637709190648	12.0	12	12
112.76382755398404	12.0	12	12
112.86388418890328	12.0	12	12
112.96394082382251	12.0	12	12
113.06399745874175	12.0	12	12
113.164054093661	12.0	12	12
113.26411072858023	12.0	12	12
113.36416736349948	12.0	12	12
113.46422399841872	12.0	12	12
113.56428063333796	12.0	12	12
113.6643372682572	12.0	12	12
113.76439390317644	12.0	12	12
113.86445053809568	12.0	12	12
113.96450717301492	12.0	12	12
114.06456380793416	12.0	12	12
114.1646204428534	11.0	11	11
114.26467707777265	11.0	11	11
114.36473371269189	11.0	11	11
114.46479034761113	11.0	11	11
114.56484698253037	11.0	11	11
114.66490361744961	11.0	11	11
114.76496025236885	11.0	11	11
114.86501688728809	11.0	11	11
114.96507352220733	11.0	11	11
115.06513015712657	11.0	11	11
115.16518679204582	10.0	10	10
115.26524342696504	10.0	10	10
115.36530006188428	10.0	10	10
115.46535669680352	10.0	10	10
115.56541333172277	10.0	10	10
115.66546996664201	10.0	10	10
115.76552660156125	10.0	10	10
115.86558323648049	10.0	10	10
115.96563987139973	10.0	10	10
116.06569650631897	10.0	10	10
116.16575314123821	10.0	10	10
116.26580977615745	10.0	10	10
116.3658664110767	10.0	10	10
116.46592304599594	10.0	10	10
116.56597968091518	10.0	10	10
116.66603631583442	10.0	10	10
116.76609295075366	10.0	10	10
116.8661495856729	10.0	10	10
116.96620622059214	10.0	10	10
117.06626285551138	10.0	10	10
117.16631949043062	10.0	10	10
117.26637612534986	10.0	10	10
117.3664327602691	10.0	10	10
117.46648939518835	10.0	10	10
117.56654603010759	10.0	10	10
117.66660266502682	10.0	10	10
117.76665929994606	10.0	10	10
117.8667159348653	10.0	10	10
117.96677256978454	10.0	10	10
118.06682920470378	10.0	10	10
118.16688583962302	10.0	10	10
118.26694247454226	10.0	10	10
118.3669991094615	10.0	10	10
118.46705574438074	10.0	10	10
118.56711237929999	10.0	10	10
118.66716901421923	10.0	10	10
118.76722564913847	10.0	10	10
118.86728228405771	10.0	10	10
118.96733891897695	10.0	10	10
119.06739555389619	10.0	10	10
119.16745218881543	10.0	10	10
119.26750882373467	10.0	10	10
119.36756545865391	10.0	10	10
119.46762209357315	10.0	10	10
119.5676787284924	10.0	10	10
119.66773536341164	10.0	10	10
119.76779199833088	10.0	10	10
119.86784863325012	10.0	10	10
119.96790526816935	9.0	9	9
120.06796190308859	9.0	9	9
120.16801853800783	9.0	9	9
120.26807517292707	9.0	9	9
120.36813180784631	9.0	9	9
120.46818844276555	9.0	9	9
120.5682450776848	9.0	9	9
120.66830171260403	10.0	10	10
120.76835834752328	10.0	10	10
120.86841498244252	10.0	10	10
120.96847161736176	10.0	10	10
121.068528252281	10.0	10	10
121.16858488720024	10.0	10	10
121.26864152211948	10.0	10	10
121.36869815703872	10.0	10	10
121.46875479195796	10.0	10	10
121.5688114268772	10.0	10	10
121.66886806179645	10.0	10	10
121.76892469671569	10.0	10	10
121.86898133163493	10.0	10	10
121.96903796655417	10.0	10	10
122.06909460147341	10.0	10	10
122.16915123639265	10.0	10	10
122.26920787131188	10.0	10	10
122.36926450623112	10.0	10	10
122.46932114115036	10.0	10	10
122.5693777760696	10.0	10	10
122.66943441098884	10.0	10	10
122.76949104590808	10.0	10	10
122.86954768082732	10.0	10	10
122.96960431574657	10.0	10	10
123.0696609506658	10.0	10	10
123.16971758558505	10.0	10	10
123.26977422050429	10.0	10	10
123.36983085542353	10.0	10	10
123.46988749034277	10.0	10	10
123.56994412526201	10.0	10	10
123.67000076018125	10.0	10	10
123.7700573951005	10.0	10	10
123.87011403001974	10.0	10	10
123.97017066493898	10.0	10	10
124.07022729985822	10.0	10	10
124.17028393477746	10.0	10	10
124.2703405696967	10.0	10	10
124.37039720461594	10.0	10	10
124.47045383953518	10.0	10	10
124.57051047445442	10.0	10	10
124.67056710937365	10.0	10	10
124.77062374429289	10.0	10	10
124.87068037921213	10.0	10	10
124.97073701413137	10.0	10	10
125.07079364905061	10.0	10	10
125.17085028396986	10.0	10	10
125.2709069188891	10.0	10	10
125.37096355380834	10.0	10	10
125.47102018872758	10.0	10	10
125.57107682364682	10.0	10	10
125.67113345856606	10.0	10	10
125.7711900934853	10.0	10	10
125.87124672840454	10.0	10	10
125.97130336332378	10.0	10	10
126.07135999824303	10.0	10	10
126.17141663316227	10.0	10	10
126.27147326808151	10.0	10	10
126.37152990300075	10.0	10	10
126.47158653791999	10.0	10	10
126.57164317283923	10.0	10	10
126.67169980775847	10.0	10	10
126.77175644267771	10.0	10	10
126.87181307759695	10.0	10	10
126.97186971251618	10.0	10	10
127.07192634743542	10.0	10	10
127.17198298235466	10.0	10	10
127.2720396172739	10.0	10	10
127.37209625219315	10.0	10	10
127.47215288711239	10.0	10	10
127.57220952203163	10.0	10	10
127.67226615695087	10.0	10	10
127.77232279187011	9.0	9	9
127.87237942678935	9.0	9	9
127.97243606170859	9.0	9	9
128.07249269662782	9.0	9	9
128.17254933154706	9.0	9	9
128.2726059664663	9.0	9	9
128.37266260138554	9.0	9	9
128.47271923630478	9.0	9	9
128.57277587122402	9.0	9	9
128.67283250614327	9.0	9	9
128.7728891410625	9.0	9	9
128.87294577598175	8.0	8	8
128.973002410901	8.0	8	8
129.07305904582023	8.0	8	8
129.17311568073947	8.0	8	8
129.2731723156587	8.0	8	8
129.37322895057795	8.0	8	8
129.4732855854972	8.0	8	8
129.57334222041644	8.0	8	8
129.67339885533568	9.0	9	9
129.77345549025492	9.0	9	9
129.87351212517416	10.0	10	10
129.9735687600934	10.0	10	10
130.07362539501264	10.0	10	10
130.17368202993188	10.0	10	10
130.27373866485112	10.0	10	10
130.37379529977036	11.0	11	11
130.4738519346896	11.0	11	11
130.57390856960885	11.0	11	11
130.6739652045281	11.0	11	11
130.77402183944733	11.0	11	11
130.87407847436657	11.0	11	11
130.9741351092858	11.0	11	11
131.07419174420505	11.0	11	11
131.1742483791243	11.0	11	11
131.27430501404353	11.0	11	11
131.37436164896278	11.0	11	11
131.47441828388202	11.0	11	11
131.57447491880126	11.0	11	11
131.6745315537205	11.0	11	11
131.77458818863974	11.0	11	11
131.87464482355898	11.0	11	11
131.97470145847822	11.0	11	11
132.07475809339746	11.0	11	11
132.1748147283167	11.0	11	11
132.27487136323595	11.0	11	11
132.3749279981552	11.0	11	11
132.47498463307443	11.0	11	11
132.57504126799367	11.0	11	11
132.6750979029129	11.0	11	11
132.77515453783212	11.0	11	11
132.87521117275136	11.0	11	11
132.9752678076706	11.0	11	11
133.07532444258985	11.0	11	11
133.1753810775091	11.0	11	11
133.27543771242833	11.0	11	11
133.37549434734757	11.0	11	11
133.4755509822668	11.0	11	11
133.57560761718605	11.0	11	11
133.6756642521053	11.0	11	11
133.77572088702453	11.0	11	11
133.87577752194377	11.0	11	11
133.97583415686302	11.0	11	11
134.07589079178226	11.0	11	11
134.1759474267015	11.0	11	11
134.27600406162074	11.0	11	11
134.37606069653998	11.0	11	11
134.47611733145922	11.0	11	11
134.57617396637846	11.0	11	11
134.6762306012977	11.0	11	11
134.77628723621694	11.0	11	11
134.87634387113619	11.0	11	11
134.97640050605543	11.0	11	11
135.07645714097467	11.0	11	11
135.1765137758939	11.0	11	11
135.27657041081315	11.0	11	11
135.3766270457324	11.0	11	11
135.47668368065163	11.0	11	11
135.57674031557087	11.0	11	11
135.67679695049011	11.0	11	11
135.77685358540936	11.0	11	11
135.8769102203286	11.0	11	11
135.97696685524784	11.0	11	11
136.07702349016708	11.0	11	11
136.17708012508632	11.0	11	11
136.27713676000556	11.0	11	11
136.3771933949248	11.0	11	11
136.47725002984404	11.0	11	11
136.57730666476328	11.0	11	11
136.67736329968253	11.0	11	11
136.77741993460177	11.0	11	11
136.877476569521	11.0	11	11
136.97753320444025	11.0	11	11
137.0775898393595	11.0	11	11
137.17764647427873	11.0	11	11
137.27770310919797	11.0	11	11
137.3777597441172	11.0	11	11
137.47781637903643	11.0	11	11
137.57787301395567	11.0	11	11
137.6779296488749	11.0	11	11
137.77798628379415	11.0	11	11
137.8780429187134	11.0	11	11
137.97809955363263	12.0	12	12
138.07815618855187	12.0	12	12
138.1782128234711	12.0	12	12
138.27826945839035	12.0	12	12
138.3783260933096	12.0	12	12
138.47838272822884	12.0	12	12
138.57843936314808	12.0	12	12
138.67849599806732	12.0	12	12
138.77855263298656	12.0	12	12
138.8786092679058	12.0	12	12
138.97866590282504	12.0	12	12
139.07872253774428	12.0	12	12
139.17877917266352	12.0	12	12
139.27883580758277	12.0	12	12
139.378892442502	12.0	12	12
139.47894907742125	12.0	12	12
139.5790057123405	12.0	12	12
139.67906234725973	12.0	12	12
139.77911898217897	12.0	12	12
139.8791756170982	12.0	12	12
139.97923225201745	12.0	12	12
140.0792888869367	12.0	12	12
140.17934552185594	12.0	12	12
140.27940215677518	12.0	12	12
140.37945879169442	12.0	12	12
140.47951542661366	12.0	12	12
140.5795720615329	12.0	12	12
140.67962869645214	12.0	12	12
140.77968533137138	12.0	12	12
140.87974196629062	12.0	12	12
140.97979860120986	12.0	12	12
141.0798552361291	12.0	12	12
141.17991187104835	12.0	12	12
141.2799685059676	12.0	12	12
141.38002514088683	12.0	12	12
141.48008177580607	12.0	12	12
141.5801384107253	12.0	12	12
141.68019504564455	12.0	12	12
141.7802516805638	12.0	12	12
141.88030831548303	12.0	12	12
141.98036495040228	12.0	12	12
142.0804215853215	11.0	11	11
142.18047822024073	11.0	11	11
142.28053485515997	10.0	10	10
142.3805914900792	9.0	9	9
142.48064812499845	9.0	9	9
142.5807047599177	8.0	8	8
142.68076139483694	8.0	8	8
142.78081802975618	8.0	8	8
142.88087466467542	8.0	8	8
142.98093129959466	8.0	8	8
143.0809879345139	8.0	8	8
143.18104456943314	8.0	8	8
143.28110120435238	8.0	8	8
143.38115783927162	9.0	9	9
143.48121447419086	9.0	9	9
143.5812711091101	9.0	9	9
143.68132774402935	9.0	9	9
143.7813843789486	9.0	9	9
143.88144101386783	9.0	9	9
143.98149764878707	9.0	9	9
144.0815542837063	9.0	9	9
144.18161091862555	9.0	9	9
144.2816675535448	9.0	9	9
144.38172418846403	9.0	9	9
144.48178082338327	9.0	9	9
144.58183745830252	8.0	8	8
144.68189409322176	8.0	8	8
144.781950728141	8.0	8	8
144.88200736306024	8.0	8	8
144.98206399797948	8.0	8	8
145.08212063289872	8.0	8	8
145.18217726781796	8.0	8	8
145.2822339027372	8.0	8	8
145.38229053765644	8.0	8	8
145.4823471725757	8.0	8	8
145.58240380749493	8.0	8	8
145.68246044241417	8.0	8	8
145.7825170773334	8.0	8	8
145.88257371225265	8.0	8	8
145.9826303471719	8.0	8	8
146.08268698209113	8.0	8	8
146.18274361701037	8.0	8	8
146.28280025192961	8.0	8	8
146.38285688684886	8.0	8	8
146.4829135217681	8.0	8	8
146.58297015668734	8.0	8	8
146.68302679160658	8.0	8	8
146.7830834265258	8.0	8	8
146.88314006144503	8.0	8	8
146.98319669636427	8.0	8	8
147.08325333128352	8.0	8	8
147.18330996620276	8.0	8	8
147.283366601122	8.0	8	8
147.38342323604124	9.0	9	9
147.48347987096048	9.0	9	9
147.58353650587972	9.0	9	9
147.68359314079896	9.0	9	9
147.7836497757182	9.0	9	9
147.88370641063744	9.0	9	9
147.98376304555669	9.0	9	9
148.08381968047593	9.0	9	9
148.18387631539517	9.0	9	9
148.2839329503144	9.0	9	9
148.38398958523365	9.0	9	9
148.4840462201529	9.0	9	9
148.58410285507213	9.0	9	9
148.68415948999137	9.0	9	9
148.7842161249106	9.0	9	9
148.88427275982986	9.0	9	9
148.9843293947491	9.0	9	9
149.08438602966834	9.0	9	9
149.18444266458758	9.0	9	9
149.28449929950682	9.0	9	9
149.38455593442606	9.0	9	9
149.4846125693453	9.0	9	9
149.58466920426454	9.0	9	9
149.68472583918378	9.0	9	9
149.78478247410303	9.0	9	9
149.88483910902227	9.0	9	9
149.9848957439415	9.0	9	9
150.08495237886075	9.0	9	9
150.18500901378	9.0	9	9
150.28506564869923	9.0	9	9
150.38512228361847	9.0	9	9
150.4851789185377	9.0	9	9
150.58523555345695	9.0	9	9
150.6852921883762	9.0	9	9
150.78534882329544	9.0	9	9
150.88540545821468	9.0	9	9
150.98546209313392	9.0	9	9
151.08551872805316	9.0	9	9
151.1855753629724	9.0	9	9
151.28563199789164	9.0	9	9
151.38568863281085	9.0	9	9
151.4857452677301	9.0	9	9
151.58580190264934	9.0	9	9
151.68585853756858	9.0	9	9
151.78591517248782	9.0	9	9
151.88597180740706	10.0	10	10
151.9860284423263	10.0	10	10
152.08608507724554	10.0	10	10
152.18614171216478	10.0	10	10
152.28619834708402	10.0	10	10
152.38625498200327	10.0	10	10
152.4863116169225	10.0	10	10
152.58636825184175	10.0	10	10
152.686424886761	10.0	10	10
152.78648152168023	10.0	10	10
152.88653815659947	10.0	10	10
152.9865947915187	10.0	10	10
153.08665142643795	10.0	10	10
153.1867080613572	10.0	10	10
153.28676469627644	10.0	10	10
153.38682133119568	10.0	10	10
153.48687796611492	10.0	10	10
153.58693460103416	10.0	10	10
153.6869912359534	10.0	10	10
153.78704787087264	10.0	10	10
153.88710450579188	10.0	10	10
153.98716114071112	10.0	10	10
154.08721777563036	10.0	10	10
154.1872744105496	10.0	10	10
154.28733104546885	10.0	10	10
154.3873876803881	10.0	10	10
154.48744431530733	10.0	10	10
154.58750095022657	10.0	10	10
154.6875575851458	10.0	10	10
154.78761422006505	9.0	9	9
154.8876708549843	9.0	9	9
154.98772748990353	9.0	9	9
155.08778412482278	9.0	9	9
155.18784075974202	9.0	9	9
155.28789739466126	9.0	9	9
155.3879540295805	9.0	9	9
155.48801066449974	9.0	9	9
155.58806729941898	9.0	9	9
155.68812393433822	9.0	9	9
155.78818056925746	9.0	9	9
155.8882372041767	9.0	9	9
155.98829383909595	9.0	9	9
156.08835047401516	9.0	9	9
156.1884071089344	9.0	9	9
156.28846374385364	9.0	9	9
156.38852037877288	9.0	9	9
156.48857701369212	9.0	9	9
156.58863364861136	9.0	9	9
156.6886902835306	9.0	9	9
156.78874691844985	9.0	9	9
156.8888035533691	9.0	9	9
156.98886018828833	7.0	7	7
157.08891682320757	7.0	7	7
157.1889734581268	7.0	7	7
157.28903009304605	7.0	7	7
157.3890867279653	7.0	7	7
157.48914336288453	7.0	7	7
157.58919999780377	7.0	7	7
157.68925663272302	7.0	7	7
157.78931326764226	7.0	7	7
157.8893699025615	7.0	7	7
157.98942653748074	7.0	7	7
158.08948317239998	7.0	7	7
158.18953980731922	7.0	7	7
158.28959644223846	7.0	7	7
158.3896530771577	7.0	7	7
158.48970971207694	7.0	7	7
158.58976634699619	6.0	6	6
158.68982298191543	6.0	6	6
158.78987961683467	6.0	6	6
158.8899362517539	6.0	6	6
158.98999288667315	6.0	6	6
159.0900495215924	6.0	6	6
159.19010615651163	6.0	6	6
159.29016279143087	6.0	6	6
159.39021942635011	6.0	6	6
159.49027606126936	6.0	6	6
159.5903326961886	6.0	6	6
159.69038933110784	6.0	6	6
159.79044596602708	6.0	6	6
159.89050260094632	6.0	6	6
159.99055923586556	6.0	6	6
160.0906158707848	6.0	6	6
160.19067250570404	6.0	6	6
160.29072914062328	6.0	6	6
160.39078577554253	6.0	6	6
160.49084241046177	6.0	6	6
160.590899045381	6.0	6	6
160.69095568030022	6.0	6	6
160.79101231521946	6.0	6	6
160.8910689501387	6.0	6	6
160.99112558505794	6.0	6	6
161.09118221997718	6.0	6	6
161.19123885489643	6.0	6	6
161.29129548981567	5.0	5	5
161.3913521247349	5.0	5	5
161.49140875965415	5.0	5	5
161.5914653945734	5.0	5	5
161.69152202949263	5.0	5	5
161.79157866441187	5.0	5	5
161.8916352993311	5.0	5	5
161.99169193425035	5.0	5	5
162.0917485691696	5.0	5	5
162.19180520408884	5.0	5	5
162.29186183900808	5.0	5	5
162.39191847392732	5.0	5	5
162.49197510884656	5.0	5	5
162.5920317437658	5.0	5	5
162.69208837868504	5.0	5	5
162.79214501360428	5.0	5	5
162.89220164852352	5.0	5	5
162.99225828344277	5.0	5	5
163.092314918362	5.0	5	5
163.19237155328125	5.0	5	5
163.2924281882005	5.0	5	5
163.39248482311973	5.0	5	5
163.49254145803897	5.0	5	5
163.5925980929582	5.0	5	5
163.69265472787745	5.0	5	5
163.7927113627967	5.0	5	5
163.89276799771594	5.0	5	5
163.99282463263518	5.0	5	5
164.09288126755442	5.0	5	5
164.19293790247366	5.0	5	5
164.2929945373929	5.0	5	5
164.39305117231214	5.0	5	5
164.49310780723138	5.0	5	5
164.59316444215062	5.0	5	5
164.69322107706986	5.0	5	5
164.7932777119891	5.0	5	5
164.89333434690835	5.0	5	5
164.9933909818276	5.0	5	5
165.09344761674683	6.0	6	6
165.19350425166607	6.0	6	6
165.2935608865853	6.0	6	6
165.39361752150452	6.0	6	6
165.49367415642376	7.0	7	7
165.593730791343	7.0	7	7
165.69378742626225	7.0	7	7
165.7938440611815	7.0	7	7
165.89390069610073	7.0	7	7
165.99395733101997	7.0	7	7
166.0940139659392	7.0	7	7
166.19407060085845	7.0	7	7
166.2941272357777	7.0	7	7
166.39418387069693	7.0	7	7
166.49424050561618	8.0	8	8
166.59429714053542	8.0	8	8
166.69435377545466	8.0	8	8
166.7944104103739	8.0	8	8
166.89446704529314	8.0	8	8
166.99452368021238	8.0	8	8
167.09458031513162	8.0	8	8
167.19463695005086	8.0	8	8
167.2946935849701	8.0	8	8
167.39475021988935	8.0	8	8
167.4948068548086	8.0	8	8
167.59486348972783	8.0	8	8
167.69492012464707	8.0	8	8
167.7949767595663	8.0	8	8
167.89503339448555	8.0	8	8
167.9950900294048	8.0	8	8
168.09514666432403	8.0	8	8
168.19520329924327	8.0	8	8
168.29525993416252	8.0	8	8
168.39531656908176	8.0	8	8
168.495373204001	8.0	8	8
168.59542983892024	8.0	8	8
168.69548647383948	8.0	8	8
168.79554310875872	7.0	7	7
168.89559974367796	7.0	7	7
168.9956563785972	7.0	7	7
169.09571301351644	7.0	7	7
169.1957696484357	7.0	7	7
169.29582628335493	7.0	7	7
169.39588291827417	7.0	7	7
169.4959395531934	7.0	7	7
169.59599618811265	7.0	7	7
169.6960528230319	6.0	6	6
169.79610945795113	6.0	6	6
169.89616609287037	6.0	6	6
169.9962227277896	6.0	6	6
170.09627936270883	6.0	6	6
170.19633599762807	5.0	5	5
170.2963926325473	5.0	5	5
170.39644926746655	5.0	5	5
170.4965059023858	5.0	5	5
170.59656253730503	5.0	5	5
170.69661917222427	5.0	5	5
170.79667580714352	5.0	5	5
170.89673244206276	5.0	5	5
170.996789076982	4.0	4	4
171.09684571190124	4.0	4	4
171.19690234682048	4.0	4	4
171.29695898173972	4.0	4	4
171.39701561665896	4.0	4	4
171.4970722515782	4.0	4	4
171.59712888649744	4.0	4	4
171.69718552141669	4.0	4	4
171.79724215633593	4.0	4	4
171.89729879125517	4.0	4	4
171.9973554261744	4.0	4	4
172.09741206109365	4.0	4	4
172.1974686960129	4.0	4	4
172.29752533093213	4.0	4	4
172.39758196585137	4.0	4	4
172.4976386007706	4.0	4	4
172.59769523568986	4.0	4	4
172.6977518706091	4.0	4	4
172.79780850552834	4.0	4	4
172.89786514044758	4.0	4	4
172.99792177536682	4.0	4	4
173.09797841028606	4.0	4	4
173.1980350452053	4.0	4	4
173.29809168012454	4.0	4	4
173.39814831504378	4.0	4	4
173.49820494996303	4.0	4	4
173.59826158488227	4.0	4	4
173.6983182198015	4.0	4	4
173.79837485472075	4.0	4	4
173.89843148964	4.0	4	4
173.99848812455923	4.0	4	4
174.09854475947847	4.0	4	4
174.1986013943977	4.0	4	4
174.29865802931695	4.0	4	4
174.3987146642362	4.0	4	4
174.49877129915544	4.0	4	4
174.59882793407468	4.0	4	4
174.6988845689939	4.0	4	4
174.79894120391313	4.0	4	4
174.89899783883237	4.0	4	4
174.9990544737516	4.0	4	4
175.09911110867085	4.0	4	4
175.1991677435901	4.0	4	4
175.29922437850934	4.0	4	4
175.39928101342858	4.0	4	4
175.49933764834782	4.0	4	4
175.59939428326706	4.0	4	4
175.6994509181863	4.0	4	4
175.79950755310554	4.0	4	4
175.89956418802478	4.0	4	4
175.99962082294402	4.0	4	4
176.09967745786327	4.0	4	4
176.1997340927825	4.0	4	4
176.29979072770175	4.0	4	4
176.399847362621	4.0	4	4
176.49990399754023	4.0	4	4
176.59996063245947	4.0	4	4
176.7000172673787	4.0	4	4
176.80007390229795	4.0	4	4
176.9001305372172	4.0	4	4
177.00018717213644	4.0	4	4
177.10024380705568	4.0	4	4
177.20030044197492	4.0	4	4
177.30035707689416	4.0	4	4
177.4004137118134	4.0	4	4
177.50047034673264	4.0	4	4
177.60052698165188	4.0	4	4
177.70058361657112	4.0	4	4
177.80064025149036	4.0	4	4
177.9006968864096	4.0	4	4
178.00075352132885	4.0	4	4
178.1008101562481	4.0	4	4
178.20086679116733	4.0	4	4
178.30092342608657	4.0	4	4
178.4009800610058	4.0	4	4
178.50103669592505	4.0	4	4
178.6010933308443	4.0	4	4
178.70114996576353	4.0	4	4
178.80120660068278	4.0	4	4
178.90126323560202	4.0	4	4
179.00131987052126	4.0	4	4
179.1013765054405	4.0	4	4
179.20143314035974	3.0	3	3
179.30148977527898	3.0	3	3
179.4015464101982	3.0	3	3
179.50160304511743	3.0	3	3
179.60165968003668	3.0	3	3
179.70171631495592	3.0	3	3
179.80177294987516	3.0	3	3
179.9018295847944	3.0	3	3
180.00188621971364	3.0	3	3
180.10194285463288	3.0	3	3
180.20199948955212	3.0	3	3
180.30205612447136	3.0	3	3
180.4021127593906	3.0	3	3
180.50216939430985	3.0	3	3
180.6022260292291	3.0	3	3
180.70228266414833	3.0	3	3
180.80233929906757	3.0	3	3
180.9023959339868	3.0	3	3
181.00245256890605	3.0	3	3
181.1025092038253	3.0	3	3
181.20256583874453	3.0	3	3
181.30262247366377	3.0	3	3
181.40267910858302	3.0	3	3
181.50273574350226	3.0	3	3
181.6027923784215	3.0	3	3
181.70284901334074	3.0	3	3
181.80290564825998	3.0	3	3
181.90296228317922	2.0	2	2
182.00301891809846	2.0	2	2
182.1030755530177	2.0	2	2
182.20313218793694	2.0	2	2
182.30318882285619	2.0	2	2
182.40324545777543	2.0	2	2
182.50330209269467	1.0	1	1
182.6033587276139	1.0	1	1
