time	diversity	m_div	M_div
0.0	10.0	10	10
0.10008591645109598	10.0	10	10
0.20017183290219195	10.0	10	10
0.3002577493532879	10.0	10	10
0.4003436658043839	10.0	10	10
0.5004295822554798	10.0	10	10
0.6005154987065758	10.0	10	10
0.7006014151576718	10.0	10	10
0.8006873316087678	10.0	10	10
0.9007732480598638	10.0	10	10
1.0008591645109597	10.0	10	10
1.1009450809620558	10.0	10	10
1.2010309974131517	10.0	10	10
1.3011169138642478	10.0	10	10
1.4012028303153437	10.0	10	10
1.5012887467664398	10.0	10	10
1.6013746632175356	10.0	10	10
1.7014605796686315	10.0	10	10
1.8015464961197276	10.0	10	10
1.9016324125708235	10.0	10	10
2.0017183290219194	10.0	10	10
2.1018042454730157	10.0	10	10
2.2018901619241116	10.0	10	10
2.3019760783752075	10.0	10	10
2.4020619948263033	10.0	10	10
2.502147911277399	10.0	10	10
2.6022338277284955	10.0	10	10
2.7023197441795914	10.0	10	10
2.8024056606306873	10.0	10	10
2.902491577081783	10.0	10	10
3.0025774935328795	10.0	10	10
3.1026634099839754	10.0	10	10
3.2027493264350713	10.0	10	10
3.302835242886167	10.0	10	10
3.402921159337263	10.0	10	10
3.5030070757883593	10.0	10	10
3.6030929922394552	10.0	10	10
3.703178908690551	10.0	10	10
3.803264825141647	10.0	10	10
3.9033507415927433	10.0	10	10
4.003436658043839	10.0	10	10
4.103522574494935	10.0	10	10
4.203608490946031	10.0	10	10
4.303694407397127	10.0	10	10
4.403780323848223	10.0	10	10
4.503866240299319	10.0	10	10
4.603952156750415	10.0	10	10
4.704038073201511	10.0	10	10
4.804123989652607	10.0	10	10
4.904209906103703	10.0	10	10
5.004295822554798	10.0	10	10
5.104381739005895	10.0	10	10
5.204467655456991	10.0	10	10
5.3045535719080865	10.0	10	10
5.404639488359183	10.0	10	10
5.504725404810279	10.0	10	10
5.604811321261375	10.0	10	10
5.704897237712471	10.0	10	10
5.804983154163566	10.0	10	10
5.905069070614663	10.0	10	10
6.005154987065759	10.0	10	10
6.1052409035168544	10.0	10	10
6.205326819967951	10.0	10	10
6.305412736419046	10.0	10	10
6.4054986528701425	10.0	10	10
6.505584569321239	10.0	10	10
6.605670485772334	10.0	10	10
6.705756402223431	10.0	10	10
6.805842318674526	10.0	10	10
6.905928235125622	10.0	10	10
7.006014151576719	10.0	10	10
7.106100068027814	10.0	10	10
7.2061859844789105	10.0	10	10
7.306271900930006	10.0	10	10
7.406357817381102	10.0	10	10
7.5064437338321985	10.0	10	10
7.606529650283294	10.0	10	10
7.70661556673439	10.0	10	10
7.806701483185487	10.0	10	10
7.906787399636582	10.0	10	10
8.006873316087677	10.0	10	10
8.106959232538774	10.0	10	10
8.20704514898987	10.0	10	10
8.307131065440966	10.0	10	10
8.407216981892063	10.0	10	10
8.507302898343157	10.0	10	10
8.607388814794254	10.0	10	10
8.70747473124535	10.0	10	10
8.807560647696446	10.0	10	10
8.907646564147543	10.0	10	10
9.007732480598637	10.0	10	10
9.107818397049734	10.0	10	10
9.20790431350083	10.0	10	10
9.307990229951926	10.0	10	10
9.408076146403022	10.0	10	10
9.508162062854117	10.0	10	10
9.608247979305213	10.0	10	10
9.70833389575631	10.0	10	10
9.808419812207406	10.0	10	10
9.908505728658502	10.0	10	10
10.008591645109597	10.0	10	10
10.108677561560693	10.0	10	10
10.20876347801179	10.0	10	10
10.308849394462886	10.0	10	10
10.408935310913982	10.0	10	10
10.509021227365077	10.0	10	10
10.609107143816173	10.0	10	10
10.70919306026727	10.0	10	10
10.809278976718366	10.0	10	10
10.909364893169462	10.0	10	10
11.009450809620558	10.0	10	10
11.109536726071653	10.0	10	10
11.20962264252275	10.0	10	10
11.309708558973846	10.0	10	10
11.409794475424942	10.0	10	10
11.509880391876038	10.0	10	10
11.609966308327133	10.0	10	10
11.710052224778229	10.0	10	10
11.810138141229325	10.0	10	10
11.910224057680422	10.0	10	10
12.010309974131518	10.0	10	10
12.110395890582613	10.0	10	10
12.210481807033709	10.0	10	10
12.310567723484805	10.0	10	10
12.410653639935902	10.0	10	10
12.510739556386998	10.0	10	10
12.610825472838092	10.0	10	10
12.710911389289189	10.0	10	10
12.810997305740285	10.0	10	10
12.911083222191381	10.0	10	10
13.011169138642478	10.0	10	10
13.111255055093572	10.0	10	10
13.211340971544669	10.0	10	10
13.311426887995765	10.0	10	10
13.411512804446861	10.0	10	10
13.511598720897958	10.0	10	10
13.611684637349052	10.0	10	10
13.711770553800148	10.0	10	10
13.811856470251245	10.0	10	10
13.911942386702341	10.0	10	10
14.012028303153437	10.0	10	10
14.112114219604532	10.0	10	10
14.212200136055628	10.0	10	10
14.312286052506725	10.0	10	10
14.412371968957821	10.0	10	10
14.512457885408917	10.0	10	10
14.612543801860012	10.0	10	10
14.712629718311108	10.0	10	10
14.812715634762204	10.0	10	10
14.9128015512133	10.0	10	10
15.012887467664397	10.0	10	10
15.112973384115493	10.0	10	10
15.213059300566588	10.0	10	10
15.313145217017684	10.0	10	10
15.41323113346878	10.0	10	10
15.513317049919877	10.0	10	10
15.613402966370973	10.0	10	10
15.713488882822068	10.0	10	10
15.813574799273164	10.0	10	10
15.91366071572426	10.0	10	10
16.013746632175355	10.0	10	10
16.11383254862645	10.0	10	10
16.213918465077548	10.0	10	10
16.314004381528644	10.0	10	10
16.41409029797974	10.0	10	10
16.514176214430837	10.0	10	10
16.614262130881933	10.0	10	10
16.71434804733303	10.0	10	10
16.814433963784126	10.0	10	10
16.91451988023522	10.0	10	10
17.014605796686315	10.0	10	10
17.11469171313741	10.0	10	10
17.214777629588507	10.0	10	10
17.314863546039604	10.0	10	10
17.4149494624907	10.0	10	10
17.515035378941796	10.0	10	10
17.615121295392893	10.0	10	10
17.71520721184399	10.0	10	10
17.815293128295085	10.0	10	10
17.91537904474618	10.0	10	10
18.015464961197274	10.0	10	10
18.11555087764837	10.0	10	10
18.215636794099467	10.0	10	10
18.315722710550563	10.0	10	10
18.41580862700166	10.0	10	10
18.515894543452756	10.0	10	10
18.615980459903852	10.0	10	10
18.71606637635495	10.0	10	10
18.816152292806045	10.0	10	10
18.91623820925714	10.0	10	10
19.016324125708234	10.0	10	10
19.11641004215933	10.0	10	10
19.216495958610427	10.0	10	10
19.316581875061523	10.0	10	10
19.41666779151262	10.0	10	10
19.516753707963716	10.0	10	10
19.616839624414812	10.0	10	10
19.71692554086591	10.0	10	10
19.817011457317005	10.0	10	10
19.9170973737681	10.0	10	10
20.017183290219194	10.0	10	10
20.11726920667029	10.0	10	10
20.217355123121386	10.0	10	10
20.317441039572483	10.0	10	10
20.41752695602358	10.0	10	10
20.517612872474675	10.0	10	10
20.61769878892577	10.0	10	10
20.717784705376868	10.0	10	10
20.817870621827964	11.0	11	11
20.91795653827906	11.0	11	11
21.018042454730153	11.0	11	11
21.11812837118125	11.0	11	11
21.218214287632346	11.0	11	11
21.318300204083442	11.0	11	11
21.41838612053454	11.0	11	11
21.518472036985635	11.0	11	11
21.61855795343673	11.0	11	11
21.718643869887828	11.0	11	11
21.818729786338924	11.0	11	11
21.91881570279002	11.0	11	11
22.018901619241117	11.0	11	11
22.11898753569221	11.0	11	11
22.219073452143306	11.0	11	11
22.319159368594402	11.0	11	11
22.4192452850455	11.0	11	11
22.519331201496595	11.0	11	11
22.61941711794769	11.0	11	11
22.719503034398787	11.0	11	11
22.819588950849884	11.0	11	11
22.91967486730098	11.0	11	11
23.019760783752076	11.0	11	11
23.11984670020317	11.0	11	11
23.219932616654265	11.0	11	11
23.32001853310536	11.0	11	11
23.420104449556458	11.0	11	11
23.520190366007554	11.0	11	11
23.62027628245865	11.0	11	11
23.720362198909747	11.0	11	11
23.820448115360843	11.0	11	11
23.92053403181194	11.0	11	11
24.020619948263036	11.0	11	11
24.12070586471413	11.0	11	11
24.220791781165225	11.0	11	11
24.32087769761632	11.0	11	11
24.420963614067418	11.0	11	11
24.521049530518514	11.0	11	11
24.62113544696961	11.0	11	11
24.721221363420707	11.0	11	11
24.821307279871803	11.0	11	11
24.9213931963229	11.0	11	11
25.021479112773996	11.0	11	11
25.12156502922509	11.0	11	11
25.221650945676185	11.0	11	11
25.32173686212728	11.0	11	11
25.421822778578377	11.0	11	11
25.521908695029474	11.0	11	11
25.62199461148057	11.0	11	11
25.722080527931666	11.0	11	11
25.822166444382763	11.0	11	11
25.92225236083386	11.0	11	11
26.022338277284955	11.0	11	11
26.12242419373605	11.0	11	11
26.222510110187145	11.0	11	11
26.32259602663824	11.0	11	11
26.422681943089337	11.0	11	11
26.522767859540433	11.0	11	11
26.62285377599153	11.0	11	11
26.722939692442626	11.0	11	11
26.823025608893722	11.0	11	11
26.92311152534482	11.0	11	11
27.023197441795915	11.0	11	11
27.12328335824701	11.0	11	11
27.223369274698104	11.0	11	11
27.3234551911492	11.0	11	11
27.423541107600297	11.0	11	11
27.523627024051393	11.0	11	11
27.62371294050249	11.0	11	11
27.723798856953586	11.0	11	11
27.823884773404682	11.0	11	11
27.92397068985578	11.0	11	11
28.024056606306875	11.0	11	11
28.12414252275797	11.0	11	11
28.224228439209064	11.0	11	11
28.32431435566016	11.0	11	11
28.424400272111257	11.0	11	11
28.524486188562353	11.0	11	11
28.62457210501345	11.0	11	11
28.724658021464545	11.0	11	11
28.824743937915642	11.0	11	11
28.924829854366738	11.0	11	11
29.024915770817834	11.0	11	11
29.12500168726893	11.0	11	11
29.225087603720024	11.0	11	11
29.32517352017112	11.0	11	11
29.425259436622216	11.0	11	11
29.525345353073313	11.0	11	11
29.62543126952441	11.0	11	11
29.725517185975505	11.0	11	11
29.8256031024266	11.0	11	11
29.925689018877698	11.0	11	11
30.025774935328794	11.0	11	11
30.12586085177989	11.0	11	11
30.225946768230987	11.0	11	11
30.32603268468208	11.0	11	11
30.426118601133176	11.0	11	11
30.526204517584272	11.0	11	11
30.62629043403537	10.0	10	10
30.726376350486465	10.0	10	10
30.82646226693756	10.0	10	10
30.926548183388658	11.0	11	11
31.026634099839754	11.0	11	11
31.12672001629085	11.0	11	11
31.226805932741946	11.0	11	11
31.32689184919304	11.0	11	11
31.426977765644136	11.0	11	11
31.527063682095232	11.0	11	11
31.62714959854633	11.0	11	11
31.727235514997425	11.0	11	11
31.82732143144852	11.0	11	11
31.927407347899617	11.0	11	11
32.02749326435071	11.0	11	11
32.12757918080181	11.0	11	11
32.2276650972529	11.0	11	11
32.327751013704	11.0	11	11
32.427836930155095	11.0	11	11
32.527922846606195	11.0	11	11
32.62800876305729	11.0	11	11
32.72809467950839	11.0	11	11
32.82818059595948	11.0	11	11
32.92826651241057	11.0	11	11
33.02835242886167	11.0	11	11
33.128438345312766	12.0	12	12
33.228524261763866	12.0	12	12
33.32861017821496	12.0	12	12
33.42869609466606	12.0	12	12
33.52878201111715	12.0	12	12
33.62886792756825	12.0	12	12
33.728953844019344	12.0	12	12
33.82903976047044	12.0	12	12
33.92912567692154	12.0	12	12
34.02921159337263	12.0	12	12
34.12929750982373	12.0	12	12
34.22938342627482	12.0	12	12
34.32946934272592	12.0	12	12
34.429555259177015	12.0	12	12
34.529641175628115	12.0	12	12
34.62972709207921	12.0	12	12
34.72981300853031	12.0	12	12
34.8298989249814	12.0	12	12
34.92998484143249	12.0	12	12
35.03007075788359	12.0	12	12
35.130156674334685	12.0	12	12
35.230242590785785	12.0	12	12
35.33032850723688	12.0	12	12
35.43041442368798	12.0	12	12
35.53050034013907	12.0	12	12
35.63058625659017	12.0	12	12
35.73067217304126	12.0	12	12
35.83075808949236	12.0	12	12
35.930844005943456	12.0	12	12
36.03092992239455	12.0	12	12
36.13101583884565	12.0	12	12
36.23110175529674	12.0	12	12
36.33118767174784	12.0	12	12
36.431273588198934	12.0	12	12
36.531359504650034	13.0	13	13
36.63144542110113	13.0	13	13
36.73153133755223	13.0	13	13
36.83161725400332	13.0	13	13
36.93170317045441	13.0	13	13
37.03178908690551	13.0	13	13
37.131875003356605	14.0	14	14
37.231960919807705	14.0	14	14
37.3320468362588	14.0	14	14
37.4321327527099	14.0	14	14
37.53221866916099	15.0	15	15
37.63230458561209	15.0	15	15
37.73239050206318	15.0	15	15
37.83247641851428	15.0	15	15
37.932562334965375	15.0	15	15
38.03264825141647	15.0	15	15
38.13273416786757	15.0	15	15
38.23282008431866	15.0	15	15
38.33290600076976	15.0	15	15
38.43299191722085	15.0	15	15
38.53307783367195	15.0	15	15
38.633163750123046	15.0	15	15
38.733249666574146	15.0	15	15
38.83333558302524	15.0	15	15
38.93342149947634	15.0	15	15
39.03350741592743	15.0	15	15
39.133593332378524	15.0	15	15
39.233679248829624	15.0	15	15
39.33376516528072	15.0	15	15
39.43385108173182	15.0	15	15
39.53393699818291	15.0	15	15
39.63402291463401	15.0	15	15
39.7341088310851	15.0	15	15
39.8341947475362	15.0	15	15
39.934280663987295	15.0	15	15
40.03436658043839	15.0	15	15
40.13445249688949	15.0	15	15
40.23453841334058	15.0	15	15
40.33462432979168	15.0	15	15
40.43471024624277	15.0	15	15
40.53479616269387	15.0	15	15
40.634882079144965	15.0	15	15
40.734967995596065	15.0	15	15
40.83505391204716	15.0	15	15
40.93513982849826	15.0	15	15
41.03522574494935	15.0	15	15
41.13531166140044	15.0	15	15
41.23539757785154	15.0	15	15
41.335483494302636	15.0	15	15
41.435569410753736	15.0	15	15
41.53565532720483	15.0	15	15
41.63574124365593	15.0	15	15
41.73582716010702	15.0	15	15
41.83591307655812	15.0	15	15
41.935998993009214	15.0	15	15
42.03608490946031	15.0	15	15
42.13617082591141	15.0	15	15
42.2362567423625	15.0	15	15
42.3363426588136	15.0	15	15
42.43642857526469	15.0	15	15
42.53651449171579	15.0	15	15
42.636600408166885	15.0	15	15
42.736686324617985	15.0	15	15
42.83677224106908	15.0	15	15
42.93685815752018	15.0	15	15
43.03694407397127	15.0	15	15
43.13702999042236	15.0	15	15
43.23711590687346	15.0	15	15
43.337201823324556	15.0	15	15
43.437287739775655	16.0	16	16
43.53737365622675	17.0	17	17
43.63745957267785	17.0	17	17
43.73754548912894	17.0	17	17
43.83763140558004	17.0	17	17
43.93771732203113	17.0	17	17
44.03780323848223	17.0	17	17
44.137889154933326	17.0	17	17
44.23797507138442	17.0	17	17
44.33806098783552	17.0	17	17
44.43814690428661	17.0	17	17
44.53823282073771	17.0	17	17
44.638318737188804	17.0	17	17
44.738404653639904	17.0	17	17
44.838490570091	17.0	17	17
44.9385764865421	17.0	17	17
45.03866240299319	17.0	17	17
45.13874831944428	17.0	17	17
45.23883423589538	17.0	17	17
45.338920152346475	18.0	18	18
45.439006068797575	18.0	18	18
45.53909198524867	18.0	18	18
45.63917790169977	18.0	18	18
45.73926381815086	18.0	18	18
45.83934973460196	18.0	18	18
45.93943565105305	18.0	18	18
46.03952156750415	18.0	18	18
46.139607483955245	18.0	18	18
46.23969340040634	18.0	18	18
46.33977931685744	18.0	18	18
46.43986523330853	18.0	18	18
46.53995114975963	17.0	17	17
46.64003706621072	17.0	17	17
46.74012298266182	17.0	17	17
46.840208899112916	17.0	17	17
46.940294815564016	17.0	17	17
47.04038073201511	17.0	17	17
47.14046664846621	17.0	17	17
47.2405525649173	17.0	17	17
47.340638481368394	17.0	17	17
47.440724397819494	17.0	17	17
47.54081031427059	17.0	17	17
47.64089623072169	17.0	17	17
47.74098214717278	17.0	17	17
47.84106806362388	17.0	17	17
47.94115398007497	17.0	17	17
48.04123989652607	17.0	17	17
48.141325812977165	17.0	17	17
48.24141172942826	17.0	17	17
48.34149764587936	17.0	17	17
48.44158356233045	17.0	17	17
48.54166947878155	17.0	17	17
48.64175539523264	17.0	17	17
48.74184131168374	17.0	17	17
48.841927228134836	17.0	17	17
48.942013144585935	17.0	17	17
49.04209906103703	17.0	17	17
49.14218497748813	17.0	17	17
49.24227089393922	17.0	17	17
49.342356810390314	17.0	17	17
49.44244272684141	17.0	17	17
49.542528643292506	17.0	17	17
49.642614559743606	17.0	17	17
49.7427004761947	17.0	17	17
49.8427863926458	16.0	16	16
49.94287230909689	17.0	17	17
50.04295822554799	17.0	17	17
50.143044141999084	18.0	18	18
50.24313005845018	18.0	18	18
50.34321597490128	18.0	18	18
50.44330189135237	18.0	18	18
50.54338780780347	18.0	18	18
50.64347372425456	18.0	18	18
50.74355964070566	18.0	18	18
50.843645557156755	18.0	18	18
50.943731473607855	18.0	18	18
51.04381739005895	18.0	18	18
51.14390330651005	18.0	18	18
51.24398922296114	17.0	17	17
51.34407513941223	17.0	17	17
51.44416105586333	17.0	17	17
51.544246972314426	17.0	17	17
51.644332888765526	17.0	17	17
51.74441880521662	17.0	17	17
51.84450472166772	17.0	17	17
51.94459063811881	17.0	17	17
52.04467655456991	17.0	17	17
52.144762471021004	17.0	17	17
52.2448483874721	17.0	17	17
52.344934303923196	17.0	17	17
52.44502022037429	17.0	17	17
52.54510613682539	17.0	17	17
52.64519205327648	17.0	17	17
52.74527796972758	17.0	17	17
52.845363886178674	17.0	17	17
52.945449802629774	17.0	17	17
53.04553571908087	17.0	17	17
53.14562163553197	17.0	17	17
53.24570755198306	17.0	17	17
53.34579346843415	17.0	17	17
53.44587938488525	16.0	16	16
53.545965301336345	16.0	16	16
53.646051217787445	16.0	16	16
53.74613713423854	16.0	16	16
53.84622305068964	16.0	16	16
53.94630896714073	16.0	16	16
54.04639488359183	15.0	15	15
54.14648080004292	15.0	15	15
54.24656671649402	15.0	15	15
54.346652632945116	15.0	15	15
54.44673854939621	15.0	15	15
54.54682446584731	15.0	15	15
54.6469103822984	15.0	15	15
54.7469962987495	15.0	15	15
54.847082215200594	15.0	15	15
54.947168131651694	15.0	15	15
55.047254048102786	14.0	14	14
55.147339964553886	14.0	14	14
55.24742588100498	13.0	13	13
55.34751179745607	13.0	13	13
55.44759771390717	13.0	13	13
55.547683630358264	13.0	13	13
55.647769546809364	13.0	13	13
55.74785546326046	13.0	13	13
55.84794137971156	13.0	13	13
55.94802729616265	13.0	13	13
56.04811321261375	13.0	13	13
56.14819912906484	13.0	13	13
56.24828504551594	13.0	13	13
56.348370961967035	13.0	13	13
56.44845687841813	13.0	13	13
56.54854279486923	13.0	13	13
56.64862871132032	13.0	13	13
56.74871462777142	13.0	13	13
56.84880054422251	13.0	13	13
56.94888646067361	13.0	13	13
57.048972377124706	13.0	13	13
57.149058293575806	13.0	13	13
57.2491442100269	13.0	13	13
57.349230126478	13.0	13	13
57.44931604292909	13.0	13	13
57.549401959380184	13.0	13	13
57.649487875831284	13.0	13	13
57.749573792282376	13.0	13	13
57.849659708733476	13.0	13	13
57.94974562518457	13.0	13	13
58.04983154163567	13.0	13	13
58.14991745808676	13.0	13	13
58.25000337453786	13.0	13	13
58.350089290988954	13.0	13	13
58.45017520744005	13.0	13	13
58.55026112389115	13.0	13	13
58.65034704034224	13.0	13	13
58.75043295679334	13.0	13	13
58.85051887324443	13.0	13	13
58.95060478969553	12.0	12	12
59.050690706146625	13.0	13	13
59.150776622597725	13.0	13	13
59.25086253904882	13.0	13	13
59.35094845549992	13.0	13	13
59.45103437195101	12.0	12	12
59.5511202884021	11.0	11	11
59.6512062048532	10.0	10	10
59.751292121304296	10.0	10	10
59.851378037755396	10.0	10	10
59.95146395420649	10.0	10	10
60.05154987065759	10.0	10	10
60.15163578710868	10.0	10	10
60.25172170355978	10.0	10	10
60.351807620010874	10.0	10	10
60.451893536461974	10.0	10	10
60.551979452913066	10.0	10	10
60.65206536936416	10.0	10	10
60.75215128581526	10.0	10	10
60.85223720226635	10.0	10	10
60.95232311871745	10.0	10	10
61.052409035168544	10.0	10	10
61.152494951619644	10.0	10	10
61.25258086807074	10.0	10	10
61.35266678452184	10.0	10	10
61.45275270097293	10.0	10	10
61.55283861742402	10.0	10	10
61.65292453387512	10.0	10	10
61.753010450326215	10.0	10	10
61.853096366777315	10.0	10	10
61.95318228322841	10.0	10	10
62.05326819967951	10.0	10	10
62.1533541161306	10.0	10	10
62.2534400325817	10.0	10	10
62.35352594903279	10.0	10	10
62.45361186548389	10.0	10	10
62.553697781934986	10.0	10	10
62.65378369838608	10.0	10	10
62.75386961483718	10.0	10	10
62.85395553128827	10.0	10	10
62.95404144773937	9.0	9	9
63.054127364190464	9.0	9	9
63.154213280641564	9.0	9	9
63.25429919709266	9.0	9	9
63.354385113543756	9.0	9	9
63.45447102999485	9.0	9	9
63.55455694644594	9.0	9	9
63.65464286289704	9.0	9	9
63.754728779348135	9.0	9	9
63.854814695799234	9.0	9	9
63.95490061225033	9.0	9	9
64.05498652870142	9.0	9	9
64.15507244515253	9.0	9	9
64.25515836160362	9.0	9	9
64.35524427805471	9.0	9	9
64.4553301945058	9.0	9	9
64.55541611095691	9.0	9	9
64.655502027408	9.0	9	9
64.7555879438591	9.0	9	9
64.85567386031019	9.0	9	9
64.95575977676128	9.0	9	9
65.05584569321239	9.0	9	9
65.15593160966348	9.0	9	9
65.25601752611458	10.0	10	10
65.35610344256567	10.0	10	10
65.45618935901678	10.0	10	10
65.55627527546787	10.0	10	10
65.65636119191896	11.0	11	11
65.75644710837005	12.0	12	12
65.85653302482115	12.0	12	12
65.95661894127225	12.0	12	12
66.05670485772335	12.0	12	12
66.15679077417444	12.0	12	12
66.25687669062553	12.0	12	12
66.35696260707664	13.0	13	13
66.45704852352773	13.0	13	13
66.55713443997882	13.0	13	13
66.65722035642992	13.0	13	13
66.75730627288101	13.0	13	13
66.85739218933212	13.0	13	13
66.95747810578321	13.0	13	13
67.0575640222343	13.0	13	13
67.1576499386854	13.0	13	13
67.2577358551365	13.0	13	13
67.3578217715876	13.0	13	13
67.45790768803869	13.0	13	13
67.55799360448978	13.0	13	13
67.65807952094087	13.0	13	13
67.75816543739198	13.0	13	13
67.85825135384307	13.0	13	13
67.95833727029417	13.0	13	13
68.05842318674526	13.0	13	13
68.15850910319637	13.0	13	13
68.25859501964746	13.0	13	13
68.35868093609855	13.0	13	13
68.45876685254964	13.0	13	13
68.55885276900075	13.0	13	13
68.65893868545184	13.0	13	13
68.75902460190294	13.0	13	13
68.85911051835403	13.0	13	13
68.95919643480512	13.0	13	13
69.05928235125623	12.0	12	12
69.15936826770732	12.0	12	12
69.25945418415841	12.0	12	12
69.35954010060951	12.0	12	12
69.45962601706061	12.0	12	12
69.55971193351171	12.0	12	12
69.6597978499628	12.0	12	12
69.75988376641389	11.0	11	11
69.85996968286499	11.0	11	11
69.96005559931609	11.0	11	11
70.06014151576719	11.0	11	11
70.16022743221828	12.0	12	12
70.26031334866937	12.0	12	12
70.36039926512048	12.0	12	12
70.46048518157157	12.0	12	12
70.56057109802266	12.0	12	12
70.66065701447376	12.0	12	12
70.76074293092485	12.0	12	12
70.86082884737596	12.0	12	12
70.96091476382705	12.0	12	12
71.06100068027814	12.0	12	12
71.16108659672923	12.0	12	12
71.26117251318034	12.0	12	12
71.36125842963143	12.0	12	12
71.46134434608253	12.0	12	12
71.56143026253362	12.0	12	12
71.66151617898473	13.0	13	13
71.76160209543582	13.0	13	13
71.86168801188691	13.0	13	13
71.961773928338	13.0	13	13
72.0618598447891	13.0	13	13
72.1619457612402	13.0	13	13
72.2620316776913	13.0	13	13
72.36211759414239	13.0	13	13
72.46220351059348	13.0	13	13
72.56228942704459	12.0	12	12
72.66237534349568	12.0	12	12
72.76246125994678	12.0	12	12
72.86254717639787	12.0	12	12
72.96263309284896	12.0	12	12
73.06271900930007	12.0	12	12
73.16280492575116	12.0	12	12
73.26289084220225	12.0	12	12
73.36297675865335	12.0	12	12
73.46306267510445	12.0	12	12
73.56314859155555	12.0	12	12
73.66323450800664	12.0	12	12
73.76332042445773	12.0	12	12
73.86340634090882	12.0	12	12
73.96349225735993	12.0	12	12
74.06357817381102	12.0	12	12
74.16366409026212	12.0	12	12
74.26375000671321	12.0	12	12
74.36383592316432	12.0	12	12
74.46392183961541	12.0	12	12
74.5640077560665	12.0	12	12
74.6640936725176	12.0	12	12
74.7641795889687	12.0	12	12
74.8642655054198	12.0	12	12
74.96435142187089	12.0	12	12
75.06443733832198	12.0	12	12
75.16452325477307	12.0	12	12
75.26460917122418	12.0	12	12
75.36469508767527	12.0	12	12
75.46478100412637	12.0	12	12
75.56486692057746	12.0	12	12
75.66495283702857	12.0	12	12
75.76503875347966	12.0	12	12
75.86512466993075	12.0	12	12
75.96521058638184	12.0	12	12
76.06529650283294	12.0	12	12
76.16538241928404	12.0	12	12
76.26546833573514	12.0	12	12
76.36555425218623	12.0	12	12
76.46564016863732	12.0	12	12
76.56572608508843	12.0	12	12
76.66581200153952	11.0	11	11
76.76589791799061	10.0	10	10
76.8659838344417	10.0	10	10
76.9660697508928	10.0	10	10
77.0661556673439	10.0	10	10
77.166241583795	10.0	10	10
77.26632750024609	10.0	10	10
77.36641341669718	10.0	10	10
77.46649933314829	10.0	10	10
77.56658524959938	10.0	10	10
77.66667116605048	10.0	10	10
77.76675708250157	11.0	11	11
77.86684299895268	11.0	11	11
77.96692891540377	11.0	11	11
78.06701483185486	11.0	11	11
78.16710074830596	11.0	11	11
78.26718666475705	11.0	11	11
78.36727258120816	11.0	11	11
78.46735849765925	11.0	11	11
78.56744441411034	11.0	11	11
78.66753033056143	11.0	11	11
78.76761624701254	11.0	11	11
78.86770216346363	11.0	11	11
78.96778807991473	11.0	11	11
79.06787399636582	11.0	11	11
79.16795991281691	11.0	11	11
79.26804582926802	12.0	12	12
79.36813174571911	12.0	12	12
79.4682176621702	12.0	12	12
79.5683035786213	12.0	12	12
79.6683894950724	12.0	12	12
79.7684754115235	12.0	12	12
79.86856132797459	12.0	12	12
79.96864724442568	12.0	12	12
80.06873316087677	12.0	12	12
80.16881907732788	12.0	12	12
80.26890499377897	12.0	12	12
80.36899091023007	12.0	12	12
80.46907682668116	12.0	12	12
80.56916274313227	12.0	12	12
80.66924865958336	12.0	12	12
80.76933457603445	12.0	12	12
80.86942049248555	11.0	11	11
80.96950640893664	11.0	11	11
81.06959232538775	11.0	11	11
81.16967824183884	11.0	11	11
81.26976415828993	11.0	11	11
81.36985007474102	11.0	11	11
81.46993599119213	11.0	11	11
81.57002190764322	11.0	11	11
81.67010782409432	11.0	11	11
81.77019374054541	11.0	11	11
81.87027965699652	11.0	11	11
81.97036557344761	11.0	11	11
82.0704514898987	11.0	11	11
82.1705374063498	11.0	11	11
82.27062332280089	11.0	11	11
82.370709239252	11.0	11	11
82.47079515570309	11.0	11	11
82.57088107215418	11.0	11	11
82.67096698860527	11.0	11	11
82.77105290505638	11.0	11	11
82.87113882150747	11.0	11	11
82.97122473795856	11.0	11	11
83.07131065440966	11.0	11	11
83.17139657086075	12.0	12	12
83.27148248731186	12.0	12	12
83.37156840376295	12.0	12	12
83.47165432021404	12.0	12	12
83.57174023666514	11.0	11	11
83.67182615311624	11.0	11	11
83.77191206956734	11.0	11	11
83.87199798601843	11.0	11	11
83.97208390246952	11.0	11	11
84.07216981892061	11.0	11	11
84.17225573537172	11.0	11	11
84.27234165182281	11.0	11	11
84.3724275682739	11.0	11	11
84.472513484725	11.0	11	11
84.5725994011761	11.0	11	11
84.6726853176272	11.0	11	11
84.77277123407829	11.0	11	11
84.87285715052938	11.0	11	11
84.97294306698049	11.0	11	11
85.07302898343158	11.0	11	11
85.17311489988268	10.0	10	10
85.27320081633377	10.0	10	10
85.37328673278486	10.0	10	10
85.47337264923597	10.0	10	10
85.57345856568706	10.0	10	10
85.67354448213815	10.0	10	10
85.77363039858925	10.0	10	10
85.87371631504035	10.0	10	10
85.97380223149145	10.0	10	10
86.07388814794254	10.0	10	10
86.17397406439363	10.0	10	10
86.27405998084473	10.0	10	10
86.37414589729583	10.0	10	10
86.47423181374693	10.0	10	10
86.57431773019802	10.0	10	10
86.67440364664911	10.0	10	10
86.77448956310022	10.0	10	10
86.87457547955131	10.0	10	10
86.9746613960024	10.0	10	10
87.0747473124535	10.0	10	10
87.17483322890459	10.0	10	10
87.2749191453557	10.0	10	10
87.37500506180679	10.0	10	10
87.47509097825788	10.0	10	10
87.57517689470897	10.0	10	10
87.67526281116008	10.0	10	10
87.77534872761117	10.0	10	10
87.87543464406227	10.0	10	10
87.97552056051336	10.0	10	10
88.07560647696447	10.0	10	10
88.17569239341556	10.0	10	10
88.27577830986665	10.0	10	10
88.37586422631774	10.0	10	10
88.47595014276884	10.0	10	10
88.57603605921994	10.0	10	10
88.67612197567104	10.0	10	10
88.77620789212213	10.0	10	10
88.87629380857322	10.0	10	10
88.97637972502433	10.0	10	10
89.07646564147542	10.0	10	10
89.17655155792652	10.0	10	10
89.27663747437761	10.0	10	10
89.3767233908287	10.0	10	10
89.47680930727981	10.0	10	10
89.5768952237309	9.0	9	9
89.676981140182	9.0	9	9
89.77706705663309	9.0	9	9
89.8771529730842	9.0	9	9
89.97723888953529	9.0	9	9
90.07732480598638	9.0	9	9
90.17741072243747	9.0	9	9
90.27749663888856	9.0	9	9
90.37758255533967	9.0	9	9
90.47766847179076	9.0	9	9
90.57775438824186	9.0	9	9
90.67784030469295	9.0	9	9
90.77792622114406	9.0	9	9
90.87801213759515	9.0	9	9
90.97809805404624	9.0	9	9
91.07818397049734	9.0	9	9
91.17826988694844	9.0	9	9
91.27835580339953	9.0	9	9
91.37844171985063	9.0	9	9
91.47852763630172	9.0	9	9
91.57861355275281	9.0	9	9
91.67869946920392	9.0	9	9
91.77878538565501	9.0	9	9
91.8788713021061	9.0	9	9
91.9789572185572	9.0	9	9
92.0790431350083	9.0	9	9
92.1791290514594	9.0	9	9
92.27921496791049	9.0	9	9
92.37930088436158	9.0	9	9
92.47938680081268	9.0	9	9
92.57947271726378	9.0	9	9
92.67955863371488	9.0	9	9
92.77964455016597	9.0	9	9
92.87973046661706	9.0	9	9
92.97981638306817	10.0	10	10
93.07990229951926	10.0	10	10
93.17998821597035	10.0	10	10
93.28007413242145	10.0	10	10
93.38016004887254	10.0	10	10
93.48024596532365	10.0	10	10
93.58033188177474	10.0	10	10
93.68041779822583	10.0	10	10
93.78050371467693	10.0	10	10
93.88058963112803	10.0	10	10
93.98067554757912	10.0	10	10
94.08076146403022	10.0	10	10
94.18084738048131	11.0	11	11
94.28093329693242	11.0	11	11
94.38101921338351	11.0	11	11
94.4811051298346	11.0	11	11
94.5811910462857	11.0	11	11
94.68127696273679	11.0	11	11
94.7813628791879	11.0	11	11
94.88144879563899	11.0	11	11
94.98153471209008	11.0	11	11
95.08162062854117	11.0	11	11
95.18170654499228	11.0	11	11
95.28179246144337	11.0	11	11
95.38187837789447	11.0	11	11
95.48196429434556	11.0	11	11
95.58205021079665	11.0	11	11
95.68213612724776	11.0	11	11
95.78222204369885	11.0	11	11
95.88230796014994	11.0	11	11
95.98239387660104	11.0	11	11
96.08247979305214	11.0	11	11
96.18256570950324	11.0	11	11
96.28265162595433	11.0	11	11
96.38273754240542	11.0	11	11
96.48282345885652	11.0	11	11
96.58290937530762	11.0	11	11
96.68299529175871	11.0	11	11
96.78308120820981	11.0	11	11
96.8831671246609	11.0	11	11
96.98325304111201	11.0	11	11
97.0833389575631	10.0	10	10
97.1834248740142	10.0	10	10
97.28351079046529	10.0	10	10
97.38359670691638	10.0	10	10
97.48368262336749	10.0	10	10
97.58376853981858	10.0	10	10
97.68385445626967	10.0	10	10
97.78394037272076	10.0	10	10
97.88402628917187	10.0	10	10
97.98411220562296	10.0	10	10
98.08419812207406	10.0	10	10
98.18428403852515	10.0	10	10
98.28436995497626	10.0	10	10
98.38445587142735	10.0	10	10
98.48454178787844	10.0	10	10
98.58462770432953	11.0	11	11
98.68471362078063	11.0	11	11
98.78479953723173	11.0	11	11
98.88488545368283	11.0	11	11
98.98497137013392	11.0	11	11
99.08505728658501	11.0	11	11
99.18514320303612	11.0	11	11
99.28522911948721	11.0	11	11
99.3853150359383	11.0	11	11
99.4854009523894	11.0	11	11
99.58548686884049	11.0	11	11
99.6855727852916	11.0	11	11
99.78565870174269	11.0	11	11
99.88574461819378	11.0	11	11
99.98583053464488	11.0	11	11
100.08591645109598	11.0	11	11
100.18600236754708	11.0	11	11
100.28608828399817	11.0	11	11
100.38617420044926	11.0	11	11
100.48626011690035	11.0	11	11
100.58634603335146	11.0	11	11
100.68643194980255	11.0	11	11
100.78651786625365	11.0	11	11
100.88660378270474	11.0	11	11
100.98668969915585	11.0	11	11
101.08677561560694	11.0	11	11
101.18686153205803	11.0	11	11
101.28694744850912	11.0	11	11
101.38703336496023	11.0	11	11
101.48711928141132	11.0	11	11
101.58720519786242	11.0	11	11
101.68729111431351	11.0	11	11
101.7873770307646	11.0	11	11
101.88746294721571	11.0	11	11
101.9875488636668	11.0	11	11
102.0876347801179	11.0	11	11
102.18772069656899	11.0	11	11
102.2878066130201	11.0	11	11
102.38789252947119	11.0	11	11
102.48797844592228	11.0	11	11
102.58806436237337	11.0	11	11
102.68815027882447	11.0	11	11
102.78823619527557	11.0	11	11
102.88832211172667	11.0	11	11
102.98840802817776	11.0	11	11
103.08849394462885	11.0	11	11
103.18857986107996	11.0	11	11
103.28866577753105	11.0	11	11
103.38875169398214	11.0	11	11
103.48883761043324	11.0	11	11
103.58892352688433	11.0	11	11
103.68900944333544	11.0	11	11
103.78909535978653	11.0	11	11
103.88918127623762	10.0	10	10
103.98926719268871	10.0	10	10
104.08935310913982	10.0	10	10
104.18943902559091	10.0	10	10
104.28952494204201	10.0	10	10
104.3896108584931	10.0	10	10
104.4896967749442	10.0	10	10
104.5897826913953	10.0	10	10
104.68986860784639	10.0	10	10
104.78995452429749	10.0	10	10
104.89004044074858	10.0	10	10
104.99012635719969	10.0	10	10
105.09021227365078	10.0	10	10
105.19029819010187	10.0	10	10
105.29038410655296	10.0	10	10
105.39047002300407	10.0	10	10
105.49055593945516	10.0	10	10
105.59064185590626	10.0	10	10
105.69072777235735	10.0	10	10
105.79081368880844	10.0	10	10
105.89089960525955	10.0	10	10
105.99098552171064	10.0	10	10
106.09107143816173	10.0	10	10
106.19115735461283	10.0	10	10
106.29124327106393	10.0	10	10
106.39132918751503	10.0	10	10
106.49141510396612	10.0	10	10
106.59150102041721	10.0	10	10
106.6915869368683	10.0	10	10
106.79167285331941	10.0	10	10
106.8917587697705	10.0	10	10
106.9918446862216	10.0	10	10
107.09193060267269	10.0	10	10
107.1920165191238	10.0	10	10
107.29210243557489	10.0	10	10
107.39218835202598	10.0	10	10
107.49227426847708	10.0	10	10
107.59236018492818	10.0	10	10
107.69244610137928	10.0	10	10
107.79253201783037	10.0	10	10
107.89261793428146	10.0	10	10
107.99270385073255	10.0	10	10
108.09278976718366	10.0	10	10
108.19287568363475	10.0	10	10
108.29296160008585	10.0	10	10
108.39304751653694	10.0	10	10
108.49313343298805	10.0	10	10
108.59321934943914	10.0	10	10
108.69330526589023	10.0	10	10
108.79339118234132	10.0	10	10
108.89347709879242	10.0	10	10
108.99356301524352	10.0	10	10
109.09364893169462	10.0	10	10
109.19373484814571	10.0	10	10
109.2938207645968	10.0	10	10
109.39390668104791	10.0	10	10
109.493992597499	10.0	10	10
109.5940785139501	10.0	10	10
109.69416443040119	10.0	10	10
109.79425034685228	10.0	10	10
109.89433626330339	10.0	10	10
109.99442217975448	10.0	10	10
110.09450809620557	10.0	10	10
110.19459401265667	10.0	10	10
110.29467992910777	10.0	10	10
110.39476584555887	10.0	10	10
110.49485176200996	10.0	10	10
110.59493767846105	10.0	10	10
110.69502359491214	10.0	10	10
110.79510951136325	10.0	10	10
110.89519542781434	10.0	10	10
110.99528134426544	10.0	10	10
111.09536726071653	10.0	10	10
111.19545317716764	10.0	10	10
111.29553909361873	10.0	10	10
111.39562501006982	10.0	10	10
111.49571092652091	10.0	10	10
111.59579684297202	10.0	10	10
111.69588275942311	10.0	10	10
111.7959686758742	10.0	10	10
111.8960545923253	10.0	10	10
111.99614050877639	10.0	10	10
112.0962264252275	10.0	10	10
112.19631234167859	10.0	10	10
112.29639825812968	10.0	10	10
112.39648417458078	10.0	10	10
112.49657009103188	10.0	10	10
112.59665600748298	10.0	10	10
112.69674192393407	10.0	10	10
112.79682784038516	10.0	10	10
112.89691375683626	10.0	10	10
112.99699967328736	11.0	11	11
113.09708558973846	11.0	11	11
113.19717150618955	11.0	11	11
113.29725742264064	11.0	11	11
113.39734333909175	11.0	11	11
113.49742925554284	11.0	11	11
113.59751517199393	11.0	11	11
113.69760108844503	11.0	11	11
113.79768700489612	10.0	10	10
113.89777292134723	10.0	10	10
113.99785883779832	10.0	10	10
114.09794475424941	10.0	10	10
114.1980306707005	10.0	10	10
114.29811658715161	10.0	10	10
114.3982025036027	10.0	10	10
114.4982884200538	10.0	10	10
114.59837433650489	10.0	10	10
114.698460252956	10.0	10	10
114.79854616940709	10.0	10	10
114.89863208585818	10.0	10	10
114.99871800230927	10.0	10	10
115.09880391876037	10.0	10	10
115.19888983521147	10.0	10	10
115.29897575166257	11.0	11	11
115.39906166811366	11.0	11	11
115.49914758456475	11.0	11	11
115.59923350101586	11.0	11	11
115.69931941746695	11.0	11	11
115.79940533391805	11.0	11	11
115.89949125036914	11.0	11	11
115.99957716682023	11.0	11	11
116.09966308327134	11.0	11	11
116.19974899972243	11.0	11	11
116.29983491617352	10.0	10	10
116.39992083262462	10.0	10	10
116.50000674907572	10.0	10	10
116.60009266552682	10.0	10	10
116.70017858197791	10.0	10	10
116.800264498429	10.0	10	10
116.9003504148801	10.0	10	10
117.0004363313312	10.0	10	10
117.1005222477823	10.0	10	10
117.20060816423339	10.0	10	10
117.30069408068448	10.0	10	10
117.40077999713559	10.0	10	10
117.50086591358668	10.0	10	10
117.60095183003777	10.0	10	10
117.70103774648886	10.0	10	10
117.80112366293997	10.0	10	10
117.90120957939106	10.0	10	10
118.00129549584216	10.0	10	10
118.10138141229325	10.0	10	10
118.20146732874434	10.0	10	10
118.30155324519545	10.0	10	10
118.40163916164654	10.0	10	10
118.50172507809764	10.0	10	10
118.60181099454873	10.0	10	10
118.70189691099984	10.0	10	10
118.80198282745093	10.0	10	10
118.90206874390202	10.0	10	10
119.00215466035311	9.0	9	9
119.1022405768042	9.0	9	9
119.20232649325531	9.0	9	9
119.3024124097064	9.0	9	9
119.4024983261575	9.0	9	9
119.50258424260859	9.0	9	9
119.6026701590597	9.0	9	9
119.70275607551079	9.0	9	9
119.80284199196188	9.0	9	9
119.90292790841298	9.0	9	9
120.00301382486407	9.0	9	9
120.10309974131518	9.0	9	9
120.20318565776627	8.0	8	8
120.30327157421736	8.0	8	8
120.40335749066845	8.0	8	8
120.50344340711956	8.0	8	8
120.60352932357065	8.0	8	8
120.70361524002175	8.0	8	8
120.80370115647284	8.0	8	8
120.90378707292395	8.0	8	8
121.00387298937504	8.0	8	8
121.10395890582613	8.0	8	8
121.20404482227723	8.0	8	8
121.30413073872832	8.0	8	8
121.40421665517943	8.0	8	8
121.50430257163052	8.0	8	8
121.60438848808161	8.0	8	8
121.7044744045327	8.0	8	8
121.80456032098381	8.0	8	8
121.9046462374349	8.0	8	8
122.004732153886	8.0	8	8
122.10481807033709	8.0	8	8
122.20490398678818	8.0	8	8
122.30498990323929	8.0	8	8
122.40507581969038	8.0	8	8
122.50516173614147	8.0	8	8
122.60524765259257	8.0	8	8
122.70533356904367	8.0	8	8
122.80541948549477	8.0	8	8
122.90550540194586	8.0	8	8
123.00559131839695	8.0	8	8
123.10567723484805	9.0	9	9
123.20576315129915	9.0	9	9
123.30584906775024	9.0	9	9
123.40593498420134	9.0	9	9
123.50602090065243	9.0	9	9
123.60610681710354	9.0	9	9
123.70619273355463	9.0	9	9
123.80627865000572	9.0	9	9
123.90636456645682	9.0	9	9
124.00645048290792	9.0	9	9
124.10653639935902	9.0	9	9
124.20662231581011	9.0	9	9
124.3067082322612	9.0	9	9
124.4067941487123	9.0	9	9
124.5068800651634	9.0	9	9
124.6069659816145	9.0	9	9
124.70705189806559	9.0	9	9
124.80713781451668	9.0	9	9
124.90722373096779	9.0	9	9
125.00730964741888	9.0	9	9
125.10739556386997	9.0	9	9
125.20748148032106	9.0	9	9
125.30756739677216	9.0	9	9
125.40765331322326	9.0	9	9
125.50773922967436	9.0	9	9
125.60782514612545	9.0	9	9
125.70791106257654	9.0	9	9
125.80799697902765	9.0	9	9
125.90808289547874	9.0	9	9
126.00816881192983	9.0	9	9
126.10825472838093	9.0	9	9
126.20834064483202	9.0	9	9
126.30842656128313	9.0	9	9
126.40851247773422	9.0	9	9
126.50859839418531	9.0	9	9
126.6086843106364	9.0	9	9
126.70877022708751	9.0	9	9
126.8088561435386	9.0	9	9
126.9089420599897	8.0	8	8
127.00902797644079	8.0	8	8
127.10911389289188	8.0	8	8
127.20919980934299	8.0	8	8
127.30928572579408	8.0	8	8
127.40937164224518	8.0	8	8
127.50945755869627	8.0	8	8
127.60954347514738	8.0	8	8
127.70962939159847	8.0	8	8
127.80971530804956	8.0	8	8
127.90980122450065	8.0	8	8
128.00988714095175	8.0	8	8
128.10997305740284	8.0	8	8
128.21005897385393	8.0	8	8
128.31014489030505	8.0	8	8
128.41023080675615	8.0	8	8
128.51031672320724	8.0	8	8
128.61040263965833	8.0	8	8
128.71048855610942	8.0	8	8
128.81057447256052	8.0	8	8
128.9106603890116	8.0	8	8
129.0107463054627	8.0	8	8
129.11083222191382	8.0	8	8
129.21091813836492	8.0	8	8
129.311004054816	8.0	8	8
129.4110899712671	8.0	8	8
129.5111758877182	8.0	8	8
129.6112618041693	8.0	8	8
129.71134772062038	8.0	8	8
129.81143363707147	8.0	8	8
129.91151955352257	9.0	9	9
130.0116054699737	9.0	9	9
130.11169138642478	9.0	9	9
130.21177730287587	9.0	9	9
130.31186321932697	9.0	9	9
130.41194913577806	9.0	9	9
130.51203505222915	9.0	9	9
130.61212096868024	9.0	9	9
130.71220688513134	9.0	9	9
130.81229280158243	9.0	9	9
130.91237871803355	9.0	9	9
131.01246463448464	9.0	9	9
131.11255055093574	9.0	9	9
131.21263646738683	9.0	9	9
131.31272238383792	9.0	9	9
131.41280830028902	9.0	9	9
131.5128942167401	9.0	9	9
131.6129801331912	9.0	9	9
131.7130660496423	9.0	9	9
131.81315196609341	9.0	9	9
131.9132378825445	9.0	9	9
132.0133237989956	9.0	9	9
132.1134097154467	9.0	9	9
132.21349563189779	9.0	9	9
132.31358154834888	9.0	9	9
132.41366746479997	9.0	9	9
132.51375338125106	9.0	9	9
132.61383929770216	9.0	9	9
132.71392521415328	9.0	9	9
132.81401113060437	10.0	10	10
132.91409704705546	10.0	10	10
133.01418296350656	10.0	10	10
133.11426887995765	11.0	11	11
133.21435479640874	11.0	11	11
133.31444071285983	11.0	11	11
133.41452662931093	11.0	11	11
133.51461254576202	12.0	12	12
133.61469846221314	12.0	12	12
133.71478437866423	12.0	12	12
133.81487029511533	12.0	12	12
133.91495621156642	12.0	12	12
134.0150421280175	12.0	12	12
134.1151280444686	12.0	12	12
134.2152139609197	12.0	12	12
134.3152998773708	12.0	12	12
134.41538579382188	12.0	12	12
134.515471710273	12.0	12	12
134.6155576267241	12.0	12	12
134.7156435431752	12.0	12	12
134.81572945962628	12.0	12	12
134.91581537607738	12.0	12	12
135.01590129252847	12.0	12	12
135.11598720897956	12.0	12	12
135.21607312543065	12.0	12	12
135.31615904188175	12.0	12	12
135.41624495833287	12.0	12	12
135.51633087478396	12.0	12	12
135.61641679123505	12.0	12	12
135.71650270768615	12.0	12	12
135.81658862413724	12.0	12	12
135.91667454058833	12.0	12	12
136.01676045703942	12.0	12	12
136.11684637349052	12.0	12	12
136.21693228994164	12.0	12	12
136.31701820639273	12.0	12	12
136.41710412284382	12.0	12	12
136.51719003929492	12.0	12	12
136.617275955746	12.0	12	12
136.7173618721971	12.0	12	12
136.8174477886482	12.0	12	12
136.9175337050993	12.0	12	12
137.01761962155038	12.0	12	12
137.1177055380015	12.0	12	12
137.2177914544526	12.0	12	12
137.3178773709037	12.0	12	12
137.41796328735478	12.0	12	12
137.51804920380587	12.0	12	12
137.61813512025697	12.0	12	12
137.71822103670806	12.0	12	12
137.81830695315915	12.0	12	12
137.91839286961024	12.0	12	12
138.01847878606137	12.0	12	12
138.11856470251246	12.0	12	12
138.21865061896355	12.0	12	12
138.31873653541464	12.0	12	12
138.41882245186574	12.0	12	12
138.51890836831683	12.0	12	12
138.61899428476792	12.0	12	12
138.71908020121901	12.0	12	12
138.8191661176701	12.0	12	12
138.91925203412123	12.0	12	12
139.01933795057232	12.0	12	12
139.11942386702341	12.0	12	12
139.2195097834745	12.0	12	12
139.3195956999256	12.0	12	12
139.4196816163767	12.0	12	12
139.51976753282779	12.0	12	12
139.61985344927888	12.0	12	12
139.71993936572997	12.0	12	12
139.8200252821811	12.0	12	12
139.92011119863218	12.0	12	12
140.02019711508328	12.0	12	12
140.12028303153437	12.0	12	12
140.22036894798546	12.0	12	12
140.32045486443656	12.0	12	12
140.42054078088765	12.0	12	12
140.52062669733874	12.0	12	12
140.62071261378983	12.0	12	12
140.72079853024096	12.0	12	12
140.82088444669205	12.0	12	12
140.92097036314314	12.0	12	12
141.02105627959423	12.0	12	12
141.12114219604533	12.0	12	12
141.22122811249642	12.0	12	12
141.3213140289475	11.0	11	11
141.4213999453986	11.0	11	11
141.5214858618497	11.0	11	11
141.62157177830082	11.0	11	11
141.7216576947519	10.0	10	10
141.821743611203	10.0	10	10
141.9218295276541	10.0	10	10
142.0219154441052	10.0	10	10
142.12200136055628	10.0	10	10
142.22208727700738	10.0	10	10
142.32217319345847	10.0	10	10
142.4222591099096	10.0	10	10
142.52234502636068	10.0	10	10
142.62243094281177	10.0	10	10
142.72251685926287	10.0	10	10
142.82260277571396	10.0	10	10
142.92268869216505	10.0	10	10
143.02277460861615	10.0	10	10
143.12286052506724	10.0	10	10
143.22294644151833	9.0	9	9
143.32303235796945	9.0	9	9
143.42311827442055	9.0	9	9
143.52320419087164	9.0	9	9
143.62329010732273	9.0	9	9
143.72337602377382	9.0	9	9
143.82346194022492	9.0	9	9
143.923547856676	9.0	9	9
144.0236337731271	9.0	9	9
144.1237196895782	8.0	8	8
144.22380560602932	8.0	8	8
144.3238915224804	8.0	8	8
144.4239774389315	8.0	8	8
144.5240633553826	8.0	8	8
144.6241492718337	7.0	7	7
144.72423518828478	7.0	7	7
144.82432110473587	7.0	7	7
144.92440702118697	7.0	7	7
145.02449293763806	7.0	7	7
145.12457885408918	7.0	7	7
145.22466477054027	7.0	7	7
145.32475068699137	7.0	7	7
145.42483660344246	7.0	7	7
145.52492251989355	7.0	7	7
145.62500843634464	8.0	8	8
145.72509435279574	8.0	8	8
145.82518026924683	8.0	8	8
145.92526618569792	8.0	8	8
146.02535210214904	8.0	8	8
146.12543801860014	8.0	8	8
146.22552393505123	8.0	8	8
146.32560985150232	8.0	8	8
146.4256957679534	8.0	8	8
146.5257816844045	9.0	9	9
146.6258676008556	9.0	9	9
146.7259535173067	9.0	9	9
146.82603943375778	9.0	9	9
146.9261253502089	9.0	9	9
147.02621126666	9.0	9	9
147.1262971831111	9.0	9	9
147.22638309956218	9.0	9	9
147.32646901601328	9.0	9	9
147.42655493246437	9.0	9	9
147.52664084891546	9.0	9	9
147.62672676536656	9.0	9	9
147.72681268181765	9.0	9	9
147.82689859826877	9.0	9	9
147.92698451471986	9.0	9	9
148.02707043117096	9.0	9	9
148.12715634762205	9.0	9	9
148.22724226407314	9.0	9	9
148.32732818052423	9.0	9	9
148.42741409697533	9.0	9	9
148.52750001342642	9.0	9	9
148.6275859298775	9.0	9	9
148.72767184632863	9.0	9	9
148.82775776277973	9.0	9	9
148.92784367923082	9.0	9	9
149.0279295956819	9.0	9	9
149.128015512133	9.0	9	9
149.2281014285841	9.0	9	9
149.3281873450352	9.0	9	9
149.42827326148628	9.0	9	9
149.5283591779374	9.0	9	9
149.6284450943885	9.0	9	9
149.7285310108396	9.0	9	9
149.82861692729068	9.0	9	9
149.92870284374177	9.0	9	9
150.02878876019287	9.0	9	9
150.12887467664396	9.0	9	9
150.22896059309505	9.0	9	9
150.32904650954615	9.0	9	9
150.42913242599727	9.0	9	9
150.52921834244836	9.0	9	9
150.62930425889945	9.0	9	9
150.72939017535055	9.0	9	9
150.82947609180164	9.0	9	9
150.92956200825273	9.0	9	9
151.02964792470382	9.0	9	9
151.12973384115492	9.0	9	9
151.229819757606	9.0	9	9
151.32990567405713	9.0	9	9
151.42999159050822	9.0	9	9
151.53007750695932	9.0	9	9
151.6301634234104	9.0	9	9
151.7302493398615	9.0	9	9
151.8303352563126	9.0	9	9
151.9304211727637	9.0	9	9
152.03050708921478	9.0	9	9
152.13059300566587	9.0	9	9
152.230678922117	9.0	9	9
152.3307648385681	9.0	9	9
152.43085075501918	9.0	9	9
152.53093667147027	9.0	9	9
152.63102258792136	9.0	9	9
152.73110850437246	9.0	9	9
152.83119442082355	9.0	9	9
152.93128033727464	8.0	8	8
153.03136625372574	8.0	8	8
153.13145217017686	8.0	8	8
153.23153808662795	8.0	8	8
153.33162400307904	9.0	9	9
153.43170991953014	9.0	9	9
153.53179583598123	9.0	9	9
153.63188175243232	9.0	9	9
153.7319676688834	9.0	9	9
153.8320535853345	9.0	9	9
153.9321395017856	9.0	9	9
154.03222541823672	9.0	9	9
154.1323113346878	9.0	9	9
154.2323972511389	9.0	9	9
154.33248316759	9.0	9	9
154.4325690840411	9.0	9	9
154.53265500049218	9.0	9	9
154.63274091694328	9.0	9	9
154.73282683339437	9.0	9	9
154.83291274984546	9.0	9	9
154.93299866629658	9.0	9	9
155.03308458274768	9.0	9	9
155.13317049919877	9.0	9	9
155.23325641564986	9.0	9	9
155.33334233210095	9.0	9	9
155.43342824855205	9.0	9	9
155.53351416500314	9.0	9	9
155.63360008145423	9.0	9	9
155.73368599790535	9.0	9	9
155.83377191435645	9.0	9	9
155.93385783080754	9.0	9	9
156.03394374725863	9.0	9	9
156.13402966370973	9.0	9	9
156.23411558016082	9.0	9	9
156.3342014966119	9.0	9	9
156.434287413063	9.0	9	9
156.5343733295141	9.0	9	9
156.63445924596522	9.0	9	9
156.7345451624163	9.0	9	9
156.8346310788674	9.0	9	9
156.9347169953185	9.0	9	9
157.0348029117696	8.0	8	8
157.13488882822068	8.0	8	8
157.23497474467177	8.0	8	8
157.33506066112287	8.0	8	8
157.43514657757396	8.0	8	8
157.53523249402508	8.0	8	8
157.63531841047617	8.0	8	8
157.73540432692727	8.0	8	8
157.83549024337836	8.0	8	8
157.93557615982945	8.0	8	8
158.03566207628054	8.0	8	8
158.13574799273164	7.0	7	7
158.23583390918273	7.0	7	7
158.33591982563382	7.0	7	7
158.43600574208494	7.0	7	7
158.53609165853604	7.0	7	7
158.63617757498713	7.0	7	7
158.73626349143822	7.0	7	7
158.83634940788932	7.0	7	7
158.9364353243404	7.0	7	7
159.0365212407915	7.0	7	7
159.1366071572426	7.0	7	7
159.2366930736937	7.0	7	7
159.3367789901448	7.0	7	7
159.4368649065959	6.0	6	6
159.536950823047	6.0	6	6
159.6370367394981	6.0	6	6
159.73712265594918	6.0	6	6
159.83720857240027	6.0	6	6
159.93729448885136	6.0	6	6
160.03738040530246	6.0	6	6
160.13746632175355	6.0	6	6
160.23755223820467	6.0	6	6
160.33763815465576	6.0	6	6
160.43772407110686	6.0	6	6
160.53780998755795	6.0	6	6
160.63789590400904	6.0	6	6
160.73798182046013	6.0	6	6
160.83806773691123	6.0	6	6
160.93815365336232	6.0	6	6
161.0382395698134	6.0	6	6
161.13832548626453	6.0	6	6
161.23841140271563	6.0	6	6
161.33849731916672	6.0	6	6
161.4385832356178	5.0	5	5
161.5386691520689	5.0	5	5
161.63875506852	5.0	5	5
161.7388409849711	5.0	5	5
161.83892690142218	5.0	5	5
161.93901281787328	5.0	5	5
162.0390987343244	5.0	5	5
162.1391846507755	5.0	5	5
162.23927056722658	5.0	5	5
162.33935648367768	5.0	5	5
162.43944240012877	5.0	5	5
162.53952831657986	5.0	5	5
162.63961423303095	5.0	5	5
162.73970014948205	5.0	5	5
162.83978606593317	5.0	5	5
162.93987198238426	5.0	5	5
163.03995789883535	5.0	5	5
163.14004381528645	5.0	5	5
163.24012973173754	5.0	5	5
163.34021564818863	5.0	5	5
163.44030156463973	5.0	5	5
163.54038748109082	5.0	5	5
163.6404733975419	5.0	5	5
163.74055931399303	5.0	5	5
163.84064523044412	5.0	5	5
163.94073114689522	6.0	6	6
164.0408170633463	7.0	7	7
164.1409029797974	7.0	7	7
164.2409888962485	7.0	7	7
164.3410748126996	7.0	7	7
164.44116072915068	7.0	7	7
164.54124664560177	7.0	7	7
164.6413325620529	7.0	7	7
164.741418478504	7.0	7	7
164.84150439495508	7.0	7	7
164.94159031140617	7.0	7	7
165.04167622785727	7.0	7	7
165.14176214430836	7.0	7	7
165.24184806075945	7.0	7	7
165.34193397721054	7.0	7	7
165.44201989366164	7.0	7	7
165.54210581011276	7.0	7	7
165.64219172656385	7.0	7	7
165.74227764301494	7.0	7	7
165.84236355946604	7.0	7	7
165.94244947591713	7.0	7	7
166.04253539236822	7.0	7	7
166.14262130881932	7.0	7	7
166.2427072252704	7.0	7	7
166.3427931417215	7.0	7	7
166.44287905817262	7.0	7	7
166.54296497462371	7.0	7	7
166.6430508910748	7.0	7	7
166.7431368075259	7.0	7	7
166.843222723977	7.0	7	7
166.94330864042809	7.0	7	7
167.04339455687918	7.0	7	7
167.14348047333027	7.0	7	7
167.24356638978136	7.0	7	7
167.34365230623249	7.0	7	7
167.44373822268358	7.0	7	7
167.54382413913467	6.0	6	6
167.64391005558576	6.0	6	6
167.74399597203686	6.0	6	6
167.84408188848795	6.0	6	6
167.94416780493904	6.0	6	6
168.04425372139013	6.0	6	6
168.14433963784123	6.0	6	6
168.24442555429235	6.0	6	6
168.34451147074344	6.0	6	6
168.44459738719453	6.0	6	6
168.54468330364563	6.0	6	6
168.64476922009672	6.0	6	6
168.7448551365478	6.0	6	6
168.8449410529989	4.0	4	4
168.94502696945	4.0	4	4
169.04511288590112	4.0	4	4
169.1451988023522	4.0	4	4
169.2452847188033	4.0	4	4
169.3453706352544	5.0	5	5
169.4454565517055	5.0	5	5
169.54554246815658	5.0	5	5
169.64562838460768	5.0	5	5
169.74571430105877	5.0	5	5
169.84580021750986	5.0	5	5
169.94588613396098	5.0	5	5
170.04597205041208	5.0	5	5
170.14605796686317	5.0	5	5
170.24614388331426	5.0	5	5
170.34622979976535	5.0	5	5
170.44631571621645	5.0	5	5
170.54640163266754	5.0	5	5
170.64648754911863	5.0	5	5
170.74657346556972	5.0	5	5
170.84665938202085	5.0	5	5
170.94674529847194	5.0	5	5
171.04683121492303	5.0	5	5
171.14691713137412	5.0	5	5
171.24700304782522	5.0	5	5
171.3470889642763	5.0	5	5
171.4471748807274	5.0	5	5
171.5472607971785	5.0	5	5
171.6473467136296	5.0	5	5
171.7474326300807	5.0	5	5
171.8475185465318	5.0	5	5
171.9476044629829	4.0	4	4
172.047690379434	4.0	4	4
172.14777629588508	4.0	4	4
172.24786221233617	4.0	4	4
172.34794812878727	4.0	4	4
172.44803404523836	4.0	4	4
172.54811996168945	4.0	4	4
172.64820587814057	4.0	4	4
172.74829179459167	4.0	4	4
172.84837771104276	4.0	4	4
172.94846362749385	4.0	4	4
173.04854954394494	4.0	4	4
173.14863546039604	4.0	4	4
173.24872137684713	4.0	4	4
173.34880729329822	4.0	4	4
173.44889320974931	4.0	4	4
173.54897912620044	4.0	4	4
173.64906504265153	4.0	4	4
173.74915095910262	4.0	4	4
173.84923687555371	4.0	4	4
173.9493227920048	4.0	4	4
174.0494087084559	4.0	4	4
174.149494624907	4.0	4	4
174.24958054135809	4.0	4	4
174.34966645780918	4.0	4	4
174.4497523742603	4.0	4	4
174.5498382907114	4.0	4	4
174.64992420716248	4.0	4	4
174.75001012361358	4.0	4	4
174.85009604006467	4.0	4	4
174.95018195651576	4.0	4	4
175.05026787296686	4.0	4	4
175.15035378941795	4.0	4	4
175.25043970586907	4.0	4	4
175.35052562232016	4.0	4	4
175.45061153877126	4.0	4	4
175.55069745522235	4.0	4	4
175.65078337167344	4.0	4	4
175.75086928812453	4.0	4	4
175.85095520457563	4.0	4	4
175.95104112102672	4.0	4	4
176.0511270374778	4.0	4	4
176.15121295392893	4.0	4	4
176.25129887038003	4.0	4	4
176.35138478683112	4.0	4	4
176.4514707032822	4.0	4	4
176.5515566197333	4.0	4	4
176.6516425361844	4.0	4	4
176.7517284526355	4.0	4	4
176.85181436908658	4.0	4	4
176.95190028553768	4.0	4	4
177.0519862019888	4.0	4	4
177.1520721184399	4.0	4	4
177.25215803489098	4.0	4	4
177.35224395134207	4.0	4	4
177.45232986779317	4.0	4	4
177.55241578424426	4.0	4	4
177.65250170069535	4.0	4	4
177.75258761714645	4.0	4	4
177.85267353359754	4.0	4	4
177.95275945004866	4.0	4	4
178.05284536649975	4.0	4	4
178.15293128295085	4.0	4	4
178.25301719940194	4.0	4	4
178.35310311585303	4.0	4	4
178.45318903230412	4.0	4	4
178.55327494875522	4.0	4	4
178.6533608652063	4.0	4	4
178.7534467816574	4.0	4	4
178.85353269810852	4.0	4	4
178.95361861455962	4.0	4	4
179.0537045310107	4.0	4	4
179.1537904474618	4.0	4	4
179.2538763639129	4.0	4	4
179.353962280364	4.0	4	4
179.45404819681508	4.0	4	4
179.55413411326617	4.0	4	4
179.65422002971727	4.0	4	4
179.7543059461684	4.0	4	4
179.85439186261948	4.0	4	4
179.95447777907057	4.0	4	4
180.05456369552167	4.0	4	4
180.15464961197276	4.0	4	4
180.25473552842385	4.0	4	4
180.35482144487494	4.0	4	4
180.45490736132604	4.0	4	4
180.55499327777713	4.0	4	4
180.65507919422825	4.0	4	4
180.75516511067934	4.0	4	4
180.85525102713044	3.0	3	3
180.95533694358153	3.0	3	3
181.05542286003262	3.0	3	3
181.1555087764837	3.0	3	3
181.2555946929348	3.0	3	3
181.3556806093859	3.0	3	3
181.455766525837	3.0	3	3
181.5558524422881	3.0	3	3
181.6559383587392	3.0	3	3
181.7560242751903	3.0	3	3
181.8561101916414	3.0	3	3
181.95619610809248	3.0	3	3
182.05628202454358	3.0	3	3
182.15636794099467	3.0	3	3
182.25645385744576	3.0	3	3
182.35653977389688	3.0	3	3
182.45662569034798	3.0	3	3
182.55671160679907	2.0	2	2
182.65679752325016	2.0	2	2
182.75688343970126	2.0	2	2
182.85696935615235	2.0	2	2
182.95705527260344	2.0	2	2
183.05714118905453	2.0	2	2
183.15722710550563	2.0	2	2
183.25731302195675	2.0	2	2
183.35739893840784	2.0	2	2
183.45748485485893	2.0	2	2
183.55757077131003	2.0	2	2
183.65765668776112	2.0	2	2
183.7577426042122	2.0	2	2
183.8578285206633	2.0	2	2
183.9579144371144	2.0	2	2
184.0580003535655	2.0	2	2
184.1580862700166	2.0	2	2
184.2581721864677	2.0	2	2
184.3582581029188	2.0	2	2
184.4583440193699	2.0	2	2
184.55842993582098	2.0	2	2
184.65851585227207	2.0	2	2
184.75860176872317	2.0	2	2
184.85868768517426	2.0	2	2
184.95877360162535	2.0	2	2
185.05885951807647	2.0	2	2
185.15894543452757	1.0	1	1
185.25903135097866	1.0	1	1
185.35911726742975	1.0	1	1
185.45920318388085	1.0	1	1
