time	diversity	m_div	M_div
0.0	10.0	10	10
0.10009232238161847	10.0	10	10
0.20018464476323694	10.0	10	10
0.3002769671448554	10.0	10	10
0.4003692895264739	10.0	10	10
0.5004616119080924	10.0	10	10
0.6005539342897108	10.0	10	10
0.7006462566713293	10.0	10	10
0.8007385790529478	10.0	10	10
0.9008309014345662	10.0	10	10
1.0009232238161847	10.0	10	10
1.1010155461978033	10.0	10	10
1.2011078685794216	10.0	10	10
1.30120019096104	10.0	10	10
1.4012925133426586	10.0	10	10
1.5013848357242772	10.0	10	10
1.6014771581058955	10.0	10	10
1.7015694804875139	10.0	10	10
1.8016618028691325	10.0	10	10
1.901754125250751	10.0	10	10
2.0018464476323694	10.0	10	10
2.1019387700139878	10.0	10	10
2.2020310923956066	10.0	10	10
2.302123414777225	10.0	10	10
2.4022157371588433	10.0	10	10
2.5023080595404616	10.0	10	10
2.60240038192208	10.0	10	10
2.702492704303699	10.0	10	10
2.802585026685317	10.0	10	10
2.9026773490669355	10.0	10	10
3.0027696714485543	10.0	10	10
3.1028619938301727	10.0	10	10
3.202954316211791	10.0	10	10
3.3030466385934094	10.0	10	10
3.4031389609750278	10.0	10	10
3.5032312833566466	10.0	10	10
3.603323605738265	10.0	10	10
3.7034159281198833	10.0	10	10
3.803508250501502	10.0	10	10
3.9036005728831205	10.0	10	10
4.003692895264739	10.0	10	10
4.103785217646357	10.0	10	10
4.2038775400279755	10.0	10	10
4.303969862409594	10.0	10	10
4.404062184791213	10.0	10	10
4.5041545071728315	10.0	10	10
4.60424682955445	10.0	10	10
4.704339151936068	10.0	10	10
4.804431474317687	10.0	10	10
4.904523796699305	10.0	10	10
5.004616119080923	10.0	10	10
5.104708441462542	10.0	10	10
5.20480076384416	10.0	10	10
5.304893086225779	10.0	10	10
5.404985408607398	10.0	10	10
5.505077730989016	10.0	10	10
5.605170053370634	10.0	10	10
5.705262375752253	10.0	10	10
5.805354698133871	10.0	10	10
5.905447020515489	10.0	10	10
6.005539342897109	10.0	10	10
6.105631665278727	10.0	10	10
6.205723987660345	10.0	10	10
6.305816310041964	10.0	10	10
6.405908632423582	10.0	10	10
6.5060009548052005	10.0	10	10
6.606093277186819	10.0	10	10
6.706185599568437	10.0	10	10
6.8062779219500555	10.0	10	10
6.906370244331675	10.0	10	10
7.006462566713293	10.0	10	10
7.1065548890949115	10.0	10	10
7.20664721147653	10.0	10	10
7.306739533858148	10.0	10	10
7.406831856239767	10.0	10	10
7.506924178621385	10.0	10	10
7.607016501003004	10.0	10	10
7.7071088233846226	10.0	10	10
7.807201145766241	10.0	10	10
7.907293468147859	10.0	10	10
8.007385790529478	10.0	10	10
8.107478112911096	10.0	10	10
8.207570435292714	10.0	10	10
8.307662757674333	10.0	10	10
8.407755080055951	10.0	10	10
8.50784740243757	10.0	10	10
8.607939724819188	10.0	10	10
8.708032047200806	10.0	10	10
8.808124369582426	10.0	10	10
8.908216691964045	10.0	10	10
9.008309014345663	10.0	10	10
9.108401336727281	10.0	10	10
9.2084936591089	10.0	10	10
9.308585981490518	10.0	10	10
9.408678303872136	10.0	10	10
9.508770626253755	10.0	10	10
9.608862948635373	10.0	10	10
9.708955271016992	10.0	10	10
9.80904759339861	10.0	10	10
9.909139915780228	10.0	10	10
10.009232238161847	10.0	10	10
10.109324560543465	10.0	10	10
10.209416882925083	10.0	10	10
10.309509205306702	10.0	10	10
10.40960152768832	10.0	10	10
10.50969385006994	10.0	10	10
10.609786172451559	10.0	10	10
10.709878494833177	10.0	10	10
10.809970817214795	10.0	10	10
10.910063139596414	10.0	10	10
11.010155461978032	10.0	10	10
11.11024778435965	10.0	10	10
11.210340106741269	10.0	10	10
11.310432429122887	10.0	10	10
11.410524751504505	10.0	10	10
11.510617073886124	10.0	10	10
11.610709396267742	10.0	10	10
11.71080171864936	10.0	10	10
11.810894041030979	10.0	10	10
11.910986363412597	10.0	10	10
12.011078685794217	10.0	10	10
12.111171008175836	10.0	10	10
12.211263330557454	10.0	10	10
12.311355652939072	10.0	10	10
12.41144797532069	10.0	10	10
12.51154029770231	10.0	10	10
12.611632620083927	10.0	10	10
12.711724942465546	10.0	10	10
12.811817264847164	10.0	10	10
12.911909587228783	10.0	10	10
13.012001909610401	10.0	10	10
13.11209423199202	10.0	10	10
13.212186554373638	10.0	10	10
13.312278876755256	10.0	10	10
13.412371199136874	10.0	10	10
13.512463521518493	10.0	10	10
13.612555843900111	10.0	10	10
13.712648166281731	10.0	10	10
13.81274048866335	10.0	10	10
13.912832811044968	10.0	10	10
14.012925133426586	10.0	10	10
14.113017455808205	10.0	10	10
14.213109778189823	10.0	10	10
14.313202100571441	10.0	10	10
14.41329442295306	10.0	10	10
14.513386745334678	10.0	10	10
14.613479067716296	10.0	10	10
14.713571390097915	10.0	10	10
14.813663712479533	10.0	10	10
14.913756034861152	10.0	10	10
15.01384835724277	10.0	10	10
15.113940679624388	10.0	10	10
15.214033002006008	10.0	10	10
15.314125324387627	10.0	10	10
15.414217646769245	10.0	10	10
15.514309969150863	10.0	10	10
15.614402291532482	10.0	10	10
15.7144946139141	10.0	10	10
15.814586936295719	10.0	10	10
15.914679258677337	10.0	10	10
16.014771581058955	10.0	10	10
16.114863903440575	10.0	10	10
16.214956225822192	10.0	10	10
16.315048548203812	10.0	10	10
16.41514087058543	10.0	10	10
16.51523319296705	10.0	10	10
16.615325515348665	10.0	10	10
16.715417837730286	10.0	10	10
16.815510160111902	10.0	10	10
16.915602482493522	10.0	10	10
17.01569480487514	10.0	10	10
17.11578712725676	10.0	10	10
17.215879449638376	10.0	10	10
17.315971772019996	10.0	10	10
17.416064094401612	10.0	10	10
17.516156416783232	10.0	10	10
17.616248739164853	10.0	10	10
17.71634106154647	10.0	10	10
17.81643338392809	10.0	10	10
17.916525706309706	10.0	10	10
18.016618028691326	10.0	10	10
18.116710351072943	10.0	10	10
18.216802673454563	10.0	10	10
18.31689499583618	10.0	10	10
18.4169873182178	10.0	10	10
18.517079640599416	10.0	10	10
18.617171962981036	10.0	10	10
18.717264285362653	10.0	10	10
18.817356607744273	10.0	10	10
18.91744893012589	10.0	10	10
19.01754125250751	10.0	10	10
19.117633574889126	10.0	10	10
19.217725897270746	10.0	10	10
19.317818219652366	10.0	10	10
19.417910542033983	10.0	10	10
19.518002864415603	10.0	10	10
19.61809518679722	10.0	10	10
19.71818750917884	10.0	10	10
19.818279831560456	10.0	10	10
19.918372153942077	10.0	10	10
20.018464476323693	10.0	10	10
20.118556798705313	10.0	10	10
20.21864912108693	10.0	10	10
20.31874144346855	10.0	10	10
20.418833765850167	10.0	10	10
20.518926088231787	10.0	10	10
20.619018410613403	10.0	10	10
20.719110732995023	10.0	10	10
20.81920305537664	10.0	10	10
20.91929537775826	10.0	10	10
21.01938770013988	10.0	10	10
21.119480022521497	10.0	10	10
21.219572344903117	10.0	10	10
21.319664667284734	10.0	10	10
21.419756989666354	11.0	11	11
21.51984931204797	11.0	11	11
21.61994163442959	11.0	11	11
21.720033956811207	11.0	11	11
21.820126279192827	11.0	11	11
21.920218601574444	11.0	11	11
22.020310923956064	11.0	11	11
22.12040324633768	11.0	11	11
22.2204955687193	11.0	11	11
22.320587891100917	11.0	11	11
22.420680213482537	11.0	11	11
22.520772535864158	11.0	11	11
22.620864858245774	11.0	11	11
22.720957180627394	11.0	11	11
22.82104950300901	11.0	11	11
22.92114182539063	11.0	11	11
23.021234147772248	11.0	11	11
23.121326470153868	11.0	11	11
23.221418792535484	11.0	11	11
23.321511114917104	11.0	11	11
23.42160343729872	11.0	11	11
23.52169575968034	11.0	11	11
23.621788082061958	11.0	11	11
23.721880404443578	11.0	11	11
23.821972726825194	11.0	11	11
23.922065049206815	11.0	11	11
24.022157371588435	11.0	11	11
24.12224969397005	11.0	11	11
24.22234201635167	11.0	11	11
24.322434338733288	11.0	11	11
24.422526661114908	11.0	11	11
24.522618983496525	11.0	11	11
24.622711305878145	11.0	11	11
24.72280362825976	11.0	11	11
24.82289595064138	11.0	11	11
24.922988273022998	11.0	11	11
25.02308059540462	11.0	11	11
25.123172917786235	11.0	11	11
25.223265240167855	11.0	11	11
25.32335756254947	11.0	11	11
25.42344988493109	11.0	11	11
25.52354220731271	11.0	11	11
25.62363452969433	11.0	11	11
25.72372685207595	11.0	11	11
25.823819174457565	11.0	11	11
25.923911496839185	12.0	12	12
26.024003819220802	12.0	12	12
26.124096141602422	12.0	12	12
26.22418846398404	12.0	12	12
26.32428078636566	12.0	12	12
26.424373108747275	12.0	12	12
26.524465431128895	12.0	12	12
26.624557753510512	12.0	12	12
26.724650075892132	12.0	12	12
26.82474239827375	12.0	12	12
26.92483472065537	12.0	12	12
27.024927043036985	12.0	12	12
27.125019365418606	12.0	12	12
27.225111687800222	12.0	12	12
27.325204010181842	12.0	12	12
27.425296332563462	12.0	12	12
27.52538865494508	12.0	12	12
27.6254809773267	12.0	12	12
27.725573299708316	12.0	12	12
27.825665622089936	12.0	12	12
27.925757944471552	12.0	12	12
28.025850266853173	12.0	12	12
28.12594258923479	12.0	12	12
28.22603491161641	12.0	12	12
28.326127233998026	12.0	12	12
28.426219556379646	12.0	12	12
28.526311878761263	12.0	12	12
28.626404201142883	12.0	12	12
28.7264965235245	12.0	12	12
28.82658884590612	12.0	12	12
28.92668116828774	12.0	12	12
29.026773490669356	12.0	12	12
29.126865813050976	12.0	12	12
29.226958135432593	12.0	12	12
29.327050457814213	12.0	12	12
29.42714278019583	12.0	12	12
29.52723510257745	12.0	12	12
29.627327424959066	12.0	12	12
29.727419747340686	12.0	12	12
29.827512069722303	12.0	12	12
29.927604392103923	12.0	12	12
30.02769671448554	12.0	12	12
30.12778903686716	12.0	12	12
30.227881359248777	12.0	12	12
30.327973681630397	12.0	12	12
30.428066004012017	12.0	12	12
30.528158326393633	12.0	12	12
30.628250648775253	12.0	12	12
30.72834297115687	12.0	12	12
30.82843529353849	12.0	12	12
30.928527615920107	12.0	12	12
31.028619938301727	12.0	12	12
31.128712260683344	12.0	12	12
31.228804583064964	12.0	12	12
31.32889690544658	12.0	12	12
31.4289892278282	12.0	12	12
31.529081550209817	12.0	12	12
31.629173872591437	12.0	12	12
31.729266194973054	12.0	12	12
31.829358517354674	12.0	12	12
31.92945083973629	12.0	12	12
32.02954316211791	12.0	12	12
32.12963548449953	12.0	12	12
32.22972780688115	12.0	12	12
32.329820129262764	12.0	12	12
32.429912451644384	12.0	12	12
32.530004774026004	11.0	11	11
32.630097096407624	11.0	11	11
32.73018941878924	11.0	11	11
32.83028174117086	11.0	11	11
32.93037406355248	11.0	11	11
33.0304663859341	11.0	11	11
33.13055870831571	11.0	11	11
33.23065103069733	11.0	11	11
33.33074335307895	11.0	11	11
33.43083567546057	11.0	11	11
33.530927997842184	11.0	11	11
33.631020320223804	11.0	11	11
33.731112642605424	11.0	11	11
33.831204964987045	11.0	11	11
33.931297287368665	11.0	11	11
34.03138960975028	11.0	11	11
34.1314819321319	11.0	11	11
34.23157425451352	11.0	11	11
34.33166657689514	11.0	11	11
34.43175889927675	11.0	11	11
34.53185122165837	11.0	11	11
34.63194354403999	11.0	11	11
34.73203586642161	11.0	11	11
34.832128188803225	12.0	12	12
34.932220511184845	12.0	12	12
35.032312833566465	12.0	12	12
35.132405155948085	12.0	12	12
35.232497478329705	12.0	12	12
35.33258980071132	12.0	12	12
35.43268212309294	12.0	12	12
35.53277444547456	12.0	12	12
35.63286676785618	12.0	12	12
35.73295909023779	12.0	12	12
35.83305141261941	12.0	12	12
35.93314373500103	12.0	12	12
36.03323605738265	13.0	13	13
36.133328379764265	13.0	13	13
36.233420702145885	14.0	14	14
36.333513024527505	14.0	14	14
36.433605346909125	14.0	14	14
36.53369766929074	14.0	14	14
36.63378999167236	14.0	14	14
36.73388231405398	14.0	14	14
36.8339746364356	14.0	14	14
36.93406695881722	14.0	14	14
37.03415928119883	14.0	14	14
37.13425160358045	14.0	14	14
37.23434392596207	14.0	14	14
37.33443624834369	14.0	14	14
37.434528570725305	14.0	14	14
37.534620893106926	14.0	14	14
37.634713215488546	14.0	14	14
37.734805537870166	15.0	15	15
37.83489786025178	15.0	15	15
37.9349901826334	15.0	15	15
38.03508250501502	15.0	15	15
38.13517482739664	15.0	15	15
38.23526714977825	15.0	15	15
38.33535947215987	15.0	15	15
38.43545179454149	15.0	15	15
38.53554411692311	15.0	15	15
38.63563643930473	15.0	15	15
38.735728761686346	15.0	15	15
38.835821084067966	15.0	15	15
38.935913406449586	16.0	16	16
39.036005728831206	17.0	17	17
39.13609805121282	17.0	17	17
39.23619037359444	17.0	17	17
39.33628269597606	17.0	17	17
39.43637501835768	17.0	17	17
39.53646734073929	17.0	17	17
39.63655966312091	17.0	17	17
39.73665198550253	17.0	17	17
39.83674430788415	17.0	17	17
39.936836630265766	17.0	17	17
40.036928952647386	17.0	17	17
40.13702127502901	17.0	17	17
40.23711359741063	17.0	17	17
40.33720591979225	17.0	17	17
40.43729824217386	17.0	17	17
40.53739056455548	17.0	17	17
40.6374828869371	17.0	17	17
40.73757520931872	17.0	17	17
40.83766753170033	17.0	17	17
40.93775985408195	17.0	17	17
41.03785217646357	17.0	17	17
41.137944498845194	17.0	17	17
41.23803682122681	17.0	17	17
41.33812914360843	17.0	17	17
41.43822146599005	17.0	17	17
41.53831378837167	17.0	17	17
41.63840611075328	17.0	17	17
41.7384984331349	17.0	17	17
41.83859075551652	17.0	17	17
41.93868307789814	17.0	17	17
42.03877540027976	17.0	17	17
42.138867722661374	17.0	17	17
42.238960045042994	17.0	17	17
42.339052367424614	17.0	17	17
42.439144689806234	17.0	17	17
42.53923701218785	17.0	17	17
42.63932933456947	17.0	17	17
42.73942165695109	16.0	16	16
42.83951397933271	16.0	16	16
42.93960630171432	16.0	16	16
43.03969862409594	16.0	16	16
43.13979094647756	16.0	16	16
43.23988326885918	16.0	16	16
43.3399755912408	16.0	16	16
43.440067913622414	16.0	16	16
43.540160236004034	16.0	16	16
43.640252558385654	16.0	16	16
43.740344880767275	16.0	16	16
43.84043720314889	16.0	16	16
43.94052952553051	16.0	16	16
44.04062184791213	16.0	16	16
44.14071417029375	16.0	16	16
44.24080649267536	16.0	16	16
44.34089881505698	16.0	16	16
44.4409911374386	16.0	16	16
44.54108345982022	16.0	16	16
44.641175782201834	16.0	16	16
44.741268104583455	16.0	16	16
44.841360426965075	16.0	16	16
44.941452749346695	16.0	16	16
45.041545071728315	16.0	16	16
45.14163739410993	16.0	16	16
45.24172971649155	16.0	16	16
45.34182203887317	16.0	16	16
45.44191436125479	16.0	16	16
45.5420066836364	16.0	16	16
45.64209900601802	16.0	16	16
45.74219132839964	16.0	16	16
45.84228365078126	16.0	16	16
45.942375973162875	16.0	16	16
46.042468295544495	15.0	15	15
46.142560617926115	15.0	15	15
46.242652940307735	15.0	15	15
46.34274526268935	15.0	15	15
46.44283758507097	15.0	15	15
46.54292990745259	15.0	15	15
46.64302222983421	15.0	15	15
46.74311455221583	15.0	15	15
46.84320687459744	15.0	15	15
46.94329919697906	16.0	16	16
47.04339151936068	16.0	16	16
47.1434838417423	16.0	16	16
47.243576164123915	16.0	16	16
47.343668486505535	16.0	16	16
47.443760808887156	16.0	16	16
47.543853131268776	16.0	16	16
47.64394545365039	16.0	16	16
47.74403777603201	16.0	16	16
47.84413009841363	16.0	16	16
47.94422242079525	16.0	16	16
48.04431474317687	16.0	16	16
48.14440706555848	16.0	16	16
48.2444993879401	16.0	16	16
48.34459171032172	16.0	16	16
48.44468403270334	16.0	16	16
48.544776355084956	16.0	16	16
48.644868677466576	16.0	16	16
48.744960999848196	17.0	17	17
48.845053322229816	17.0	17	17
48.94514564461143	17.0	17	17
49.04523796699305	17.0	17	17
49.14533028937467	17.0	17	17
49.24542261175629	17.0	17	17
49.3455149341379	18.0	18	18
49.44560725651952	18.0	18	18
49.54569957890114	18.0	18	18
49.64579190128276	18.0	18	18
49.74588422366438	18.0	18	18
49.845976546045996	18.0	18	18
49.946068868427616	18.0	18	18
50.04616119080924	18.0	18	18
50.14625351319086	18.0	18	18
50.24634583557247	18.0	18	18
50.34643815795409	18.0	18	18
50.44653048033571	18.0	18	18
50.54662280271733	18.0	18	18
50.64671512509894	18.0	18	18
50.74680744748056	18.0	18	18
50.84689976986218	17.0	17	17
50.9469920922438	17.0	17	17
51.04708441462542	17.0	17	17
51.14717673700704	17.0	17	17
51.24726905938866	16.0	16	16
51.34736138177028	16.0	16	16
51.4474537041519	16.0	16	16
51.54754602653351	16.0	16	16
51.64763834891513	16.0	16	16
51.74773067129675	16.0	16	16
51.84782299367837	16.0	16	16
51.947915316059984	16.0	16	16
52.048007638441604	16.0	16	16
52.148099960823224	16.0	16	16
52.248192283204844	16.0	16	16
52.34828460558646	16.0	16	16
52.44837692796808	16.0	16	16
52.5484692503497	16.0	16	16
52.64856157273132	16.0	16	16
52.74865389511293	16.0	16	16
52.84874621749455	16.0	16	16
52.94883853987617	16.0	16	16
53.04893086225779	16.0	16	16
53.14902318463941	16.0	16	16
53.249115507021024	16.0	16	16
53.349207829402644	16.0	16	16
53.449300151784264	16.0	16	16
53.549392474165884	16.0	16	16
53.6494847965475	16.0	16	16
53.74957711892912	16.0	16	16
53.84966944131074	16.0	16	16
53.94976176369236	16.0	16	16
54.04985408607397	16.0	16	16
54.14994640845559	16.0	16	16
54.25003873083721	16.0	16	16
54.35013105321883	16.0	16	16
54.450223375600444	16.0	16	16
54.550315697982064	16.0	16	16
54.650408020363685	16.0	16	16
54.750500342745305	16.0	16	16
54.850592665126925	16.0	16	16
54.95068498750854	16.0	16	16
55.05077730989016	16.0	16	16
55.15086963227178	16.0	16	16
55.2509619546534	16.0	16	16
55.35105427703501	16.0	16	16
55.45114659941663	16.0	16	16
55.55123892179825	16.0	16	16
55.65133124417987	16.0	16	16
55.751423566561485	15.0	15	15
55.851515888943105	15.0	15	15
55.951608211324725	15.0	15	15
56.051700533706345	15.0	15	15
56.151792856087965	15.0	15	15
56.25188517846958	14.0	14	14
56.3519775008512	13.0	13	13
56.45206982323282	13.0	13	13
56.55216214561444	13.0	13	13
56.65225446799605	13.0	13	13
56.75234679037767	13.0	13	13
56.85243911275929	13.0	13	13
56.95253143514091	13.0	13	13
57.052623757522525	13.0	13	13
57.152716079904145	13.0	13	13
57.252808402285766	13.0	13	13
57.352900724667386	13.0	13	13
57.452993047049	13.0	13	13
57.55308536943062	13.0	13	13
57.65317769181224	13.0	13	13
57.75327001419386	13.0	13	13
57.85336233657548	13.0	13	13
57.95345465895709	13.0	13	13
58.05354698133871	13.0	13	13
58.15363930372033	13.0	13	13
58.25373162610195	13.0	13	13
58.353823948483566	13.0	13	13
58.453916270865186	14.0	14	14
58.554008593246806	14.0	14	14
58.654100915628426	14.0	14	14
58.75419323801004	14.0	14	14
58.85428556039166	14.0	14	14
58.95437788277328	14.0	14	14
59.0544702051549	14.0	14	14
59.15456252753651	14.0	14	14
59.25465484991813	13.0	13	13
59.35474717229975	12.0	12	12
59.45483949468137	11.0	11	11
59.55493181706299	11.0	11	11
59.655024139444606	11.0	11	11
59.755116461826226	11.0	11	11
59.855208784207846	11.0	11	11
59.95530110658947	11.0	11	11
60.05539342897108	11.0	11	11
60.1554857513527	11.0	11	11
60.25557807373432	11.0	11	11
60.35567039611594	11.0	11	11
60.45576271849755	10.0	10	10
60.55585504087917	10.0	10	10
60.65594736326079	10.0	10	10
60.75603968564241	10.0	10	10
60.856132008024034	10.0	10	10
60.95622433040565	10.0	10	10
61.05631665278727	10.0	10	10
61.15640897516889	10.0	10	10
61.25650129755051	10.0	10	10
61.35659361993212	10.0	10	10
61.45668594231374	10.0	10	10
61.55677826469536	10.0	10	10
61.65687058707698	10.0	10	10
61.75696290945859	10.0	10	10
61.857055231840214	10.0	10	10
61.957147554221834	10.0	10	10
62.057239876603454	10.0	10	10
62.15733219898507	10.0	10	10
62.25742452136669	10.0	10	10
62.35751684374831	10.0	10	10
62.45760916612993	10.0	10	10
62.55770148851155	10.0	10	10
62.65779381089316	10.0	10	10
62.75788613327478	10.0	10	10
62.8579784556564	10.0	10	10
62.95807077803802	10.0	10	10
63.058163100419634	10.0	10	10
63.158255422801254	10.0	10	10
63.258347745182874	10.0	10	10
63.358440067564494	10.0	10	10
63.45853238994611	10.0	10	10
63.55862471232773	10.0	10	10
63.65871703470935	10.0	10	10
63.75880935709097	10.0	10	10
63.85890167947258	10.0	10	10
63.9589940018542	10.0	10	10
64.05908632423582	10.0	10	10
64.15917864661743	10.0	10	10
64.25927096899906	10.0	10	10
64.35936329138067	10.0	10	10
64.4594556137623	10.0	10	10
64.55954793614391	11.0	11	11
64.65964025852553	11.0	11	11
64.75973258090715	11.0	11	11
64.85982490328877	11.0	11	11
64.95991722567038	11.0	11	11
65.06000954805201	11.0	11	11
65.16010187043362	11.0	11	11
65.26019419281525	11.0	11	11
65.36028651519686	11.0	11	11
65.46037883757847	11.0	11	11
65.5604711599601	11.0	11	11
65.66056348234171	12.0	12	12
65.76065580472334	12.0	12	12
65.86074812710496	12.0	12	12
65.96084044948657	11.0	11	11
66.0609327718682	11.0	11	11
66.16102509424981	11.0	11	11
66.26111741663142	11.0	11	11
66.36120973901305	11.0	11	11
66.46130206139466	12.0	12	12
66.56139438377629	11.0	11	11
66.6614867061579	12.0	12	12
66.76157902853951	12.0	12	12
66.86167135092114	12.0	12	12
66.96176367330276	12.0	12	12
67.06185599568437	12.0	12	12
67.161948318066	12.0	12	12
67.26204064044761	12.0	12	12
67.36213296282924	12.0	12	12
67.46222528521085	12.0	12	12
67.56231760759246	12.0	12	12
67.66240992997409	12.0	12	12
67.7625022523557	12.0	12	12
67.86259457473733	12.0	12	12
67.96268689711894	12.0	12	12
68.06277921950056	12.0	12	12
68.16287154188218	12.0	12	12
68.2629638642638	13.0	13	13
68.36305618664541	13.0	13	13
68.46314850902704	13.0	13	13
68.56324083140865	13.0	13	13
68.66333315379028	13.0	13	13
68.76342547617189	13.0	13	13
68.8635177985535	13.0	13	13
68.96361012093513	13.0	13	13
69.06370244331674	13.0	13	13
69.16379476569837	13.0	13	13
69.26388708807998	13.0	13	13
69.3639794104616	13.0	13	13
69.46407173284322	14.0	14	14
69.56416405522484	14.0	14	14
69.66425637760645	14.0	14	14
69.76434869998808	14.0	14	14
69.86444102236969	13.0	13	13
69.96453334475132	13.0	13	13
70.06462566713293	13.0	13	13
70.16471798951454	13.0	13	13
70.26481031189617	13.0	13	13
70.36490263427778	13.0	13	13
70.46499495665941	13.0	13	13
70.56508727904102	12.0	12	12
70.66517960142264	12.0	12	12
70.76527192380426	12.0	12	12
70.86536424618588	12.0	12	12
70.96545656856749	12.0	12	12
71.06554889094912	12.0	12	12
71.16564121333073	12.0	12	12
71.26573353571236	12.0	12	12
71.36582585809397	12.0	12	12
71.46591818047558	12.0	12	12
71.56601050285721	12.0	12	12
71.66610282523882	11.0	11	11
71.76619514762044	11.0	11	11
71.86628747000206	11.0	11	11
71.96637979238368	11.0	11	11
72.0664721147653	11.0	11	11
72.16656443714692	11.0	11	11
72.26665675952853	11.0	11	11
72.36674908191016	12.0	12	12
72.46684140429177	12.0	12	12
72.5669337266734	12.0	12	12
72.66702604905501	12.0	12	12
72.76711837143662	12.0	12	12
72.86721069381825	12.0	12	12
72.96730301619986	12.0	12	12
73.06739533858148	12.0	12	12
73.1674876609631	12.0	12	12
73.26757998334472	12.0	12	12
73.36767230572634	12.0	12	12
73.46776462810796	12.0	12	12
73.56785695048957	12.0	12	12
73.6679492728712	12.0	12	12
73.76804159525281	12.0	12	12
73.86813391763444	12.0	12	12
73.96822624001605	12.0	12	12
74.06831856239766	12.0	12	12
74.16841088477929	12.0	12	12
74.2685032071609	12.0	12	12
74.36859552954252	12.0	12	12
74.46868785192414	12.0	12	12
74.56878017430576	12.0	12	12
74.66887249668738	12.0	12	12
74.768964819069	12.0	12	12
74.86905714145061	12.0	12	12
74.96914946383224	12.0	12	12
75.06924178621385	12.0	12	12
75.16933410859546	12.0	12	12
75.26942643097709	12.0	12	12
75.3695187533587	12.0	12	12
75.46961107574033	12.0	12	12
75.56970339812194	12.0	12	12
75.66979572050356	12.0	12	12
75.76988804288519	12.0	12	12
75.8699803652668	12.0	12	12
75.97007268764843	12.0	12	12
76.07016501003004	12.0	12	12
76.17025733241165	12.0	12	12
76.27034965479328	12.0	12	12
76.37044197717489	12.0	12	12
76.4705342995565	12.0	12	12
76.57062662193813	12.0	12	12
76.67071894431974	12.0	12	12
76.77081126670137	12.0	12	12
76.87090358908299	12.0	12	12
76.9709959114646	11.0	11	11
77.07108823384623	11.0	11	11
77.17118055622784	11.0	11	11
77.27127287860947	11.0	11	11
77.37136520099108	11.0	11	11
77.47145752337269	11.0	11	11
77.57154984575432	11.0	11	11
77.67164216813593	10.0	10	10
77.77173449051755	10.0	10	10
77.87182681289917	10.0	10	10
77.97191913528079	10.0	10	10
78.07201145766241	10.0	10	10
78.17210378004403	10.0	10	10
78.27219610242564	10.0	10	10
78.37228842480727	10.0	10	10
78.47238074718888	10.0	10	10
78.5724730695705	10.0	10	10
78.67256539195212	10.0	10	10
78.77265771433373	10.0	10	10
78.87275003671536	10.0	10	10
78.97284235909697	10.0	10	10
79.07293468147859	10.0	10	10
79.17302700386021	10.0	10	10
79.27311932624183	10.0	10	10
79.37321164862345	10.0	10	10
79.47330397100507	10.0	10	10
79.57339629338668	10.0	10	10
79.6734886157683	10.0	10	10
79.77358093814992	10.0	10	10
79.87367326053153	10.0	10	10
79.97376558291316	10.0	10	10
80.07385790529477	11.0	11	11
80.1739502276764	12.0	12	12
80.27404255005801	12.0	12	12
80.37413487243963	12.0	12	12
80.47422719482125	12.0	12	12
80.57431951720287	12.0	12	12
80.6744118395845	12.0	12	12
80.7745041619661	12.0	12	12
80.87459648434772	12.0	12	12
80.97468880672935	12.0	12	12
81.07478112911096	12.0	12	12
81.17487345149257	12.0	12	12
81.2749657738742	12.0	12	12
81.37505809625581	12.0	12	12
81.47515041863744	12.0	12	12
81.57524274101905	12.0	12	12
81.67533506340067	12.0	12	12
81.7754273857823	12.0	12	12
81.8755197081639	12.0	12	12
81.97561203054553	12.0	12	12
82.07570435292715	12.0	12	12
82.17579667530876	12.0	12	12
82.27588899769039	12.0	12	12
82.375981320072	12.0	12	12
82.47607364245361	12.0	12	12
82.57616596483524	12.0	12	12
82.67625828721685	12.0	12	12
82.77635060959848	12.0	12	12
82.8764429319801	12.0	12	12
82.9765352543617	12.0	12	12
83.07662757674333	13.0	13	13
83.17671989912495	13.0	13	13
83.27681222150656	13.0	13	13
83.37690454388819	13.0	13	13
83.4769968662698	13.0	13	13
83.57708918865143	13.0	13	13
83.67718151103304	13.0	13	13
83.77727383341465	13.0	13	13
83.87736615579628	13.0	13	13
83.9774584781779	13.0	13	13
84.07755080055952	13.0	13	13
84.17764312294113	12.0	12	12
84.27773544532275	12.0	12	12
84.37782776770437	11.0	11	11
84.47792009008599	11.0	11	11
84.5780124124676	11.0	11	11
84.67810473484923	11.0	11	11
84.77819705723084	11.0	11	11
84.87828937961247	10.0	10	10
84.97838170199408	10.0	10	10
85.0784740243757	10.0	10	10
85.17856634675732	10.0	10	10
85.27865866913893	10.0	10	10
85.37875099152056	10.0	10	10
85.47884331390217	10.0	10	10
85.57893563628379	10.0	10	10
85.67902795866542	10.0	10	10
85.77912028104703	10.0	10	10
85.87921260342864	10.0	10	10
85.97930492581027	10.0	10	10
86.07939724819188	10.0	10	10
86.17948957057351	10.0	10	10
86.27958189295512	10.0	10	10
86.37967421533673	10.0	10	10
86.47976653771836	10.0	10	10
86.57985886009998	10.0	10	10
86.6799511824816	10.0	10	10
86.78004350486322	10.0	10	10
86.88013582724483	10.0	10	10
86.98022814962646	10.0	10	10
87.08032047200807	9.0	9	9
87.18041279438968	9.0	9	9
87.28050511677131	9.0	9	9
87.38059743915292	9.0	9	9
87.48068976153455	9.0	9	9
87.58078208391616	9.0	9	9
87.68087440629778	9.0	9	9
87.7809667286794	9.0	9	9
87.88105905106102	9.0	9	9
87.98115137344263	9.0	9	9
88.08124369582426	9.0	9	9
88.18133601820587	9.0	9	9
88.2814283405875	9.0	9	9
88.38152066296911	9.0	9	9
88.48161298535072	9.0	9	9
88.58170530773235	9.0	9	9
88.68179763011396	9.0	9	9
88.78188995249559	9.0	9	9
88.8819822748772	9.0	9	9
88.98207459725882	9.0	9	9
89.08216691964044	9.0	9	9
89.18225924202206	9.0	9	9
89.28235156440367	9.0	9	9
89.3824438867853	9.0	9	9
89.48253620916691	9.0	9	9
89.58262853154854	9.0	9	9
89.68272085393015	9.0	9	9
89.78281317631176	9.0	9	9
89.88290549869339	9.0	9	9
89.982997821075	9.0	9	9
90.08309014345663	9.0	9	9
90.18318246583824	9.0	9	9
90.28327478821986	9.0	9	9
90.38336711060148	9.0	9	9
90.4834594329831	9.0	9	9
90.58355175536471	9.0	9	9
90.68364407774634	9.0	9	9
90.78373640012795	9.0	9	9
90.88382872250958	9.0	9	9
90.98392104489119	9.0	9	9
91.0840133672728	9.0	9	9
91.18410568965443	9.0	9	9
91.28419801203604	9.0	9	9
91.38429033441767	9.0	9	9
91.48438265679928	9.0	9	9
91.5844749791809	9.0	9	9
91.68456730156252	9.0	9	9
91.78465962394414	9.0	9	9
91.88475194632575	9.0	9	9
91.98484426870738	9.0	9	9
92.08493659108899	9.0	9	9
92.18502891347062	9.0	9	9
92.28512123585223	9.0	9	9
92.38521355823384	9.0	9	9
92.48530588061547	9.0	9	9
92.58539820299708	9.0	9	9
92.6854905253787	9.0	9	9
92.78558284776032	9.0	9	9
92.88567517014194	9.0	9	9
92.98576749252356	9.0	9	9
93.08585981490518	9.0	9	9
93.18595213728679	9.0	9	9
93.28604445966842	9.0	9	9
93.38613678205003	9.0	9	9
93.48622910443166	9.0	9	9
93.58632142681327	9.0	9	9
93.68641374919488	9.0	9	9
93.78650607157651	9.0	9	9
93.88659839395812	9.0	9	9
93.98669071633974	9.0	9	9
94.08678303872136	9.0	9	9
94.18687536110298	10.0	10	10
94.2869676834846	10.0	10	10
94.38706000586622	10.0	10	10
94.48715232824783	10.0	10	10
94.58724465062946	10.0	10	10
94.68733697301107	10.0	10	10
94.7874292953927	10.0	10	10
94.88752161777431	10.0	10	10
94.98761394015592	10.0	10	10
95.08770626253755	10.0	10	10
95.18779858491916	10.0	10	10
95.28789090730078	10.0	10	10
95.3879832296824	10.0	10	10
95.48807555206402	10.0	10	10
95.58816787444565	10.0	10	10
95.68826019682726	10.0	10	10
95.78835251920887	10.0	10	10
95.8884448415905	10.0	10	10
95.98853716397211	10.0	10	10
96.08862948635374	10.0	10	10
96.18872180873535	10.0	10	10
96.28881413111696	10.0	10	10
96.38890645349859	10.0	10	10
96.4889987758802	11.0	11	11
96.58909109826182	11.0	11	11
96.68918342064345	11.0	11	11
96.78927574302506	12.0	12	12
96.88936806540669	12.0	12	12
96.9894603877883	12.0	12	12
97.08955271016991	12.0	12	12
97.18964503255154	12.0	12	12
97.28973735493315	12.0	12	12
97.38982967731476	12.0	12	12
97.48992199969639	12.0	12	12
97.590014322078	11.0	11	11
97.69010664445963	11.0	11	11
97.79019896684125	11.0	11	11
97.89029128922286	11.0	11	11
97.99038361160449	11.0	11	11
98.0904759339861	11.0	11	11
98.19056825636773	11.0	11	11
98.29066057874934	11.0	11	11
98.39075290113095	11.0	11	11
98.49084522351258	11.0	11	11
98.59093754589419	11.0	11	11
98.6910298682758	11.0	11	11
98.79112219065743	11.0	11	11
98.89121451303905	11.0	11	11
98.99130683542067	11.0	11	11
99.09139915780229	11.0	11	11
99.1914914801839	11.0	11	11
99.29158380256553	11.0	11	11
99.39167612494714	11.0	11	11
99.49176844732877	11.0	11	11
99.59186076971038	11.0	11	11
99.69195309209199	11.0	11	11
99.79204541447362	11.0	11	11
99.89213773685523	11.0	11	11
99.99223005923685	11.0	11	11
100.09232238161847	11.0	11	11
100.19241470400009	11.0	11	11
100.29250702638171	11.0	11	11
100.39259934876333	11.0	11	11
100.49269167114494	11.0	11	11
100.59278399352657	11.0	11	11
100.69287631590818	11.0	11	11
100.79296863828979	11.0	11	11
100.89306096067142	11.0	11	11
100.99315328305303	11.0	11	11
101.09324560543466	11.0	11	11
101.19333792781627	11.0	11	11
101.29343025019789	11.0	11	11
101.39352257257951	11.0	11	11
101.49361489496113	11.0	11	11
101.59370721734275	11.0	11	11
101.69379953972437	11.0	11	11
101.79389186210598	11.0	11	11
101.8939841844876	11.0	11	11
101.99407650686922	11.0	11	11
102.09416882925083	11.0	11	11
102.19426115163246	11.0	11	11
102.29435347401407	11.0	11	11
102.3944457963957	11.0	11	11
102.49453811877731	11.0	11	11
102.59463044115893	11.0	11	11
102.69472276354055	11.0	11	11
102.79481508592217	11.0	11	11
102.8949074083038	11.0	11	11
102.99499973068541	10.0	10	10
103.09509205306702	10.0	10	10
103.19518437544865	10.0	10	10
103.29527669783026	10.0	10	10
103.39536902021187	10.0	10	10
103.4954613425935	10.0	10	10
103.59555366497511	10.0	10	10
103.69564598735674	10.0	10	10
103.79573830973835	10.0	10	10
103.89583063211997	10.0	10	10
103.9959229545016	10.0	10	10
104.09601527688321	10.0	10	10
104.19610759926483	10.0	10	10
104.29619992164645	10.0	10	10
104.39629224402806	10.0	10	10
104.49638456640969	10.0	10	10
104.5964768887913	10.0	10	10
104.69656921117291	10.0	10	10
104.79666153355454	10.0	10	10
104.89675385593615	10.0	10	10
104.99684617831778	10.0	10	10
105.0969385006994	10.0	10	10
105.19703082308101	10.0	10	10
105.29712314546263	10.0	10	10
105.39721546784425	10.0	10	10
105.49730779022586	10.0	10	10
105.59740011260749	10.0	10	10
105.6974924349891	10.0	10	10
105.79758475737073	10.0	10	10
105.89767707975234	10.0	10	10
105.99776940213395	10.0	10	10
106.09786172451558	10.0	10	10
106.1979540468972	10.0	10	10
106.29804636927882	10.0	10	10
106.39813869166044	10.0	10	10
106.49823101404205	10.0	10	10
106.59832333642368	10.0	10	10
106.69841565880529	10.0	10	10
106.7985079811869	10.0	10	10
106.89860030356853	10.0	10	10
106.99869262595014	10.0	10	10
107.09878494833177	11.0	11	11
107.19887727071338	11.0	11	11
107.298969593095	11.0	11	11
107.39906191547662	11.0	11	11
107.49915423785824	11.0	11	11
107.59924656023986	11.0	11	11
107.69933888262148	11.0	11	11
107.79943120500309	11.0	11	11
107.89952352738472	11.0	11	11
107.99961584976633	11.0	11	11
108.09970817214794	11.0	11	11
108.19980049452957	11.0	11	11
108.29989281691118	11.0	11	11
108.39998513929281	11.0	11	11
108.50007746167442	11.0	11	11
108.60016978405604	11.0	11	11
108.70026210643766	11.0	11	11
108.80035442881928	11.0	11	11
108.90044675120089	11.0	11	11
109.00053907358252	11.0	11	11
109.10063139596413	11.0	11	11
109.20072371834576	11.0	11	11
109.30081604072737	11.0	11	11
109.40090836310898	11.0	11	11
109.50100068549061	11.0	11	11
109.60109300787222	11.0	11	11
109.70118533025385	11.0	11	11
109.80127765263546	11.0	11	11
109.90136997501708	11.0	11	11
110.0014622973987	11.0	11	11
110.10155461978032	11.0	11	11
110.20164694216193	11.0	11	11
110.30173926454356	11.0	11	11
110.40183158692517	11.0	11	11
110.5019239093068	11.0	11	11
110.60201623168841	11.0	11	11
110.70210855407002	11.0	11	11
110.80220087645165	11.0	11	11
110.90229319883326	11.0	11	11
111.00238552121489	11.0	11	11
111.1024778435965	11.0	11	11
111.20257016597812	11.0	11	11
111.30266248835974	11.0	11	11
111.40275481074136	11.0	11	11
111.50284713312297	11.0	11	11
111.6029394555046	11.0	11	11
111.70303177788621	11.0	11	11
111.80312410026784	11.0	11	11
111.90321642264945	11.0	11	11
112.00330874503106	11.0	11	11
112.10340106741269	11.0	11	11
112.2034933897943	11.0	11	11
112.30358571217593	11.0	11	11
112.40367803455754	11.0	11	11
112.50377035693916	11.0	11	11
112.60386267932078	12.0	12	12
112.7039550017024	12.0	12	12
112.80404732408401	12.0	12	12
112.90413964646564	12.0	12	12
113.00423196884725	12.0	12	12
113.10432429122888	12.0	12	12
113.20441661361049	12.0	12	12
113.3045089359921	12.0	12	12
113.40460125837373	12.0	12	12
113.50469358075534	12.0	12	12
113.60478590313696	12.0	12	12
113.70487822551858	12.0	12	12
113.8049705479002	12.0	12	12
113.90506287028182	12.0	12	12
114.00515519266344	12.0	12	12
114.10524751504505	11.0	11	11
114.20533983742668	11.0	11	11
114.30543215980829	11.0	11	11
114.40552448218992	11.0	11	11
114.50561680457153	11.0	11	11
114.60570912695314	11.0	11	11
114.70580144933477	11.0	11	11
114.80589377171638	11.0	11	11
114.905986094098	11.0	11	11
115.00607841647962	11.0	11	11
115.10617073886124	11.0	11	11
115.20626306124286	11.0	11	11
115.30635538362448	11.0	11	11
115.40644770600609	11.0	11	11
115.50654002838772	11.0	11	11
115.60663235076933	11.0	11	11
115.70672467315096	11.0	11	11
115.80681699553257	11.0	11	11
115.90690931791418	11.0	11	11
116.00700164029581	11.0	11	11
116.10709396267742	11.0	11	11
116.20718628505904	11.0	11	11
116.30727860744067	11.0	11	11
116.40737092982228	11.0	11	11
116.5074632522039	11.0	11	11
116.60755557458552	10.0	10	10
116.70764789696713	10.0	10	10
116.80774021934876	10.0	10	10
116.90783254173037	10.0	10	10
117.007924864112	10.0	10	10
117.10801718649361	10.0	10	10
117.20810950887522	10.0	10	10
117.30820183125685	10.0	10	10
117.40829415363847	10.0	10	10
117.50838647602008	10.0	10	10
117.6084787984017	10.0	10	10
117.70857112078332	10.0	10	10
117.80866344316495	10.0	10	10
117.90875576554656	10.0	10	10
118.00884808792817	10.0	10	10
118.1089404103098	10.0	10	10
118.20903273269141	10.0	10	10
118.30912505507303	10.0	10	10
118.40921737745465	10.0	10	10
118.50930969983627	10.0	10	10
118.60940202221789	10.0	10	10
118.7094943445995	10.0	10	10
118.80958666698112	10.0	10	10
118.90967898936275	10.0	10	10
119.00977131174436	10.0	10	10
119.10986363412599	10.0	10	10
119.2099559565076	10.0	10	10
119.31004827888921	10.0	10	10
119.41014060127084	10.0	10	10
119.51023292365245	10.0	10	10
119.61032524603407	10.0	10	10
119.71041756841569	9.0	9	9
119.8105098907973	9.0	9	9
119.91060221317893	10.0	10	10
120.01069453556055	10.0	10	10
120.11078685794216	10.0	10	10
120.21087918032379	10.0	10	10
120.3109715027054	10.0	10	10
120.41106382508703	10.0	10	10
120.51115614746864	10.0	10	10
120.61124846985025	10.0	10	10
120.71134079223188	10.0	10	10
120.8114331146135	10.0	10	10
120.9115254369951	10.0	10	10
121.01161775937673	10.0	10	10
121.11171008175835	10.0	10	10
121.21180240413997	10.0	10	10
121.31189472652159	10.0	10	10
121.4119870489032	10.0	10	10
121.51207937128483	10.0	10	10
121.61217169366644	10.0	10	10
121.71226401604807	10.0	10	10
121.81235633842968	10.0	10	10
121.9124486608113	10.0	10	10
122.01254098319292	10.0	10	10
122.11263330557453	10.0	10	10
122.21272562795615	10.0	10	10
122.31281795033777	10.0	10	10
122.41291027271939	10.0	10	10
122.51300259510101	10.0	10	10
122.61309491748263	10.0	10	10
122.71318723986424	10.0	10	10
122.81327956224587	10.0	10	10
122.91337188462748	10.0	10	10
123.0134642070091	10.0	10	10
123.11355652939072	10.0	10	10
123.21364885177233	10.0	10	10
123.31374117415396	10.0	10	10
123.41383349653557	10.0	10	10
123.51392581891719	10.0	10	10
123.61401814129881	10.0	10	10
123.71411046368043	10.0	10	10
123.81420278606205	10.0	10	10
123.91429510844367	10.0	10	10
124.01438743082528	10.0	10	10
124.11447975320691	10.0	10	10
124.21457207558852	10.0	10	10
124.31466439797013	10.0	10	10
124.41475672035176	10.0	10	10
124.51484904273337	10.0	10	10
124.614941365115	10.0	10	10
124.71503368749661	10.0	10	10
124.81512600987823	10.0	10	10
124.91521833225985	10.0	10	10
125.01531065464147	10.0	10	10
125.1154029770231	10.0	10	10
125.21549529940471	10.0	10	10
125.31558762178632	10.0	10	10
125.41567994416795	10.0	10	10
125.51577226654956	10.0	10	10
125.61586458893117	10.0	10	10
125.7159569113128	10.0	10	10
125.81604923369441	10.0	10	10
125.91614155607604	10.0	10	10
126.01623387845765	10.0	10	10
126.11632620083927	10.0	10	10
126.2164185232209	10.0	10	10
126.31651084560251	10.0	10	10
126.41660316798412	10.0	10	10
126.51669549036575	10.0	10	10
126.61678781274736	10.0	10	10
126.71688013512899	10.0	10	10
126.8169724575106	10.0	10	10
126.91706477989221	10.0	10	10
127.01715710227384	10.0	10	10
127.11724942465545	10.0	10	10
127.21734174703708	10.0	10	10
127.3174340694187	10.0	10	10
127.41752639180031	10.0	10	10
127.51761871418194	10.0	10	10
127.61771103656355	10.0	10	10
127.71780335894516	10.0	10	10
127.81789568132679	10.0	10	10
127.9179880037084	10.0	10	10
128.01808032609003	10.0	10	10
128.11817264847164	10.0	10	10
128.21826497085326	10.0	10	10
128.31835729323487	10.0	10	10
128.4184496156165	10.0	10	10
128.51854193799812	10.0	10	10
128.61863426037974	10.0	10	10
128.71872658276135	10.0	10	10
128.81881890514296	10.0	10	10
128.9189112275246	10.0	10	10
129.01900354990622	10.0	10	10
129.11909587228783	10.0	10	10
129.21918819466944	10.0	10	10
129.31928051705106	10.0	10	10
129.41937283943267	10.0	10	10
129.5194651618143	10.0	10	10
129.61955748419592	10.0	10	10
129.71964980657754	10.0	10	10
129.81974212895915	11.0	11	11
129.91983445134076	11.0	11	11
130.0199267737224	11.0	11	11
130.12001909610402	11.0	11	11
130.22011141848563	11.0	11	11
130.32020374086724	11.0	11	11
130.42029606324886	11.0	11	11
130.5203883856305	11.0	11	11
130.6204807080121	11.0	11	11
130.72057303039372	11.0	11	11
130.82066535277534	11.0	11	11
130.92075767515695	11.0	11	11
131.0208499975386	11.0	11	11
131.1209423199202	11.0	11	11
131.22103464230182	11.0	11	11
131.32112696468343	11.0	11	11
131.42121928706504	11.0	11	11
131.52131160944668	11.0	11	11
131.6214039318283	11.0	11	11
131.7214962542099	11.0	11	11
131.82158857659152	11.0	11	11
131.92168089897314	11.0	11	11
132.02177322135475	11.0	11	11
132.1218655437364	11.0	11	11
132.221957866118	11.0	11	11
132.32205018849962	11.0	11	11
132.42214251088123	11.0	11	11
132.52223483326284	12.0	12	12
132.62232715564448	12.0	12	12
132.7224194780261	12.0	12	12
132.8225118004077	12.0	12	12
132.92260412278932	12.0	12	12
133.02269644517094	12.0	12	12
133.12278876755258	12.0	12	12
133.2228810899342	12.0	12	12
133.3229734123158	12.0	12	12
133.42306573469742	12.0	12	12
133.52315805707903	12.0	12	12
133.62325037946067	13.0	13	13
133.72334270184228	13.0	13	13
133.8234350242239	13.0	13	13
133.9235273466055	13.0	13	13
134.02361966898712	13.0	13	13
134.12371199136874	13.0	13	13
134.22380431375038	13.0	13	13
134.323896636132	12.0	12	12
134.4239889585136	12.0	12	12
134.52408128089522	12.0	12	12
134.62417360327683	12.0	12	12
134.72426592565847	12.0	12	12
134.82435824804008	12.0	12	12
134.9244505704217	12.0	12	12
135.0245428928033	12.0	12	12
135.12463521518492	12.0	12	12
135.22472753756657	12.0	12	12
135.32481985994818	12.0	12	12
135.4249121823298	12.0	12	12
135.5250045047114	12.0	12	12
135.62509682709302	12.0	12	12
135.72518914947466	13.0	13	13
135.82528147185627	13.0	13	13
135.92537379423788	13.0	13	13
136.0254661166195	13.0	13	13
136.1255584390011	13.0	13	13
136.22565076138275	13.0	13	13
136.32574308376437	13.0	13	13
136.42583540614598	13.0	13	13
136.5259277285276	13.0	13	13
136.6260200509092	13.0	13	13
136.72611237329082	13.0	13	13
136.82620469567246	13.0	13	13
136.92629701805407	13.0	13	13
137.02638934043568	13.0	13	13
137.1264816628173	13.0	13	13
137.2265739851989	13.0	13	13
137.32666630758055	13.0	13	13
137.42675862996217	13.0	13	13
137.52685095234378	13.0	13	13
137.6269432747254	12.0	12	12
137.727035597107	12.0	12	12
137.82712791948865	12.0	12	12
137.92722024187026	12.0	12	12
138.02731256425187	12.0	12	12
138.12740488663349	12.0	12	12
138.2274972090151	12.0	12	12
138.32758953139674	12.0	12	12
138.42768185377835	12.0	12	12
138.52777417615997	12.0	12	12
138.62786649854158	12.0	12	12
138.7279588209232	12.0	12	12
138.8280511433048	12.0	12	12
138.92814346568645	12.0	12	12
139.02823578806806	12.0	12	12
139.12832811044967	12.0	12	12
139.22842043283129	12.0	12	12
139.3285127552129	12.0	12	12
139.42860507759454	12.0	12	12
139.52869739997615	12.0	12	12
139.62878972235777	12.0	12	12
139.72888204473938	12.0	12	12
139.828974367121	12.0	12	12
139.92906668950263	12.0	12	12
140.02915901188425	12.0	12	12
140.12925133426586	12.0	12	12
140.22934365664747	12.0	12	12
140.32943597902909	12.0	12	12
140.42952830141073	12.0	12	12
140.52962062379234	12.0	12	12
140.62971294617395	12.0	12	12
140.72980526855557	12.0	12	12
140.82989759093718	12.0	12	12
140.92998991331882	12.0	12	12
141.03008223570043	12.0	12	12
141.13017455808205	12.0	12	12
141.23026688046366	12.0	12	12
141.33035920284527	12.0	12	12
141.43045152522689	12.0	12	12
141.53054384760853	12.0	12	12
141.63063616999014	13.0	13	13
141.73072849237175	13.0	13	13
141.83082081475337	13.0	13	13
141.93091313713498	13.0	13	13
142.03100545951662	13.0	13	13
142.13109778189823	13.0	13	13
142.23119010427985	13.0	13	13
142.33128242666146	13.0	13	13
142.43137474904307	13.0	13	13
142.53146707142471	13.0	13	13
142.63155939380633	13.0	13	13
142.73165171618794	13.0	13	13
142.83174403856955	13.0	13	13
142.93183636095117	12.0	12	12
143.0319286833328	12.0	12	12
143.13202100571442	12.0	12	12
143.23211332809603	12.0	12	12
143.33220565047765	12.0	12	12
143.43229797285926	12.0	12	12
143.53239029524087	12.0	12	12
143.63248261762251	12.0	12	12
143.73257494000413	12.0	12	12
143.83266726238574	12.0	12	12
143.93275958476735	12.0	12	12
144.03285190714897	12.0	12	12
144.1329442295306	11.0	11	11
144.23303655191222	11.0	11	11
144.33312887429383	11.0	11	11
144.43322119667545	11.0	11	11
144.53331351905706	11.0	11	11
144.6334058414387	11.0	11	11
144.73349816382031	11.0	11	11
144.83359048620193	11.0	11	11
144.93368280858354	10.0	10	10
145.03377513096515	9.0	9	9
145.1338674533468	9.0	9	9
145.2339597757284	9.0	9	9
145.33405209811002	9.0	9	9
145.43414442049163	8.0	8	8
145.53423674287325	8.0	8	8
145.63432906525486	8.0	8	8
145.7344213876365	8.0	8	8
145.83451371001811	8.0	8	8
145.93460603239973	8.0	8	8
146.03469835478134	8.0	8	8
146.13479067716295	8.0	8	8
146.2348829995446	8.0	8	8
146.3349753219262	8.0	8	8
146.43506764430782	8.0	8	8
146.53515996668943	8.0	8	8
146.63525228907105	9.0	9	9
146.7353446114527	9.0	9	9
146.8354369338343	9.0	9	9
146.93552925621591	9.0	9	9
147.03562157859753	9.0	9	9
147.13571390097914	9.0	9	9
147.23580622336078	9.0	9	9
147.3358985457424	9.0	9	9
147.435990868124	9.0	9	9
147.53608319050562	9.0	9	9
147.63617551288723	9.0	9	9
147.73626783526888	9.0	9	9
147.8363601576505	9.0	9	9
147.9364524800321	9.0	9	9
148.03654480241372	9.0	9	9
148.13663712479533	9.0	9	9
148.23672944717694	9.0	9	9
148.33682176955858	9.0	9	9
148.4369140919402	9.0	9	9
148.5370064143218	9.0	9	9
148.63709873670342	9.0	9	9
148.73719105908503	9.0	9	9
148.83728338146668	9.0	9	9
148.9373757038483	9.0	9	9
149.0374680262299	9.0	9	9
149.13756034861152	9.0	9	9
149.23765267099313	9.0	9	9
149.33774499337477	9.0	9	9
149.43783731575638	9.0	9	9
149.537929638138	9.0	9	9
149.6380219605196	9.0	9	9
149.73811428290122	9.0	9	9
149.83820660528286	9.0	9	9
149.93829892766448	9.0	9	9
150.0383912500461	9.0	9	9
150.1384835724277	9.0	9	9
150.23857589480932	9.0	9	9
150.33866821719093	9.0	9	9
150.43876053957257	9.0	9	9
150.53885286195418	9.0	9	9
150.6389451843358	9.0	9	9
150.7390375067174	9.0	9	9
150.83912982909902	9.0	9	9
150.93922215148066	9.0	9	9
151.03931447386228	9.0	9	9
151.1394067962439	9.0	9	9
151.2394991186255	9.0	9	9
151.33959144100712	9.0	9	9
151.43968376338876	9.0	9	9
151.53977608577037	9.0	9	9
151.63986840815198	9.0	9	9
151.7399607305336	9.0	9	9
151.8400530529152	9.0	9	9
151.94014537529685	9.0	9	9
152.04023769767846	9.0	9	9
152.14033002006008	9.0	9	9
152.2404223424417	9.0	9	9
152.3405146648233	9.0	9	9
152.44060698720494	9.0	9	9
152.54069930958656	9.0	9	9
152.64079163196817	9.0	9	9
152.74088395434978	10.0	10	10
152.8409762767314	10.0	10	10
152.941068599113	10.0	10	10
153.04116092149465	10.0	10	10
153.14125324387626	10.0	10	10
153.24134556625788	10.0	10	10
153.3414378886395	10.0	10	10
153.4415302110211	10.0	10	10
153.54162253340274	10.0	10	10
153.64171485578436	10.0	10	10
153.74180717816597	10.0	10	10
153.84189950054758	10.0	10	10
153.9419918229292	10.0	10	10
154.04208414531084	9.0	9	9
154.14217646769245	9.0	9	9
154.24226879007406	9.0	9	9
154.34236111245568	9.0	9	9
154.4424534348373	9.0	9	9
154.54254575721893	9.0	9	9
154.64263807960054	9.0	9	9
154.74273040198216	9.0	9	9
154.84282272436377	9.0	9	9
154.94291504674538	9.0	9	9
155.043007369127	9.0	9	9
155.14309969150864	9.0	9	9
155.24319201389025	8.0	8	8
155.34328433627186	8.0	8	8
155.44337665865348	8.0	8	8
155.5434689810351	8.0	8	8
155.64356130341673	8.0	8	8
155.74365362579834	8.0	8	8
155.84374594817996	8.0	8	8
155.94383827056157	8.0	8	8
156.04393059294318	8.0	8	8
156.14402291532483	8.0	8	8
156.24411523770644	8.0	8	8
156.34420756008805	8.0	8	8
156.44429988246966	8.0	8	8
156.54439220485128	8.0	8	8
156.64448452723292	8.0	8	8
156.74457684961453	8.0	8	8
156.84466917199614	8.0	8	8
156.94476149437776	8.0	8	8
157.04485381675937	8.0	8	8
157.144946139141	8.0	8	8
157.24503846152263	8.0	8	8
157.34513078390424	8.0	8	8
157.44522310628585	8.0	8	8
157.54531542866746	8.0	8	8
157.64540775104908	8.0	8	8
157.74550007343072	8.0	8	8
157.84559239581233	8.0	8	8
157.94568471819395	7.0	7	7
158.04577704057556	7.0	7	7
158.14586936295717	7.0	7	7
158.2459616853388	7.0	7	7
158.34605400772043	7.0	7	7
158.44614633010204	7.0	7	7
158.54623865248365	7.0	7	7
158.64633097486526	7.0	7	7
158.7464232972469	7.0	7	7
158.84651561962852	7.0	7	7
158.94660794201013	7.0	7	7
159.04670026439175	7.0	7	7
159.14679258677336	7.0	7	7
159.246884909155	7.0	7	7
159.3469772315366	7.0	7	7
159.44706955391823	7.0	7	7
159.54716187629984	7.0	7	7
159.64725419868145	7.0	7	7
159.74734652106306	7.0	7	7
159.8474388434447	7.0	7	7
159.94753116582632	7.0	7	7
160.04762348820793	7.0	7	7
160.14771581058955	6.0	6	6
160.24780813297116	6.0	6	6
160.3479004553528	6.0	6	6
160.4479927777344	6.0	6	6
160.54808510011603	6.0	6	6
160.64817742249764	6.0	6	6
160.74826974487925	6.0	6	6
160.8483620672609	6.0	6	6
160.9484543896425	6.0	6	6
161.04854671202412	6.0	6	6
161.14863903440573	6.0	6	6
161.24873135678735	6.0	6	6
161.348823679169	6.0	6	6
161.4489160015506	6.0	6	6
161.5490083239322	6.0	6	6
161.64910064631383	6.0	6	6
161.74919296869544	6.0	6	6
161.84928529107708	6.0	6	6
161.9493776134587	6.0	6	6
162.0494699358403	6.0	6	6
162.14956225822192	6.0	6	6
162.24965458060353	6.0	6	6
162.34974690298515	6.0	6	6
162.4498392253668	6.0	6	6
162.5499315477484	6.0	6	6
162.65002387013	6.0	6	6
162.75011619251163	6.0	6	6
162.85020851489324	6.0	6	6
162.95030083727488	6.0	6	6
163.0503931596565	6.0	6	6
163.1504854820381	6.0	6	6
163.25057780441972	6.0	6	6
163.35067012680133	6.0	6	6
163.45076244918297	6.0	6	6
163.5508547715646	6.0	6	6
163.6509470939462	6.0	6	6
163.7510394163278	6.0	6	6
163.85113173870943	6.0	6	6
163.95122406109107	6.0	6	6
164.05131638347268	6.0	6	6
164.1514087058543	6.0	6	6
164.2515010282359	6.0	6	6
164.35159335061752	6.0	6	6
164.45168567299913	6.0	6	6
164.55177799538077	7.0	7	7
164.6518703177624	7.0	7	7
164.751962640144	7.0	7	7
164.8520549625256	8.0	8	8
164.95214728490723	8.0	8	8
165.05223960728887	8.0	8	8
165.15233192967048	8.0	8	8
165.2524242520521	8.0	8	8
165.3525165744337	8.0	8	8
165.45260889681532	8.0	8	8
165.55270121919696	8.0	8	8
165.65279354157857	8.0	8	8
165.7528858639602	8.0	8	8
165.8529781863418	7.0	7	7
165.9530705087234	7.0	7	7
166.05316283110506	7.0	7	7
166.15325515348667	7.0	7	7
166.25334747586828	7.0	7	7
166.3534397982499	7.0	7	7
166.4535321206315	7.0	7	7
166.55362444301312	7.0	7	7
166.65371676539476	7.0	7	7
166.75380908777638	7.0	7	7
166.853901410158	7.0	7	7
166.9539937325396	7.0	7	7
167.0540860549212	7.0	7	7
167.15417837730286	7.0	7	7
167.25427069968447	7.0	7	7
167.35436302206608	7.0	7	7
167.4544553444477	7.0	7	7
167.5545476668293	7.0	7	7
167.65463998921095	7.0	7	7
167.75473231159256	7.0	7	7
167.85482463397418	7.0	7	7
167.9549169563558	7.0	7	7
168.0550092787374	7.0	7	7
168.15510160111904	7.0	7	7
168.25519392350066	7.0	7	7
168.35528624588227	7.0	7	7
168.45537856826388	7.0	7	7
168.5554708906455	7.0	7	7
168.65556321302714	8.0	8	8
168.75565553540875	8.0	8	8
168.85574785779036	8.0	8	8
168.95584018017198	8.0	8	8
169.0559325025536	8.0	8	8
169.1560248249352	8.0	8	8
169.25611714731684	8.0	8	8
169.35620946969846	8.0	8	8
169.45630179208007	8.0	8	8
169.55639411446168	7.0	7	7
169.6564864368433	6.0	6	6
169.75657875922494	5.0	5	5
169.85667108160655	5.0	5	5
169.95676340398816	5.0	5	5
170.05685572636978	5.0	5	5
170.1569480487514	5.0	5	5
170.25704037113303	5.0	5	5
170.35713269351464	5.0	5	5
170.45722501589626	5.0	5	5
170.55731733827787	5.0	5	5
170.65740966065948	5.0	5	5
170.75750198304112	5.0	5	5
170.85759430542274	5.0	5	5
170.95768662780435	5.0	5	5
171.05777895018596	5.0	5	5
171.15787127256758	5.0	5	5
171.2579635949492	5.0	5	5
171.35805591733083	5.0	5	5
171.45814823971244	5.0	5	5
171.55824056209406	5.0	5	5
171.65833288447567	5.0	5	5
171.75842520685728	5.0	5	5
171.85851752923892	5.0	5	5
171.95860985162054	5.0	5	5
172.05870217400215	5.0	5	5
172.15879449638376	5.0	5	5
172.25888681876538	5.0	5	5
172.35897914114702	5.0	5	5
172.45907146352863	5.0	5	5
172.55916378591024	5.0	5	5
172.65925610829186	5.0	5	5
172.75934843067347	5.0	5	5
172.8594407530551	5.0	5	5
172.95953307543672	5.0	5	5
173.05962539781834	5.0	5	5
173.15971772019995	5.0	5	5
173.25981004258156	5.0	5	5
173.3599023649632	5.0	5	5
173.45999468734482	5.0	5	5
173.56008700972643	5.0	5	5
173.66017933210804	4.0	4	4
173.76027165448966	4.0	4	4
173.86036397687127	4.0	4	4
173.9604562992529	4.0	4	4
174.06054862163452	4.0	4	4
174.16064094401614	4.0	4	4
174.26073326639775	4.0	4	4
174.36082558877936	4.0	4	4
174.460917911161	4.0	4	4
174.56101023354262	4.0	4	4
174.66110255592423	4.0	4	4
174.76119487830584	4.0	4	4
174.86128720068746	4.0	4	4
174.9613795230691	4.0	4	4
175.0614718454507	4.0	4	4
175.16156416783232	4.0	4	4
175.26165649021394	4.0	4	4
175.36174881259555	4.0	4	4
175.4618411349772	4.0	4	4
175.5619334573588	4.0	4	4
175.66202577974042	4.0	4	4
175.76211810212203	4.0	4	4
175.86221042450364	4.0	4	4
175.96230274688526	4.0	4	4
176.0623950692669	4.0	4	4
176.1624873916485	4.0	4	4
176.26257971403012	4.0	4	4
176.36267203641174	4.0	4	4
176.46276435879335	4.0	4	4
176.562856681175	4.0	4	4
176.6629490035566	4.0	4	4
176.76304132593822	4.0	4	4
176.86313364831983	4.0	4	4
176.96322597070144	4.0	4	4
177.06331829308309	4.0	4	4
177.1634106154647	4.0	4	4
177.2635029378463	4.0	4	4
177.36359526022792	4.0	4	4
177.46368758260954	4.0	4	4
177.56377990499118	4.0	4	4
177.6638722273728	4.0	4	4
177.7639645497544	4.0	4	4
177.86405687213602	4.0	4	4
177.96414919451763	4.0	4	4
178.06424151689927	4.0	4	4
178.16433383928089	4.0	4	4
178.2644261616625	4.0	4	4
178.3645184840441	4.0	4	4
178.46461080642572	4.0	4	4
178.56470312880734	4.0	4	4
178.66479545118898	4.0	4	4
178.7648877735706	4.0	4	4
178.8649800959522	4.0	4	4
178.96507241833382	4.0	4	4
179.06516474071543	4.0	4	4
179.16525706309707	4.0	4	4
179.2653493854787	4.0	4	4
179.3654417078603	4.0	4	4
179.4655340302419	4.0	4	4
179.56562635262353	4.0	4	4
179.66571867500517	4.0	4	4
179.76581099738678	4.0	4	4
179.8659033197684	4.0	4	4
179.96599564215	4.0	4	4
180.06608796453162	4.0	4	4
180.16618028691326	4.0	4	4
180.26627260929487	4.0	4	4
180.3663649316765	4.0	4	4
180.4664572540581	4.0	4	4
180.5665495764397	4.0	4	4
180.66664189882133	4.0	4	4
180.76673422120297	4.0	4	4
180.86682654358458	4.0	4	4
180.9669188659662	3.0	3	3
181.0670111883478	3.0	3	3
181.16710351072942	3.0	3	3
181.26719583311106	3.0	3	3
181.36728815549267	3.0	3	3
181.4673804778743	3.0	3	3
181.5674728002559	3.0	3	3
181.6675651226375	3.0	3	3
181.76765744501915	3.0	3	3
181.86774976740077	3.0	3	3
181.96784208978238	3.0	3	3
182.067934412164	3.0	3	3
182.1680267345456	3.0	3	3
182.26811905692725	3.0	3	3
182.36821137930886	3.0	3	3
182.46830370169047	3.0	3	3
182.5683960240721	3.0	3	3
182.6684883464537	2.0	2	2
182.76858066883534	2.0	2	2
182.86867299121695	2.0	2	2
182.96876531359857	2.0	2	2
183.06885763598018	2.0	2	2
183.1689499583618	2.0	2	2
183.2690422807434	2.0	2	2
183.36913460312505	2.0	2	2
183.46922692550666	2.0	2	2
183.56931924788827	2.0	2	2
183.6694115702699	2.0	2	2
183.7695038926515	2.0	2	2
183.86959621503314	2.0	2	2
183.96968853741475	2.0	2	2
184.06978085979637	2.0	2	2
184.16987318217798	2.0	2	2
184.2699655045596	2.0	2	2
184.37005782694123	2.0	2	2
184.47015014932285	2.0	2	2
184.57024247170446	2.0	2	2
184.67033479408607	1.0	1	1
184.7704271164677	1.0	1	1
184.87051943884933	1.0	1	1
184.97061176123094	1.0	1	1
185.07070408361255	1.0	1	1
185.17079640599417	1.0	1	1
185.27088872837578	1.0	1	1
185.3709810507574	1.0	1	1
185.47107337313903	1.0	1	1
185.57116569552065	1.0	1	1
185.67125801790226	1.0	1	1
185.77135034028387	1.0	1	1
185.8714426626655	1.0	1	1
185.97153498504713	1.0	1	1
186.07162730742874	1.0	1	1
