time	diversity	m_div	M_div
0.0	10.0	10	10
0.10010415083706553	10.0	10	10
0.20020830167413106	10.0	10	10
0.3003124525111966	10.0	10	10
0.4004166033482621	10.0	10	10
0.5005207541853276	10.0	10	10
0.6006249050223932	10.0	10	10
0.7007290558594588	10.0	10	10
0.8008332066965242	10.0	10	10
0.9009373575335897	10.0	10	10
1.0010415083706552	10.0	10	10
1.101145659207721	10.0	10	10
1.2012498100447864	10.0	10	10
1.3013539608818518	10.0	10	10
1.4014581117189175	10.0	10	10
1.501562262555983	10.0	10	10
1.6016664133930485	10.0	10	10
1.701770564230114	10.0	10	10
1.8018747150671794	10.0	10	10
1.9019788659042451	10.0	10	10
2.0020830167413104	10.0	10	10
2.1021871675783763	10.0	10	10
2.202291318415442	10.0	10	10
2.3023954692525073	10.0	10	10
2.4024996200895727	10.0	10	10
2.502603770926638	10.0	10	10
2.6027079217637037	10.0	10	10
2.702812072600769	10.0	10	10
2.802916223437835	10.0	10	10
2.9030203742749006	10.0	10	10
3.003124525111966	10.0	10	10
3.1032286759490315	10.0	10	10
3.203332826786097	10.0	10	10
3.3034369776231625	10.0	10	10
3.403541128460228	10.0	10	10
3.5036452792972934	10.0	10	10
3.603749430134359	10.0	10	10
3.703853580971425	10.0	10	10
3.8039577318084903	10.0	10	10
3.9040618826455558	10.0	10	10
4.004166033482621	10.0	10	10
4.104270184319687	10.0	10	10
4.204374335156753	10.0	10	10
4.304478485993818	10.0	10	10
4.404582636830884	10.0	10	10
4.504686787667949	10.0	10	10
4.6047909385050145	10.0	10	10
4.70489508934208	10.0	10	10
4.8049992401791455	10.0	10	10
4.905103391016211	10.0	10	10
5.005207541853276	10.0	10	10
5.105311692690342	10.0	10	10
5.205415843527407	10.0	10	10
5.305519994364473	10.0	10	10
5.405624145201538	10.0	10	10
5.505728296038604	10.0	10	10
5.60583244687567	10.0	10	10
5.705936597712736	10.0	10	10
5.806040748549801	10.0	10	10
5.906144899386867	10.0	10	10
6.006249050223932	10.0	10	10
6.1063532010609975	10.0	10	10
6.206457351898063	10.0	10	10
6.3065615027351285	10.0	10	10
6.406665653572194	10.0	10	10
6.5067698044092595	10.0	10	10
6.606873955246325	10.0	10	10
6.70697810608339	10.0	10	10
6.807082256920456	10.0	10	10
6.907186407757521	10.0	10	10
7.007290558594587	10.0	10	10
7.107394709431652	10.0	10	10
7.207498860268718	10.0	10	10
7.307603011105784	10.0	10	10
7.40770716194285	10.0	10	10
7.507811312779915	10.0	10	10
7.607915463616981	10.0	10	10
7.708019614454046	10.0	10	10
7.8081237652911115	10.0	10	10
7.908227916128177	10.0	10	10
8.008332066965242	10.0	10	10
8.108436217802309	10.0	10	10
8.208540368639374	10.0	10	10
8.30864451947644	10.0	10	10
8.408748670313505	10.0	10	10
8.50885282115057	10.0	10	10
8.608956971987636	10.0	10	10
8.709061122824702	10.0	10	10
8.809165273661767	10.0	10	10
8.909269424498833	10.0	10	10
9.009373575335898	10.0	10	10
9.109477726172964	10.0	10	10
9.209581877010029	10.0	10	10
9.309686027847095	10.0	10	10
9.40979017868416	10.0	10	10
9.509894329521225	10.0	10	10
9.609998480358291	10.0	10	10
9.710102631195356	10.0	10	10
9.810206782032422	10.0	10	10
9.910310932869487	10.0	10	10
10.010415083706553	10.0	10	10
10.110519234543618	10.0	10	10
10.210623385380684	10.0	10	10
10.31072753621775	10.0	10	10
10.410831687054815	10.0	10	10
10.51093583789188	10.0	10	10
10.611039988728946	10.0	10	10
10.711144139566011	10.0	10	10
10.811248290403077	10.0	10	10
10.911352441240142	10.0	10	10
11.011456592077208	10.0	10	10
11.111560742914273	10.0	10	10
11.21166489375134	10.0	10	10
11.311769044588406	10.0	10	10
11.411873195425471	10.0	10	10
11.511977346262537	10.0	10	10
11.612081497099602	10.0	10	10
11.712185647936668	10.0	10	10
11.812289798773733	10.0	10	10
11.912393949610799	10.0	10	10
12.012498100447864	10.0	10	10
12.11260225128493	10.0	10	10
12.212706402121995	10.0	10	10
12.31281055295906	10.0	10	10
12.412914703796126	10.0	10	10
12.513018854633192	10.0	10	10
12.613123005470257	10.0	10	10
12.713227156307322	10.0	10	10
12.813331307144388	10.0	10	10
12.913435457981453	10.0	10	10
13.013539608818519	10.0	10	10
13.113643759655584	10.0	10	10
13.21374791049265	10.0	10	10
13.313852061329715	10.0	10	10
13.41395621216678	10.0	10	10
13.514060363003846	10.0	10	10
13.614164513840912	10.0	10	10
13.714268664677977	10.0	10	10
13.814372815515043	10.0	10	10
13.914476966352108	10.0	10	10
14.014581117189174	10.0	10	10
14.11468526802624	10.0	10	10
14.214789418863305	10.0	10	10
14.31489356970037	10.0	10	10
14.414997720537436	10.0	10	10
14.515101871374503	10.0	10	10
14.615206022211568	10.0	10	10
14.715310173048634	10.0	10	10
14.8154143238857	10.0	10	10
14.915518474722765	10.0	10	10
15.01562262555983	10.0	10	10
15.115726776396896	10.0	10	10
15.215830927233961	10.0	10	10
15.315935078071027	10.0	10	10
15.416039228908092	10.0	10	10
15.516143379745158	10.0	10	10
15.616247530582223	10.0	10	10
15.716351681419289	10.0	10	10
15.816455832256354	10.0	10	10
15.91655998309342	10.0	10	10
16.016664133930483	10.0	10	10
16.116768284767552	10.0	10	10
16.216872435604618	10.0	10	10
16.316976586441683	10.0	10	10
16.41708073727875	10.0	10	10
16.517184888115814	10.0	10	10
16.61728903895288	10.0	10	10
16.717393189789945	10.0	10	10
16.81749734062701	10.0	10	10
16.917601491464076	10.0	10	10
17.01770564230114	10.0	10	10
17.117809793138207	10.0	10	10
17.217913943975272	10.0	10	10
17.318018094812338	10.0	10	10
17.418122245649403	10.0	10	10
17.51822639648647	10.0	10	10
17.618330547323534	10.0	10	10
17.7184346981606	10.0	10	10
17.818538848997665	10.0	10	10
17.91864299983473	10.0	10	10
18.018747150671796	10.0	10	10
18.11885130150886	10.0	10	10
18.218955452345927	10.0	10	10
18.319059603182993	10.0	10	10
18.419163754020058	10.0	10	10
18.519267904857124	10.0	10	10
18.61937205569419	10.0	10	10
18.719476206531255	10.0	10	10
18.81958035736832	10.0	10	10
18.919684508205385	10.0	10	10
19.01978865904245	10.0	10	10
19.119892809879516	10.0	10	10
19.219996960716582	10.0	10	10
19.320101111553647	10.0	10	10
19.420205262390713	10.0	10	10
19.52030941322778	10.0	10	10
19.620413564064844	10.0	10	10
19.72051771490191	10.0	10	10
19.820621865738975	10.0	10	10
19.92072601657604	10.0	10	10
20.020830167413106	11.0	11	11
20.12093431825017	11.0	11	11
20.221038469087237	11.0	11	11
20.321142619924302	11.0	11	11
20.421246770761368	11.0	11	11
20.521350921598433	11.0	11	11
20.6214550724355	11.0	11	11
20.721559223272564	11.0	11	11
20.82166337410963	11.0	11	11
20.921767524946695	11.0	11	11
21.02187167578376	11.0	11	11
21.121975826620826	11.0	11	11
21.22207997745789	11.0	11	11
21.322184128294957	11.0	11	11
21.422288279132022	11.0	11	11
21.522392429969088	11.0	11	11
21.622496580806153	11.0	11	11
21.72260073164322	11.0	11	11
21.822704882480284	11.0	11	11
21.92280903331735	11.0	11	11
22.022913184154415	11.0	11	11
22.12301733499148	11.0	11	11
22.223121485828546	11.0	11	11
22.32322563666561	11.0	11	11
22.42332978750268	11.0	11	11
22.523433938339746	11.0	11	11
22.62353808917681	11.0	11	11
22.723642240013877	11.0	11	11
22.823746390850943	11.0	11	11
22.923850541688008	11.0	11	11
23.023954692525074	11.0	11	11
23.12405884336214	11.0	11	11
23.224162994199204	11.0	11	11
23.32426714503627	11.0	11	11
23.424371295873335	11.0	11	11
23.5244754467104	11.0	11	11
23.624579597547466	11.0	11	11
23.724683748384532	11.0	11	11
23.824787899221597	11.0	11	11
23.924892050058663	11.0	11	11
24.02499620089573	11.0	11	11
24.125100351732794	11.0	11	11
24.22520450256986	11.0	11	11
24.325308653406925	11.0	11	11
24.42541280424399	11.0	11	11
24.525516955081056	11.0	11	11
24.62562110591812	11.0	11	11
24.725725256755187	11.0	11	11
24.825829407592252	11.0	11	11
24.925933558429318	11.0	11	11
25.026037709266383	11.0	11	11
25.12614186010345	11.0	11	11
25.226246010940514	11.0	11	11
25.32635016177758	11.0	11	11
25.426454312614645	11.0	11	11
25.52655846345171	11.0	11	11
25.626662614288776	11.0	11	11
25.72676676512584	11.0	11	11
25.826870915962907	11.0	11	11
25.926975066799972	11.0	11	11
26.027079217637038	11.0	11	11
26.127183368474103	11.0	11	11
26.22728751931117	11.0	11	11
26.327391670148234	11.0	11	11
26.4274958209853	11.0	11	11
26.527599971822365	11.0	11	11
26.62770412265943	11.0	11	11
26.727808273496496	11.0	11	11
26.82791242433356	11.0	11	11
26.928016575170627	11.0	11	11
27.028120726007693	11.0	11	11
27.128224876844758	11.0	11	11
27.228329027681824	11.0	11	11
27.32843317851889	11.0	11	11
27.428537329355954	11.0	11	11
27.52864148019302	11.0	11	11
27.628745631030085	11.0	11	11
27.72884978186715	11.0	11	11
27.828953932704216	11.0	11	11
27.929058083541282	11.0	11	11
28.029162234378347	11.0	11	11
28.129266385215413	11.0	11	11
28.22937053605248	11.0	11	11
28.329474686889544	11.0	11	11
28.42957883772661	11.0	11	11
28.529682988563675	11.0	11	11
28.62978713940074	11.0	11	11
28.729891290237806	11.0	11	11
28.82999544107487	11.0	11	11
28.93009959191194	11.0	11	11
29.030203742749006	11.0	11	11
29.13030789358607	10.0	10	10
29.230412044423137	10.0	10	10
29.330516195260202	10.0	10	10
29.430620346097268	10.0	10	10
29.530724496934333	10.0	10	10
29.6308286477714	10.0	10	10
29.730932798608464	10.0	10	10
29.83103694944553	10.0	10	10
29.931141100282595	10.0	10	10
30.03124525111966	10.0	10	10
30.131349401956726	10.0	10	10
30.23145355279379	10.0	10	10
30.331557703630857	10.0	10	10
30.431661854467922	10.0	10	10
30.531766005304988	10.0	10	10
30.631870156142053	10.0	10	10
30.73197430697912	10.0	10	10
30.832078457816184	10.0	10	10
30.93218260865325	10.0	10	10
31.032286759490315	10.0	10	10
31.13239091032738	10.0	10	10
31.232495061164446	10.0	10	10
31.33259921200151	10.0	10	10
31.432703362838577	10.0	10	10
31.532807513675642	10.0	10	10
31.632911664512708	10.0	10	10
31.733015815349773	10.0	10	10
31.83311996618684	11.0	11	11
31.933224117023904	11.0	11	11
32.033328267860966	11.0	11	11
32.133432418698035	11.0	11	11
32.233536569535104	11.0	11	11
32.333640720372166	11.0	11	11
32.433744871209235	11.0	11	11
32.5338490220463	11.0	11	11
32.633953172883366	11.0	11	11
32.73405732372043	11.0	11	11
32.8341614745575	11.0	11	11
32.93426562539456	11.0	11	11
33.03436977623163	11.0	11	11
33.13447392706869	11.0	11	11
33.23457807790576	11.0	11	11
33.33468222874282	11.0	11	11
33.43478637957989	11.0	11	11
33.53489053041695	11.0	11	11
33.63499468125402	11.0	11	11
33.73509883209108	11.0	11	11
33.83520298292815	11.0	11	11
33.935307133765214	11.0	11	11
34.03541128460228	11.0	11	11
34.135515435439345	11.0	11	11
34.235619586276414	11.0	11	11
34.335723737113476	11.0	11	11
34.435827887950545	11.0	11	11
34.53593203878761	11.0	11	11
34.636036189624676	11.0	11	11
34.73614034046174	11.0	11	11
34.83624449129881	11.0	11	11
34.93634864213587	11.0	11	11
35.03645279297294	11.0	11	11
35.13655694381	11.0	11	11
35.23666109464707	11.0	11	11
35.33676524548413	11.0	11	11
35.4368693963212	11.0	11	11
35.53697354715826	11.0	11	11
35.63707769799533	12.0	12	12
35.73718184883239	12.0	12	12
35.83728599966946	12.0	12	12
35.93739015050652	12.0	12	12
36.03749430134359	13.0	13	13
36.137598452180654	13.0	13	13
36.23770260301772	13.0	13	13
36.337806753854785	14.0	14	14
36.437910904691854	14.0	14	14
36.538015055528916	14.0	14	14
36.638119206365985	14.0	14	14
36.73822335720305	14.0	14	14
36.838327508040116	14.0	14	14
36.93843165887718	14.0	14	14
37.03853580971425	14.0	14	14
37.13863996055131	15.0	15	15
37.23874411138838	15.0	15	15
37.33884826222544	15.0	15	15
37.43895241306251	15.0	15	15
37.53905656389957	15.0	15	15
37.63916071473664	15.0	15	15
37.7392648655737	15.0	15	15
37.83936901641077	15.0	15	15
37.93947316724783	15.0	15	15
38.0395773180849	15.0	15	15
38.139681468921964	15.0	15	15
38.23978561975903	15.0	15	15
38.339889770596095	15.0	15	15
38.439993921433164	15.0	15	15
38.54009807227023	15.0	15	15
38.640202223107295	15.0	15	15
38.740306373944364	15.0	15	15
38.840410524781426	15.0	15	15
38.940514675618495	15.0	15	15
39.04061882645556	15.0	15	15
39.140722977292626	15.0	15	15
39.24082712812969	15.0	15	15
39.34093127896676	15.0	15	15
39.44103542980382	15.0	15	15
39.54113958064089	15.0	15	15
39.64124373147795	15.0	15	15
39.74134788231502	15.0	15	15
39.84145203315208	15.0	15	15
39.94155618398915	15.0	15	15
40.04166033482621	15.0	15	15
40.14176448566328	15.0	15	15
40.24186863650034	15.0	15	15
40.34197278733741	15.0	15	15
40.44207693817447	15.0	15	15
40.54218108901154	15.0	15	15
40.642285239848604	15.0	15	15
40.74238939068567	15.0	15	15
40.842493541522735	15.0	15	15
40.942597692359804	15.0	15	15
41.042701843196866	15.0	15	15
41.142805994033935	15.0	15	15
41.242910144871	15.0	15	15
41.343014295708066	15.0	15	15
41.44311844654513	15.0	15	15
41.5432225973822	15.0	15	15
41.64332674821926	15.0	15	15
41.74343089905633	15.0	15	15
41.84353504989339	15.0	15	15
41.94363920073046	15.0	15	15
42.04374335156752	15.0	15	15
42.14384750240459	16.0	16	16
42.24395165324165	16.0	16	16
42.34405580407872	16.0	16	16
42.44415995491578	17.0	17	17
42.54426410575285	17.0	17	17
42.644368256589914	17.0	17	17
42.74447240742698	17.0	17	17
42.844576558264045	17.0	17	17
42.944680709101114	17.0	17	17
43.044784859938176	17.0	17	17
43.144889010775245	17.0	17	17
43.24499316161231	17.0	17	17
43.345097312449376	17.0	17	17
43.44520146328644	17.0	17	17
43.54530561412351	17.0	17	17
43.64540976496057	17.0	17	17
43.74551391579764	17.0	17	17
43.8456180666347	17.0	17	17
43.94572221747177	17.0	17	17
44.04582636830883	17.0	17	17
44.1459305191459	17.0	17	17
44.24603466998296	17.0	17	17
44.34613882082003	17.0	17	17
44.44624297165709	17.0	17	17
44.54634712249416	17.0	17	17
44.64645127333122	17.0	17	17
44.74655542416829	17.0	17	17
44.84665957500536	17.0	17	17
44.94676372584242	17.0	17	17
45.04686787667949	17.0	17	17
45.146972027516554	17.0	17	17
45.24707617835362	17.0	17	17
45.347180329190685	17.0	17	17
45.447284480027754	17.0	17	17
45.547388630864816	17.0	17	17
45.647492781701885	17.0	17	17
45.74759693253895	17.0	17	17
45.847701083376016	17.0	17	17
45.94780523421308	17.0	17	17
46.04790938505015	17.0	17	17
46.14801353588721	17.0	17	17
46.24811768672428	17.0	17	17
46.34822183756134	17.0	17	17
46.44832598839841	17.0	17	17
46.54843013923547	17.0	17	17
46.64853429007254	17.0	17	17
46.7486384409096	17.0	17	17
46.84874259174667	17.0	17	17
46.94884674258373	17.0	17	17
47.0489508934208	17.0	17	17
47.149055044257864	16.0	16	16
47.24915919509493	16.0	16	16
47.349263345931995	16.0	16	16
47.449367496769064	16.0	16	16
47.549471647606126	16.0	16	16
47.649575798443195	16.0	16	16
47.74967994928026	16.0	16	16
47.849784100117326	16.0	16	16
47.94988825095439	16.0	16	16
48.04999240179146	16.0	16	16
48.15009655262852	16.0	16	16
48.25020070346559	16.0	16	16
48.35030485430265	16.0	16	16
48.45040900513972	16.0	16	16
48.55051315597678	16.0	16	16
48.65061730681385	16.0	16	16
48.75072145765091	16.0	16	16
48.85082560848798	16.0	16	16
48.95092975932504	16.0	16	16
49.05103391016211	17.0	17	17
49.15113806099917	17.0	17	17
49.25124221183624	17.0	17	17
49.351346362673304	17.0	17	17
49.45145051351037	16.0	16	16
49.551554664347435	16.0	16	16
49.651658815184504	16.0	16	16
49.751762966021566	16.0	16	16
49.851867116858635	16.0	16	16
49.9519712676957	16.0	16	16
50.052075418532766	16.0	16	16
50.15217956936983	16.0	16	16
50.2522837202069	16.0	16	16
50.35238787104396	16.0	16	16
50.45249202188103	16.0	16	16
50.55259617271809	16.0	16	16
50.65270032355516	16.0	16	16
50.75280447439222	16.0	16	16
50.85290862522929	16.0	16	16
50.95301277606635	16.0	16	16
51.05311692690342	16.0	16	16
51.15322107774048	16.0	16	16
51.25332522857755	16.0	16	16
51.35342937941462	16.0	16	16
51.45353353025168	16.0	16	16
51.55363768108875	16.0	16	16
51.653741831925814	16.0	16	16
51.75384598276288	16.0	16	16
51.853950133599945	16.0	16	16
51.954054284437014	16.0	16	16
52.054158435274076	16.0	16	16
52.154262586111145	16.0	16	16
52.25436673694821	16.0	16	16
52.354470887785276	16.0	16	16
52.45457503862234	16.0	16	16
52.55467918945941	16.0	16	16
52.65478334029647	16.0	16	16
52.75488749113354	17.0	17	17
52.8549916419706	17.0	17	17
52.95509579280767	17.0	17	17
53.05519994364473	16.0	16	16
53.1553040944818	16.0	16	16
53.25540824531886	16.0	16	16
53.35551239615593	16.0	16	16
53.45561654699299	16.0	16	16
53.55572069783006	16.0	16	16
53.65582484866712	16.0	16	16
53.75592899950419	16.0	16	16
53.856033150341254	16.0	16	16
53.95613730117832	16.0	16	16
54.056241452015385	16.0	16	16
54.156345602852454	16.0	16	16
54.256449753689516	16.0	16	16
54.356553904526585	16.0	16	16
54.45665805536365	16.0	16	16
54.556762206200716	17.0	17	17
54.65686635703778	17.0	17	17
54.75697050787485	17.0	17	17
54.85707465871191	17.0	17	17
54.95717880954898	17.0	17	17
55.05728296038604	17.0	17	17
55.15738711122311	17.0	17	17
55.25749126206017	17.0	17	17
55.35759541289724	17.0	17	17
55.4576995637343	17.0	17	17
55.55780371457137	16.0	16	16
55.65790786540843	16.0	16	16
55.7580120162455	16.0	16	16
55.858116167082564	16.0	16	16
55.95822031791963	16.0	16	16
56.058324468756695	16.0	16	16
56.158428619593764	16.0	16	16
56.258532770430826	16.0	16	16
56.358636921267895	16.0	16	16
56.45874107210496	16.0	16	16
56.558845222942026	15.0	15	15
56.65894937377909	14.0	14	14
56.75905352461616	14.0	14	14
56.85915767545322	14.0	14	14
56.95926182629029	14.0	14	14
57.05936597712735	14.0	14	14
57.15947012796442	14.0	14	14
57.25957427880148	14.0	14	14
57.35967842963855	14.0	14	14
57.45978258047561	14.0	14	14
57.55988673131268	14.0	14	14
57.65999088214974	14.0	14	14
57.76009503298681	14.0	14	14
57.86019918382388	14.0	14	14
57.96030333466094	14.0	14	14
58.06040748549801	14.0	14	14
58.16051163633507	14.0	14	14
58.26061578717214	14.0	14	14
58.360719938009204	14.0	14	14
58.46082408884627	14.0	14	14
58.560928239683335	13.0	13	13
58.661032390520404	13.0	13	13
58.761136541357466	13.0	13	13
58.861240692194535	13.0	13	13
58.9613448430316	13.0	13	13
59.061448993868666	13.0	13	13
59.16155314470573	12.0	12	12
59.2616572955428	12.0	12	12
59.36176144637986	12.0	12	12
59.46186559721693	12.0	12	12
59.56196974805399	12.0	12	12
59.66207389889106	12.0	12	12
59.76217804972812	12.0	12	12
59.86228220056519	12.0	12	12
59.96238635140225	12.0	12	12
60.06249050223932	12.0	12	12
60.16259465307638	12.0	12	12
60.26269880391345	12.0	12	12
60.362802954750514	12.0	12	12
60.46290710558758	12.0	12	12
60.563011256424645	12.0	12	12
60.663115407261714	11.0	11	11
60.763219558098776	10.0	10	10
60.863323708935845	10.0	10	10
60.96342785977291	10.0	10	10
61.063532010609975	10.0	10	10
61.16363616144704	10.0	10	10
61.263740312284106	10.0	10	10
61.36384446312117	10.0	10	10
61.46394861395824	10.0	10	10
61.5640527647953	10.0	10	10
61.66415691563237	10.0	10	10
61.76426106646943	10.0	10	10
61.8643652173065	10.0	10	10
61.96446936814356	10.0	10	10
62.06457351898063	10.0	10	10
62.16467766981769	10.0	10	10
62.26478182065476	10.0	10	10
62.36488597149182	10.0	10	10
62.46499012232889	10.0	10	10
62.565094273165954	10.0	10	10
62.66519842400302	10.0	10	10
62.765302574840085	10.0	10	10
62.865406725677154	10.0	10	10
62.965510876514216	10.0	10	10
63.065615027351285	10.0	10	10
63.16571917818835	10.0	10	10
63.265823329025416	10.0	10	10
63.36592747986248	10.0	10	10
63.46603163069955	10.0	10	10
63.56613578153661	10.0	10	10
63.66623993237368	10.0	10	10
63.76634408321074	10.0	10	10
63.86644823404781	10.0	10	10
63.96655238488487	10.0	10	10
64.06665653572193	10.0	10	10
64.166760686559	10.0	10	10
64.26686483739607	10.0	10	10
64.36696898823314	10.0	10	10
64.46707313907021	10.0	10	10
64.56717728990726	10.0	10	10
64.66728144074433	10.0	10	10
64.7673855915814	10.0	10	10
64.86748974241847	10.0	10	10
64.96759389325553	11.0	11	11
65.0676980440926	11.0	11	11
65.16780219492966	11.0	11	11
65.26790634576673	11.0	11	11
65.36801049660379	10.0	10	10
65.46811464744086	10.0	10	10
65.56821879827793	10.0	10	10
65.668322949115	12.0	12	12
65.76842709995205	12.0	12	12
65.86853125078912	12.0	12	12
65.96863540162619	12.0	12	12
66.06873955246326	12.0	12	12
66.16884370330031	13.0	13	13
66.26894785413738	13.0	13	13
66.36905200497445	14.0	14	14
66.46915615581152	15.0	15	15
66.56926030664857	15.0	15	15
66.66936445748564	14.0	14	14
66.76946860832271	14.0	14	14
66.86957275915978	14.0	14	14
66.96967690999683	14.0	14	14
67.0697810608339	14.0	14	14
67.16988521167097	14.0	14	14
67.26998936250804	14.0	14	14
67.3700935133451	14.0	14	14
67.47019766418217	14.0	14	14
67.57030181501923	14.0	14	14
67.6704059658563	14.0	14	14
67.77051011669336	14.0	14	14
67.87061426753043	13.0	13	13
67.9707184183675	13.0	13	13
68.07082256920457	12.0	12	12
68.17092672004162	12.0	12	12
68.27103087087869	12.0	12	12
68.37113502171576	12.0	12	12
68.47123917255283	12.0	12	12
68.57134332338988	12.0	12	12
68.67144747422695	12.0	12	12
68.77155162506402	12.0	12	12
68.87165577590109	11.0	11	11
68.97175992673814	11.0	11	11
69.07186407757521	11.0	11	11
69.17196822841228	11.0	11	11
69.27207237924935	11.0	11	11
69.3721765300864	11.0	11	11
69.47228068092348	11.0	11	11
69.57238483176054	11.0	11	11
69.67248898259761	11.0	11	11
69.77259313343467	11.0	11	11
69.87269728427174	11.0	11	11
69.9728014351088	11.0	11	11
70.07290558594588	11.0	11	11
70.17300973678293	11.0	11	11
70.27311388762	11.0	11	11
70.37321803845707	11.0	11	11
70.47332218929414	11.0	11	11
70.5734263401312	11.0	11	11
70.67353049096826	11.0	11	11
70.77363464180533	11.0	11	11
70.8737387926424	11.0	11	11
70.97384294347947	11.0	11	11
71.07394709431652	11.0	11	11
71.17405124515359	11.0	11	11
71.27415539599066	11.0	11	11
71.37425954682773	11.0	11	11
71.47436369766478	11.0	11	11
71.57446784850185	11.0	11	11
71.67457199933892	12.0	12	12
71.77467615017599	12.0	12	12
71.87478030101305	12.0	12	12
71.97488445185012	12.0	12	12
72.07498860268718	12.0	12	12
72.17509275352425	12.0	12	12
72.27519690436131	12.0	12	12
72.37530105519838	12.0	12	12
72.47540520603545	12.0	12	12
72.57550935687252	12.0	12	12
72.67561350770957	12.0	12	12
72.77571765854664	12.0	12	12
72.87582180938371	12.0	12	12
72.97592596022078	12.0	12	12
73.07603011105783	12.0	12	12
73.1761342618949	12.0	12	12
73.27623841273197	12.0	12	12
73.37634256356904	12.0	12	12
73.4764467144061	12.0	12	12
73.57655086524316	12.0	12	12
73.67665501608023	12.0	12	12
73.7767591669173	12.0	12	12
73.87686331775436	12.0	12	12
73.97696746859143	12.0	12	12
74.0770716194285	12.0	12	12
74.17717577026556	12.0	12	12
74.27727992110262	12.0	12	12
74.37738407193969	12.0	12	12
74.47748822277676	12.0	12	12
74.57759237361383	12.0	12	12
74.67769652445088	12.0	12	12
74.77780067528795	12.0	12	12
74.87790482612502	12.0	12	12
74.97800897696209	12.0	12	12
75.07811312779914	12.0	12	12
75.17821727863621	12.0	12	12
75.27832142947328	12.0	12	12
75.37842558031035	12.0	12	12
75.4785297311474	12.0	12	12
75.57863388198447	12.0	12	12
75.67873803282154	12.0	12	12
75.77884218365861	12.0	12	12
75.87894633449567	12.0	12	12
75.97905048533273	12.0	12	12
76.0791546361698	12.0	12	12
76.17925878700687	12.0	12	12
76.27936293784393	12.0	12	12
76.379467088681	12.0	12	12
76.47957123951807	12.0	12	12
76.57967539035513	12.0	12	12
76.67977954119219	12.0	12	12
76.77988369202926	12.0	12	12
76.87998784286633	12.0	12	12
76.9800919937034	12.0	12	12
77.08019614454047	12.0	12	12
77.18030029537752	13.0	13	13
77.28040444621459	13.0	13	13
77.38050859705166	13.0	13	13
77.48061274788873	13.0	13	13
77.58071689872578	13.0	13	13
77.68082104956285	13.0	13	13
77.78092520039992	13.0	13	13
77.88102935123699	13.0	13	13
77.98113350207404	13.0	13	13
78.08123765291111	13.0	13	13
78.18134180374818	13.0	13	13
78.28144595458525	13.0	13	13
78.3815501054223	13.0	13	13
78.48165425625938	13.0	13	13
78.58175840709644	13.0	13	13
78.68186255793351	13.0	13	13
78.78196670877057	12.0	12	12
78.88207085960764	12.0	12	12
78.9821750104447	12.0	12	12
79.08227916128178	12.0	12	12
79.18238331211883	12.0	12	12
79.2824874629559	12.0	12	12
79.38259161379297	12.0	12	12
79.48269576463004	13.0	13	13
79.58279991546709	13.0	13	13
79.68290406630416	13.0	13	13
79.78300821714123	13.0	13	13
79.8831123679783	13.0	13	13
79.98321651881535	13.0	13	13
80.08332066965242	13.0	13	13
80.18342482048949	12.0	12	12
80.28352897132656	12.0	12	12
80.38363312216362	12.0	12	12
80.48373727300068	12.0	12	12
80.58384142383775	12.0	12	12
80.68394557467482	12.0	12	12
80.78404972551188	12.0	12	12
80.88415387634895	12.0	12	12
80.98425802718602	12.0	12	12
81.08436217802308	12.0	12	12
81.18446632886014	12.0	12	12
81.28457047969721	12.0	12	12
81.38467463053428	12.0	12	12
81.48477878137135	12.0	12	12
81.5848829322084	12.0	12	12
81.68498708304547	12.0	12	12
81.78509123388254	12.0	12	12
81.88519538471961	12.0	12	12
81.98529953555666	12.0	12	12
82.08540368639373	12.0	12	12
82.1855078372308	12.0	12	12
82.28561198806787	12.0	12	12
82.38571613890493	12.0	12	12
82.485820289742	12.0	12	12
82.58592444057906	12.0	12	12
82.68602859141613	12.0	12	12
82.78613274225319	12.0	12	12
82.88623689309026	12.0	12	12
82.98634104392733	12.0	12	12
83.0864451947644	12.0	12	12
83.18654934560145	12.0	12	12
83.28665349643852	12.0	12	12
83.38675764727559	11.0	11	11
83.48686179811266	11.0	11	11
83.58696594894973	11.0	11	11
83.68707009978678	11.0	11	11
83.78717425062385	11.0	11	11
83.88727840146092	11.0	11	11
83.98738255229799	11.0	11	11
84.08748670313504	11.0	11	11
84.18759085397211	11.0	11	11
84.28769500480918	11.0	11	11
84.38779915564625	11.0	11	11
84.4879033064833	11.0	11	11
84.58800745732037	11.0	11	11
84.68811160815744	11.0	11	11
84.78821575899451	11.0	11	11
84.88831990983157	11.0	11	11
84.98842406066863	11.0	11	11
85.0885282115057	11.0	11	11
85.18863236234277	11.0	11	11
85.28873651317983	10.0	10	10
85.3888406640169	10.0	10	10
85.48894481485397	10.0	10	10
85.58904896569103	10.0	10	10
85.68915311652809	10.0	10	10
85.78925726736516	10.0	10	10
85.88936141820223	10.0	10	10
85.9894655690393	10.0	10	10
86.08956971987635	10.0	10	10
86.18967387071342	10.0	10	10
86.28977802155049	10.0	10	10
86.38988217238756	10.0	10	10
86.48998632322461	10.0	10	10
86.59009047406168	10.0	10	10
86.69019462489875	10.0	10	10
86.79029877573582	10.0	10	10
86.89040292657288	10.0	10	10
86.99050707740994	10.0	10	10
87.09061122824701	10.0	10	10
87.19071537908408	10.0	10	10
87.29081952992114	10.0	10	10
87.3909236807582	10.0	10	10
87.49102783159528	10.0	10	10
87.59113198243234	10.0	10	10
87.6912361332694	10.0	10	10
87.79134028410647	10.0	10	10
87.89144443494354	10.0	10	10
87.9915485857806	10.0	10	10
88.09165273661766	10.0	10	10
88.19175688745473	10.0	10	10
88.2918610382918	10.0	10	10
88.39196518912887	10.0	10	10
88.49206933996592	10.0	10	10
88.59217349080299	10.0	10	10
88.69227764164006	10.0	10	10
88.79238179247713	10.0	10	10
88.89248594331418	10.0	10	10
88.99259009415125	10.0	10	10
89.09269424498832	10.0	10	10
89.19279839582539	9.0	9	9
89.29290254666245	9.0	9	9
89.39300669749952	9.0	9	9
89.49311084833658	9.0	9	9
89.59321499917365	9.0	9	9
89.69331915001072	9.0	9	9
89.79342330084778	9.0	9	9
89.89352745168485	9.0	9	9
89.99363160252192	9.0	9	9
90.09373575335898	9.0	9	9
90.19383990419604	9.0	9	9
90.29394405503311	9.0	9	9
90.39404820587018	9.0	9	9
90.49415235670725	9.0	9	9
90.5942565075443	9.0	9	9
90.69436065838137	9.0	9	9
90.79446480921844	9.0	9	9
90.89456896005551	9.0	9	9
90.99467311089256	9.0	9	9
91.09477726172963	9.0	9	9
91.1948814125667	9.0	9	9
91.29498556340377	9.0	9	9
91.39508971424083	9.0	9	9
91.4951938650779	9.0	9	9
91.59529801591496	9.0	9	9
91.69540216675203	9.0	9	9
91.79550631758909	9.0	9	9
91.89561046842616	9.0	9	9
91.99571461926323	9.0	9	9
92.0958187701003	9.0	9	9
92.19592292093735	9.0	9	9
92.29602707177442	9.0	9	9
92.39613122261149	9.0	9	9
92.49623537344856	9.0	9	9
92.59633952428561	9.0	9	9
92.69644367512268	9.0	9	9
92.79654782595975	9.0	9	9
92.89665197679682	9.0	9	9
92.99675612763387	9.0	9	9
93.09686027847094	9.0	9	9
93.19696442930801	9.0	9	9
93.29706858014508	9.0	9	9
93.39717273098213	9.0	9	9
93.4972768818192	9.0	9	9
93.59738103265627	9.0	9	9
93.69748518349334	9.0	9	9
93.7975893343304	9.0	9	9
93.89769348516747	10.0	10	10
93.99779763600453	10.0	10	10
94.0979017868416	10.0	10	10
94.19800593767866	10.0	10	10
94.29811008851573	10.0	10	10
94.3982142393528	10.0	10	10
94.49831839018987	10.0	10	10
94.59842254102692	10.0	10	10
94.69852669186399	10.0	10	10
94.79863084270106	10.0	10	10
94.89873499353813	10.0	10	10
94.99883914437518	10.0	10	10
95.09894329521225	10.0	10	10
95.19904744604932	10.0	10	10
95.29915159688639	10.0	10	10
95.39925574772344	10.0	10	10
95.49935989856051	10.0	10	10
95.59946404939758	10.0	10	10
95.69956820023465	10.0	10	10
95.7996723510717	10.0	10	10
95.89977650190878	11.0	11	11
95.99988065274584	11.0	11	11
96.09998480358291	11.0	11	11
96.20008895441998	11.0	11	11
96.30019310525704	11.0	11	11
96.4002972560941	11.0	11	11
96.50040140693118	11.0	11	11
96.60050555776824	11.0	11	11
96.7006097086053	11.0	11	11
96.80071385944237	11.0	11	11
96.90081801027944	11.0	11	11
97.0009221611165	11.0	11	11
97.10102631195356	11.0	11	11
97.20113046279063	11.0	11	11
97.3012346136277	11.0	11	11
97.40133876446477	11.0	11	11
97.50144291530182	11.0	11	11
97.60154706613889	11.0	11	11
97.70165121697596	11.0	11	11
97.80175536781303	11.0	11	11
97.90185951865008	11.0	11	11
98.00196366948715	12.0	12	12
98.10206782032422	12.0	12	12
98.20217197116129	12.0	12	12
98.30227612199835	12.0	12	12
98.40238027283542	12.0	12	12
98.50248442367248	12.0	12	12
98.60258857450955	12.0	12	12
98.70269272534661	12.0	12	12
98.80279687618368	12.0	12	12
98.90290102702075	12.0	12	12
99.00300517785782	12.0	12	12
99.10310932869487	12.0	12	12
99.20321347953194	12.0	12	12
99.30331763036901	12.0	12	12
99.40342178120608	12.0	12	12
99.50352593204313	12.0	12	12
99.6036300828802	12.0	12	12
99.70373423371727	12.0	12	12
99.80383838455434	12.0	12	12
99.9039425353914	12.0	12	12
100.00404668622846	12.0	12	12
100.10415083706553	12.0	12	12
100.2042549879026	12.0	12	12
100.30435913873966	12.0	12	12
100.40446328957673	12.0	12	12
100.5045674404138	12.0	12	12
100.60467159125086	12.0	12	12
100.70477574208792	12.0	12	12
100.80487989292499	12.0	12	12
100.90498404376206	12.0	12	12
101.00508819459913	12.0	12	12
101.10519234543618	12.0	12	12
101.20529649627325	12.0	12	12
101.30540064711032	12.0	12	12
101.40550479794739	12.0	12	12
101.50560894878444	12.0	12	12
101.60571309962151	11.0	11	11
101.70581725045858	11.0	11	11
101.80592140129565	11.0	11	11
101.9060255521327	11.0	11	11
102.00612970296977	11.0	11	11
102.10623385380684	11.0	11	11
102.20633800464391	11.0	11	11
102.30644215548097	11.0	11	11
102.40654630631803	11.0	11	11
102.5066504571551	11.0	11	11
102.60675460799217	11.0	11	11
102.70685875882924	11.0	11	11
102.8069629096663	11.0	11	11
102.90706706050337	11.0	11	11
103.00717121134043	11.0	11	11
103.1072753621775	11.0	11	11
103.20737951301456	11.0	11	11
103.30748366385163	11.0	11	11
103.4075878146887	11.0	11	11
103.50769196552577	11.0	11	11
103.60779611636282	11.0	11	11
103.70790026719989	11.0	11	11
103.80800441803696	11.0	11	11
103.90810856887403	11.0	11	11
104.00821271971108	11.0	11	11
104.10831687054815	11.0	11	11
104.20842102138522	11.0	11	11
104.30852517222229	11.0	11	11
104.40862932305934	11.0	11	11
104.50873347389641	11.0	11	11
104.60883762473348	11.0	11	11
104.70894177557055	11.0	11	11
104.8090459264076	11.0	11	11
104.90915007724468	11.0	11	11
105.00925422808174	11.0	11	11
105.10935837891881	11.0	11	11
105.20946252975587	11.0	11	11
105.30956668059294	11.0	11	11
105.40967083143	11.0	11	11
105.50977498226707	11.0	11	11
105.60987913310413	11.0	11	11
105.7099832839412	11.0	11	11
105.81008743477827	11.0	11	11
105.91019158561534	11.0	11	11
106.01029573645239	11.0	11	11
106.11039988728946	11.0	11	11
106.21050403812653	11.0	11	11
106.3106081889636	11.0	11	11
106.41071233980065	11.0	11	11
106.51081649063772	11.0	11	11
106.61092064147479	11.0	11	11
106.71102479231186	11.0	11	11
106.81112894314892	11.0	11	11
106.91123309398598	11.0	11	11
107.01133724482305	11.0	11	11
107.11144139566012	11.0	11	11
107.21154554649718	11.0	11	11
107.31164969733425	11.0	11	11
107.41175384817132	11.0	11	11
107.51185799900838	11.0	11	11
107.61196214984544	12.0	12	12
107.71206630068251	12.0	12	12
107.81217045151958	12.0	12	12
107.91227460235665	12.0	12	12
108.0123787531937	12.0	12	12
108.11248290403077	12.0	12	12
108.21258705486784	12.0	12	12
108.31269120570491	12.0	12	12
108.41279535654196	12.0	12	12
108.51289950737903	12.0	12	12
108.6130036582161	12.0	12	12
108.71310780905317	12.0	12	12
108.81321195989022	12.0	12	12
108.9133161107273	12.0	12	12
109.01342026156436	12.0	12	12
109.11352441240143	12.0	12	12
109.2136285632385	12.0	12	12
109.31373271407556	12.0	12	12
109.41383686491262	12.0	12	12
109.5139410157497	12.0	12	12
109.61404516658676	12.0	12	12
109.71414931742382	12.0	12	12
109.81425346826089	12.0	12	12
109.91435761909796	12.0	12	12
110.01446176993502	12.0	12	12
110.11456592077208	12.0	12	12
110.21467007160915	12.0	12	12
110.31477422244622	12.0	12	12
110.41487837328329	12.0	12	12
110.51498252412034	12.0	12	12
110.61508667495741	12.0	12	12
110.71519082579448	12.0	12	12
110.81529497663155	12.0	12	12
110.9153991274686	12.0	12	12
111.01550327830567	12.0	12	12
111.11560742914274	12.0	12	12
111.21571157997981	12.0	12	12
111.31581573081687	12.0	12	12
111.41591988165393	12.0	12	12
111.516024032491	12.0	12	12
111.61612818332807	12.0	12	12
111.71623233416513	12.0	12	12
111.8163364850022	12.0	12	12
111.91644063583927	12.0	12	12
112.01654478667633	11.0	11	11
112.11664893751339	11.0	11	11
112.21675308835046	11.0	11	11
112.31685723918753	11.0	11	11
112.4169613900246	11.0	11	11
112.51706554086165	11.0	11	11
112.61716969169872	11.0	11	11
112.71727384253579	11.0	11	11
112.81737799337286	11.0	11	11
112.91748214420991	11.0	11	11
113.01758629504698	11.0	11	11
113.11769044588405	10.0	10	10
113.21779459672112	10.0	10	10
113.31789874755817	10.0	10	10
113.41800289839524	10.0	10	10
113.51810704923231	10.0	10	10
113.61821120006938	11.0	11	11
113.71831535090644	11.0	11	11
113.8184195017435	11.0	11	11
113.91852365258057	11.0	11	11
114.01862780341764	11.0	11	11
114.1187319542547	11.0	11	11
114.21883610509177	11.0	11	11
114.31894025592884	11.0	11	11
114.4190444067659	11.0	11	11
114.51914855760296	11.0	11	11
114.61925270844003	11.0	11	11
114.7193568592771	11.0	11	11
114.81946101011417	11.0	11	11
114.91956516095122	11.0	11	11
115.01966931178829	11.0	11	11
115.11977346262536	11.0	11	11
115.21987761346243	11.0	11	11
115.31998176429948	11.0	11	11
115.42008591513655	11.0	11	11
115.52019006597362	11.0	11	11
115.62029421681069	11.0	11	11
115.72039836764776	11.0	11	11
115.82050251848482	11.0	11	11
115.92060666932188	11.0	11	11
116.02071082015895	11.0	11	11
116.12081497099602	11.0	11	11
116.22091912183308	11.0	11	11
116.32102327267015	11.0	11	11
116.42112742350722	11.0	11	11
116.52123157434428	11.0	11	11
116.62133572518134	11.0	11	11
116.72143987601841	11.0	11	11
116.82154402685548	11.0	11	11
116.92164817769255	11.0	11	11
117.0217523285296	11.0	11	11
117.12185647936667	10.0	10	10
117.22196063020374	10.0	10	10
117.32206478104081	10.0	10	10
117.42216893187786	10.0	10	10
117.52227308271493	10.0	10	10
117.622377233552	10.0	10	10
117.72248138438907	10.0	10	10
117.82258553522612	10.0	10	10
117.9226896860632	10.0	10	10
118.02279383690026	10.0	10	10
118.12289798773733	10.0	10	10
118.22300213857439	10.0	10	10
118.32310628941146	10.0	10	10
118.42321044024852	10.0	10	10
118.5233145910856	10.0	10	10
118.62341874192265	10.0	10	10
118.72352289275972	10.0	10	10
118.82362704359679	10.0	10	10
118.92373119443386	10.0	10	10
119.02383534527091	10.0	10	10
119.12393949610798	10.0	10	10
119.22404364694505	10.0	10	10
119.32414779778212	10.0	10	10
119.42425194861917	10.0	10	10
119.52435609945624	10.0	10	10
119.62446025029331	10.0	10	10
119.72456440113038	10.0	10	10
119.82466855196743	10.0	10	10
119.9247727028045	10.0	10	10
120.02487685364157	10.0	10	10
120.12498100447864	10.0	10	10
120.2250851553157	10.0	10	10
120.32518930615277	10.0	10	10
120.42529345698983	10.0	10	10
120.5253976078269	10.0	10	10
120.62550175866396	10.0	10	10
120.72560590950103	11.0	11	11
120.8257100603381	11.0	11	11
120.92581421117517	11.0	11	11
121.02591836201222	11.0	11	11
121.12602251284929	11.0	11	11
121.22612666368636	11.0	11	11
121.32623081452343	11.0	11	11
121.42633496536048	10.0	10	10
121.52643911619755	10.0	10	10
121.62654326703462	10.0	10	10
121.72664741787169	10.0	10	10
121.82675156870876	10.0	10	10
121.92685571954581	10.0	10	10
122.02695987038288	10.0	10	10
122.12706402121995	10.0	10	10
122.22716817205702	10.0	10	10
122.32727232289407	10.0	10	10
122.42737647373114	10.0	10	10
122.52748062456821	10.0	10	10
122.62758477540528	10.0	10	10
122.72768892624234	10.0	10	10
122.8277930770794	10.0	10	10
122.92789722791647	10.0	10	10
123.02800137875354	10.0	10	10
123.1281055295906	10.0	10	10
123.22820968042767	10.0	10	10
123.32831383126474	10.0	10	10
123.4284179821018	10.0	10	10
123.52852213293886	10.0	10	10
123.62862628377593	10.0	10	10
123.728730434613	10.0	10	10
123.82883458545007	10.0	10	10
123.92893873628712	10.0	10	10
124.02904288712419	10.0	10	10
124.12914703796126	10.0	10	10
124.22925118879833	10.0	10	10
124.32935533963538	10.0	10	10
124.42945949047245	10.0	10	10
124.52956364130952	10.0	10	10
124.62966779214659	10.0	10	10
124.72977194298365	10.0	10	10
124.82987609382072	10.0	10	10
124.92998024465778	10.0	10	10
125.03008439549485	10.0	10	10
125.13018854633191	10.0	10	10
125.23029269716898	10.0	10	10
125.33039684800605	10.0	10	10
125.43050099884312	10.0	10	10
125.53060514968017	10.0	10	10
125.63070930051724	10.0	10	10
125.73081345135431	10.0	10	10
125.83091760219138	10.0	10	10
125.93102175302843	10.0	10	10
126.0311259038655	10.0	10	10
126.13123005470257	10.0	10	10
126.23133420553964	10.0	10	10
126.3314383563767	10.0	10	10
126.43154250721376	10.0	10	10
126.53164665805083	10.0	10	10
126.6317508088879	10.0	10	10
126.73185495972496	10.0	10	10
126.83195911056202	10.0	10	10
126.9320632613991	10.0	10	10
127.03216741223616	10.0	10	10
127.13227156307322	10.0	10	10
127.23237571391029	10.0	10	10
127.33247986474736	10.0	10	10
127.43258401558442	10.0	10	10
127.53268816642148	10.0	10	10
127.63279231725855	10.0	10	10
127.73289646809562	10.0	10	10
127.83300061893269	10.0	10	10
127.93310476976974	10.0	10	10
128.03320892060682	10.0	10	10
128.13331307144387	10.0	10	10
128.23341722228093	10.0	10	10
128.333521373118	10.0	10	10
128.43362552395507	10.0	10	10
128.53372967479214	10.0	10	10
128.6338338256292	10.0	10	10
128.73393797646628	10.0	10	10
128.83404212730335	10.0	10	10
128.93414627814042	10.0	10	10
129.03425042897746	10.0	10	10
129.13435457981453	10.0	10	10
129.2344587306516	10.0	10	10
129.33456288148867	10.0	10	10
129.43466703232573	10.0	10	10
129.5347711831628	10.0	10	10
129.63487533399987	10.0	10	10
129.73497948483694	10.0	10	10
129.83508363567398	10.0	10	10
129.93518778651105	9.0	9	9
130.03529193734812	9.0	9	9
130.1353960881852	9.0	9	9
130.23550023902226	9.0	9	9
130.33560438985933	9.0	9	9
130.4357085406964	10.0	10	10
130.53581269153347	10.0	10	10
130.6359168423705	10.0	10	10
130.73602099320757	10.0	10	10
130.83612514404464	10.0	10	10
130.9362292948817	10.0	10	10
131.03633344571878	10.0	10	10
131.13643759655585	11.0	11	11
131.23654174739292	11.0	11	11
131.33664589823	11.0	11	11
131.43675004906703	11.0	11	11
131.5368541999041	11.0	11	11
131.63695835074117	11.0	11	11
131.73706250157824	11.0	11	11
131.8371666524153	11.0	11	11
131.93727080325237	11.0	11	11
132.03737495408944	11.0	11	11
132.1374791049265	10.0	10	10
132.23758325576355	10.0	10	10
132.33768740660062	10.0	10	10
132.4377915574377	10.0	10	10
132.53789570827476	10.0	10	10
132.63799985911183	10.0	10	10
132.7381040099489	10.0	10	10
132.83820816078597	10.0	10	10
132.93831231162304	11.0	11	11
133.03841646246008	11.0	11	11
133.13852061329715	11.0	11	11
133.23862476413422	11.0	11	11
133.33872891497128	11.0	11	11
133.43883306580835	11.0	11	11
133.53893721664542	11.0	11	11
133.6390413674825	11.0	11	11
133.73914551831956	11.0	11	11
133.8392496691566	11.0	11	11
133.93935381999367	11.0	11	11
134.03945797083074	11.0	11	11
134.1395621216678	11.0	11	11
134.23966627250488	11.0	11	11
134.33977042334195	11.0	11	11
134.43987457417902	11.0	11	11
134.53997872501608	11.0	11	11
134.64008287585315	11.0	11	11
134.7401870266902	11.0	11	11
134.84029117752726	11.0	11	11
134.94039532836433	11.0	11	11
135.0404994792014	11.0	11	11
135.14060363003847	11.0	11	11
135.24070778087554	11.0	11	11
135.3408119317126	11.0	11	11
135.44091608254968	11.0	11	11
135.54102023338672	11.0	11	11
135.6411243842238	11.0	11	11
135.74122853506086	11.0	11	11
135.84133268589792	12.0	12	12
135.941436836735	12.0	12	12
136.04154098757206	12.0	12	12
136.14164513840913	12.0	12	12
136.2417492892462	12.0	12	12
136.34185344008324	12.0	12	12
136.4419575909203	12.0	12	12
136.54206174175738	12.0	12	12
136.64216589259445	12.0	12	12
136.74227004343152	12.0	12	12
136.8423741942686	12.0	12	12
136.94247834510566	12.0	12	12
137.04258249594272	12.0	12	12
137.14268664677977	12.0	12	12
137.24279079761683	12.0	12	12
137.3428949484539	12.0	12	12
137.44299909929097	12.0	12	12
137.54310325012804	12.0	12	12
137.6432074009651	12.0	12	12
137.74331155180218	12.0	12	12
137.84341570263925	12.0	12	12
137.9435198534763	12.0	12	12
138.04362400431336	12.0	12	12
138.14372815515043	12.0	12	12
138.2438323059875	12.0	12	12
138.34393645682457	12.0	12	12
138.44404060766163	12.0	12	12
138.5441447584987	12.0	12	12
138.64424890933577	12.0	12	12
138.7443530601728	12.0	12	12
138.84445721100988	12.0	12	12
138.94456136184695	12.0	12	12
139.04466551268402	12.0	12	12
139.1447696635211	12.0	12	12
139.24487381435816	12.0	12	12
139.34497796519523	12.0	12	12
139.4450821160323	12.0	12	12
139.54518626686934	12.0	12	12
139.6452904177064	12.0	12	12
139.74539456854347	12.0	12	12
139.84549871938054	12.0	12	12
139.9456028702176	12.0	12	12
140.04570702105468	12.0	12	12
140.14581117189175	12.0	12	12
140.24591532272882	12.0	12	12
140.34601947356586	12.0	12	12
140.44612362440293	12.0	12	12
140.54622777524	12.0	12	12
140.64633192607707	12.0	12	12
140.74643607691414	12.0	12	12
140.8465402277512	12.0	12	12
140.94664437858827	12.0	12	12
141.04674852942534	12.0	12	12
141.1468526802624	12.0	12	12
141.24695683109945	12.0	12	12
141.34706098193652	12.0	12	12
141.4471651327736	12.0	12	12
141.54726928361066	12.0	12	12
141.64737343444773	12.0	12	12
141.7474775852848	12.0	12	12
141.84758173612187	12.0	12	12
141.94768588695894	12.0	12	12
142.04779003779598	12.0	12	12
142.14789418863305	12.0	12	12
142.24799833947012	12.0	12	12
142.34810249030718	12.0	12	12
142.44820664114425	12.0	12	12
142.54831079198132	12.0	12	12
142.6484149428184	13.0	13	13
142.74851909365546	13.0	13	13
142.8486232444925	13.0	13	13
142.94872739532957	13.0	13	13
143.04883154616664	13.0	13	13
143.1489356970037	13.0	13	13
143.24903984784078	13.0	13	13
143.34914399867785	13.0	13	13
143.44924814951491	13.0	13	13
143.54935230035198	13.0	13	13
143.64945645118902	13.0	13	13
143.7495606020261	12.0	12	12
143.84966475286316	11.0	11	11
143.94976890370023	11.0	11	11
144.0498730545373	11.0	11	11
144.14997720537437	10.0	10	10
144.25008135621144	10.0	10	10
144.3501855070485	10.0	10	10
144.45028965788555	10.0	10	10
144.55039380872262	10.0	10	10
144.6504979595597	10.0	10	10
144.75060211039676	10.0	10	10
144.85070626123382	10.0	10	10
144.9508104120709	10.0	10	10
145.05091456290796	10.0	10	10
145.15101871374503	10.0	10	10
145.25112286458207	9.0	9	9
145.35122701541914	9.0	9	9
145.4513311662562	9.0	9	9
145.55143531709328	9.0	9	9
145.65153946793035	9.0	9	9
145.75164361876742	9.0	9	9
145.8517477696045	9.0	9	9
145.95185192044156	9.0	9	9
146.0519560712786	9.0	9	9
146.15206022211567	9.0	9	9
146.25216437295273	9.0	9	9
146.3522685237898	9.0	9	9
146.45237267462687	9.0	9	9
146.55247682546394	9.0	9	9
146.652580976301	9.0	9	9
146.75268512713808	9.0	9	9
146.85278927797512	9.0	9	9
146.9528934288122	9.0	9	9
147.05299757964926	9.0	9	9
147.15310173048633	9.0	9	9
147.2532058813234	9.0	9	9
147.35331003216046	9.0	9	9
147.45341418299753	9.0	9	9
147.5535183338346	9.0	9	9
147.65362248467167	9.0	9	9
147.7537266355087	9.0	9	9
147.85383078634578	9.0	9	9
147.95393493718285	9.0	9	9
148.05403908801992	9.0	9	9
148.154143238857	9.0	9	9
148.25424738969406	9.0	9	9
148.35435154053113	9.0	9	9
148.4544556913682	9.0	9	9
148.55455984220524	9.0	9	9
148.6546639930423	9.0	9	9
148.75476814387937	9.0	9	9
148.85487229471644	9.0	9	9
148.9549764455535	9.0	9	9
149.05508059639058	9.0	9	9
149.15518474722765	9.0	9	9
149.25528889806472	9.0	9	9
149.35539304890176	9.0	9	9
149.45549719973883	9.0	9	9
149.5556013505759	9.0	9	9
149.65570550141297	9.0	9	9
149.75580965225004	9.0	9	9
149.8559138030871	9.0	9	9
149.95601795392417	9.0	9	9
150.05612210476124	9.0	9	9
150.15622625559828	9.0	9	9
150.25633040643535	9.0	9	9
150.35643455727242	9.0	9	9
150.4565387081095	9.0	9	9
150.55664285894656	9.0	9	9
150.65674700978363	9.0	9	9
150.7568511606207	9.0	9	9
150.85695531145777	9.0	9	9
150.9570594622948	9.0	9	9
151.05716361313188	9.0	9	9
151.15726776396895	10.0	10	10
151.25737191480601	10.0	10	10
151.35747606564308	10.0	10	10
151.45758021648015	10.0	10	10
151.55768436731722	10.0	10	10
151.6577885181543	10.0	10	10
151.75789266899133	10.0	10	10
151.8579968198284	10.0	10	10
151.95810097066547	10.0	10	10
152.05820512150254	10.0	10	10
152.1583092723396	10.0	10	10
152.25841342317668	10.0	10	10
152.35851757401375	10.0	10	10
152.45862172485081	10.0	10	10
152.55872587568786	9.0	9	9
152.65883002652492	9.0	9	9
152.758934177362	9.0	9	9
152.85903832819906	9.0	9	9
152.95914247903613	9.0	9	9
153.0592466298732	9.0	9	9
153.15935078071027	9.0	9	9
153.25945493154734	9.0	9	9
153.35955908238438	9.0	9	9
153.45966323322145	9.0	9	9
153.55976738405852	9.0	9	9
153.6598715348956	9.0	9	9
153.75997568573266	9.0	9	9
153.86007983656972	9.0	9	9
153.9601839874068	9.0	9	9
154.06028813824386	9.0	9	9
154.16039228908093	9.0	9	9
154.26049643991797	9.0	9	9
154.36060059075504	9.0	9	9
154.4607047415921	9.0	9	9
154.56080889242918	9.0	9	9
154.66091304326625	9.0	9	9
154.76101719410332	9.0	9	9
154.8611213449404	9.0	9	9
154.96122549577746	9.0	9	9
155.0613296466145	9.0	9	9
155.16143379745156	9.0	9	9
155.26153794828863	9.0	9	9
155.3616420991257	9.0	9	9
155.46174624996277	9.0	9	9
155.56185040079984	9.0	9	9
155.6619545516369	9.0	9	9
155.76205870247398	9.0	9	9
155.86216285331102	9.0	9	9
155.9622670041481	9.0	9	9
156.06237115498516	9.0	9	9
156.16247530582223	9.0	9	9
156.2625794566593	8.0	8	8
156.36268360749636	8.0	8	8
156.46278775833343	8.0	8	8
156.5628919091705	8.0	8	8
156.66299606000754	8.0	8	8
156.7631002108446	8.0	8	8
156.86320436168168	8.0	8	8
156.96330851251875	8.0	8	8
157.06341266335582	8.0	8	8
157.1635168141929	7.0	7	7
157.26362096502996	7.0	7	7
157.36372511586703	7.0	7	7
157.46382926670407	7.0	7	7
157.56393341754114	7.0	7	7
157.6640375683782	7.0	7	7
157.76414171921527	7.0	7	7
157.86424587005234	7.0	7	7
157.9643500208894	7.0	7	7
158.06445417172648	7.0	7	7
158.16455832256355	7.0	7	7
158.2646624734006	7.0	7	7
158.36476662423766	7.0	7	7
158.46487077507473	7.0	7	7
158.5649749259118	7.0	7	7
158.66507907674887	7.0	7	7
158.76518322758594	7.0	7	7
158.865287378423	7.0	7	7
158.96539152926007	7.0	7	7
159.06549568009711	7.0	7	7
159.16559983093418	7.0	7	7
159.26570398177125	6.0	6	6
159.36580813260832	6.0	6	6
159.4659122834454	6.0	6	6
159.56601643428246	6.0	6	6
159.66612058511953	6.0	6	6
159.7662247359566	6.0	6	6
159.86632888679364	6.0	6	6
159.9664330376307	6.0	6	6
160.06653718846778	6.0	6	6
160.16664133930485	6.0	6	6
160.26674549014191	6.0	6	6
160.36684964097898	6.0	6	6
160.46695379181605	6.0	6	6
160.56705794265312	6.0	6	6
160.6671620934902	6.0	6	6
160.76726624432723	6.0	6	6
160.8673703951643	6.0	6	6
160.96747454600137	6.0	6	6
161.06757869683844	6.0	6	6
161.1676828476755	6.0	6	6
161.26778699851258	6.0	6	6
161.36789114934965	6.0	6	6
161.46799530018671	6.0	6	6
161.56809945102376	6.0	6	6
161.66820360186082	5.0	5	5
161.7683077526979	5.0	5	5
161.86841190353496	5.0	5	5
161.96851605437203	5.0	5	5
162.0686202052091	5.0	5	5
162.16872435604617	5.0	5	5
162.26882850688324	5.0	5	5
162.36893265772028	5.0	5	5
162.46903680855735	5.0	5	5
162.56914095939442	5.0	5	5
162.6692451102315	5.0	5	5
162.76934926106856	5.0	5	5
162.86945341190562	5.0	5	5
162.9695575627427	5.0	5	5
163.06966171357976	5.0	5	5
163.1697658644168	5.0	5	5
163.26987001525387	5.0	5	5
163.36997416609094	5.0	5	5
163.470078316928	5.0	5	5
163.57018246776508	5.0	5	5
163.67028661860215	5.0	5	5
163.77039076943922	5.0	5	5
163.8704949202763	5.0	5	5
163.97059907111333	5.0	5	5
164.0707032219504	7.0	7	7
164.17080737278746	7.0	7	7
164.27091152362453	7.0	7	7
164.3710156744616	7.0	7	7
164.47111982529867	7.0	7	7
164.57122397613574	7.0	7	7
164.6713281269728	7.0	7	7
164.77143227780985	7.0	7	7
164.87153642864692	7.0	7	7
164.971640579484	7.0	7	7
165.07174473032106	7.0	7	7
165.17184888115813	7.0	7	7
165.2719530319952	7.0	7	7
165.37205718283226	7.0	7	7
165.47216133366933	7.0	7	7
165.57226548450637	7.0	7	7
165.67236963534344	7.0	7	7
165.7724737861805	7.0	7	7
165.87257793701758	7.0	7	7
165.97268208785465	7.0	7	7
166.07278623869172	7.0	7	7
166.1728903895288	7.0	7	7
166.27299454036586	7.0	7	7
166.3730986912029	7.0	7	7
166.47320284203997	7.0	7	7
166.57330699287704	7.0	7	7
166.6734111437141	7.0	7	7
166.77351529455117	7.0	7	7
166.87361944538824	7.0	7	7
166.9737235962253	7.0	7	7
167.07382774706238	7.0	7	7
167.17393189789945	7.0	7	7
167.2740360487365	7.0	7	7
167.37414019957356	7.0	7	7
167.47424435041063	7.0	7	7
167.5743485012477	7.0	7	7
167.67445265208477	7.0	7	7
167.77455680292184	7.0	7	7
167.8746609537589	7.0	7	7
167.97476510459597	7.0	7	7
168.07486925543301	7.0	7	7
168.17497340627008	8.0	8	8
168.27507755710715	8.0	8	8
168.37518170794422	8.0	8	8
168.4752858587813	8.0	8	8
168.57539000961836	8.0	8	8
168.67549416045543	8.0	8	8
168.7755983112925	8.0	8	8
168.87570246212954	8.0	8	8
168.9758066129666	8.0	8	8
169.07591076380368	8.0	8	8
169.17601491464075	7.0	7	7
169.27611906547781	6.0	6	6
169.37622321631488	6.0	6	6
169.47632736715195	6.0	6	6
169.57643151798902	6.0	6	6
169.67653566882606	6.0	6	6
169.77663981966313	6.0	6	6
169.8767439705002	6.0	6	6
169.97684812133727	6.0	6	6
170.07695227217434	6.0	6	6
170.1770564230114	6.0	6	6
170.27716057384848	6.0	6	6
170.37726472468555	6.0	6	6
170.4773688755226	6.0	6	6
170.57747302635966	6.0	6	6
170.67757717719672	5.0	5	5
170.7776813280338	5.0	5	5
170.87778547887086	5.0	5	5
170.97788962970793	5.0	5	5
171.077993780545	5.0	5	5
171.17809793138207	5.0	5	5
171.2782020822191	5.0	5	5
171.37830623305618	5.0	5	5
171.47841038389325	5.0	5	5
171.57851453473032	5.0	5	5
171.6786186855674	5.0	5	5
171.77872283640446	5.0	5	5
171.87882698724152	5.0	5	5
171.9789311380786	5.0	5	5
172.07903528891563	4.0	4	4
172.1791394397527	4.0	4	4
172.27924359058977	4.0	4	4
172.37934774142684	4.0	4	4
172.4794518922639	4.0	4	4
172.57955604310098	4.0	4	4
172.67966019393805	4.0	4	4
172.77976434477512	4.0	4	4
172.87986849561216	4.0	4	4
172.97997264644923	4.0	4	4
173.0800767972863	4.0	4	4
173.18018094812336	4.0	4	4
173.28028509896043	4.0	4	4
173.3803892497975	4.0	4	4
173.48049340063457	4.0	4	4
173.58059755147164	4.0	4	4
173.6807017023087	4.0	4	4
173.78080585314575	4.0	4	4
173.88091000398282	4.0	4	4
173.9810141548199	4.0	4	4
174.08111830565696	4.0	4	4
174.18122245649403	4.0	4	4
174.2813266073311	4.0	4	4
174.38143075816816	4.0	4	4
174.48153490900523	4.0	4	4
174.58163905984227	4.0	4	4
174.68174321067934	4.0	4	4
174.7818473615164	4.0	4	4
174.88195151235348	4.0	4	4
174.98205566319055	4.0	4	4
175.08215981402762	4.0	4	4
175.1822639648647	4.0	4	4
175.28236811570176	4.0	4	4
175.3824722665388	4.0	4	4
175.48257641737587	4.0	4	4
175.58268056821294	4.0	4	4
175.68278471905	4.0	4	4
175.78288886988707	4.0	4	4
175.88299302072414	4.0	4	4
175.9830971715612	4.0	4	4
176.08320132239828	4.0	4	4
176.18330547323532	4.0	4	4
176.2834096240724	4.0	4	4
176.38351377490946	4.0	4	4
176.48361792574653	4.0	4	4
176.5837220765836	4.0	4	4
176.68382622742067	4.0	4	4
176.78393037825774	4.0	4	4
176.8840345290948	4.0	4	4
176.98413867993185	4.0	4	4
177.08424283076891	4.0	4	4
177.18434698160598	4.0	4	4
177.28445113244305	4.0	4	4
177.38455528328012	4.0	4	4
177.4846594341172	4.0	4	4
177.58476358495426	4.0	4	4
177.68486773579133	4.0	4	4
177.78497188662837	4.0	4	4
177.88507603746544	4.0	4	4
177.9851801883025	4.0	4	4
178.08528433913958	4.0	4	4
178.18538848997665	4.0	4	4
178.28549264081371	4.0	4	4
178.38559679165078	4.0	4	4
178.48570094248785	4.0	4	4
178.5858050933249	4.0	4	4
178.68590924416196	4.0	4	4
178.78601339499903	4.0	4	4
178.8861175458361	4.0	4	4
178.98622169667317	4.0	4	4
179.08632584751024	4.0	4	4
179.1864299983473	4.0	4	4
179.28653414918438	4.0	4	4
179.38663830002145	4.0	4	4
179.4867424508585	4.0	4	4
179.58684660169556	4.0	4	4
179.68695075253262	4.0	4	4
179.7870549033697	4.0	4	4
179.88715905420676	4.0	4	4
179.98726320504383	4.0	4	4
180.0873673558809	4.0	4	4
180.18747150671797	4.0	4	4
180.287575657555	4.0	4	4
180.38767980839208	4.0	4	4
180.48778395922915	4.0	4	4
180.58788811006622	4.0	4	4
180.6879922609033	4.0	4	4
180.78809641174036	4.0	4	4
180.88820056257742	3.0	3	3
180.9883047134145	3.0	3	3
181.08840886425153	3.0	3	3
181.1885130150886	3.0	3	3
181.28861716592567	3.0	3	3
181.38872131676274	3.0	3	3
181.4888254675998	3.0	3	3
181.58892961843688	3.0	3	3
181.68903376927395	3.0	3	3
181.78913792011102	3.0	3	3
181.88924207094806	3.0	3	3
181.98934622178513	3.0	3	3
182.0894503726222	3.0	3	3
182.18955452345926	3.0	3	3
182.28965867429633	2.0	2	2
182.3897628251334	2.0	2	2
182.48986697597047	2.0	2	2
182.58997112680754	2.0	2	2
182.69007527764458	2.0	2	2
182.79017942848165	2.0	2	2
182.89028357931872	2.0	2	2
182.9903877301558	2.0	2	2
183.09049188099286	2.0	2	2
183.19059603182993	2.0	2	2
183.290700182667	2.0	2	2
183.39080433350406	2.0	2	2
183.4909084843411	2.0	2	2
183.59101263517817	2.0	2	2
183.69111678601524	2.0	2	2
183.7912209368523	2.0	2	2
183.89132508768938	2.0	2	2
183.99142923852645	1.0	1	1
184.09153338936352	1.0	1	1
184.1916375402006	1.0	1	1
184.29174169103763	1.0	1	1
184.3918458418747	1.0	1	1
184.49194999271177	1.0	1	1
184.59205414354884	1.0	1	1
184.6921582943859	1.0	1	1
184.79226244522297	1.0	1	1
184.89236659606004	1.0	1	1
184.9924707468971	1.0	1	1
185.09257489773415	1.0	1	1
185.19267904857122	1.0	1	1
185.2927831994083	1.0	1	1
