time	diversity	m_div	M_div
0.0	10.0	10	10
0.10005604218538182	10.0	10	10
0.20011208437076364	10.0	10	10
0.30016812655614544	10.0	10	10
0.4002241687415273	10.0	10	10
0.5002802109269091	10.0	10	10
0.6003362531122909	10.0	10	10
0.7003922952976728	10.0	10	10
0.8004483374830546	10.0	10	10
0.9005043796684363	10.0	10	10
1.0005604218538182	10.0	10	10
1.1006164640392	10.0	10	10
1.2006725062245818	10.0	10	10
1.3007285484099635	10.0	10	10
1.4007845905953455	10.0	10	10
1.5008406327807273	10.0	10	10
1.600896674966109	10.0	10	10
1.7009527171514909	10.0	10	10
1.8010087593368727	10.0	10	10
1.9010648015222547	10.0	10	10
2.0011208437076364	10.0	10	10
2.101176885893018	10.0	10	10
2.2012329280784	10.0	10	10
2.3012889702637818	10.0	10	10
2.4013450124491635	10.0	10	10
2.5014010546345453	10.0	10	10
2.601457096819927	10.0	10	10
2.7015131390053093	10.0	10	10
2.801569181190691	10.0	10	10
2.901625223376073	10.0	10	10
3.0016812655614546	10.0	10	10
3.1017373077468364	10.0	10	10
3.201793349932218	10.0	10	10
3.3018493921176	10.0	10	10
3.4019054343029818	10.0	10	10
3.5019614764883635	10.0	10	10
3.6020175186737453	10.0	10	10
3.702073560859127	10.0	10	10
3.8021296030445093	10.0	10	10
3.902185645229891	10.0	10	10
4.002241687415273	10.0	10	10
4.102297729600655	10.0	10	10
4.202353771786036	10.0	10	10
4.302409813971418	10.0	10	10
4.4024658561568	10.0	10	10
4.502521898342182	10.0	10	10
4.6025779405275635	10.0	10	10
4.702633982712945	10.0	10	10
4.802690024898327	10.0	10	10
4.902746067083709	10.0	10	10
5.002802109269091	10.0	10	10
5.102858151454472	10.0	10	10
5.202914193639854	10.0	10	10
5.302970235825236	10.0	10	10
5.403026278010619	10.0	10	10
5.503082320196	10.0	10	10
5.603138362381382	10.0	10	10
5.703194404566764	10.0	10	10
5.803250446752146	10.0	10	10
5.9033064889375275	10.0	10	10
6.003362531122909	10.0	10	10
6.103418573308291	10.0	10	10
6.203474615493673	10.0	10	10
6.303530657679055	10.0	10	10
6.403586699864436	10.0	10	10
6.503642742049818	10.0	10	10
6.6036987842352	10.0	10	10
6.703754826420582	10.0	10	10
6.8038108686059635	10.0	10	10
6.903866910791345	10.0	10	10
7.003922952976727	10.0	10	10
7.103978995162109	10.0	10	10
7.204035037347491	10.0	10	10
7.304091079532872	10.0	10	10
7.404147121718254	10.0	10	10
7.504203163903637	10.0	10	10
7.604259206089019	10.0	10	10
7.7043152482744	10.0	10	10
7.804371290459782	10.0	10	10
7.904427332645164	10.0	10	10
8.004483374830546	10.0	10	10
8.104539417015927	10.0	10	10
8.20459545920131	10.0	10	10
8.30465150138669	10.0	10	10
8.404707543572073	10.0	10	10
8.504763585757454	10.0	10	10
8.604819627942836	10.0	10	10
8.704875670128219	10.0	10	10
8.8049317123136	10.0	10	10
8.904987754498983	10.0	10	10
9.005043796684363	10.0	10	10
9.105099838869746	10.0	10	10
9.205155881055127	10.0	10	10
9.30521192324051	10.0	10	10
9.40526796542589	10.0	10	10
9.505324007611273	10.0	10	10
9.605380049796654	10.0	10	10
9.705436091982037	10.0	10	10
9.805492134167418	10.0	10	10
9.9055481763528	10.0	10	10
10.005604218538181	10.0	10	10
10.105660260723564	10.0	10	10
10.205716302908945	10.0	10	10
10.305772345094327	10.0	10	10
10.405828387279708	10.0	10	10
10.505884429465091	10.0	10	10
10.605940471650472	10.0	10	10
10.705996513835855	10.0	10	10
10.806052556021237	10.0	10	10
10.906108598206618	10.0	10	10
11.006164640392	10.0	10	10
11.106220682577382	10.0	10	10
11.206276724762764	10.0	10	10
11.306332766948145	10.0	10	10
11.406388809133528	10.0	10	10
11.506444851318909	10.0	10	10
11.606500893504291	10.0	10	10
11.706556935689672	10.0	10	10
11.806612977875055	10.0	10	10
11.906669020060436	10.0	10	10
12.006725062245819	10.0	10	10
12.1067811044312	10.0	10	10
12.206837146616582	10.0	10	10
12.306893188801963	10.0	10	10
12.406949230987346	10.0	10	10
12.507005273172727	10.0	10	10
12.60706131535811	10.0	10	10
12.70711735754349	10.0	10	10
12.807173399728873	10.0	10	10
12.907229441914255	10.0	10	10
13.007285484099636	10.0	10	10
13.107341526285019	10.0	10	10
13.2073975684704	10.0	10	10
13.307453610655783	10.0	10	10
13.407509652841163	10.0	10	10
13.507565695026546	10.0	10	10
13.607621737211927	10.0	10	10
13.70767777939731	10.0	10	10
13.80773382158269	10.0	10	10
13.907789863768073	10.0	10	10
14.007845905953454	10.0	10	10
14.107901948138837	10.0	10	10
14.207957990324218	10.0	10	10
14.3080140325096	10.0	10	10
14.408070074694981	10.0	10	10
14.508126116880364	10.0	10	10
14.608182159065745	10.0	10	10
14.708238201251127	10.0	10	10
14.808294243436508	10.0	10	10
14.908350285621891	10.0	10	10
15.008406327807274	10.0	10	10
15.108462369992655	10.0	10	10
15.208518412178037	10.0	10	10
15.308574454363418	10.0	10	10
15.4086304965488	10.0	10	10
15.508686538734182	10.0	10	10
15.608742580919564	10.0	10	10
15.708798623104945	10.0	10	10
15.808854665290328	10.0	10	10
15.908910707475709	10.0	10	10
16.00896674966109	10.0	10	10
16.109022791846474	10.0	10	10
16.209078834031853	10.0	10	10
16.309134876217236	10.0	10	10
16.40919091840262	10.0	10	10
16.509246960588	10.0	10	10
16.60930300277338	10.0	10	10
16.709359044958763	10.0	10	10
16.809415087144146	10.0	10	10
16.90947112932953	10.0	10	10
17.009527171514907	11.0	11	11
17.10958321370029	11.0	11	11
17.209639255885673	11.0	11	11
17.309695298071055	11.0	11	11
17.409751340256438	11.0	11	11
17.509807382441817	11.0	11	11
17.6098634246272	11.0	11	11
17.709919466812583	11.0	11	11
17.809975508997965	11.0	11	11
17.910031551183344	11.0	11	11
18.010087593368727	11.0	11	11
18.11014363555411	11.0	11	11
18.210199677739492	11.0	11	11
18.31025571992487	11.0	11	11
18.410311762110254	11.0	11	11
18.510367804295637	11.0	11	11
18.61042384648102	11.0	11	11
18.7104798886664	11.0	11	11
18.81053593085178	11.0	11	11
18.910591973037164	11.0	11	11
19.010648015222547	11.0	11	11
19.110704057407926	11.0	11	11
19.21076009959331	11.0	11	11
19.31081614177869	11.0	11	11
19.410872183964074	11.0	11	11
19.510928226149456	11.0	11	11
19.610984268334835	11.0	11	11
19.711040310520218	11.0	11	11
19.8110963527056	11.0	11	11
19.911152394890983	11.0	11	11
20.011208437076363	11.0	11	11
20.111264479261745	11.0	11	11
20.211320521447128	11.0	11	11
20.31137656363251	11.0	11	11
20.41143260581789	11.0	11	11
20.511488648003272	11.0	11	11
20.611544690188655	11.0	11	11
20.711600732374038	11.0	11	11
20.811656774559417	11.0	11	11
20.9117128167448	11.0	11	11
21.011768858930182	11.0	11	11
21.111824901115565	11.0	11	11
21.211880943300944	11.0	11	11
21.311936985486327	11.0	11	11
21.41199302767171	11.0	11	11
21.512049069857092	11.0	11	11
21.612105112042475	11.0	11	11
21.712161154227854	11.0	11	11
21.812217196413236	11.0	11	11
21.91227323859862	11.0	11	11
22.012329280784	11.0	11	11
22.11238532296938	11.0	11	11
22.212441365154763	11.0	11	11
22.312497407340146	11.0	11	11
22.41255344952553	11.0	11	11
22.512609491710908	11.0	11	11
22.61266553389629	11.0	11	11
22.712721576081673	11.0	11	11
22.812777618267056	11.0	11	11
22.912833660452435	11.0	11	11
23.012889702637818	11.0	11	11
23.1129457448232	11.0	11	11
23.213001787008583	11.0	11	11
23.313057829193962	11.0	11	11
23.413113871379345	11.0	11	11
23.513169913564727	11.0	11	11
23.61322595575011	11.0	11	11
23.713281997935493	11.0	11	11
23.813338040120872	11.0	11	11
23.913394082306255	11.0	11	11
24.013450124491637	11.0	11	11
24.11350616667702	11.0	11	11
24.2135622088624	11.0	11	11
24.31361825104778	11.0	11	11
24.413674293233164	11.0	11	11
24.513730335418547	11.0	11	11
24.613786377603926	11.0	11	11
24.71384241978931	11.0	11	11
24.81389846197469	11.0	11	11
24.913954504160074	11.0	11	11
25.014010546345453	11.0	11	11
25.114066588530836	11.0	11	11
25.21412263071622	11.0	11	11
25.3141786729016	11.0	11	11
25.41423471508698	11.0	11	11
25.514290757272363	11.0	11	11
25.614346799457746	11.0	11	11
25.71440284164313	11.0	11	11
25.81445888382851	11.0	11	11
25.91451492601389	11.0	11	11
26.014570968199273	11.0	11	11
26.114627010384655	11.0	11	11
26.214683052570038	11.0	11	11
26.314739094755417	11.0	11	11
26.4147951369408	11.0	11	11
26.514851179126183	11.0	11	11
26.614907221311565	11.0	11	11
26.714963263496944	11.0	11	11
26.815019305682327	11.0	11	11
26.91507534786771	11.0	11	11
27.015131390053092	11.0	11	11
27.11518743223847	11.0	11	11
27.215243474423854	11.0	11	11
27.315299516609237	11.0	11	11
27.41535555879462	11.0	11	11
27.51541160098	11.0	11	11
27.61546764316538	11.0	11	11
27.715523685350764	11.0	11	11
27.815579727536146	11.0	11	11
27.91563576972153	11.0	11	11
28.01569181190691	11.0	11	11
28.11574785409229	12.0	12	12
28.215803896277674	12.0	12	12
28.315859938463056	12.0	12	12
28.415915980648435	12.0	12	12
28.515972022833818	12.0	12	12
28.6160280650192	12.0	12	12
28.716084107204583	12.0	12	12
28.816140149389962	12.0	12	12
28.916196191575345	12.0	12	12
29.016252233760728	12.0	12	12
29.11630827594611	12.0	12	12
29.21636431813149	12.0	12	12
29.316420360316872	12.0	12	12
29.416476402502255	12.0	12	12
29.516532444687638	12.0	12	12
29.616588486873017	12.0	12	12
29.7166445290584	12.0	12	12
29.816700571243782	12.0	12	12
29.916756613429165	12.0	12	12
30.016812655614547	12.0	12	12
30.116868697799926	12.0	12	12
30.21692473998531	12.0	12	12
30.316980782170692	12.0	12	12
30.417036824356074	12.0	12	12
30.517092866541454	12.0	12	12
30.617148908726836	12.0	12	12
30.71720495091222	12.0	12	12
30.8172609930976	12.0	12	12
30.91731703528298	12.0	12	12
31.017373077468363	12.0	12	12
31.117429119653746	12.0	12	12
31.21748516183913	12.0	12	12
31.317541204024508	12.0	12	12
31.41759724620989	12.0	12	12
31.517653288395273	12.0	12	12
31.617709330580656	12.0	12	12
31.717765372766035	12.0	12	12
31.817821414951418	12.0	12	12
31.9178774571368	12.0	12	12
32.01793349932218	12.0	12	12
32.11798954150756	12.0	12	12
32.21804558369295	12.0	12	12
32.31810162587833	12.0	12	12
32.41815766806371	12.0	12	12
32.51821371024909	12.0	12	12
32.61826975243447	12.0	12	12
32.71832579461986	12.0	12	12
32.81838183680524	12.0	12	12
32.918437878990616	12.0	12	12
33.018493921176	12.0	12	12
33.11854996336138	12.0	12	12
33.21860600554676	12.0	12	12
33.31866204773215	12.0	12	12
33.418718089917526	12.0	12	12
33.51877413210291	13.0	13	13
33.61883017428829	13.0	13	13
33.71888621647367	13.0	13	13
33.81894225865906	13.0	13	13
33.918998300844436	13.0	13	13
34.019054343029815	13.0	13	13
34.1191103852152	13.0	13	13
34.21916642740058	12.0	12	12
34.31922246958597	12.0	12	12
34.419278511771346	12.0	12	12
34.519334553956725	12.0	12	12
34.61939059614211	12.0	12	12
34.71944663832749	12.0	12	12
34.819502680512876	12.0	12	12
34.919558722698255	12.0	12	12
35.019614764883634	12.0	12	12
35.11967080706902	12.0	12	12
35.2197268492544	12.0	12	12
35.31978289143978	12.0	12	12
35.419838933625165	12.0	12	12
35.519894975810544	12.0	12	12
35.61995101799593	12.0	12	12
35.72000706018131	12.0	12	12
35.82006310236669	12.0	12	12
35.920119144552075	12.0	12	12
36.020175186737454	12.0	12	12
36.12023122892283	12.0	12	12
36.22028727110822	12.0	12	12
36.3203433132936	12.0	12	12
36.420399355478985	12.0	12	12
36.520455397664364	12.0	12	12
36.62051143984974	13.0	13	13
36.72056748203513	14.0	14	14
36.82062352422051	14.0	14	14
36.920679566405894	14.0	14	14
37.02073560859127	14.0	14	14
37.12079165077665	14.0	14	14
37.22084769296204	14.0	14	14
37.32090373514742	14.0	14	14
37.4209597773328	14.0	14	14
37.52101581951818	14.0	14	14
37.62107186170356	14.0	14	14
37.72112790388895	14.0	14	14
37.82118394607433	14.0	14	14
37.92123998825971	14.0	14	14
38.02129603044509	14.0	14	14
38.12135207263047	14.0	14	14
38.22140811481585	14.0	14	14
38.32146415700124	14.0	14	14
38.42152019918662	14.0	14	14
38.521576241372	14.0	14	14
38.62163228355738	14.0	14	14
38.72168832574276	14.0	14	14
38.82174436792815	14.0	14	14
38.921800410113526	14.0	14	14
39.02185645229891	14.0	14	14
39.12191249448429	15.0	15	15
39.22196853666967	15.0	15	15
39.32202457885506	15.0	15	15
39.422080621040436	15.0	15	15
39.522136663225815	16.0	16	16
39.6221927054112	16.0	16	16
39.72224874759658	16.0	16	16
39.82230478978197	16.0	16	16
39.922360831967346	16.0	16	16
40.022416874152725	16.0	16	16
40.12247291633811	16.0	16	16
40.22252895852349	16.0	16	16
40.32258500070887	16.0	16	16
40.422641042894256	16.0	16	16
40.522697085079635	16.0	16	16
40.62275312726502	16.0	16	16
40.7228091694504	16.0	16	16
40.82286521163578	16.0	16	16
40.922921253821166	16.0	16	16
41.022977296006545	16.0	16	16
41.12303333819193	16.0	16	16
41.22308938037731	16.0	16	16
41.32314542256269	16.0	16	16
41.423201464748075	16.0	16	16
41.523257506933454	16.0	16	16
41.62331354911883	17.0	17	17
41.72336959130422	17.0	17	17
41.8234256334896	17.0	17	17
41.923481675674985	17.0	17	17
42.023537717860364	18.0	18	18
42.12359376004574	18.0	18	18
42.22364980223113	18.0	18	18
42.32370584441651	18.0	18	18
42.42376188660189	18.0	18	18
42.523817928787274	18.0	18	18
42.62387397097265	18.0	18	18
42.72393001315804	18.0	18	18
42.82398605534342	18.0	18	18
42.9240420975288	18.0	18	18
43.024098139714184	18.0	18	18
43.12415418189956	18.0	18	18
43.22421022408495	18.0	18	18
43.32426626627033	18.0	18	18
43.42432230845571	18.0	18	18
43.52437835064109	18.0	18	18
43.62443439282647	18.0	18	18
43.72449043501185	18.0	18	18
43.82454647719724	18.0	18	18
43.92460251938262	18.0	18	18
44.024658561568	18.0	18	18
44.12471460375338	18.0	18	18
44.22477064593876	18.0	18	18
44.32482668812415	18.0	18	18
44.42488273030953	18.0	18	18
44.524938772494906	18.0	18	18
44.62499481468029	18.0	18	18
44.72505085686567	18.0	18	18
44.82510689905106	18.0	18	18
44.92516294123644	18.0	18	18
45.025218983421816	18.0	18	18
45.1252750256072	18.0	18	18
45.22533106779258	18.0	18	18
45.32538710997797	18.0	18	18
45.425443152163346	18.0	18	18
45.525499194348725	18.0	18	18
45.62555523653411	18.0	18	18
45.72561127871949	18.0	18	18
45.82566732090487	18.0	18	18
45.925723363090256	18.0	18	18
46.025779405275635	18.0	18	18
46.12583544746102	18.0	18	18
46.2258914896464	18.0	18	18
46.32594753183178	18.0	18	18
46.426003574017166	18.0	18	18
46.526059616202545	18.0	18	18
46.626115658387924	18.0	18	18
46.72617170057331	18.0	18	18
46.82622774275869	18.0	18	18
46.926283784944076	18.0	18	18
47.026339827129455	18.0	18	18
47.126395869314834	18.0	18	18
47.22645191150022	18.0	18	18
47.3265079536856	18.0	18	18
47.426563995870985	18.0	18	18
47.526620038056365	18.0	18	18
47.626676080241744	18.0	18	18
47.72673212242713	18.0	18	18
47.82678816461251	18.0	18	18
47.92684420679789	18.0	18	18
48.026900248983274	18.0	18	18
48.12695629116865	18.0	18	18
48.22701233335404	18.0	18	18
48.32706837553942	17.0	17	17
48.4271244177248	17.0	17	17
48.527180459910184	17.0	17	17
48.62723650209556	17.0	17	17
48.72729254428094	17.0	17	17
48.82734858646633	17.0	17	17
48.92740462865171	17.0	17	17
49.027460670837094	17.0	17	17
49.12751671302247	17.0	17	17
49.22757275520785	17.0	17	17
49.32762879739324	17.0	17	17
49.42768483957862	17.0	17	17
49.527740881764004	17.0	17	17
49.62779692394938	17.0	17	17
49.72785296613476	16.0	16	16
49.82790900832015	16.0	16	16
49.92796505050553	16.0	16	16
50.028021092690906	16.0	16	16
50.12807713487629	16.0	16	16
50.22813317706167	16.0	16	16
50.32818921924706	16.0	16	16
50.42824526143244	16.0	16	16
50.528301303617816	16.0	16	16
50.6283573458032	16.0	16	16
50.72841338798858	16.0	16	16
50.82846943017396	17.0	17	17
50.92852547235935	17.0	17	17
51.028581514544726	17.0	17	17
51.12863755673011	17.0	17	17
51.22869359891549	16.0	16	16
51.32874964110087	16.0	16	16
51.42880568328626	16.0	16	16
51.528861725471636	16.0	16	16
51.62891776765702	16.0	16	16
51.7289738098424	16.0	16	16
51.82902985202778	16.0	16	16
51.929085894213166	16.0	16	16
52.029141936398545	16.0	16	16
52.129197978583925	16.0	16	16
52.22925402076931	16.0	16	16
52.32931006295469	16.0	16	16
52.429366105140076	16.0	16	16
52.529422147325455	17.0	17	17
52.629478189510834	17.0	17	17
52.72953423169622	17.0	17	17
52.8295902738816	17.0	17	17
52.92964631606698	17.0	17	17
53.029702358252365	17.0	17	17
53.129758400437744	17.0	17	17
53.22981444262313	17.0	17	17
53.32987048480851	17.0	17	17
53.42992652699389	17.0	17	17
53.529982569179275	17.0	17	17
53.630038611364654	17.0	17	17
53.73009465355004	17.0	17	17
53.83015069573542	16.0	16	16
53.9302067379208	16.0	16	16
54.030262780106185	16.0	16	16
54.130318822291564	16.0	16	16
54.23037486447694	16.0	16	16
54.33043090666233	16.0	16	16
54.43048694884771	16.0	16	16
54.530542991033094	16.0	16	16
54.63059903321847	16.0	16	16
54.73065507540385	16.0	16	16
54.83071111758924	16.0	16	16
54.93076715977462	15.0	15	15
55.03082320196	14.0	14	14
55.13087924414538	13.0	13	13
55.23093528633076	13.0	13	13
55.33099132851615	13.0	13	13
55.43104737070153	13.0	13	13
55.53110341288691	13.0	13	13
55.63115945507229	13.0	13	13
55.73121549725767	13.0	13	13
55.83127153944306	13.0	13	13
55.93132758162844	13.0	13	13
56.03138362381382	13.0	13	13
56.1314396659992	13.0	13	13
56.23149570818458	13.0	13	13
56.33155175036996	13.0	13	13
56.43160779255535	13.0	13	13
56.531663834740726	13.0	13	13
56.63171987692611	13.0	13	13
56.73177591911149	13.0	13	13
56.83183196129687	13.0	13	13
56.93188800348226	13.0	13	13
57.031944045667636	13.0	13	13
57.132000087853015	13.0	13	13
57.2320561300384	13.0	13	13
57.33211217222378	13.0	13	13
57.43216821440917	13.0	13	13
57.532224256594546	13.0	13	13
57.632280298779925	13.0	13	13
57.73233634096531	13.0	13	13
57.83239238315069	12.0	12	12
57.93244842533608	12.0	12	12
58.032504467521456	12.0	12	12
58.132560509706835	13.0	13	13
58.23261655189222	13.0	13	13
58.3326725940776	13.0	13	13
58.43272863626298	13.0	13	13
58.532784678448365	13.0	13	13
58.632840720633745	13.0	13	13
58.73289676281913	13.0	13	13
58.83295280500451	13.0	13	13
58.93300884718989	13.0	13	13
59.033064889375275	13.0	13	13
59.133120931560654	12.0	12	12
59.23317697374603	12.0	12	12
59.33323301593142	12.0	12	12
59.4332890581168	12.0	12	12
59.533345100302185	12.0	12	12
59.633401142487564	12.0	12	12
59.73345718467294	12.0	12	12
59.83351322685833	12.0	12	12
59.93356926904371	12.0	12	12
60.033625311229095	12.0	12	12
60.133681353414474	12.0	12	12
60.23373739559985	12.0	12	12
60.33379343778524	12.0	12	12
60.43384947997062	12.0	12	12
60.533905522156	11.0	11	11
60.633961564341384	11.0	11	11
60.73401760652676	11.0	11	11
60.83407364871215	11.0	11	11
60.93412969089753	11.0	11	11
61.03418573308291	11.0	11	11
61.13424177526829	11.0	11	11
61.23429781745367	11.0	11	11
61.33435385963905	11.0	11	11
61.43440990182444	11.0	11	11
61.53446594400982	11.0	11	11
61.6345219861952	10.0	10	10
61.73457802838058	10.0	10	10
61.83463407056596	10.0	10	10
61.93469011275135	10.0	10	10
62.03474615493673	10.0	10	10
62.13480219712211	10.0	10	10
62.23485823930749	10.0	10	10
62.33491428149287	10.0	10	10
62.43497032367826	10.0	10	10
62.53502636586364	10.0	10	10
62.635082408049016	10.0	10	10
62.7351384502344	10.0	10	10
62.83519449241978	10.0	10	10
62.93525053460517	9.0	9	9
63.035306576790546	9.0	9	9
63.135362618975925	9.0	9	9
63.23541866116131	9.0	9	9
63.33547470334669	9.0	9	9
63.43553074553207	9.0	9	9
63.535586787717456	9.0	9	9
63.635642829902835	9.0	9	9
63.73569887208822	9.0	9	9
63.8357549142736	9.0	9	9
63.93581095645898	9.0	9	9
64.03586699864437	9.0	9	9
64.13592304082975	9.0	9	9
64.23597908301512	9.0	9	9
64.33603512520051	9.0	9	9
64.4360911673859	9.0	9	9
64.53614720957127	10.0	10	10
64.63620325175665	10.0	10	10
64.73625929394204	10.0	10	10
64.83631533612741	10.0	10	10
64.9363713783128	10.0	10	10
65.03642742049819	10.0	10	10
65.13648346268356	10.0	10	10
65.23653950486894	10.0	10	10
65.33659554705433	10.0	10	10
65.43665158923972	10.0	10	10
65.53670763142509	11.0	11	11
65.63676367361047	13.0	13	13
65.73681971579586	13.0	13	13
65.83687575798123	13.0	13	13
65.93693180016662	13.0	13	13
66.036987842352	13.0	13	13
66.13704388453738	13.0	13	13
66.23709992672276	13.0	13	13
66.33715596890815	14.0	14	14
66.43721201109352	14.0	14	14
66.53726805327891	14.0	14	14
66.6373240954643	14.0	14	14
66.73738013764968	14.0	14	14
66.83743617983505	14.0	14	14
66.93749222202044	13.0	13	13
67.03754826420582	13.0	13	13
67.1376043063912	13.0	13	13
67.23766034857658	14.0	14	14
67.33771639076197	14.0	14	14
67.43777243294734	14.0	14	14
67.53782847513273	14.0	14	14
67.63788451731811	14.0	14	14
67.73794055950349	14.0	14	14
67.83799660168887	14.0	14	14
67.93805264387426	14.0	14	14
68.03810868605963	14.0	14	14
68.13816472824502	14.0	14	14
68.2382207704304	14.0	14	14
68.33827681261579	14.0	14	14
68.43833285480116	14.0	14	14
68.53838889698655	14.0	14	14
68.63844493917193	14.0	14	14
68.7385009813573	14.0	14	14
68.83855702354269	14.0	14	14
68.93861306572808	14.0	14	14
69.03866910791345	13.0	13	13
69.13872515009884	13.0	13	13
69.23878119228422	13.0	13	13
69.3388372344696	13.0	13	13
69.43889327665498	13.0	13	13
69.53894931884037	13.0	13	13
69.63900536102575	12.0	12	12
69.73906140321112	12.0	12	12
69.83911744539651	12.0	12	12
69.9391734875819	12.0	12	12
70.03922952976727	12.0	12	12
70.13928557195266	12.0	12	12
70.23934161413804	12.0	12	12
70.33939765632341	12.0	12	12
70.4394536985088	12.0	12	12
70.53950974069419	12.0	12	12
70.63956578287956	12.0	12	12
70.73962182506494	12.0	12	12
70.83967786725033	12.0	12	12
70.93973390943572	12.0	12	12
71.03978995162109	12.0	12	12
71.13984599380647	13.0	13	13
71.23990203599186	13.0	13	13
71.33995807817723	13.0	13	13
71.44001412036262	13.0	13	13
71.540070162548	13.0	13	13
71.64012620473338	13.0	13	13
71.74018224691876	13.0	13	13
71.84023828910415	13.0	13	13
71.94029433128952	13.0	13	13
72.04035037347491	13.0	13	13
72.1404064156603	13.0	13	13
72.24046245784567	13.0	13	13
72.34051850003105	13.0	13	13
72.44057454221644	12.0	12	12
72.54063058440182	12.0	12	12
72.6406866265872	12.0	12	12
72.74074266877258	12.0	12	12
72.84079871095797	12.0	12	12
72.94085475314334	12.0	12	12
73.04091079532873	12.0	12	12
73.14096683751411	12.0	12	12
73.24102287969949	12.0	12	12
73.34107892188487	12.0	12	12
73.44113496407026	12.0	12	12
73.54119100625563	12.0	12	12
73.64124704844102	12.0	12	12
73.7413030906264	12.0	12	12
73.84135913281179	12.0	12	12
73.94141517499716	12.0	12	12
74.04147121718255	12.0	12	12
74.14152725936793	12.0	12	12
74.2415833015533	12.0	12	12
74.34163934373869	12.0	12	12
74.44169538592408	12.0	12	12
74.54175142810945	12.0	12	12
74.64180747029484	12.0	12	12
74.74186351248022	12.0	12	12
74.8419195546656	12.0	12	12
74.94197559685098	12.0	12	12
75.04203163903637	12.0	12	12
75.14208768122175	12.0	12	12
75.24214372340712	12.0	12	12
75.34219976559251	12.0	12	12
75.4422558077779	12.0	12	12
75.54231184996327	12.0	12	12
75.64236789214866	12.0	12	12
75.74242393433404	12.0	12	12
75.84247997651941	12.0	12	12
75.9425360187048	12.0	12	12
76.04259206089019	12.0	12	12
76.14264810307556	12.0	12	12
76.24270414526094	12.0	12	12
76.34276018744633	12.0	12	12
76.4428162296317	12.0	12	12
76.54287227181709	12.0	12	12
76.64292831400248	12.0	12	12
76.74298435618786	12.0	12	12
76.84304039837323	12.0	12	12
76.94309644055862	12.0	12	12
77.043152482744	12.0	12	12
77.14320852492938	11.0	11	11
77.24326456711476	11.0	11	11
77.34332060930015	11.0	11	11
77.44337665148552	11.0	11	11
77.54343269367091	11.0	11	11
77.6434887358563	11.0	11	11
77.74354477804167	11.0	11	11
77.84360082022705	11.0	11	11
77.94365686241244	10.0	10	10
78.04371290459783	10.0	10	10
78.1437689467832	10.0	10	10
78.24382498896858	10.0	10	10
78.34388103115397	10.0	10	10
78.44393707333934	10.0	10	10
78.54399311552473	10.0	10	10
78.64404915771011	10.0	10	10
78.74410519989549	10.0	10	10
78.84416124208087	10.0	10	10
78.94421728426626	11.0	11	11
79.04427332645163	11.0	11	11
79.14432936863702	11.0	11	11
79.2443854108224	11.0	11	11
79.34444145300779	11.0	11	11
79.44449749519316	11.0	11	11
79.54455353737855	11.0	11	11
79.64460957956393	11.0	11	11
79.7446656217493	11.0	11	11
79.84472166393469	11.0	11	11
79.94477770612008	12.0	12	12
80.04483374830545	12.0	12	12
80.14488979049084	12.0	12	12
80.24494583267622	12.0	12	12
80.3450018748616	12.0	12	12
80.44505791704698	12.0	12	12
80.54511395923237	12.0	12	12
80.64517000141774	12.0	12	12
80.74522604360313	12.0	12	12
80.84528208578851	12.0	12	12
80.9453381279739	12.0	12	12
81.04539417015927	12.0	12	12
81.14545021234466	12.0	12	12
81.24550625453004	12.0	12	12
81.34556229671541	12.0	12	12
81.4456183389008	12.0	12	12
81.54567438108619	12.0	12	12
81.64573042327156	12.0	12	12
81.74578646545694	12.0	12	12
81.84584250764233	12.0	12	12
81.9458985498277	12.0	12	12
82.04595459201309	12.0	12	12
82.14601063419848	12.0	12	12
82.24606667638386	12.0	12	12
82.34612271856923	12.0	12	12
82.44617876075462	12.0	12	12
82.54623480294	12.0	12	12
82.64629084512538	12.0	12	12
82.74634688731076	12.0	12	12
82.84640292949615	12.0	12	12
82.94645897168152	12.0	12	12
83.04651501386691	12.0	12	12
83.1465710560523	12.0	12	12
83.24662709823767	12.0	12	12
83.34668314042305	12.0	12	12
83.44673918260844	12.0	12	12
83.54679522479383	11.0	11	11
83.6468512669792	11.0	11	11
83.74690730916458	11.0	11	11
83.84696335134997	11.0	11	11
83.94701939353534	11.0	11	11
84.04707543572073	11.0	11	11
84.14713147790611	10.0	10	10
84.24718752009149	10.0	10	10
84.34724356227687	10.0	10	10
84.44729960446226	10.0	10	10
84.54735564664763	10.0	10	10
84.64741168883302	10.0	10	10
84.7474677310184	10.0	10	10
84.84752377320378	10.0	10	10
84.94757981538916	10.0	10	10
85.04763585757455	11.0	11	11
85.14769189975993	11.0	11	11
85.2477479419453	11.0	11	11
85.34780398413069	11.0	11	11
85.44786002631608	11.0	11	11
85.54791606850145	11.0	11	11
85.64797211068684	11.0	11	11
85.74802815287222	11.0	11	11
85.8480841950576	11.0	11	11
85.94814023724298	11.0	11	11
86.04819627942837	11.0	11	11
86.14825232161374	11.0	11	11
86.24830836379913	11.0	11	11
86.34836440598451	11.0	11	11
86.4484204481699	11.0	11	11
86.54847649035527	11.0	11	11
86.64853253254066	11.0	11	11
86.74858857472604	10.0	10	10
86.84864461691141	10.0	10	10
86.9487006590968	10.0	10	10
87.04875670128219	10.0	10	10
87.14881274346756	9.0	9	9
87.24886878565295	9.0	9	9
87.34892482783833	9.0	9	9
87.4489808700237	9.0	9	9
87.54903691220909	9.0	9	9
87.64909295439448	9.0	9	9
87.74914899657986	9.0	9	9
87.84920503876523	9.0	9	9
87.94926108095062	9.0	9	9
88.049317123136	9.0	9	9
88.14937316532138	9.0	9	9
88.24942920750676	9.0	9	9
88.34948524969215	9.0	9	9
88.44954129187752	9.0	9	9
88.54959733406291	9.0	9	9
88.6496533762483	9.0	9	9
88.74970941843367	9.0	9	9
88.84976546061905	9.0	9	9
88.94982150280444	9.0	9	9
89.04987754498981	9.0	9	9
89.1499335871752	9.0	9	9
89.24998962936058	9.0	9	9
89.35004567154597	9.0	9	9
89.45010171373134	9.0	9	9
89.55015775591673	9.0	9	9
89.65021379810211	9.0	9	9
89.75026984028749	9.0	9	9
89.85032588247287	9.0	9	9
89.95038192465826	9.0	9	9
90.05043796684363	9.0	9	9
90.15049400902902	9.0	9	9
90.2505500512144	9.0	9	9
90.35060609339978	9.0	9	9
90.45066213558516	9.0	9	9
90.55071817777055	9.0	9	9
90.65077421995593	9.0	9	9
90.7508302621413	9.0	9	9
90.85088630432669	9.0	9	9
90.95094234651208	9.0	9	9
91.05099838869745	9.0	9	9
91.15105443088284	9.0	9	9
91.25111047306822	9.0	9	9
91.3511665152536	9.0	9	9
91.45122255743898	9.0	9	9
91.55127859962437	9.0	9	9
91.65133464180974	9.0	9	9
91.75139068399513	9.0	9	9
91.85144672618051	9.0	9	9
91.9515027683659	9.0	9	9
92.05155881055127	9.0	9	9
92.15161485273666	9.0	9	9
92.25167089492204	9.0	9	9
92.35172693710741	9.0	9	9
92.4517829792928	9.0	9	9
92.55183902147819	9.0	9	9
92.65189506366356	9.0	9	9
92.75195110584895	9.0	9	9
92.85200714803433	9.0	9	9
92.9520631902197	9.0	9	9
93.05211923240509	9.0	9	9
93.15217527459048	9.0	9	9
93.25223131677585	9.0	9	9
93.35228735896123	9.0	9	9
93.45234340114662	9.0	9	9
93.552399443332	9.0	9	9
93.65245548551738	9.0	9	9
93.75251152770277	9.0	9	9
93.85256756988815	9.0	9	9
93.95262361207352	9.0	9	9
94.05267965425891	9.0	9	9
94.1527356964443	9.0	9	9
94.25279173862967	9.0	9	9
94.35284778081505	9.0	9	9
94.45290382300044	9.0	9	9
94.55295986518581	10.0	10	10
94.6530159073712	10.0	10	10
94.75307194955658	10.0	10	10
94.85312799174197	10.0	10	10
94.95318403392734	10.0	10	10
95.05324007611273	10.0	10	10
95.15329611829812	10.0	10	10
95.25335216048349	11.0	11	11
95.35340820266887	11.0	11	11
95.45346424485426	11.0	11	11
95.55352028703963	11.0	11	11
95.65357632922502	11.0	11	11
95.7536323714104	11.0	11	11
95.85368841359578	11.0	11	11
95.95374445578116	11.0	11	11
96.05380049796655	11.0	11	11
96.15385654015193	11.0	11	11
96.2539125823373	11.0	11	11
96.3539686245227	11.0	11	11
96.45402466670808	11.0	11	11
96.55408070889345	11.0	11	11
96.65413675107884	11.0	11	11
96.75419279326422	12.0	12	12
96.8542488354496	12.0	12	12
96.95430487763498	12.0	12	12
97.05436091982037	12.0	12	12
97.15441696200574	12.0	12	12
97.25447300419113	12.0	12	12
97.35452904637651	12.0	12	12
97.45458508856188	12.0	12	12
97.55464113074727	12.0	12	12
97.65469717293266	12.0	12	12
97.75475321511804	12.0	12	12
97.85480925730342	12.0	12	12
97.9548652994888	12.0	12	12
98.05492134167419	12.0	12	12
98.15497738385956	12.0	12	12
98.25503342604495	12.0	12	12
98.35508946823033	12.0	12	12
98.4551455104157	12.0	12	12
98.55520155260109	12.0	12	12
98.65525759478648	12.0	12	12
98.75531363697185	12.0	12	12
98.85536967915723	12.0	12	12
98.95542572134262	12.0	12	12
99.05548176352801	12.0	12	12
99.15553780571338	12.0	12	12
99.25559384789877	12.0	12	12
99.35564989008415	12.0	12	12
99.45570593226952	12.0	12	12
99.55576197445491	12.0	12	12
99.6558180166403	12.0	12	12
99.75587405882567	12.0	12	12
99.85593010101105	12.0	12	12
99.95598614319644	12.0	12	12
100.05604218538181	12.0	12	12
100.1560982275672	12.0	12	12
100.25615426975259	12.0	12	12
100.35621031193797	12.0	12	12
100.45626635412334	12.0	12	12
100.55632239630873	12.0	12	12
100.65637843849412	12.0	12	12
100.75643448067949	12.0	12	12
100.85649052286487	12.0	12	12
100.95654656505026	12.0	12	12
101.05660260723563	11.0	11	11
101.15665864942102	11.0	11	11
101.2567146916064	11.0	11	11
101.35677073379178	11.0	11	11
101.45682677597716	11.0	11	11
101.55688281816255	11.0	11	11
101.65693886034792	11.0	11	11
101.75699490253331	11.0	11	11
101.8570509447187	11.0	11	11
101.95710698690408	11.0	11	11
102.05716302908945	11.0	11	11
102.15721907127484	11.0	11	11
102.25727511346022	11.0	11	11
102.3573311556456	11.0	11	11
102.45738719783098	11.0	11	11
102.55744324001637	11.0	11	11
102.65749928220174	11.0	11	11
102.75755532438713	11.0	11	11
102.85761136657251	11.0	11	11
102.95766740875789	11.0	11	11
103.05772345094327	11.0	11	11
103.15777949312866	11.0	11	11
103.25783553531404	11.0	11	11
103.35789157749942	11.0	11	11
103.4579476196848	11.0	11	11
103.55800366187019	11.0	11	11
103.65805970405556	11.0	11	11
103.75811574624095	11.0	11	11
103.85817178842633	11.0	11	11
103.9582278306117	11.0	11	11
104.05828387279709	11.0	11	11
104.15833991498248	11.0	11	11
104.25839595716785	11.0	11	11
104.35845199935324	11.0	11	11
104.45850804153862	11.0	11	11
104.558564083724	11.0	11	11
104.65862012590938	11.0	11	11
104.75867616809477	11.0	11	11
104.85873221028015	11.0	11	11
104.95878825246552	11.0	11	11
105.05884429465091	11.0	11	11
105.1589003368363	11.0	11	11
105.25895637902167	11.0	11	11
105.35901242120705	11.0	11	11
105.45906846339244	11.0	11	11
105.55912450557781	11.0	11	11
105.6591805477632	11.0	11	11
105.75923658994859	11.0	11	11
105.85929263213396	11.0	11	11
105.95934867431934	11.0	11	11
106.05940471650473	11.0	11	11
106.15946075869012	11.0	11	11
106.25951680087549	11.0	11	11
106.35957284306087	11.0	11	11
106.45962888524626	11.0	11	11
106.55968492743163	11.0	11	11
106.65974096961702	11.0	11	11
106.7597970118024	11.0	11	11
106.85985305398778	11.0	11	11
106.95990909617316	11.0	11	11
107.05996513835855	11.0	11	11
107.16002118054392	11.0	11	11
107.26007722272931	11.0	11	11
107.3601332649147	10.0	10	10
107.46018930710008	10.0	10	10
107.56024534928545	10.0	10	10
107.66030139147084	10.0	10	10
107.76035743365622	10.0	10	10
107.8604134758416	10.0	10	10
107.96046951802698	10.0	10	10
108.06052556021237	10.0	10	10
108.16058160239774	10.0	10	10
108.26063764458313	10.0	10	10
108.36069368676851	9.0	9	9
108.46074972895389	9.0	9	9
108.56080577113927	9.0	9	9
108.66086181332466	9.0	9	9
108.76091785551003	9.0	9	9
108.86097389769542	9.0	9	9
108.9610299398808	9.0	9	9
109.06108598206619	9.0	9	9
109.16114202425156	9.0	9	9
109.26119806643695	9.0	9	9
109.36125410862233	9.0	9	9
109.4613101508077	9.0	9	9
109.56136619299309	9.0	9	9
109.66142223517848	9.0	9	9
109.76147827736385	9.0	9	9
109.86153431954924	9.0	9	9
109.96159036173462	9.0	9	9
110.06164640392	9.0	9	9
110.16170244610538	9.0	9	9
110.26175848829077	9.0	9	9
110.36181453047615	9.0	9	9
110.46187057266152	9.0	9	9
110.56192661484691	9.0	9	9
110.6619826570323	9.0	9	9
110.76203869921767	9.0	9	9
110.86209474140306	9.0	9	9
110.96215078358844	9.0	9	9
111.06220682577381	9.0	9	9
111.1622628679592	9.0	9	9
111.26231891014459	9.0	9	9
111.36237495232996	9.0	9	9
111.46243099451534	9.0	9	9
111.56248703670073	9.0	9	9
111.66254307888612	9.0	9	9
111.76259912107149	9.0	9	9
111.86265516325687	9.0	9	9
111.96271120544226	9.0	9	9
112.06276724762763	9.0	9	9
112.16282328981302	9.0	9	9
112.2628793319984	10.0	10	10
112.36293537418378	10.0	10	10
112.46299141636916	10.0	10	10
112.56304745855455	9.0	9	9
112.66310350073992	9.0	9	9
112.76315954292531	9.0	9	9
112.8632155851107	9.0	9	9
112.96327162729607	9.0	9	9
113.06332766948145	9.0	9	9
113.16338371166684	9.0	9	9
113.26343975385223	9.0	9	9
113.3634957960376	9.0	9	9
113.46355183822298	9.0	9	9
113.56360788040837	9.0	9	9
113.66366392259374	9.0	9	9
113.76371996477913	9.0	9	9
113.86377600696451	9.0	9	9
113.96383204914989	9.0	9	9
114.06388809133527	9.0	9	9
114.16394413352066	9.0	9	9
114.26400017570603	9.0	9	9
114.36405621789142	9.0	9	9
114.4641122600768	9.0	9	9
114.56416830226219	9.0	9	9
114.66422434444756	9.0	9	9
114.76428038663295	9.0	9	9
114.86433642881833	9.0	9	9
114.9643924710037	9.0	9	9
115.06444851318909	9.0	9	9
115.16450455537448	9.0	9	9
115.26456059755985	9.0	9	9
115.36461663974524	9.0	9	9
115.46467268193062	9.0	9	9
115.564728724116	9.0	9	9
115.66478476630138	9.0	9	9
115.76484080848677	9.0	9	9
115.86489685067215	9.0	9	9
115.96495289285753	9.0	9	9
116.06500893504291	9.0	9	9
116.1650649772283	9.0	9	9
116.26512101941367	9.0	9	9
116.36517706159906	9.0	9	9
116.46523310378444	9.0	9	9
116.56528914596981	9.0	9	9
116.6653451881552	9.0	9	9
116.76540123034059	9.0	9	9
116.86545727252596	9.0	9	9
116.96551331471134	9.0	9	9
117.06556935689673	9.0	9	9
117.1656253990821	9.0	9	9
117.26568144126749	9.0	9	9
117.36573748345288	9.0	9	9
117.46579352563826	9.0	9	9
117.56584956782363	9.0	9	9
117.66590561000902	9.0	9	9
117.7659616521944	9.0	9	9
117.86601769437978	9.0	9	9
117.96607373656516	10.0	10	10
118.06612977875055	10.0	10	10
118.16618582093592	10.0	10	10
118.26624186312131	10.0	10	10
118.3662979053067	10.0	10	10
118.46635394749207	10.0	10	10
118.56640998967745	10.0	10	10
118.66646603186284	10.0	10	10
118.76652207404823	10.0	10	10
118.8665781162336	10.0	10	10
118.96663415841898	10.0	10	10
119.06669020060437	10.0	10	10
119.16674624278974	9.0	9	9
119.26680228497513	9.0	9	9
119.36685832716051	9.0	9	9
119.46691436934589	9.0	9	9
119.56697041153127	9.0	9	9
119.66702645371666	9.0	9	9
119.76708249590203	9.0	9	9
119.86713853808742	9.0	9	9
119.9671945802728	8.0	8	8
120.06725062245819	8.0	8	8
120.16730666464356	8.0	8	8
120.26736270682895	8.0	8	8
120.36741874901433	8.0	8	8
120.4674747911997	8.0	8	8
120.56753083338509	8.0	8	8
120.66758687557048	8.0	8	8
120.76764291775585	8.0	8	8
120.86769895994124	8.0	8	8
120.96775500212662	8.0	8	8
121.067811044312	8.0	8	8
121.16786708649738	8.0	8	8
121.26792312868277	8.0	8	8
121.36797917086814	8.0	8	8
121.46803521305353	8.0	8	8
121.56809125523891	8.0	8	8
121.6681472974243	8.0	8	8
121.76820333960967	8.0	8	8
121.86825938179506	8.0	8	8
121.96831542398044	8.0	8	8
122.06837146616581	8.0	8	8
122.1684275083512	8.0	8	8
122.26848355053659	8.0	8	8
122.36853959272196	8.0	8	8
122.46859563490735	8.0	8	8
122.56865167709273	8.0	8	8
122.6687077192781	8.0	8	8
122.76876376146349	8.0	8	8
122.86881980364888	8.0	8	8
122.96887584583426	8.0	8	8
123.06893188801963	8.0	8	8
123.16898793020502	8.0	8	8
123.2690439723904	8.0	8	8
123.36910001457578	8.0	8	8
123.46915605676116	8.0	8	8
123.56921209894655	8.0	8	8
123.66926814113192	7.0	7	7
123.76932418331731	8.0	8	8
123.8693802255027	8.0	8	8
123.96943626768807	8.0	8	8
124.06949230987345	8.0	8	8
124.16954835205884	8.0	8	8
124.26960439424423	8.0	8	8
124.3696604364296	8.0	8	8
124.46971647861498	8.0	8	8
124.56977252080037	8.0	8	8
124.66982856298574	8.0	8	8
124.76988460517113	8.0	8	8
124.86994064735651	8.0	8	8
124.96999668954189	8.0	8	8
125.07005273172727	8.0	8	8
125.17010877391266	8.0	8	8
125.27016481609803	8.0	8	8
125.37022085828342	8.0	8	8
125.4702769004688	8.0	8	8
125.57033294265418	8.0	8	8
125.67038898483956	8.0	8	8
125.77044502702495	8.0	8	8
125.87050106921033	8.0	8	8
125.9705571113957	8.0	8	8
126.07061315358109	8.0	8	8
126.17066919576648	8.0	8	8
126.27072523795185	8.0	8	8
126.37078128013724	8.0	8	8
126.47083732232262	8.0	8	8
126.570893364508	8.0	8	8
126.67094940669338	8.0	8	8
126.77100544887877	8.0	8	8
126.87106149106414	8.0	8	8
126.97111753324953	8.0	8	8
127.07117357543491	8.0	8	8
127.1712296176203	8.0	8	8
127.27128565980567	8.0	8	8
127.37134170199106	8.0	8	8
127.47139774417644	8.0	8	8
127.57145378636181	8.0	8	8
127.6715098285472	8.0	8	8
127.77156587073259	8.0	8	8
127.87162191291796	8.0	8	8
127.97167795510335	8.0	8	8
128.07173399728873	8.0	8	8
128.1717900394741	8.0	8	8
128.2718460816595	8.0	8	8
128.37190212384488	8.0	8	8
128.47195816603025	8.0	8	8
128.57201420821565	8.0	8	8
128.67207025040102	8.0	8	8
128.7721262925864	8.0	8	8
128.8721823347718	8.0	8	8
128.97223837695716	8.0	8	8
129.07229441914254	8.0	8	8
129.17235046132794	8.0	8	8
129.2724065035133	8.0	8	8
129.37246254569868	8.0	8	8
129.47251858788408	8.0	8	8
129.57257463006945	8.0	8	8
129.67263067225483	8.0	8	8
129.77268671444023	8.0	8	8
129.8727427566256	8.0	8	8
129.97279879881097	8.0	8	8
130.07285484099637	8.0	8	8
130.17291088318174	8.0	8	8
130.27296692536711	8.0	8	8
130.37302296755252	8.0	8	8
130.4730790097379	8.0	8	8
130.5731350519233	8.0	8	8
130.67319109410866	8.0	8	8
130.77324713629403	8.0	8	8
130.87330317847943	8.0	8	8
130.9733592206648	8.0	8	8
131.07341526285018	8.0	8	8
131.17347130503558	8.0	8	8
131.27352734722095	8.0	8	8
131.37358338940632	8.0	8	8
131.47363943159172	8.0	8	8
131.5736954737771	8.0	8	8
131.67375151596246	8.0	8	8
131.77380755814787	8.0	8	8
131.87386360033324	9.0	9	9
131.9739196425186	9.0	9	9
132.073975684704	9.0	9	9
132.17403172688938	10.0	10	10
132.27408776907475	10.0	10	10
132.37414381126015	10.0	10	10
132.47419985344553	11.0	11	11
132.5742558956309	11.0	11	11
132.6743119378163	11.0	11	11
132.77436798000167	11.0	11	11
132.87442402218704	11.0	11	11
132.97448006437244	11.0	11	11
133.07453610655782	11.0	11	11
133.1745921487432	11.0	11	11
133.2746481909286	11.0	11	11
133.37470423311396	11.0	11	11
133.47476027529936	11.0	11	11
133.57481631748473	11.0	11	11
133.6748723596701	11.0	11	11
133.7749284018555	11.0	11	11
133.87498444404088	11.0	11	11
133.97504048622625	11.0	11	11
134.07509652841165	11.0	11	11
134.17515257059702	11.0	11	11
134.2752086127824	11.0	11	11
134.3752646549678	11.0	11	11
134.47532069715317	11.0	11	11
134.57537673933854	11.0	11	11
134.67543278152394	11.0	11	11
134.7754888237093	11.0	11	11
134.87554486589468	11.0	11	11
134.97560090808008	11.0	11	11
135.07565695026545	11.0	11	11
135.17571299245083	11.0	11	11
135.27576903463623	11.0	11	11
135.3758250768216	11.0	11	11
135.47588111900697	11.0	11	11
135.57593716119237	11.0	11	11
135.67599320337774	11.0	11	11
135.77604924556312	11.0	11	11
135.87610528774852	11.0	11	11
135.9761613299339	11.0	11	11
136.07621737211926	11.0	11	11
136.17627341430466	11.0	11	11
136.27632945649003	11.0	11	11
136.37638549867543	11.0	11	11
136.4764415408608	11.0	11	11
136.57649758304618	11.0	11	11
136.67655362523158	11.0	11	11
136.77660966741695	11.0	11	11
136.87666570960232	11.0	11	11
136.97672175178772	11.0	11	11
137.0767777939731	11.0	11	11
137.17683383615847	11.0	11	11
137.27688987834387	11.0	11	11
137.37694592052924	11.0	11	11
137.4770019627146	11.0	11	11
137.5770580049	11.0	11	11
137.67711404708538	11.0	11	11
137.77717008927075	11.0	11	11
137.87722613145615	11.0	11	11
137.97728217364153	11.0	11	11
138.0773382158269	11.0	11	11
138.1773942580123	11.0	11	11
138.27745030019767	11.0	11	11
138.37750634238304	11.0	11	11
138.47756238456844	11.0	11	11
138.57761842675382	11.0	11	11
138.6776744689392	11.0	11	11
138.7777305111246	11.0	11	11
138.87778655330996	11.0	11	11
138.97784259549536	11.0	11	11
139.07789863768073	11.0	11	11
139.1779546798661	11.0	11	11
139.2780107220515	12.0	12	12
139.37806676423688	12.0	12	12
139.47812280642225	12.0	12	12
139.57817884860765	12.0	12	12
139.67823489079302	12.0	12	12
139.7782909329784	12.0	12	12
139.8783469751638	12.0	12	12
139.97840301734917	12.0	12	12
140.07845905953454	12.0	12	12
140.17851510171994	12.0	12	12
140.2785711439053	12.0	12	12
140.37862718609068	12.0	12	12
140.47868322827608	12.0	12	12
140.57873927046145	12.0	12	12
140.67879531264683	12.0	12	12
140.77885135483223	12.0	12	12
140.8789073970176	12.0	12	12
140.97896343920297	12.0	12	12
141.07901948138837	12.0	12	12
141.17907552357374	12.0	12	12
141.27913156575912	12.0	12	12
141.37918760794452	11.0	11	11
141.4792436501299	11.0	11	11
141.57929969231526	11.0	11	11
141.67935573450066	11.0	11	11
141.77941177668603	11.0	11	11
141.87946781887143	11.0	11	11
141.9795238610568	10.0	10	10
142.07957990324218	10.0	10	10
142.17963594542758	10.0	10	10
142.27969198761295	10.0	10	10
142.37974802979832	10.0	10	10
142.47980407198372	10.0	10	10
142.5798601141691	10.0	10	10
142.67991615635447	10.0	10	10
142.77997219853987	9.0	9	9
142.88002824072524	9.0	9	9
142.9800842829106	9.0	9	9
143.080140325096	9.0	9	9
143.18019636728138	9.0	9	9
143.28025240946675	9.0	9	9
143.38030845165216	9.0	9	9
143.48036449383753	9.0	9	9
143.5804205360229	9.0	9	9
143.6804765782083	9.0	9	9
143.78053262039367	9.0	9	9
143.88058866257904	9.0	9	9
143.98064470476444	9.0	9	9
144.08070074694982	9.0	9	9
144.1807567891352	9.0	9	9
144.2808128313206	9.0	9	9
144.38086887350596	9.0	9	9
144.48092491569133	9.0	9	9
144.58098095787673	9.0	9	9
144.6810370000621	9.0	9	9
144.7810930422475	9.0	9	9
144.88114908443288	9.0	9	9
144.98120512661825	9.0	9	9
145.08126116880365	9.0	9	9
145.18131721098902	9.0	9	9
145.2813732531744	9.0	9	9
145.3814292953598	9.0	9	9
145.48148533754517	8.0	8	8
145.58154137973054	8.0	8	8
145.68159742191594	8.0	8	8
145.7816534641013	8.0	8	8
145.88170950628668	8.0	8	8
145.98176554847208	8.0	8	8
146.08182159065746	8.0	8	8
146.18187763284283	8.0	8	8
146.28193367502823	8.0	8	8
146.3819897172136	8.0	8	8
146.48204575939897	8.0	8	8
146.58210180158437	8.0	8	8
146.68215784376974	8.0	8	8
146.78221388595512	8.0	8	8
146.88226992814052	8.0	8	8
146.9823259703259	8.0	8	8
147.08238201251126	8.0	8	8
147.18243805469666	8.0	8	8
147.28249409688203	8.0	8	8
147.38255013906743	8.0	8	8
147.4826061812528	9.0	9	9
147.58266222343818	9.0	9	9
147.68271826562358	9.0	9	9
147.78277430780895	9.0	9	9
147.88283034999432	9.0	9	9
147.98288639217972	9.0	9	9
148.0829424343651	9.0	9	9
148.18299847655047	9.0	9	9
148.28305451873587	9.0	9	9
148.38311056092124	9.0	9	9
148.4831666031066	9.0	9	9
148.583222645292	9.0	9	9
148.68327868747738	9.0	9	9
148.78333472966276	9.0	9	9
148.88339077184816	9.0	9	9
148.98344681403353	9.0	9	9
149.0835028562189	9.0	9	9
149.1835588984043	9.0	9	9
149.28361494058967	9.0	9	9
149.38367098277504	9.0	9	9
149.48372702496044	9.0	9	9
149.58378306714582	9.0	9	9
149.6838391093312	9.0	9	9
149.7838951515166	9.0	9	9
149.88395119370196	9.0	9	9
149.98400723588733	9.0	9	9
150.08406327807273	9.0	9	9
150.1841193202581	9.0	9	9
150.2841753624435	9.0	9	9
150.38423140462888	9.0	9	9
150.48428744681425	9.0	9	9
150.58434348899965	9.0	9	9
150.68439953118502	9.0	9	9
150.7844555733704	9.0	9	9
150.8845116155558	9.0	9	9
150.98456765774117	9.0	9	9
151.08462369992654	9.0	9	9
151.18467974211194	9.0	9	9
151.2847357842973	9.0	9	9
151.38479182648268	9.0	9	9
151.48484786866808	9.0	9	9
151.58490391085346	9.0	9	9
151.68495995303883	9.0	9	9
151.78501599522423	9.0	9	9
151.8850720374096	9.0	9	9
151.98512807959497	9.0	9	9
152.08518412178037	9.0	9	9
152.18524016396574	9.0	9	9
152.28529620615112	10.0	10	10
152.38535224833652	10.0	10	10
152.4854082905219	10.0	10	10
152.58546433270726	10.0	10	10
152.68552037489266	10.0	10	10
152.78557641707803	10.0	10	10
152.8856324592634	10.0	10	10
152.9856885014488	10.0	10	10
153.08574454363418	10.0	10	10
153.18580058581958	10.0	10	10
153.28585662800495	10.0	10	10
153.38591267019032	10.0	10	10
153.48596871237572	10.0	10	10
153.5860247545611	10.0	10	10
153.68608079674647	10.0	10	10
153.78613683893187	10.0	10	10
153.88619288111724	10.0	10	10
153.9862489233026	10.0	10	10
154.086304965488	10.0	10	10
154.18636100767338	10.0	10	10
154.28641704985876	10.0	10	10
154.38647309204416	10.0	10	10
154.48652913422953	10.0	10	10
154.5865851764149	9.0	9	9
154.6866412186003	9.0	9	9
154.78669726078567	9.0	9	9
154.88675330297104	9.0	9	9
154.98680934515644	9.0	9	9
155.08686538734182	9.0	9	9
155.1869214295272	9.0	9	9
155.2869774717126	9.0	9	9
155.38703351389796	9.0	9	9
155.48708955608333	9.0	9	9
155.58714559826873	9.0	9	9
155.6872016404541	8.0	8	8
155.78725768263948	8.0	8	8
155.88731372482488	8.0	8	8
155.98736976701025	8.0	8	8
156.08742580919565	8.0	8	8
156.18748185138102	8.0	8	8
156.2875378935664	8.0	8	8
156.3875939357518	8.0	8	8
156.48764997793717	8.0	8	8
156.58770602012254	8.0	8	8
156.68776206230794	8.0	8	8
156.7878181044933	8.0	8	8
156.88787414667868	8.0	8	8
156.98793018886408	8.0	8	8
157.08798623104946	8.0	8	8
157.18804227323483	8.0	8	8
157.28809831542023	8.0	8	8
157.3881543576056	8.0	8	8
157.48821039979097	8.0	8	8
157.58826644197637	8.0	8	8
157.68832248416174	8.0	8	8
157.78837852634712	7.0	7	7
157.88843456853252	7.0	7	7
157.9884906107179	7.0	7	7
158.08854665290326	7.0	7	7
158.18860269508866	7.0	7	7
158.28865873727403	7.0	7	7
158.3887147794594	7.0	7	7
158.4887708216448	7.0	7	7
158.58882686383018	7.0	7	7
158.68888290601558	7.0	7	7
158.78893894820095	7.0	7	7
158.88899499038632	6.0	6	6
158.98905103257172	6.0	6	6
159.0891070747571	6.0	6	6
159.18916311694247	6.0	6	6
159.28921915912787	6.0	6	6
159.38927520131324	6.0	6	6
159.4893312434986	6.0	6	6
159.589387285684	6.0	6	6
159.68944332786938	6.0	6	6
159.78949937005476	6.0	6	6
159.88955541224016	6.0	6	6
159.98961145442553	6.0	6	6
160.0896674966109	6.0	6	6
160.1897235387963	6.0	6	6
160.28977958098167	6.0	6	6
160.38983562316704	6.0	6	6
160.48989166535245	5.0	5	5
160.58994770753782	5.0	5	5
160.6900037497232	5.0	5	5
160.7900597919086	5.0	5	5
160.89011583409396	5.0	5	5
160.99017187627933	5.0	5	5
161.09022791846473	5.0	5	5
161.1902839606501	5.0	5	5
161.29034000283548	5.0	5	5
161.39039604502088	5.0	5	5
161.49045208720625	5.0	5	5
161.59050812939165	5.0	5	5
161.69056417157702	5.0	5	5
161.7906202137624	5.0	5	5
161.8906762559478	5.0	5	5
161.99073229813317	5.0	5	5
162.09078834031854	5.0	5	5
162.19084438250394	5.0	5	5
162.2909004246893	5.0	5	5
162.39095646687468	5.0	5	5
162.49101250906008	5.0	5	5
162.59106855124546	5.0	5	5
162.69112459343083	5.0	5	5
162.79118063561623	5.0	5	5
162.8912366778016	5.0	5	5
162.99129271998697	5.0	5	5
163.09134876217237	5.0	5	5
163.19140480435775	5.0	5	5
163.29146084654312	5.0	5	5
163.39151688872852	5.0	5	5
163.4915729309139	5.0	5	5
163.59162897309926	5.0	5	5
163.69168501528466	5.0	5	5
163.79174105747003	5.0	5	5
163.8917970996554	5.0	5	5
163.9918531418408	5.0	5	5
164.09190918402618	5.0	5	5
164.19196522621155	5.0	5	5
164.29202126839695	5.0	5	5
164.39207731058232	5.0	5	5
164.49213335276772	5.0	5	5
164.5921893949531	5.0	5	5
164.69224543713847	5.0	5	5
164.79230147932387	5.0	5	5
164.89235752150924	5.0	5	5
164.9924135636946	5.0	5	5
165.09246960588	7.0	7	7
165.19252564806538	7.0	7	7
165.29258169025076	7.0	7	7
165.39263773243616	7.0	7	7
165.49269377462153	7.0	7	7
165.5927498168069	7.0	7	7
165.6928058589923	7.0	7	7
165.79286190117767	7.0	7	7
165.89291794336305	7.0	7	7
165.99297398554845	7.0	7	7
166.09303002773382	7.0	7	7
166.1930860699192	7.0	7	7
166.2931421121046	7.0	7	7
166.39319815428996	7.0	7	7
166.49325419647533	7.0	7	7
166.59331023866073	7.0	7	7
166.6933662808461	7.0	7	7
166.79342232303148	7.0	7	7
166.89347836521688	7.0	7	7
166.99353440740225	7.0	7	7
167.09359044958765	7.0	7	7
167.19364649177302	7.0	7	7
167.2937025339584	7.0	7	7
167.3937585761438	7.0	7	7
167.49381461832917	7.0	7	7
167.59387066051454	7.0	7	7
167.69392670269994	7.0	7	7
167.7939827448853	7.0	7	7
167.89403878707068	7.0	7	7
167.99409482925608	7.0	7	7
168.09415087144146	7.0	7	7
168.19420691362683	7.0	7	7
168.29426295581223	7.0	7	7
168.3943189979976	7.0	7	7
168.49437504018297	7.0	7	7
168.59443108236837	7.0	7	7
168.69448712455375	7.0	7	7
168.79454316673912	7.0	7	7
168.89459920892452	7.0	7	7
168.9946552511099	7.0	7	7
169.09471129329526	7.0	7	7
169.19476733548066	7.0	7	7
169.29482337766603	7.0	7	7
169.3948794198514	7.0	7	7
169.4949354620368	6.0	6	6
169.59499150422218	6.0	6	6
169.69504754640755	6.0	6	6
169.79510358859295	6.0	6	6
169.89515963077832	6.0	6	6
169.99521567296372	6.0	6	6
170.0952717151491	6.0	6	6
170.19532775733447	6.0	6	6
170.29538379951987	5.0	5	5
170.39543984170524	5.0	5	5
170.4954958838906	5.0	5	5
170.595551926076	5.0	5	5
170.69560796826138	5.0	5	5
170.79566401044676	5.0	5	5
170.89572005263216	5.0	5	5
170.99577609481753	4.0	4	4
171.0958321370029	4.0	4	4
171.1958881791883	4.0	4	4
171.29594422137367	4.0	4	4
171.39600026355905	4.0	4	4
171.49605630574445	4.0	4	4
171.59611234792982	4.0	4	4
171.6961683901152	4.0	4	4
171.7962244323006	4.0	4	4
171.89628047448596	4.0	4	4
171.99633651667133	4.0	4	4
172.09639255885673	4.0	4	4
172.1964486010421	4.0	4	4
172.29650464322748	4.0	4	4
172.39656068541288	4.0	4	4
172.49661672759825	4.0	4	4
172.59667276978362	4.0	4	4
172.69672881196902	4.0	4	4
172.7967848541544	4.0	4	4
172.8968408963398	4.0	4	4
172.99689693852517	4.0	4	4
173.09695298071054	4.0	4	4
173.19700902289594	4.0	4	4
173.2970650650813	4.0	4	4
173.39712110726668	4.0	4	4
173.49717714945209	4.0	4	4
173.59723319163746	4.0	4	4
173.69728923382283	4.0	4	4
173.79734527600823	4.0	4	4
173.8974013181936	4.0	4	4
173.99745736037897	4.0	4	4
174.09751340256437	4.0	4	4
174.19756944474975	4.0	4	4
174.29762548693512	4.0	4	4
174.39768152912052	4.0	4	4
174.4977375713059	4.0	4	4
174.59779361349126	4.0	4	4
174.69784965567666	4.0	4	4
174.79790569786203	4.0	4	4
174.8979617400474	4.0	4	4
174.9980177822328	4.0	4	4
175.09807382441818	4.0	4	4
175.19812986660355	4.0	4	4
175.29818590878895	4.0	4	4
175.39824195097432	4.0	4	4
175.49829799315972	4.0	4	4
175.5983540353451	4.0	4	4
175.69841007753047	4.0	4	4
175.79846611971587	4.0	4	4
175.89852216190124	4.0	4	4
175.9985782040866	4.0	4	4
176.098634246272	4.0	4	4
176.19869028845739	4.0	4	4
176.29874633064276	4.0	4	4
176.39880237282816	4.0	4	4
176.49885841501353	4.0	4	4
176.5989144571989	4.0	4	4
176.6989704993843	4.0	4	4
176.79902654156967	4.0	4	4
176.89908258375505	4.0	4	4
176.99913862594045	4.0	4	4
177.09919466812582	4.0	4	4
177.1992507103112	4.0	4	4
177.2993067524966	4.0	4	4
177.39936279468196	4.0	4	4
177.49941883686733	4.0	4	4
177.59947487905274	4.0	4	4
177.6995309212381	4.0	4	4
177.79958696342348	4.0	4	4
177.89964300560888	4.0	4	4
177.99969904779425	4.0	4	4
178.09975508997962	4.0	4	4
178.19981113216502	4.0	4	4
178.2998671743504	4.0	4	4
178.3999232165358	4.0	4	4
178.49997925872117	4.0	4	4
178.60003530090654	4.0	4	4
178.70009134309194	4.0	4	4
178.8001473852773	4.0	4	4
178.90020342746269	4.0	4	4
179.00025946964809	4.0	4	4
179.10031551183346	4.0	4	4
179.20037155401883	4.0	4	4
179.30042759620423	4.0	4	4
179.4004836383896	4.0	4	4
179.50053968057497	4.0	4	4
179.60059572276037	4.0	4	4
179.70065176494575	4.0	4	4
179.80070780713112	4.0	4	4
179.90076384931652	4.0	4	4
180.0008198915019	4.0	4	4
180.10087593368726	4.0	4	4
180.20093197587266	4.0	4	4
180.30098801805804	4.0	4	4
180.4010440602434	4.0	4	4
180.5011001024288	4.0	4	4
180.60115614461418	4.0	4	4
180.70121218679955	4.0	4	4
180.80126822898495	4.0	4	4
180.90132427117032	4.0	4	4
181.0013803133557	4.0	4	4
181.1014363555411	4.0	4	4
181.20149239772647	4.0	4	4
181.30154843991187	4.0	4	4
181.40160448209724	3.0	3	3
181.5016605242826	3.0	3	3
181.601716566468	3.0	3	3
181.70177260865339	3.0	3	3
181.80182865083876	3.0	3	3
181.90188469302416	3.0	3	3
182.00194073520953	3.0	3	3
182.1019967773949	3.0	3	3
182.2020528195803	3.0	3	3
182.30210886176567	3.0	3	3
182.40216490395105	3.0	3	3
182.50222094613645	3.0	3	3
182.60227698832182	3.0	3	3
182.7023330305072	3.0	3	3
182.8023890726926	3.0	3	3
182.90244511487796	3.0	3	3
183.00250115706334	3.0	3	3
183.10255719924874	3.0	3	3
183.2026132414341	3.0	3	3
183.30266928361948	3.0	3	3
183.40272532580488	3.0	3	3
183.50278136799025	3.0	3	3
183.60283741017562	3.0	3	3
183.70289345236102	3.0	3	3
183.8029494945464	3.0	3	3
183.9030055367318	3.0	3	3
184.00306157891717	3.0	3	3
184.10311762110254	3.0	3	3
184.20317366328794	3.0	3	3
184.3032297054733	3.0	3	3
184.40328574765869	2.0	2	2
184.5033417898441	2.0	2	2
184.60339783202946	2.0	2	2
184.70345387421483	2.0	2	2
184.80350991640023	2.0	2	2
184.9035659585856	2.0	2	2
185.00362200077097	2.0	2	2
185.10367804295637	2.0	2	2
185.20373408514175	2.0	2	2
185.30379012732712	2.0	2	2
185.40384616951252	2.0	2	2
185.5039022116979	2.0	2	2
185.60395825388326	2.0	2	2
185.70401429606866	2.0	2	2
185.80407033825404	1.0	1	1
