time	diversity	m_div	M_div
0.0	10.0	10	10
0.10010697617836982	10.0	10	10
0.20021395235673964	10.0	10	10
0.30032092853510944	10.0	10	10
0.4004279047134793	10.0	10	10
0.500534880891849	10.0	10	10
0.6006418570702189	10.0	10	10
0.7007488332485887	10.0	10	10
0.8008558094269586	10.0	10	10
0.9009627856053284	10.0	10	10
1.001069761783698	10.0	10	10
1.101176737962068	10.0	10	10
1.2012837141404378	10.0	10	10
1.3013906903188077	10.0	10	10
1.4014976664971774	10.0	10	10
1.5016046426755474	10.0	10	10
1.601711618853917	10.0	10	10
1.7018185950322868	10.0	10	10
1.8019255712106568	10.0	10	10
1.9020325473890265	10.0	10	10
2.002139523567396	10.0	10	10
2.102246499745766	10.0	10	10
2.202353475924136	10.0	10	10
2.302460452102506	10.0	10	10
2.4025674282808755	10.0	10	10
2.5026744044592455	10.0	10	10
2.6027813806376154	10.0	10	10
2.702888356815985	10.0	10	10
2.802995332994355	10.0	10	10
2.903102309172725	10.0	10	10
3.0032092853510948	10.0	10	10
3.1033162615294643	10.0	10	10
3.203423237707834	10.0	10	10
3.303530213886204	10.0	10	10
3.4036371900645737	10.0	10	10
3.5037441662429436	10.0	10	10
3.6038511424213135	10.0	10	10
3.7039581185996835	10.0	10	10
3.804065094778053	10.0	10	10
3.904172070956423	10.0	10	10
4.004279047134792	10.0	10	10
4.104386023313163	10.0	10	10
4.204492999491532	10.0	10	10
4.304599975669902	10.0	10	10
4.404706951848272	10.0	10	10
4.504813928026642	10.0	10	10
4.604920904205012	10.0	10	10
4.705027880383382	10.0	10	10
4.805134856561751	10.0	10	10
4.9052418327401215	10.0	10	10
5.005348808918491	10.0	10	10
5.1054557850968605	10.0	10	10
5.205562761275231	10.0	10	10
5.3056697374536	10.0	10	10
5.40577671363197	10.0	10	10
5.50588368981034	10.0	10	10
5.60599066598871	10.0	10	10
5.706097642167079	10.0	10	10
5.80620461834545	10.0	10	10
5.906311594523819	10.0	10	10
6.0064185707021895	10.0	10	10
6.106525546880559	10.0	10	10
6.2066325230589285	10.0	10	10
6.306739499237299	10.0	10	10
6.406846475415668	10.0	10	10
6.506953451594038	10.0	10	10
6.607060427772408	10.0	10	10
6.707167403950778	10.0	10	10
6.807274380129147	10.0	10	10
6.907381356307518	10.0	10	10
7.007488332485887	10.0	10	10
7.107595308664258	10.0	10	10
7.207702284842627	10.0	10	10
7.307809261020997	10.0	10	10
7.407916237199367	10.0	10	10
7.5080232133777365	10.0	10	10
7.608130189556106	10.0	10	10
7.708237165734476	10.0	10	10
7.808344141912846	10.0	10	10
7.908451118091215	10.0	10	10
8.008558094269585	10.0	10	10
8.108665070447955	10.0	10	10
8.208772046626326	10.0	10	10
8.308879022804694	10.0	10	10
8.408985998983065	10.0	10	10
8.509092975161435	10.0	10	10
8.609199951339804	10.0	10	10
8.709306927518174	10.0	10	10
8.809413903696544	10.0	10	10
8.909520879874913	10.0	10	10
9.009627856053283	10.0	10	10
9.109734832231654	10.0	10	10
9.209841808410024	10.0	10	10
9.309948784588393	10.0	10	10
9.410055760766763	10.0	10	10
9.510162736945134	10.0	10	10
9.610269713123502	10.0	10	10
9.710376689301873	10.0	10	10
9.810483665480243	10.0	10	10
9.910590641658612	10.0	10	10
10.010697617836982	10.0	10	10
10.110804594015352	10.0	10	10
10.210911570193721	10.0	10	10
10.311018546372091	10.0	10	10
10.411125522550462	10.0	10	10
10.51123249872883	10.0	10	10
10.6113394749072	10.0	10	10
10.711446451085571	10.0	10	10
10.81155342726394	10.0	10	10
10.91166040344231	10.0	10	10
11.01176737962068	10.0	10	10
11.11187435579905	10.0	10	10
11.21198133197742	10.0	10	10
11.31208830815579	10.0	10	10
11.412195284334159	10.0	10	10
11.512302260512529	10.0	10	10
11.6124092366909	10.0	10	10
11.71251621286927	10.0	10	10
11.812623189047638	10.0	10	10
11.912730165226009	10.0	10	10
12.012837141404379	10.0	10	10
12.112944117582748	10.0	10	10
12.213051093761118	10.0	10	10
12.313158069939488	10.0	10	10
12.413265046117857	10.0	10	10
12.513372022296227	10.0	10	10
12.613478998474598	10.0	10	10
12.713585974652966	10.0	10	10
12.813692950831337	10.0	10	10
12.913799927009707	10.0	10	10
13.013906903188076	10.0	10	10
13.114013879366446	10.0	10	10
13.214120855544817	10.0	10	10
13.314227831723185	10.0	10	10
13.414334807901556	10.0	10	10
13.514441784079926	10.0	10	10
13.614548760258295	10.0	10	10
13.714655736436665	10.0	10	10
13.814762712615035	10.0	10	10
13.914869688793404	10.0	10	10
14.014976664971774	10.0	10	10
14.115083641150145	10.0	10	10
14.215190617328515	10.0	10	10
14.315297593506884	10.0	10	10
14.415404569685254	10.0	10	10
14.515511545863625	10.0	10	10
14.615618522041993	10.0	10	10
14.715725498220364	10.0	10	10
14.815832474398734	10.0	10	10
14.915939450577103	10.0	10	10
15.016046426755473	10.0	10	10
15.116153402933843	10.0	10	10
15.216260379112212	10.0	10	10
15.316367355290582	10.0	10	10
15.416474331468953	10.0	10	10
15.516581307647321	10.0	10	10
15.616688283825692	10.0	10	10
15.716795260004062	10.0	10	10
15.81690223618243	10.0	10	10
15.917009212360801	10.0	10	10
16.01711618853917	10.0	10	10
16.11722316471754	10.0	10	10
16.21733014089591	10.0	10	10
16.31743711707428	10.0	10	10
16.41754409325265	10.0	10	10
16.51765106943102	10.0	10	10
16.61775804560939	10.0	10	10
16.71786502178776	10.0	10	10
16.81797199796613	10.0	10	10
16.9180789741445	10.0	10	10
17.01818595032287	10.0	10	10
17.11829292650124	10.0	10	10
17.218399902679607	10.0	10	10
17.318506878857978	11.0	11	11
17.418613855036348	11.0	11	11
17.51872083121472	11.0	11	11
17.61882780739309	11.0	11	11
17.71893478357146	11.0	11	11
17.819041759749826	11.0	11	11
17.919148735928196	11.0	11	11
18.019255712106567	11.0	11	11
18.119362688284937	11.0	11	11
18.219469664463308	11.0	11	11
18.319576640641678	11.0	11	11
18.41968361682005	11.0	11	11
18.519790592998415	11.0	11	11
18.619897569176786	11.0	11	11
18.720004545355156	11.0	11	11
18.820111521533526	11.0	11	11
18.920218497711897	11.0	11	11
19.020325473890267	11.0	11	11
19.120432450068634	11.0	11	11
19.220539426247004	11.0	11	11
19.320646402425375	11.0	11	11
19.420753378603745	11.0	11	11
19.520860354782116	11.0	11	11
19.620967330960486	11.0	11	11
19.721074307138853	11.0	11	11
19.821181283317223	11.0	11	11
19.921288259495594	11.0	11	11
20.021395235673964	11.0	11	11
20.121502211852334	11.0	11	11
20.221609188030705	11.0	11	11
20.32171616420907	11.0	11	11
20.421823140387442	11.0	11	11
20.521930116565812	11.0	11	11
20.622037092744183	11.0	11	11
20.722144068922553	11.0	11	11
20.822251045100924	11.0	11	11
20.922358021279294	11.0	11	11
21.02246499745766	11.0	11	11
21.12257197363603	11.0	11	11
21.2226789498144	11.0	11	11
21.322785925992772	11.0	11	11
21.422892902171142	11.0	11	11
21.522999878349513	11.0	11	11
21.62310685452788	11.0	11	11
21.72321383070625	11.0	11	11
21.82332080688462	11.0	11	11
21.92342778306299	11.0	11	11
22.02353475924136	11.0	11	11
22.12364173541973	11.0	11	11
22.2237487115981	11.0	11	11
22.32385568777647	11.0	11	11
22.42396266395484	11.0	11	11
22.52406964013321	11.0	11	11
22.62417661631158	11.0	11	11
22.72428359248995	11.0	11	11
22.824390568668317	11.0	11	11
22.924497544846687	11.0	11	11
23.024604521025058	11.0	11	11
23.124711497203428	11.0	11	11
23.2248184733818	11.0	11	11
23.32492544956017	11.0	11	11
23.42503242573854	11.0	11	11
23.525139401916906	11.0	11	11
23.625246378095277	11.0	11	11
23.725353354273647	11.0	11	11
23.825460330452017	11.0	11	11
23.925567306630388	11.0	11	11
24.025674282808758	11.0	11	11
24.125781258987125	11.0	11	11
24.225888235165495	11.0	11	11
24.325995211343866	11.0	11	11
24.426102187522236	11.0	11	11
24.526209163700607	11.0	11	11
24.626316139878977	11.0	11	11
24.726423116057344	11.0	11	11
24.826530092235714	11.0	11	11
24.926637068414085	11.0	11	11
25.026744044592455	11.0	11	11
25.126851020770825	11.0	11	11
25.226957996949196	11.0	11	11
25.327064973127563	11.0	11	11
25.427171949305933	11.0	11	11
25.527278925484303	11.0	11	11
25.627385901662674	11.0	11	11
25.727492877841044	11.0	11	11
25.827599854019414	11.0	11	11
25.927706830197785	11.0	11	11
26.02781380637615	11.0	11	11
26.127920782554522	11.0	11	11
26.228027758732892	11.0	11	11
26.328134734911263	11.0	11	11
26.428241711089633	11.0	11	11
26.528348687268004	11.0	11	11
26.62845566344637	11.0	11	11
26.72856263962474	11.0	11	11
26.82866961580311	11.0	11	11
26.92877659198148	11.0	11	11
27.028883568159852	11.0	11	11
27.128990544338222	11.0	11	11
27.22909752051659	11.0	11	11
27.32920449669496	11.0	11	11
27.42931147287333	11.0	11	11
27.5294184490517	11.0	11	11
27.62952542523007	11.0	11	11
27.72963240140844	11.0	11	11
27.829739377586808	11.0	11	11
27.92984635376518	11.0	11	11
28.02995332994355	11.0	11	11
28.13006030612192	11.0	11	11
28.23016728230029	11.0	11	11
28.33027425847866	11.0	11	11
28.43038123465703	11.0	11	11
28.530488210835397	11.0	11	11
28.630595187013768	11.0	11	11
28.730702163192138	11.0	11	11
28.83080913937051	11.0	11	11
28.93091611554888	11.0	11	11
29.03102309172725	11.0	11	11
29.131130067905616	11.0	11	11
29.231237044083986	11.0	11	11
29.331344020262357	11.0	11	11
29.431450996440727	11.0	11	11
29.531557972619098	11.0	11	11
29.631664948797468	12.0	12	12
29.731771924975835	12.0	12	12
29.831878901154205	12.0	12	12
29.931985877332576	12.0	12	12
30.032092853510946	12.0	12	12
30.132199829689316	12.0	12	12
30.232306805867687	12.0	12	12
30.332413782046054	12.0	12	12
30.432520758224424	12.0	12	12
30.532627734402794	12.0	12	12
30.632734710581165	12.0	12	12
30.732841686759535	12.0	12	12
30.832948662937905	12.0	12	12
30.933055639116276	12.0	12	12
31.033162615294643	12.0	12	12
31.133269591473013	12.0	12	12
31.233376567651383	12.0	12	12
31.333483543829754	12.0	12	12
31.433590520008124	12.0	12	12
31.533697496186495	12.0	12	12
31.63380447236486	12.0	12	12
31.733911448543232	12.0	12	12
31.834018424721602	12.0	12	12
31.934125400899973	12.0	12	12
32.03423237707834	12.0	12	12
32.13433935325671	12.0	12	12
32.23444632943508	12.0	12	12
32.334553305613454	12.0	12	12
32.43466028179182	12.0	12	12
32.53476725797019	12.0	12	12
32.63487423414856	12.0	12	12
32.73498121032693	12.0	12	12
32.8350881865053	13.0	13	13
32.93519516268367	13.0	13	13
33.03530213886204	13.0	13	13
33.13540911504041	13.0	13	13
33.23551609121878	13.0	13	13
33.33562306739715	13.0	13	13
33.43573004357552	13.0	13	13
33.53583701975389	13.0	13	13
33.63594399593226	13.0	13	13
33.73605097211063	13.0	13	13
33.836157948289	13.0	13	13
33.936264924467366	13.0	13	13
34.03637190064574	13.0	13	13
34.13647887682411	13.0	13	13
34.23658585300248	13.0	13	13
34.33669282918085	13.0	13	13
34.436799805359215	13.0	13	13
34.53690678153759	13.0	13	13
34.637013757715955	13.0	13	13
34.73712073389433	13.0	13	13
34.837227710072696	13.0	13	13
34.93733468625107	13.0	13	13
35.03744166242944	13.0	13	13
35.137548638607804	13.0	13	13
35.23765561478618	13.0	13	13
35.337762590964545	13.0	13	13
35.43786956714292	13.0	13	13
35.537976543321285	12.0	12	12
35.63808351949965	12.0	12	12
35.738190495678026	13.0	13	13
35.83829747185639	13.0	13	13
35.93840444803477	14.0	14	14
36.038511424213134	14.0	14	14
36.13861840039151	14.0	14	14
36.238725376569874	14.0	14	14
36.33883235274824	14.0	14	14
36.438939328926615	14.0	14	14
36.53904630510498	14.0	14	14
36.639153281283356	14.0	14	14
36.73926025746172	14.0	14	14
36.8393672336401	14.0	14	14
36.939474209818464	14.0	14	14
37.03958118599683	14.0	14	14
37.139688162175204	14.0	14	14
37.23979513835357	14.0	14	14
37.339902114531945	14.0	14	14
37.44000909071031	14.0	14	14
37.54011606688868	14.0	14	14
37.64022304306705	14.0	14	14
37.74033001924542	15.0	15	15
37.840436995423794	15.0	15	15
37.94054397160216	15.0	15	15
38.040650947780534	15.0	15	15
38.1407579239589	15.0	15	15
38.24086490013727	15.0	15	15
38.34097187631564	15.0	15	15
38.44107885249401	15.0	15	15
38.54118582867238	15.0	15	15
38.64129280485075	15.0	15	15
38.74139978102912	15.0	15	15
38.84150675720749	15.0	15	15
38.94161373338586	15.0	15	15
39.04172070956423	15.0	15	15
39.1418276857426	15.0	15	15
39.24193466192097	16.0	16	16
39.34204163809934	16.0	16	16
39.442148614277706	16.0	16	16
39.54225559045608	16.0	16	16
39.642362566634446	16.0	16	16
39.74246954281282	16.0	16	16
39.84257651899119	16.0	16	16
39.94268349516956	16.0	16	16
40.04279047134793	16.0	16	16
40.142897447526295	16.0	16	16
40.24300442370467	16.0	16	16
40.343111399883036	16.0	16	16
40.44321837606141	16.0	16	16
40.543325352239776	16.0	16	16
40.64343232841814	16.0	16	16
40.74353930459652	16.0	16	16
40.843646280774884	16.0	16	16
40.94375325695326	16.0	16	16
41.043860233131625	16.0	16	16
41.14396720931	16.0	16	16
41.244074185488365	16.0	16	16
41.34418116166673	16.0	16	16
41.444288137845106	17.0	17	17
41.54439511402347	17.0	17	17
41.64450209020185	17.0	17	17
41.744609066380214	17.0	17	17
41.84471604255859	17.0	17	17
41.944823018736955	17.0	17	17
42.04492999491532	17.0	17	17
42.145036971093695	17.0	17	17
42.24514394727206	17.0	17	17
42.345250923450436	17.0	17	17
42.4453578996288	17.0	17	17
42.54546487580717	17.0	17	17
42.645571851985544	17.0	17	17
42.74567882816391	17.0	17	17
42.845785804342285	17.0	17	17
42.94589278052065	17.0	17	17
43.045999756699025	17.0	17	17
43.14610673287739	17.0	17	17
43.24621370905576	17.0	17	17
43.34632068523413	17.0	17	17
43.4464276614125	17.0	17	17
43.546534637590874	17.0	17	17
43.64664161376924	17.0	17	17
43.746748589947615	17.0	17	17
43.84685556612598	18.0	18	18
43.94696254230435	18.0	18	18
44.04706951848272	18.0	18	18
44.14717649466109	18.0	18	18
44.24728347083946	18.0	18	18
44.34739044701783	18.0	18	18
44.4474974231962	18.0	18	18
44.54760439937457	18.0	18	18
44.64771137555294	18.0	18	18
44.74781835173131	18.0	18	18
44.84792532790968	18.0	18	18
44.94803230408805	18.0	18	18
45.04813928026642	18.0	18	18
45.148246256444786	18.0	18	18
45.24835323262316	18.0	18	18
45.34846020880153	18.0	18	18
45.4485671849799	18.0	18	18
45.54867416115827	18.0	18	18
45.648781137336634	18.0	18	18
45.74888811351501	18.0	18	18
45.848995089693375	18.0	18	18
45.94910206587175	18.0	18	18
46.049209042050116	18.0	18	18
46.14931601822849	18.0	18	18
46.249422994406856	18.0	18	18
46.34952997058522	18.0	18	18
46.4496369467636	18.0	18	18
46.549743922941964	18.0	18	18
46.64985089912034	18.0	18	18
46.749957875298705	19.0	19	19
46.85006485147708	19.0	19	19
46.950171827655446	18.0	18	18
47.05027880383381	18.0	18	18
47.150385780012186	18.0	18	18
47.25049275619055	18.0	18	18
47.35059973236893	18.0	18	18
47.450706708547294	18.0	18	18
47.55081368472566	18.0	18	18
47.650920660904035	18.0	18	18
47.7510276370824	18.0	18	18
47.851134613260776	18.0	18	18
47.95124158943914	18.0	18	18
48.051348565617516	18.0	18	18
48.15145554179588	18.0	18	18
48.25156251797425	18.0	18	18
48.351669494152624	18.0	18	18
48.45177647033099	18.0	18	18
48.551883446509365	18.0	18	18
48.65199042268773	18.0	18	18
48.752097398866105	17.0	17	17
48.85220437504447	17.0	17	17
48.95231135122284	17.0	17	17
49.05241832740121	17.0	17	17
49.15252530357958	17.0	17	17
49.252632279757954	17.0	17	17
49.35273925593632	16.0	16	16
49.45284623211469	16.0	16	16
49.55295320829306	16.0	16	16
49.65306018447143	16.0	16	16
49.7531671606498	16.0	16	16
49.85327413682817	16.0	16	16
49.95338111300654	15.0	15	15
50.05348808918491	15.0	15	15
50.15359506536328	15.0	15	15
50.25370204154165	15.0	15	15
50.35380901772002	15.0	15	15
50.45391599389839	15.0	15	15
50.55402297007676	15.0	15	15
50.654129946255125	15.0	15	15
50.7542369224335	15.0	15	15
50.854343898611866	15.0	15	15
50.95445087479024	15.0	15	15
51.05455785096861	15.0	15	15
51.15466482714698	15.0	15	15
51.25477180332535	15.0	15	15
51.354878779503714	15.0	15	15
51.45498575568209	15.0	15	15
51.555092731860455	15.0	15	15
51.65519970803883	15.0	15	15
51.755306684217196	15.0	15	15
51.85541366039557	16.0	16	16
51.95552063657394	16.0	16	16
52.0556276127523	16.0	16	16
52.15573458893068	16.0	16	16
52.255841565109044	16.0	16	16
52.35594854128742	16.0	16	16
52.456055517465785	16.0	16	16
52.55616249364415	16.0	16	16
52.656269469822526	16.0	16	16
52.75637644600089	16.0	16	16
52.85648342217927	16.0	16	16
52.95659039835763	16.0	16	16
53.05669737453601	16.0	16	16
53.156804350714374	16.0	16	16
53.25691132689274	16.0	16	16
53.357018303071115	16.0	16	16
53.45712527924948	16.0	16	16
53.557232255427856	16.0	16	16
53.65733923160622	16.0	16	16
53.75744620778459	16.0	16	16
53.85755318396296	16.0	16	16
53.95766016014133	16.0	16	16
54.057767136319704	16.0	16	16
54.15787411249807	16.0	16	16
54.257981088676445	16.0	16	16
54.35808806485481	16.0	16	16
54.45819504103318	16.0	16	16
54.55830201721155	16.0	16	16
54.65840899338992	16.0	16	16
54.75851596956829	16.0	16	16
54.85862294574666	16.0	16	16
54.958729921925034	16.0	16	16
55.0588368981034	16.0	16	16
55.15894387428177	16.0	16	16
55.25905085046014	16.0	16	16
55.35915782663851	16.0	16	16
55.45926480281688	15.0	15	15
55.55937177899525	15.0	15	15
55.659478755173616	14.0	14	14
55.75958573135199	14.0	14	14
55.85969270753036	14.0	14	14
55.95979968370873	14.0	14	14
56.0599066598871	14.0	14	14
56.16001363606547	14.0	14	14
56.26012061224384	14.0	14	14
56.360227588422205	14.0	14	14
56.46033456460058	13.0	13	13
56.560441540778946	13.0	13	13
56.66054851695732	13.0	13	13
56.76065549313569	13.0	13	13
56.86076246931406	13.0	13	13
56.96086944549243	13.0	13	13
57.060976421670794	13.0	13	13
57.16108339784917	13.0	13	13
57.261190374027535	13.0	13	13
57.36129735020591	13.0	13	13
57.461404326384276	13.0	13	13
57.56151130256264	13.0	13	13
57.66161827874102	13.0	13	13
57.761725254919384	13.0	13	13
57.86183223109776	13.0	13	13
57.961939207276124	13.0	13	13
58.0620461834545	13.0	13	13
58.162153159632865	13.0	13	13
58.26226013581123	13.0	13	13
58.362367111989606	13.0	13	13
58.46247408816797	13.0	13	13
58.56258106434635	12.0	12	12
58.66268804052471	12.0	12	12
58.76279501670308	12.0	12	12
58.862901992881454	11.0	11	11
58.96300896905982	11.0	11	11
59.063115945238195	11.0	11	11
59.16322292141656	11.0	11	11
59.263329897594936	11.0	11	11
59.3634368737733	11.0	11	11
59.46354384995167	11.0	11	11
59.56365082613004	10.0	10	10
59.66375780230841	10.0	10	10
59.763864778486784	10.0	10	10
59.86397175466515	9.0	9	9
59.964078730843525	9.0	9	9
60.06418570702189	9.0	9	9
60.16429268320026	9.0	9	9
60.26439965937863	9.0	9	9
60.364506635557	9.0	9	9
60.46461361173537	9.0	9	9
60.56472058791374	9.0	9	9
60.66482756409211	9.0	9	9
60.76493454027048	9.0	9	9
60.86504151644885	9.0	9	9
60.96514849262722	9.0	9	9
61.06525546880559	9.0	9	9
61.16536244498396	9.0	9	9
61.26546942116233	9.0	9	9
61.365576397340696	9.0	9	9
61.46568337351907	9.0	9	9
61.56579034969744	9.0	9	9
61.66589732587581	9.0	9	9
61.76600430205418	9.0	9	9
61.86611127823255	9.0	9	9
61.96621825441092	9.0	9	9
62.066325230589285	9.0	9	9
62.16643220676766	9.0	9	9
62.266539182946026	9.0	9	9
62.3666461591244	9.0	9	9
62.46675313530277	9.0	9	9
62.566860111481134	9.0	9	9
62.66696708765951	9.0	9	9
62.767074063837875	9.0	9	9
62.86718104001625	9.0	9	9
62.967288016194615	9.0	9	9
63.06739499237299	9.0	9	9
63.167501968551356	9.0	9	9
63.26760894472972	9.0	9	9
63.3677159209081	9.0	9	9
63.467822897086464	9.0	9	9
63.56792987326484	10.0	10	10
63.668036849443205	10.0	10	10
63.76814382562157	10.0	10	10
63.868250801799945	10.0	10	10
63.96835777797831	10.0	10	10
64.06846475415668	11.0	11	11
64.16857173033506	11.0	11	11
64.26867870651343	11.0	11	11
64.3687856826918	11.0	11	11
64.46889265887016	11.0	11	11
64.56899963504853	11.0	11	11
64.66910661122691	11.0	11	11
64.76921358740528	12.0	12	12
64.86932056358364	12.0	12	12
64.96942753976201	13.0	13	13
65.06953451594038	13.0	13	13
65.16964149211876	13.0	13	13
65.26974846829712	13.0	13	13
65.36985544447549	14.0	14	14
65.46996242065386	14.0	14	14
65.57006939683224	14.0	14	14
65.6701763730106	15.0	15	15
65.77028334918897	14.0	14	14
65.87039032536734	14.0	14	14
65.9704973015457	14.0	14	14
66.07060427772409	14.0	14	14
66.17071125390245	14.0	14	14
66.27081823008082	14.0	14	14
66.37092520625919	14.0	14	14
66.47103218243755	14.0	14	14
66.57113915861594	14.0	14	14
66.6712461347943	14.0	14	14
66.77135311097267	14.0	14	14
66.87146008715104	13.0	13	13
66.9715670633294	13.0	13	13
67.07167403950778	12.0	12	12
67.17178101568615	12.0	12	12
67.27188799186452	12.0	12	12
67.37199496804288	12.0	12	12
67.47210194422127	12.0	12	12
67.57220892039963	12.0	12	12
67.672315896578	12.0	12	12
67.77242287275637	12.0	12	12
67.87252984893473	12.0	12	12
67.97263682511311	12.0	12	12
68.07274380129148	12.0	12	12
68.17285077746985	12.0	12	12
68.27295775364821	12.0	12	12
68.37306472982658	12.0	12	12
68.47317170600496	12.0	12	12
68.57327868218333	12.0	12	12
68.6733856583617	12.0	12	12
68.77349263454006	12.0	12	12
68.87359961071843	12.0	12	12
68.97370658689681	12.0	12	12
69.07381356307518	12.0	12	12
69.17392053925354	12.0	12	12
69.27402751543191	12.0	12	12
69.37413449161029	12.0	12	12
69.47424146778866	12.0	12	12
69.57434844396703	12.0	12	12
69.67445542014539	12.0	12	12
69.77456239632376	12.0	12	12
69.87466937250214	12.0	12	12
69.9747763486805	12.0	12	12
70.07488332485887	12.0	12	12
70.17499030103724	12.0	12	12
70.27509727721561	12.0	12	12
70.37520425339399	12.0	12	12
70.47531122957236	11.0	11	11
70.57541820575072	11.0	11	11
70.67552518192909	11.0	11	11
70.77563215810746	11.0	11	11
70.87573913428584	11.0	11	11
70.9758461104642	12.0	12	12
71.07595308664257	12.0	12	12
71.17606006282094	13.0	13	13
71.2761670389993	13.0	13	13
71.37627401517769	13.0	13	13
71.47638099135605	13.0	13	13
71.57648796753442	13.0	13	13
71.67659494371279	13.0	13	13
71.77670191989117	13.0	13	13
71.87680889606953	13.0	13	13
71.9769158722479	13.0	13	13
72.07702284842627	13.0	13	13
72.17712982460463	13.0	13	13
72.27723680078302	13.0	13	13
72.37734377696138	13.0	13	13
72.47745075313975	13.0	13	13
72.57755772931812	12.0	12	12
72.67766470549648	12.0	12	12
72.77777168167486	12.0	12	12
72.87787865785323	12.0	12	12
72.9779856340316	12.0	12	12
73.07809261020996	12.0	12	12
73.17819958638833	12.0	12	12
73.27830656256671	12.0	12	12
73.37841353874508	12.0	12	12
73.47852051492345	12.0	12	12
73.57862749110181	12.0	12	12
73.6787344672802	12.0	12	12
73.77884144345856	12.0	12	12
73.87894841963693	12.0	12	12
73.9790553958153	12.0	12	12
74.07916237199366	12.0	12	12
74.17926934817204	12.0	12	12
74.27937632435041	12.0	12	12
74.37948330052878	12.0	12	12
74.47959027670714	12.0	12	12
74.57969725288551	12.0	12	12
74.67980422906389	12.0	12	12
74.77991120524226	12.0	12	12
74.88001818142062	12.0	12	12
74.98012515759899	12.0	12	12
75.08023213377736	12.0	12	12
75.18033910995574	12.0	12	12
75.2804460861341	12.0	12	12
75.38055306231247	12.0	12	12
75.48066003849084	12.0	12	12
75.58076701466922	12.0	12	12
75.68087399084759	12.0	12	12
75.78098096702595	12.0	12	12
75.88108794320432	12.0	12	12
75.98119491938269	11.0	11	11
76.08130189556107	11.0	11	11
76.18140887173944	11.0	11	11
76.2815158479178	11.0	11	11
76.38162282409617	11.0	11	11
76.48172980027454	11.0	11	11
76.58183677645292	11.0	11	11
76.68194375263128	11.0	11	11
76.78205072880965	11.0	11	11
76.88215770498802	11.0	11	11
76.98226468116638	11.0	11	11
77.08237165734477	11.0	11	11
77.18247863352313	11.0	11	11
77.2825856097015	11.0	11	11
77.38269258587987	11.0	11	11
77.48279956205825	11.0	11	11
77.58290653823661	11.0	11	11
77.68301351441498	11.0	11	11
77.78312049059335	11.0	11	11
77.88322746677171	11.0	11	11
77.9833344429501	10.0	10	10
78.08344141912846	10.0	10	10
78.18354839530683	10.0	10	10
78.2836553714852	10.0	10	10
78.38376234766356	10.0	10	10
78.48386932384194	10.0	10	10
78.58397630002031	10.0	10	10
78.68408327619868	10.0	10	10
78.78419025237704	10.0	10	10
78.88429722855541	10.0	10	10
78.98440420473379	10.0	10	10
79.08451118091216	11.0	11	11
79.18461815709053	12.0	12	12
79.28472513326889	12.0	12	12
79.38483210944726	12.0	12	12
79.48493908562564	12.0	12	12
79.58504606180401	12.0	12	12
79.68515303798237	12.0	12	12
79.78526001416074	12.0	12	12
79.88536699033912	12.0	12	12
79.98547396651749	12.0	12	12
80.08558094269586	12.0	12	12
80.18568791887422	12.0	12	12
80.28579489505259	12.0	12	12
80.38590187123097	12.0	12	12
80.48600884740934	12.0	12	12
80.5861158235877	12.0	12	12
80.68622279976607	12.0	12	12
80.78632977594444	12.0	12	12
80.88643675212282	12.0	12	12
80.98654372830119	12.0	12	12
81.08665070447955	12.0	12	12
81.18675768065792	12.0	12	12
81.28686465683629	12.0	12	12
81.38697163301467	12.0	12	12
81.48707860919303	12.0	12	12
81.5871855853714	12.0	12	12
81.68729256154977	12.0	12	12
81.78739953772815	12.0	12	12
81.88750651390652	12.0	12	12
81.98761349008488	12.0	12	12
82.08772046626325	12.0	12	12
82.18782744244162	11.0	11	11
82.28793441862	11.0	11	11
82.38804139479836	11.0	11	11
82.48814837097673	11.0	11	11
82.5882553471551	11.0	11	11
82.68836232333346	11.0	11	11
82.78846929951185	11.0	11	11
82.88857627569021	11.0	11	11
82.98868325186858	11.0	11	11
83.08879022804695	11.0	11	11
83.18889720422531	11.0	11	11
83.2890041804037	11.0	11	11
83.38911115658206	11.0	11	11
83.48921813276043	11.0	11	11
83.5893251089388	11.0	11	11
83.68943208511718	11.0	11	11
83.78953906129554	11.0	11	11
83.88964603747391	11.0	11	11
83.98975301365228	11.0	11	11
84.08985998983064	11.0	11	11
84.18996696600902	11.0	11	11
84.29007394218739	11.0	11	11
84.39018091836576	12.0	12	12
84.49028789454412	12.0	12	12
84.59039487072249	12.0	12	12
84.69050184690087	12.0	12	12
84.79060882307924	12.0	12	12
84.8907157992576	12.0	12	12
84.99082277543597	12.0	12	12
85.09092975161434	12.0	12	12
85.19103672779272	12.0	12	12
85.29114370397109	12.0	12	12
85.39125068014945	12.0	12	12
85.49135765632782	11.0	11	11
85.5914646325062	11.0	11	11
85.69157160868457	11.0	11	11
85.79167858486294	10.0	10	10
85.8917855610413	10.0	10	10
85.99189253721967	10.0	10	10
86.09199951339805	10.0	10	10
86.19210648957642	10.0	10	10
86.29221346575478	10.0	10	10
86.39232044193315	10.0	10	10
86.49242741811152	10.0	10	10
86.5925343942899	10.0	10	10
86.69264137046827	10.0	10	10
86.79274834664663	10.0	10	10
86.892855322825	10.0	10	10
86.99296229900337	10.0	10	10
87.09306927518175	10.0	10	10
87.19317625136011	10.0	10	10
87.29328322753848	10.0	10	10
87.39339020371685	10.0	10	10
87.49349717989523	10.0	10	10
87.5936041560736	10.0	10	10
87.69371113225196	10.0	10	10
87.79381810843033	10.0	10	10
87.8939250846087	10.0	10	10
87.99403206078708	10.0	10	10
88.09413903696544	10.0	10	10
88.19424601314381	10.0	10	10
88.29435298932218	9.0	9	9
88.39445996550054	9.0	9	9
88.49456694167893	9.0	9	9
88.59467391785729	9.0	9	9
88.69478089403566	9.0	9	9
88.79488787021403	9.0	9	9
88.8949948463924	9.0	9	9
88.99510182257077	9.0	9	9
89.09520879874914	9.0	9	9
89.19531577492751	9.0	9	9
89.29542275110587	9.0	9	9
89.39552972728424	9.0	9	9
89.49563670346262	9.0	9	9
89.59574367964099	9.0	9	9
89.69585065581936	9.0	9	9
89.79595763199772	9.0	9	9
89.8960646081761	9.0	9	9
89.99617158435447	9.0	9	9
90.09627856053284	9.0	9	9
90.1963855367112	9.0	9	9
90.29649251288957	9.0	9	9
90.39659948906795	9.0	9	9
90.49670646524632	9.0	9	9
90.59681344142469	9.0	9	9
90.69692041760305	9.0	9	9
90.79702739378142	9.0	9	9
90.8971343699598	9.0	9	9
90.99724134613817	9.0	9	9
91.09734832231653	9.0	9	9
91.1974552984949	9.0	9	9
91.29756227467327	9.0	9	9
91.39766925085165	9.0	9	9
91.49777622703002	9.0	9	9
91.59788320320838	9.0	9	9
91.69799017938675	9.0	9	9
91.79809715556513	9.0	9	9
91.8982041317435	9.0	9	9
91.99831110792186	9.0	9	9
92.09841808410023	9.0	9	9
92.1985250602786	9.0	9	9
92.29863203645698	9.0	9	9
92.39873901263535	9.0	9	9
92.49884598881371	9.0	9	9
92.59895296499208	9.0	9	9
92.69905994117045	9.0	9	9
92.79916691734883	9.0	9	9
92.8992738935272	9.0	9	9
92.99938086970556	9.0	9	9
93.09948784588393	9.0	9	9
93.1995948220623	9.0	9	9
93.29970179824068	9.0	9	9
93.39980877441904	9.0	9	9
93.49991575059741	9.0	9	9
93.60002272677578	9.0	9	9
93.70012970295416	9.0	9	9
93.80023667913252	9.0	9	9
93.90034365531089	9.0	9	9
94.00045063148926	9.0	9	9
94.10055760766762	9.0	9	9
94.200664583846	9.0	9	9
94.30077156002437	9.0	9	9
94.40087853620274	9.0	9	9
94.5009855123811	9.0	9	9
94.60109248855947	9.0	9	9
94.70119946473785	9.0	9	9
94.80130644091622	9.0	9	9
94.90141341709459	9.0	9	9
95.00152039327295	9.0	9	9
95.10162736945132	9.0	9	9
95.2017343456297	9.0	9	9
95.30184132180807	9.0	9	9
95.40194829798644	10.0	10	10
95.5020552741648	10.0	10	10
95.60216225034318	10.0	10	10
95.70226922652155	10.0	10	10
95.80237620269992	10.0	10	10
95.90248317887828	10.0	10	10
96.00259015505665	11.0	11	11
96.10269713123503	11.0	11	11
96.2028041074134	11.0	11	11
96.30291108359177	11.0	11	11
96.40301805977013	11.0	11	11
96.5031250359485	11.0	11	11
96.60323201212688	11.0	11	11
96.70333898830525	11.0	11	11
96.80344596448361	11.0	11	11
96.90355294066198	11.0	11	11
97.00365991684035	11.0	11	11
97.10376689301873	11.0	11	11
97.2038738691971	11.0	11	11
97.30398084537546	11.0	11	11
97.40408782155383	11.0	11	11
97.50419479773221	11.0	11	11
97.60430177391058	11.0	11	11
97.70440875008894	11.0	11	11
97.80451572626731	11.0	11	11
97.90462270244568	11.0	11	11
98.00472967862406	11.0	11	11
98.10483665480243	11.0	11	11
98.2049436309808	11.0	11	11
98.30505060715916	10.0	10	10
98.40515758333753	10.0	10	10
98.50526455951591	10.0	10	10
98.60537153569427	10.0	10	10
98.70547851187264	10.0	10	10
98.80558548805101	10.0	10	10
98.90569246422938	11.0	11	11
99.00579944040776	11.0	11	11
99.10590641658612	11.0	11	11
99.20601339276449	11.0	11	11
99.30612036894286	11.0	11	11
99.40622734512122	11.0	11	11
99.5063343212996	11.0	11	11
99.60644129747797	11.0	11	11
99.70654827365634	11.0	11	11
99.8066552498347	11.0	11	11
99.90676222601309	11.0	11	11
100.00686920219145	11.0	11	11
100.10697617836982	11.0	11	11
100.20708315454819	11.0	11	11
100.30719013072655	11.0	11	11
100.40729710690493	11.0	11	11
100.5074040830833	11.0	11	11
100.60751105926167	11.0	11	11
100.70761803544003	11.0	11	11
100.8077250116184	11.0	11	11
100.90783198779678	11.0	11	11
101.00793896397515	11.0	11	11
101.10804594015352	11.0	11	11
101.20815291633188	11.0	11	11
101.30825989251025	11.0	11	11
101.40836686868863	11.0	11	11
101.508473844867	11.0	11	11
101.60858082104536	11.0	11	11
101.70868779722373	11.0	11	11
101.80879477340211	11.0	11	11
101.90890174958048	11.0	11	11
102.00900872575885	11.0	11	11
102.10911570193721	11.0	11	11
102.20922267811558	11.0	11	11
102.30932965429396	11.0	11	11
102.40943663047233	11.0	11	11
102.5095436066507	11.0	11	11
102.60965058282906	11.0	11	11
102.70975755900743	11.0	11	11
102.80986453518581	11.0	11	11
102.90997151136418	11.0	11	11
103.01007848754254	11.0	11	11
103.11018546372091	11.0	11	11
103.21029243989928	11.0	11	11
103.31039941607766	11.0	11	11
103.41050639225602	11.0	11	11
103.51061336843439	11.0	11	11
103.61072034461276	11.0	11	11
103.71082732079114	11.0	11	11
103.8109342969695	11.0	11	11
103.91104127314787	11.0	11	11
104.01114824932624	11.0	11	11
104.1112552255046	11.0	11	11
104.21136220168299	11.0	11	11
104.31146917786135	11.0	11	11
104.41157615403972	11.0	11	11
104.51168313021809	11.0	11	11
104.61179010639646	11.0	11	11
104.71189708257484	11.0	11	11
104.8120040587532	11.0	11	11
104.91211103493157	11.0	11	11
105.01221801110994	11.0	11	11
105.1123249872883	11.0	11	11
105.21243196346668	11.0	11	11
105.31253893964505	11.0	11	11
105.41264591582342	11.0	11	11
105.51275289200179	11.0	11	11
105.61285986818017	11.0	11	11
105.71296684435853	11.0	11	11
105.8130738205369	11.0	11	11
105.91318079671527	11.0	11	11
106.01328777289363	11.0	11	11
106.11339474907201	11.0	11	11
106.21350172525038	11.0	11	11
106.31360870142875	11.0	11	11
106.41371567760712	11.0	11	11
106.51382265378548	11.0	11	11
106.61392962996386	11.0	11	11
106.71403660614223	11.0	11	11
106.8141435823206	11.0	11	11
106.91425055849896	11.0	11	11
107.01435753467733	11.0	11	11
107.11446451085571	11.0	11	11
107.21457148703408	11.0	11	11
107.31467846321245	11.0	11	11
107.41478543939081	11.0	11	11
107.51489241556918	11.0	11	11
107.61499939174756	11.0	11	11
107.71510636792593	11.0	11	11
107.8152133441043	11.0	11	11
107.91532032028266	11.0	11	11
108.01542729646104	11.0	11	11
108.11553427263941	12.0	12	12
108.21564124881778	12.0	12	12
108.31574822499614	12.0	12	12
108.41585520117451	12.0	12	12
108.51596217735289	12.0	12	12
108.61606915353126	12.0	12	12
108.71617612970962	12.0	12	12
108.81628310588799	12.0	12	12
108.91639008206636	12.0	12	12
109.01649705824474	12.0	12	12
109.1166040344231	12.0	12	12
109.21671101060147	12.0	12	12
109.31681798677984	12.0	12	12
109.4169249629582	12.0	12	12
109.51703193913659	12.0	12	12
109.61713891531495	12.0	12	12
109.71724589149332	12.0	12	12
109.81735286767169	12.0	12	12
109.91745984385007	12.0	12	12
110.01756682002843	12.0	12	12
110.1176737962068	12.0	12	12
110.21778077238517	12.0	12	12
110.31788774856354	12.0	12	12
110.41799472474192	12.0	12	12
110.51810170092028	12.0	12	12
110.61820867709865	12.0	12	12
110.71831565327702	12.0	12	12
110.81842262945538	12.0	12	12
110.91852960563376	12.0	12	12
111.01863658181213	12.0	12	12
111.1187435579905	12.0	12	12
111.21885053416887	12.0	12	12
111.31895751034723	12.0	12	12
111.41906448652561	12.0	12	12
111.51917146270398	12.0	12	12
111.61927843888235	12.0	12	12
111.71938541506071	11.0	11	11
111.8194923912391	11.0	11	11
111.91959936741746	10.0	10	10
112.01970634359583	10.0	10	10
112.1198133197742	10.0	10	10
112.21992029595256	10.0	10	10
112.32002727213094	10.0	10	10
112.42013424830931	10.0	10	10
112.52024122448768	10.0	10	10
112.62034820066604	10.0	10	10
112.72045517684441	10.0	10	10
112.82056215302279	10.0	10	10
112.92066912920116	10.0	10	10
113.02077610537953	10.0	10	10
113.12088308155789	10.0	10	10
113.22099005773626	10.0	10	10
113.32109703391464	10.0	10	10
113.421204010093	10.0	10	10
113.52131098627137	10.0	10	10
113.62141796244974	10.0	10	10
113.72152493862812	10.0	10	10
113.82163191480649	10.0	10	10
113.92173889098486	10.0	10	10
114.02184586716322	10.0	10	10
114.12195284334159	10.0	10	10
114.22205981951997	10.0	10	10
114.32216679569834	10.0	10	10
114.4222737718767	10.0	10	10
114.52238074805507	10.0	10	10
114.62248772423344	10.0	10	10
114.72259470041182	10.0	10	10
114.82270167659019	10.0	10	10
114.92280865276855	10.0	10	10
115.02291562894692	10.0	10	10
115.12302260512529	10.0	10	10
115.22312958130367	10.0	10	10
115.32323655748203	10.0	10	10
115.4233435336604	10.0	10	10
115.52345050983877	10.0	10	10
115.62355748601715	10.0	10	10
115.72366446219552	10.0	10	10
115.82377143837388	10.0	10	10
115.92387841455225	10.0	10	10
116.02398539073062	10.0	10	10
116.124092366909	10.0	10	10
116.22419934308736	10.0	10	10
116.32430631926573	10.0	10	10
116.4244132954441	10.0	10	10
116.52452027162246	10.0	10	10
116.62462724780084	10.0	10	10
116.72473422397921	10.0	10	10
116.82484120015758	10.0	10	10
116.92494817633595	10.0	10	10
117.02505515251431	10.0	10	10
117.1251621286927	10.0	10	10
117.22526910487106	10.0	10	10
117.32537608104943	10.0	10	10
117.4254830572278	10.0	10	10
117.52559003340616	10.0	10	10
117.62569700958454	10.0	10	10
117.72580398576291	10.0	10	10
117.82591096194128	10.0	10	10
117.92601793811964	10.0	10	10
118.02612491429802	10.0	10	10
118.12623189047639	11.0	11	11
118.22633886665476	11.0	11	11
118.32644584283312	10.0	10	10
118.42655281901149	10.0	10	10
118.52665979518987	10.0	10	10
118.62676677136824	10.0	10	10
118.7268737475466	10.0	10	10
118.82698072372497	10.0	10	10
118.92708769990334	10.0	10	10
119.02719467608172	9.0	9	9
119.12730165226009	9.0	9	9
119.22740862843845	9.0	9	9
119.32751560461682	9.0	9	9
119.42762258079519	9.0	9	9
119.52772955697357	9.0	9	9
119.62783653315194	9.0	9	9
119.7279435093303	9.0	9	9
119.82805048550867	9.0	9	9
119.92815746168705	9.0	9	9
120.02826443786542	9.0	9	9
120.12837141404378	9.0	9	9
120.22847839022215	9.0	9	9
120.32858536640052	9.0	9	9
120.4286923425789	9.0	9	9
120.52879931875727	9.0	9	9
120.62890629493563	9.0	9	9
120.729013271114	9.0	9	9
120.82912024729237	9.0	9	9
120.92922722347075	9.0	9	9
121.02933419964911	9.0	9	9
121.12944117582748	9.0	9	9
121.22954815200585	9.0	9	9
121.32965512818421	9.0	9	9
121.4297621043626	10.0	10	10
121.52986908054096	10.0	10	10
121.62997605671933	10.0	10	10
121.7300830328977	10.0	10	10
121.83019000907608	10.0	10	10
121.93029698525444	10.0	10	10
122.03040396143281	10.0	10	10
122.13051093761118	10.0	10	10
122.23061791378954	10.0	10	10
122.33072488996793	10.0	10	10
122.43083186614629	10.0	10	10
122.53093884232466	10.0	10	10
122.63104581850303	10.0	10	10
122.73115279468139	10.0	10	10
122.83125977085977	10.0	10	10
122.93136674703814	10.0	10	10
123.03147372321651	10.0	10	10
123.13158069939487	10.0	10	10
123.23168767557324	10.0	10	10
123.33179465175162	10.0	10	10
123.43190162792999	10.0	10	10
123.53200860410836	10.0	10	10
123.63211558028672	10.0	10	10
123.7322225564651	10.0	10	10
123.83232953264347	10.0	10	10
123.93243650882184	10.0	10	10
124.0325434850002	10.0	10	10
124.13265046117857	10.0	10	10
124.23275743735695	10.0	10	10
124.33286441353532	10.0	10	10
124.43297138971369	10.0	10	10
124.53307836589205	10.0	10	10
124.63318534207042	10.0	10	10
124.7332923182488	10.0	10	10
124.83339929442717	10.0	10	10
124.93350627060553	10.0	10	10
125.0336132467839	10.0	10	10
125.13372022296227	10.0	10	10
125.23382719914065	10.0	10	10
125.33393417531902	10.0	10	10
125.43404115149738	10.0	10	10
125.53414812767575	10.0	10	10
125.63425510385413	10.0	10	10
125.7343620800325	10.0	10	10
125.83446905621086	10.0	10	10
125.93457603238923	10.0	10	10
126.0346830085676	10.0	10	10
126.13478998474598	10.0	10	10
126.23489696092435	10.0	10	10
126.33500393710271	10.0	10	10
126.43511091328108	10.0	10	10
126.53521788945945	10.0	10	10
126.63532486563783	10.0	10	10
126.7354318418162	9.0	9	9
126.83553881799456	9.0	9	9
126.93564579417293	9.0	9	9
127.0357527703513	9.0	9	9
127.13585974652968	9.0	9	9
127.23596672270804	9.0	9	9
127.33607369888641	9.0	9	9
127.43618067506478	9.0	9	9
127.53628765124314	9.0	9	9
127.63639462742152	9.0	9	9
127.73650160359989	9.0	9	9
127.83660857977826	9.0	9	9
127.93671555595662	9.0	9	9
128.036822532135	9.0	9	9
128.13692950831336	9.0	9	9
128.23703648449174	9.0	9	9
128.33714346067012	9.0	9	9
128.43725043684847	9.0	9	9
128.53735741302685	9.0	9	9
128.6374643892052	9.0	9	9
128.7375713653836	9.0	9	9
128.83767834156197	9.0	9	9
128.93778531774032	9.0	9	9
129.0378922939187	9.0	9	9
129.13799927009705	9.0	9	9
129.23810624627544	9.0	9	9
129.33821322245382	9.0	9	9
129.43832019863217	9.0	9	9
129.53842717481055	9.0	9	9
129.6385341509889	9.0	9	9
129.73864112716728	10.0	10	10
129.83874810334567	10.0	10	10
129.93885507952402	10.0	10	10
130.0389620557024	10.0	10	10
130.13906903188075	10.0	10	10
130.23917600805913	10.0	10	10
130.3392829842375	10.0	10	10
130.43938996041587	10.0	10	10
130.53949693659425	10.0	10	10
130.6396039127726	11.0	11	11
130.73971088895098	11.0	11	11
130.83981786512936	11.0	11	11
130.93992484130771	11.0	11	11
131.0400318174861	11.0	11	11
131.14013879366448	11.0	11	11
131.24024576984283	11.0	11	11
131.3403527460212	11.0	11	11
131.44045972219956	11.0	11	11
131.54056669837794	11.0	11	11
131.64067367455633	11.0	11	11
131.74078065073468	11.0	11	11
131.84088762691306	11.0	11	11
131.9409946030914	11.0	11	11
132.0411015792698	11.0	11	11
132.14120855544817	10.0	10	10
132.24131553162653	10.0	10	10
132.3414225078049	10.0	10	10
132.44152948398326	10.0	10	10
132.54163646016164	10.0	10	10
132.64174343634002	10.0	10	10
132.74185041251837	10.0	10	10
132.84195738869676	10.0	10	10
132.9420643648751	10.0	10	10
133.0421713410535	10.0	10	10
133.14227831723187	10.0	10	10
133.24238529341022	10.0	10	10
133.3424922695886	10.0	10	10
133.44259924576696	10.0	10	10
133.54270622194534	11.0	11	11
133.64281319812372	11.0	11	11
133.74292017430207	11.0	11	11
133.84302715048045	11.0	11	11
133.9431341266588	11.0	11	11
134.0432411028372	11.0	11	11
134.14334807901557	11.0	11	11
134.24345505519392	11.0	11	11
134.3435620313723	11.0	11	11
134.44366900755065	11.0	11	11
134.54377598372903	11.0	11	11
134.64388295990742	11.0	11	11
134.74398993608577	11.0	11	11
134.84409691226415	11.0	11	11
134.94420388844253	11.0	11	11
135.04431086462088	11.0	11	11
135.14441784079926	11.0	11	11
135.24452481697762	11.0	11	11
135.344631793156	11.0	11	11
135.44473876933438	11.0	11	11
135.54484574551273	11.0	11	11
135.6449527216911	11.0	11	11
135.74505969786946	11.0	11	11
135.84516667404785	11.0	11	11
135.94527365022623	11.0	11	11
136.04538062640458	11.0	11	11
136.14548760258296	11.0	11	11
136.2455945787613	11.0	11	11
136.3457015549397	11.0	11	11
136.44580853111808	11.0	11	11
136.54591550729643	11.0	11	11
136.6460224834748	11.0	11	11
136.74612945965316	11.0	11	11
136.84623643583154	11.0	11	11
136.94634341200992	11.0	11	11
137.04645038818828	11.0	11	11
137.14655736436666	11.0	11	11
137.246664340545	11.0	11	11
137.3467713167234	11.0	11	11
137.44687829290177	11.0	11	11
137.54698526908012	11.0	11	11
137.6470922452585	11.0	11	11
137.74719922143686	11.0	11	11
137.84730619761524	11.0	11	11
137.94741317379362	11.0	11	11
138.04752014997197	11.0	11	11
138.14762712615035	11.0	11	11
138.2477341023287	11.0	11	11
138.3478410785071	11.0	11	11
138.44794805468547	11.0	11	11
138.54805503086382	11.0	11	11
138.6481620070422	11.0	11	11
138.74826898322058	11.0	11	11
138.84837595939894	11.0	11	11
138.94848293557732	11.0	11	11
139.04858991175567	11.0	11	11
139.14869688793405	11.0	11	11
139.24880386411243	11.0	11	11
139.34891084029078	11.0	11	11
139.44901781646917	11.0	11	11
139.54912479264752	11.0	11	11
139.6492317688259	11.0	11	11
139.74933874500428	11.0	11	11
139.84944572118263	11.0	11	11
139.949552697361	11.0	11	11
140.04965967353937	10.0	10	10
140.14976664971775	10.0	10	10
140.24987362589613	10.0	10	10
140.34998060207448	10.0	10	10
140.45008757825286	10.0	10	10
140.55019455443122	11.0	11	11
140.6503015306096	10.0	10	10
140.75040850678798	10.0	10	10
140.85051548296633	10.0	10	10
140.9506224591447	10.0	10	10
141.05072943532306	10.0	10	10
141.15083641150144	10.0	10	10
141.25094338767983	10.0	10	10
141.35105036385818	10.0	10	10
141.45115734003656	10.0	10	10
141.5512643162149	10.0	10	10
141.6513712923933	10.0	10	10
141.75147826857167	10.0	10	10
141.85158524475003	10.0	10	10
141.9516922209284	10.0	10	10
142.05179919710676	10.0	10	10
142.15190617328514	10.0	10	10
142.25201314946352	10.0	10	10
142.35212012564187	10.0	10	10
142.45222710182026	10.0	10	10
142.5523340779986	10.0	10	10
142.652441054177	10.0	10	10
142.75254803035537	9.0	9	9
142.85265500653372	10.0	10	10
142.9527619827121	10.0	10	10
143.05286895889049	9.0	9	9
143.15297593506884	9.0	9	9
143.25308291124722	9.0	9	9
143.35318988742557	9.0	9	9
143.45329686360395	9.0	9	9
143.55340383978233	9.0	9	9
143.6535108159607	9.0	9	9
143.75361779213907	8.0	8	8
143.85372476831742	8.0	8	8
143.9538317444958	8.0	8	8
144.05393872067418	8.0	8	8
144.15404569685253	8.0	8	8
144.25415267303092	8.0	8	8
144.35425964920927	8.0	8	8
144.45436662538765	8.0	8	8
144.55447360156603	8.0	8	8
144.65458057774438	8.0	8	8
144.75468755392276	8.0	8	8
144.85479453010112	8.0	8	8
144.9549015062795	8.0	8	8
145.05500848245788	8.0	8	8
145.15511545863623	8.0	8	8
145.2552224348146	8.0	8	8
145.35532941099297	8.0	8	8
145.45543638717135	8.0	8	8
145.55554336334973	8.0	8	8
145.65565033952808	8.0	8	8
145.75575731570646	8.0	8	8
145.8558642918848	8.0	8	8
145.9559712680632	8.0	8	8
146.05607824424158	8.0	8	8
146.15618522041993	9.0	9	9
146.2562921965983	9.0	9	9
146.35639917277666	9.0	9	9
146.45650614895504	9.0	9	9
146.55661312513342	9.0	9	9
146.65672010131178	9.0	9	9
146.75682707749016	9.0	9	9
146.85693405366854	9.0	9	9
146.9570410298469	9.0	9	9
147.05714800602527	9.0	9	9
147.15725498220363	9.0	9	9
147.257361958382	9.0	9	9
147.3574689345604	9.0	9	9
147.45757591073874	9.0	9	9
147.55768288691712	9.0	9	9
147.65778986309547	9.0	9	9
147.75789683927385	9.0	9	9
147.85800381545224	9.0	9	9
147.9581107916306	9.0	9	9
148.05821776780897	9.0	9	9
148.15832474398732	9.0	9	9
148.2584317201657	9.0	9	9
148.35853869634408	9.0	9	9
148.45864567252244	9.0	9	9
148.55875264870082	9.0	9	9
148.65885962487917	9.0	9	9
148.75896660105755	9.0	9	9
148.85907357723593	9.0	9	9
148.95918055341428	9.0	9	9
149.05928752959267	9.0	9	9
149.15939450577102	9.0	9	9
149.2595014819494	9.0	9	9
149.35960845812778	9.0	9	9
149.45971543430613	9.0	9	9
149.55982241048451	9.0	9	9
149.65992938666287	9.0	9	9
149.76003636284125	9.0	9	9
149.86014333901963	9.0	9	9
149.96025031519798	9.0	9	9
150.06035729137636	9.0	9	9
150.16046426755472	9.0	9	9
150.2605712437331	9.0	9	9
150.36067821991148	9.0	9	9
150.46078519608983	9.0	9	9
150.5608921722682	9.0	9	9
150.66099914844656	9.0	9	9
150.76110612462494	10.0	10	10
150.86121310080333	10.0	10	10
150.96132007698168	10.0	10	10
151.06142705316006	10.0	10	10
151.16153402933844	10.0	10	10
151.2616410055168	10.0	10	10
151.36174798169517	10.0	10	10
151.46185495787353	10.0	10	10
151.5619619340519	10.0	10	10
151.6620689102303	10.0	10	10
151.76217588640864	10.0	10	10
151.86228286258702	10.0	10	10
151.96238983876538	10.0	10	10
152.06249681494376	10.0	10	10
152.16260379112214	10.0	10	10
152.2627107673005	9.0	9	9
152.36281774347887	9.0	9	9
152.46292471965722	9.0	9	9
152.5630316958356	9.0	9	9
152.663138672014	9.0	9	9
152.76324564819234	9.0	9	9
152.86335262437072	9.0	9	9
152.96345960054907	9.0	9	9
153.06356657672745	9.0	9	9
153.16367355290583	9.0	9	9
153.2637805290842	9.0	9	9
153.36388750526257	9.0	9	9
153.46399448144092	9.0	9	9
153.5641014576193	9.0	9	9
153.66420843379768	9.0	9	9
153.76431540997604	9.0	9	9
153.86442238615442	9.0	9	9
153.96452936233277	9.0	9	9
154.06463633851115	9.0	9	9
154.16474331468953	9.0	9	9
154.26485029086788	9.0	9	9
154.36495726704626	9.0	9	9
154.46506424322462	9.0	9	9
154.565171219403	9.0	9	9
154.66527819558138	9.0	9	9
154.76538517175973	9.0	9	9
154.8654921479381	9.0	9	9
154.9655991241165	9.0	9	9
155.06570610029485	9.0	9	9
155.16581307647323	8.0	8	8
155.26592005265158	8.0	8	8
155.36602702882996	8.0	8	8
155.46613400500834	8.0	8	8
155.5662409811867	8.0	8	8
155.66634795736508	7.0	7	7
155.76645493354343	7.0	7	7
155.8665619097218	7.0	7	7
155.9666688859002	7.0	7	7
156.06677586207854	7.0	7	7
156.16688283825692	7.0	7	7
156.26698981443528	7.0	7	7
156.36709679061366	6.0	6	6
156.46720376679204	6.0	6	6
156.5673107429704	6.0	6	6
156.66741771914877	6.0	6	6
156.76752469532713	6.0	6	6
156.8676316715055	6.0	6	6
156.9677386476839	6.0	6	6
157.06784562386224	6.0	6	6
157.16795260004062	6.0	6	6
157.26805957621897	6.0	6	6
157.36816655239735	6.0	6	6
157.46827352857574	6.0	6	6
157.5683805047541	6.0	6	6
157.66848748093247	6.0	6	6
157.76859445711082	6.0	6	6
157.8687014332892	6.0	6	6
157.96880840946758	6.0	6	6
158.06891538564594	6.0	6	6
158.16902236182432	6.0	6	6
158.26912933800267	6.0	6	6
158.36923631418105	6.0	6	6
158.46934329035943	6.0	6	6
158.56945026653779	6.0	6	6
158.66955724271617	6.0	6	6
158.76966421889452	6.0	6	6
158.8697711950729	6.0	6	6
158.96987817125128	6.0	6	6
159.06998514742963	6.0	6	6
159.17009212360801	6.0	6	6
159.2701990997864	6.0	6	6
159.37030607596475	6.0	6	6
159.47041305214313	6.0	6	6
159.57052002832148	6.0	6	6
159.67062700449986	6.0	6	6
159.77073398067824	6.0	6	6
159.8708409568566	6.0	6	6
159.97094793303498	6.0	6	6
160.07105490921333	6.0	6	6
160.1711618853917	6.0	6	6
160.2712688615701	6.0	6	6
160.37137583774845	6.0	6	6
160.47148281392683	6.0	6	6
160.57158979010518	6.0	6	6
160.67169676628356	6.0	6	6
160.77180374246194	6.0	6	6
160.8719107186403	6.0	6	6
160.97201769481867	6.0	6	6
161.07212467099703	6.0	6	6
161.1722316471754	6.0	6	6
161.2723386233538	6.0	6	6
161.37244559953214	6.0	6	6
161.47255257571052	6.0	6	6
161.57265955188888	6.0	6	6
161.67276652806726	6.0	6	6
161.77287350424564	6.0	6	6
161.872980480424	6.0	6	6
161.97308745660237	6.0	6	6
162.07319443278072	6.0	6	6
162.1733014089591	6.0	6	6
162.2734083851375	6.0	6	6
162.37351536131584	6.0	6	6
162.47362233749422	6.0	6	6
162.57372931367257	6.0	6	6
162.67383628985095	6.0	6	6
162.77394326602933	6.0	6	6
162.8740502422077	6.0	6	6
162.97415721838607	6.0	6	6
163.07426419456445	6.0	6	6
163.1743711707428	6.0	6	6
163.27447814692118	6.0	6	6
163.37458512309954	6.0	6	6
163.47469209927792	6.0	6	6
163.5747990754563	6.0	6	6
163.67490605163465	6.0	6	6
163.77501302781303	6.0	6	6
163.87512000399138	6.0	6	6
163.97522698016977	6.0	6	6
164.07533395634815	6.0	6	6
164.1754409325265	5.0	5	5
164.27554790870488	5.0	5	5
164.37565488488323	5.0	5	5
164.4757618610616	5.0	5	5
164.57586883724	5.0	5	5
164.67597581341835	5.0	5	5
164.77608278959673	5.0	5	5
164.87618976577508	5.0	5	5
164.97629674195346	5.0	5	5
165.07640371813184	5.0	5	5
165.1765106943102	5.0	5	5
165.27661767048858	5.0	5	5
165.37672464666693	6.0	6	6
165.4768316228453	7.0	7	7
165.5769385990237	7.0	7	7
165.67704557520204	7.0	7	7
165.77715255138042	7.0	7	7
165.87725952755878	7.0	7	7
165.97736650373716	7.0	7	7
166.07747347991554	7.0	7	7
166.1775804560939	8.0	8	8
166.27768743227227	8.0	8	8
166.37779440845063	8.0	8	8
166.477901384629	8.0	8	8
166.5780083608074	8.0	8	8
166.67811533698574	8.0	8	8
166.77822231316412	8.0	8	8
166.8783292893425	8.0	8	8
166.97843626552086	8.0	8	8
167.07854324169924	8.0	8	8
167.1786502178776	8.0	8	8
167.27875719405597	8.0	8	8
167.37886417023435	8.0	8	8
167.4789711464127	8.0	8	8
167.57907812259108	8.0	8	8
167.67918509876944	8.0	8	8
167.77929207494782	8.0	8	8
167.8793990511262	8.0	8	8
167.97950602730455	8.0	8	8
168.07961300348293	8.0	8	8
168.1797199796613	8.0	8	8
168.27982695583967	8.0	8	8
168.37993393201805	8.0	8	8
168.4800409081964	7.0	7	7
168.58014788437478	7.0	7	7
168.68025486055313	7.0	7	7
168.78036183673152	7.0	7	7
168.8804688129099	7.0	7	7
168.98057578908825	7.0	7	7
169.08068276526663	7.0	7	7
169.18078974144498	7.0	7	7
169.28089671762336	7.0	7	7
169.38100369380174	7.0	7	7
169.4811106699801	7.0	7	7
169.58121764615848	7.0	7	7
169.68132462233683	7.0	7	7
169.7814315985152	7.0	7	7
169.8815385746936	6.0	6	6
169.98164555087195	6.0	6	6
170.08175252705033	6.0	6	6
170.18185950322868	6.0	6	6
170.28196647940706	6.0	6	6
170.38207345558544	6.0	6	6
170.4821804317638	5.0	5	5
170.58228740794218	5.0	5	5
170.68239438412053	4.0	4	4
170.7825013602989	4.0	4	4
170.8826083364773	4.0	4	4
170.98271531265564	4.0	4	4
171.08282228883402	4.0	4	4
171.1829292650124	4.0	4	4
171.28303624119076	4.0	4	4
171.38314321736914	4.0	4	4
171.4832501935475	4.0	4	4
171.58335716972587	4.0	4	4
171.68346414590425	4.0	4	4
171.7835711220826	4.0	4	4
171.883678098261	4.0	4	4
171.98378507443934	4.0	4	4
172.08389205061772	4.0	4	4
172.1839990267961	4.0	4	4
172.28410600297445	4.0	4	4
172.38421297915284	4.0	4	4
172.4843199553312	4.0	4	4
172.58442693150957	4.0	4	4
172.68453390768795	4.0	4	4
172.7846408838663	4.0	4	4
172.88474786004468	4.0	4	4
172.98485483622304	4.0	4	4
173.08496181240142	4.0	4	4
173.1850687885798	4.0	4	4
173.28517576475815	4.0	4	4
173.38528274093653	4.0	4	4
173.48538971711488	4.0	4	4
173.58549669329327	4.0	4	4
173.68560366947165	4.0	4	4
173.78571064565	4.0	4	4
173.88581762182838	4.0	4	4
173.98592459800673	4.0	4	4
174.0860315741851	4.0	4	4
174.1861385503635	4.0	4	4
174.28624552654185	4.0	4	4
174.38635250272023	4.0	4	4
174.48645947889858	4.0	4	4
174.58656645507696	4.0	4	4
174.68667343125534	4.0	4	4
174.7867804074337	4.0	4	4
174.88688738361208	4.0	4	4
174.98699435979046	4.0	4	4
175.0871013359688	4.0	4	4
175.1872083121472	4.0	4	4
175.28731528832554	4.0	4	4
175.38742226450393	4.0	4	4
175.4875292406823	4.0	4	4
175.58763621686066	4.0	4	4
175.68774319303904	4.0	4	4
175.7878501692174	4.0	4	4
175.88795714539577	4.0	4	4
175.98806412157415	4.0	4	4
176.0881710977525	4.0	4	4
176.1882780739309	4.0	4	4
176.28838505010924	4.0	4	4
176.38849202628762	4.0	4	4
176.488599002466	4.0	4	4
176.58870597864436	4.0	4	4
176.68881295482274	4.0	4	4
176.7889199310011	4.0	4	4
176.88902690717947	4.0	4	4
176.98913388335785	4.0	4	4
177.0892408595362	4.0	4	4
177.18934783571459	4.0	4	4
177.28945481189294	4.0	4	4
177.38956178807132	4.0	4	4
177.4896687642497	4.0	4	4
177.58977574042805	4.0	4	4
177.68988271660643	4.0	4	4
177.7899896927848	4.0	4	4
177.89009666896317	4.0	4	4
177.99020364514155	4.0	4	4
178.0903106213199	4.0	4	4
178.19041759749828	4.0	4	4
178.29052457367663	4.0	4	4
178.39063154985502	4.0	4	4
178.4907385260334	4.0	4	4
178.59084550221175	4.0	4	4
178.69095247839013	4.0	4	4
178.79105945456848	4.0	4	4
178.89116643074686	4.0	4	4
178.99127340692525	4.0	4	4
179.0913803831036	4.0	4	4
179.19148735928198	4.0	4	4
179.29159433546036	4.0	4	4
179.3917013116387	4.0	4	4
179.4918082878171	4.0	4	4
179.59191526399545	4.0	4	4
179.69202224017383	4.0	4	4
179.7921292163522	4.0	4	4
179.89223619253056	4.0	4	4
179.99234316870894	4.0	4	4
180.0924501448873	4.0	4	4
180.19255712106568	4.0	4	4
180.29266409724406	4.0	4	4
180.3927710734224	4.0	4	4
180.4928780496008	4.0	4	4
180.59298502577914	4.0	4	4
180.69309200195752	4.0	4	4
180.7931989781359	4.0	4	4
180.89330595431426	4.0	4	4
180.99341293049264	4.0	4	4
181.093519906671	4.0	4	4
181.19362688284937	4.0	4	4
181.29373385902775	4.0	4	4
181.3938408352061	4.0	4	4
181.4939478113845	4.0	4	4
181.59405478756284	4.0	4	4
181.69416176374122	4.0	4	4
181.7942687399196	4.0	4	4
181.89437571609795	4.0	4	4
181.99448269227634	3.0	3	3
182.0945896684547	3.0	3	3
182.19469664463307	3.0	3	3
182.29480362081145	3.0	3	3
182.3949105969898	3.0	3	3
182.49501757316818	3.0	3	3
182.59512454934654	2.0	2	2
182.69523152552492	2.0	2	2
182.7953385017033	2.0	2	2
182.89544547788165	2.0	2	2
182.99555245406003	2.0	2	2
183.0956594302384	1.0	1	1
183.19576640641677	1.0	1	1
183.29587338259515	1.0	1	1
183.3959803587735	1.0	1	1
183.49608733495188	1.0	1	1
183.59619431113026	1.0	1	1
183.69630128730861	1.0	1	1
183.796408263487	1.0	1	1
183.89651523966535	1.0	1	1
183.99662221584373	1.0	1	1
184.0967291920221	1.0	1	1
184.19683616820046	1.0	1	1
184.29694314437884	1.0	1	1
184.3970501205572	1.0	1	1
184.49715709673558	1.0	1	1
184.59726407291396	1.0	1	1
184.6973710490923	1.0	1	1
184.7974780252707	1.0	1	1
184.89758500144904	1.0	1	1
184.99769197762743	1.0	1	1
185.0977989538058	1.0	1	1
185.19790592998416	1.0	1	1
185.29801290616254	1.0	1	1
185.3981198823409	1.0	1	1
185.49822685851927	1.0	1	1
185.59833383469766	1.0	1	1
185.698440810876	1.0	1	1
185.7985477870544	1.0	1	1
185.89865476323274	1.0	1	1
185.99876173941112	1.0	1	1
186.0988687155895	1.0	1	1
186.19897569176786	1.0	1	1
186.29908266794624	1.0	1	1
186.3991896441246	1.0	1	1
186.49929662030297	1.0	1	1
