time	diversity	m_div	M_div
0.0	10.0	10	10
0.10007343205787948	10.0	10	10
0.20014686411575897	10.0	10	10
0.30022029617363843	10.0	10	10
0.40029372823151793	10.0	10	10
0.5003671602893974	10.0	10	10
0.6004405923472769	10.0	10	10
0.7005140244051564	10.0	10	10
0.8005874564630359	10.0	10	10
0.9006608885209153	10.0	10	10
1.0007343205787949	10.0	10	10
1.1008077526366744	10.0	10	10
1.2008811846945537	10.0	10	10
1.3009546167524333	10.0	10	10
1.4010280488103128	10.0	10	10
1.5011014808681922	10.0	10	10
1.6011749129260717	10.0	10	10
1.7012483449839513	10.0	10	10
1.8013217770418306	10.0	10	10
1.9013952090997102	10.0	10	10
2.0014686411575897	10.0	10	10
2.101542073215469	10.0	10	10
2.201615505273349	10.0	10	10
2.301688937331228	10.0	10	10
2.4017623693891075	10.0	10	10
2.5018358014469873	10.0	10	10
2.6019092335048666	10.0	10	10
2.701982665562746	10.0	10	10
2.8020560976206257	10.0	10	10
2.902129529678505	10.0	10	10
3.0022029617363843	10.0	10	10
3.102276393794264	10.0	10	10
3.2023498258521435	10.0	10	10
3.302423257910023	10.0	10	10
3.4024966899679026	10.0	10	10
3.502570122025782	10.0	10	10
3.602643554083661	10.0	10	10
3.702716986141541	10.0	10	10
3.8027904181994203	10.0	10	10
3.9028638502572996	10.0	10	10
4.002937282315179	10.0	10	10
4.103010714373059	10.0	10	10
4.203084146430938	10.0	10	10
4.303157578488817	10.0	10	10
4.403231010546698	10.0	10	10
4.503304442604577	10.0	10	10
4.603377874662456	10.0	10	10
4.703451306720336	10.0	10	10
4.803524738778215	10.0	10	10
4.903598170836094	10.0	10	10
5.0036716028939745	10.0	10	10
5.103745034951854	10.0	10	10
5.203818467009733	10.0	10	10
5.3038918990676125	10.0	10	10
5.403965331125492	10.0	10	10
5.504038763183371	10.0	10	10
5.604112195241251	10.0	10	10
5.704185627299131	10.0	10	10
5.80425905935701	10.0	10	10
5.904332491414889	10.0	10	10
6.004405923472769	10.0	10	10
6.104479355530648	10.0	10	10
6.204552787588528	10.0	10	10
6.304626219646408	10.0	10	10
6.404699651704287	10.0	10	10
6.504773083762166	10.0	10	10
6.604846515820046	10.0	10	10
6.704919947877926	10.0	10	10
6.804993379935805	10.0	10	10
6.905066811993684	10.0	10	10
7.005140244051564	10.0	10	10
7.105213676109443	10.0	10	10
7.205287108167322	10.0	10	10
7.305360540225203	10.0	10	10
7.405433972283082	10.0	10	10
7.505507404340961	10.0	10	10
7.605580836398841	10.0	10	10
7.70565426845672	10.0	10	10
7.805727700514599	10.0	10	10
7.9058011325724795	10.0	10	10
8.005874564630359	10.0	10	10
8.105947996688238	10.0	10	10
8.206021428746118	10.0	10	10
8.306094860803997	10.0	10	10
8.406168292861876	10.0	10	10
8.506241724919755	10.0	10	10
8.606315156977635	10.0	10	10
8.706388589035514	10.0	10	10
8.806462021093395	10.0	10	10
8.906535453151275	10.0	10	10
9.006608885209154	10.0	10	10
9.106682317267033	10.0	10	10
9.206755749324913	10.0	10	10
9.306829181382792	10.0	10	10
9.406902613440671	10.0	10	10
9.50697604549855	10.0	10	10
9.60704947755643	10.0	10	10
9.70712290961431	10.0	10	10
9.807196341672189	10.0	10	10
9.90726977373007	10.0	10	10
10.007343205787949	10.0	10	10
10.107416637845828	10.0	10	10
10.207490069903708	10.0	10	10
10.307563501961587	10.0	10	10
10.407636934019466	10.0	10	10
10.507710366077346	10.0	10	10
10.607783798135225	10.0	10	10
10.707857230193104	10.0	10	10
10.807930662250984	10.0	10	10
10.908004094308863	10.0	10	10
11.008077526366742	10.0	10	10
11.108150958424623	10.0	10	10
11.208224390482503	10.0	10	10
11.308297822540382	10.0	10	10
11.408371254598261	10.0	10	10
11.50844468665614	10.0	10	10
11.60851811871402	10.0	10	10
11.7085915507719	10.0	10	10
11.808664982829779	10.0	10	10
11.908738414887658	10.0	10	10
12.008811846945537	10.0	10	10
12.108885279003417	10.0	10	10
12.208958711061296	10.0	10	10
12.309032143119177	10.0	10	10
12.409105575177056	10.0	10	10
12.509179007234936	10.0	10	10
12.609252439292815	10.0	10	10
12.709325871350694	10.0	10	10
12.809399303408574	10.0	10	10
12.909472735466453	10.0	10	10
13.009546167524332	10.0	10	10
13.109619599582212	10.0	10	10
13.209693031640091	10.0	10	10
13.30976646369797	10.0	10	10
13.409839895755852	10.0	10	10
13.50991332781373	10.0	10	10
13.60998675987161	10.0	10	10
13.71006019192949	10.0	10	10
13.810133623987369	10.0	10	10
13.910207056045248	10.0	10	10
14.010280488103128	10.0	10	10
14.110353920161007	10.0	10	10
14.210427352218886	10.0	10	10
14.310500784276766	10.0	10	10
14.410574216334645	10.0	10	10
14.510647648392524	10.0	10	10
14.610721080450405	10.0	10	10
14.710794512508285	10.0	10	10
14.810867944566164	10.0	10	10
14.910941376624043	10.0	10	10
15.011014808681923	10.0	10	10
15.111088240739802	10.0	10	10
15.211161672797681	10.0	10	10
15.31123510485556	10.0	10	10
15.41130853691344	10.0	10	10
15.51138196897132	10.0	10	10
15.611455401029199	10.0	10	10
15.711528833087078	10.0	10	10
15.811602265144959	10.0	10	10
15.911675697202838	10.0	10	10
16.011749129260718	10.0	10	10
16.111822561318597	10.0	10	10
16.211895993376476	10.0	10	10
16.311969425434356	10.0	10	10
16.412042857492235	10.0	10	10
16.512116289550114	10.0	10	10
16.612189721607994	10.0	10	10
16.712263153665873	10.0	10	10
16.812336585723752	10.0	10	10
16.91241001778163	10.0	10	10
17.01248344983951	10.0	10	10
17.11255688189739	10.0	10	10
17.21263031395527	10.0	10	10
17.31270374601315	10.0	10	10
17.41277717807103	10.0	10	10
17.51285061012891	10.0	10	10
17.61292404218679	10.0	10	10
17.71299747424467	10.0	10	10
17.81307090630255	10.0	10	10
17.91314433836043	10.0	10	10
18.013217770418308	10.0	10	10
18.113291202476187	10.0	10	10
18.213364634534067	10.0	10	10
18.313438066591946	10.0	10	10
18.413511498649825	10.0	10	10
18.513584930707705	10.0	10	10
18.613658362765584	10.0	10	10
18.713731794823463	10.0	10	10
18.813805226881342	10.0	10	10
18.913878658939222	10.0	10	10
19.0139520909971	10.0	10	10
19.11402552305498	10.0	10	10
19.21409895511286	10.0	10	10
19.31417238717074	10.0	10	10
19.41424581922862	10.0	10	10
19.514319251286498	10.0	10	10
19.614392683344377	10.0	10	10
19.714466115402256	10.0	10	10
19.81453954746014	10.0	10	10
19.91461297951802	11.0	11	11
20.014686411575898	11.0	11	11
20.114759843633777	11.0	11	11
20.214833275691657	11.0	11	11
20.314906707749536	11.0	11	11
20.414980139807415	11.0	11	11
20.515053571865295	11.0	11	11
20.615127003923174	11.0	11	11
20.715200435981053	11.0	11	11
20.815273868038933	11.0	11	11
20.915347300096812	11.0	11	11
21.01542073215469	11.0	11	11
21.11549416421257	11.0	11	11
21.21556759627045	11.0	11	11
21.31564102832833	11.0	11	11
21.41571446038621	11.0	11	11
21.515787892444088	11.0	11	11
21.615861324501967	11.0	11	11
21.715934756559847	11.0	11	11
21.816008188617726	11.0	11	11
21.916081620675605	11.0	11	11
22.016155052733485	11.0	11	11
22.116228484791364	11.0	11	11
22.216301916849247	11.0	11	11
22.316375348907126	11.0	11	11
22.416448780965005	11.0	11	11
22.516522213022885	11.0	11	11
22.616595645080764	11.0	11	11
22.716669077138643	11.0	11	11
22.816742509196523	11.0	11	11
22.916815941254402	11.0	11	11
23.01688937331228	11.0	11	11
23.11696280537016	11.0	11	11
23.21703623742804	11.0	11	11
23.31710966948592	11.0	11	11
23.4171831015438	11.0	11	11
23.517256533601678	11.0	11	11
23.617329965659557	11.0	11	11
23.717403397717437	11.0	11	11
23.817476829775316	11.0	11	11
23.917550261833195	11.0	11	11
24.017623693891075	11.0	11	11
24.117697125948954	11.0	11	11
24.217770558006833	11.0	11	11
24.317843990064713	11.0	11	11
24.417917422122592	11.0	11	11
24.517990854180475	11.0	11	11
24.618064286238354	11.0	11	11
24.718137718296234	11.0	11	11
24.818211150354113	11.0	11	11
24.918284582411992	11.0	11	11
25.01835801446987	11.0	11	11
25.11843144652775	11.0	11	11
25.21850487858563	11.0	11	11
25.31857831064351	11.0	11	11
25.41865174270139	11.0	11	11
25.51872517475927	11.0	11	11
25.618798606817148	11.0	11	11
25.718872038875027	11.0	11	11
25.818945470932906	11.0	11	11
25.919018902990786	11.0	11	11
26.019092335048665	11.0	11	11
26.119165767106544	11.0	11	11
26.219239199164424	11.0	11	11
26.319312631222303	11.0	11	11
26.419386063280182	11.0	11	11
26.51945949533806	11.0	11	11
26.61953292739594	11.0	11	11
26.71960635945382	11.0	11	11
26.819679791511703	11.0	11	11
26.919753223569582	11.0	11	11
27.01982665562746	11.0	11	11
27.11990008768534	11.0	11	11
27.21997351974322	11.0	11	11
27.3200469518011	11.0	11	11
27.42012038385898	11.0	11	11
27.52019381591686	11.0	11	11
27.620267247974738	11.0	11	11
27.720340680032617	11.0	11	11
27.820414112090496	11.0	11	11
27.920487544148376	11.0	11	11
28.020560976206255	11.0	11	11
28.120634408264134	11.0	11	11
28.220707840322014	11.0	11	11
28.320781272379893	11.0	11	11
28.420854704437772	11.0	11	11
28.52092813649565	11.0	11	11
28.62100156855353	11.0	11	11
28.72107500061141	11.0	11	11
28.82114843266929	11.0	11	11
28.92122186472717	11.0	11	11
29.02129529678505	11.0	11	11
29.12136872884293	11.0	11	11
29.22144216090081	11.0	11	11
29.32151559295869	12.0	12	12
29.42158902501657	12.0	12	12
29.52166245707445	12.0	12	12
29.621735889132328	12.0	12	12
29.721809321190207	12.0	12	12
29.821882753248087	12.0	12	12
29.921956185305966	12.0	12	12
30.022029617363845	12.0	12	12
30.122103049421725	12.0	12	12
30.222176481479604	12.0	12	12
30.322249913537483	12.0	12	12
30.422323345595363	12.0	12	12
30.522396777653242	12.0	12	12
30.62247020971112	12.0	12	12
30.722543641769	12.0	12	12
30.82261707382688	12.0	12	12
30.92269050588476	12.0	12	12
31.02276393794264	12.0	12	12
31.122837370000518	12.0	12	12
31.222910802058397	12.0	12	12
31.322984234116277	12.0	12	12
31.423057666174156	12.0	12	12
31.52313109823204	12.0	12	12
31.623204530289918	12.0	12	12
31.723277962347797	12.0	12	12
31.823351394405677	12.0	12	12
31.923424826463556	12.0	12	12
32.023498258521435	12.0	12	12
32.12357169057931	12.0	12	12
32.223645122637194	12.0	12	12
32.32371855469507	12.0	12	12
32.42379198675295	12.0	12	12
32.52386541881083	12.0	12	12
32.62393885086871	12.0	12	12
32.724012282926594	12.0	12	12
32.82408571498447	12.0	12	12
32.92415914704235	12.0	12	12
33.02423257910023	12.0	12	12
33.12430601115811	12.0	12	12
33.22437944321599	12.0	12	12
33.32445287527387	12.0	12	12
33.424526307331746	12.0	12	12
33.52459973938963	12.0	12	12
33.624673171447505	12.0	12	12
33.72474660350539	12.0	12	12
33.82482003556326	12.0	12	12
33.924893467621146	12.0	12	12
34.02496689967902	12.0	12	12
34.125040331736905	12.0	12	12
34.22511376379478	13.0	13	13
34.32518719585266	13.0	13	13
34.42526062791054	13.0	13	13
34.52533405996842	13.0	13	13
34.6254074920263	13.0	13	13
34.72548092408418	13.0	13	13
34.82555435614206	13.0	13	13
34.92562778819994	13.0	13	13
35.02570122025782	13.0	13	13
35.1257746523157	13.0	13	13
35.22584808437358	13.0	13	13
35.32592151643146	14.0	14	14
35.42599494848934	14.0	14	14
35.526068380547215	14.0	14	14
35.6261418126051	14.0	14	14
35.726215244662974	14.0	14	14
35.82628867672086	14.0	14	14
35.92636210877873	14.0	14	14
36.026435540836616	14.0	14	14
36.12650897289449	14.0	14	14
36.226582404952374	14.0	14	14
36.32665583701025	14.0	14	14
36.42672926906813	15.0	15	15
36.52680270112601	15.0	15	15
36.62687613318389	15.0	15	15
36.72694956524177	15.0	15	15
36.82702299729965	15.0	15	15
36.927096429357526	15.0	15	15
37.02716986141541	15.0	15	15
37.127243293473285	15.0	15	15
37.22731672553117	15.0	15	15
37.32739015758905	15.0	15	15
37.427463589646926	15.0	15	15
37.52753702170481	16.0	16	16
37.627610453762685	16.0	16	16
37.72768388582057	16.0	16	16
37.827757317878444	16.0	16	16
37.92783074993633	17.0	17	17
38.0279041819942	17.0	17	17
38.127977614052085	17.0	17	17
38.22805104610996	17.0	17	17
38.328124478167844	17.0	17	17
38.42819791022572	17.0	17	17
38.5282713422836	17.0	17	17
38.62834477434148	17.0	17	17
38.72841820639936	17.0	17	17
38.82849163845724	17.0	17	17
38.92856507051512	17.0	17	17
39.028638502572996	17.0	17	17
39.12871193463088	17.0	17	17
39.228785366688754	18.0	18	18
39.32885879874664	18.0	18	18
39.42893223080451	18.0	18	18
39.529005662862396	18.0	18	18
39.62907909492028	18.0	18	18
39.729152526978154	18.0	18	18
39.82922595903604	18.0	18	18
39.92929939109391	18.0	18	18
40.029372823151796	18.0	18	18
40.12944625520967	18.0	18	18
40.229519687267555	18.0	18	18
40.32959311932543	18.0	18	18
40.42966655138331	18.0	18	18
40.52973998344119	18.0	18	18
40.62981341549907	18.0	18	18
40.72988684755695	18.0	18	18
40.82996027961483	18.0	18	18
40.930033711672706	18.0	18	18
41.03010714373059	18.0	18	18
41.130180575788465	18.0	18	18
41.23025400784635	18.0	18	18
41.330327439904224	18.0	18	18
41.43040087196211	18.0	18	18
41.53047430401998	18.0	18	18
41.630547736077865	18.0	18	18
41.73062116813574	18.0	18	18
41.830694600193624	18.0	18	18
41.93076803225151	18.0	18	18
42.03084146430938	18.0	18	18
42.130914896367265	18.0	18	18
42.23098832842514	18.0	18	18
42.331061760483024	18.0	18	18
42.4311351925409	18.0	18	18
42.53120862459878	18.0	18	18
42.63128205665666	18.0	18	18
42.73135548871454	18.0	18	18
42.83142892077242	18.0	18	18
42.9315023528303	18.0	18	18
43.031575784888176	18.0	18	18
43.13164921694606	18.0	18	18
43.231722649003935	18.0	18	18
43.33179608106182	18.0	18	18
43.43186951311969	18.0	18	18
43.531942945177576	18.0	18	18
43.63201637723545	18.0	18	18
43.732089809293335	18.0	18	18
43.83216324135121	18.0	18	18
43.93223667340909	18.0	18	18
44.03231010546697	18.0	18	18
44.13238353752485	18.0	18	18
44.23245696958273	18.0	18	18
44.33253040164061	18.0	18	18
44.432603833698494	19.0	19	19
44.53267726575637	19.0	19	19
44.63275069781425	19.0	19	19
44.73282412987213	19.0	19	19
44.83289756193001	19.0	19	19
44.93297099398789	19.0	19	19
45.03304442604577	19.0	19	19
45.133117858103645	19.0	19	19
45.23319129016153	19.0	19	19
45.333264722219404	19.0	19	19
45.43333815427729	19.0	19	19
45.53341158633516	19.0	19	19
45.633485018393046	18.0	18	18
45.73355845045092	18.0	18	18
45.833631882508804	18.0	18	18
45.93370531456668	18.0	18	18
46.03377874662456	18.0	18	18
46.13385217868244	18.0	18	18
46.23392561074032	18.0	18	18
46.3339990427982	18.0	18	18
46.43407247485608	18.0	18	18
46.534145906913956	18.0	18	18
46.63421933897184	18.0	18	18
46.73429277102972	18.0	18	18
46.8343662030876	18.0	18	18
46.93443963514548	18.0	18	18
47.034513067203356	18.0	18	18
47.13458649926124	18.0	18	18
47.234659931319115	17.0	17	17
47.334733363377	17.0	17	17
47.43480679543487	17.0	17	17
47.534880227492756	17.0	17	17
47.63495365955063	17.0	17	17
47.735027091608515	17.0	17	17
47.83510052366639	16.0	16	16
47.935173955724274	16.0	16	16
48.03524738778215	16.0	16	16
48.13532081984003	16.0	16	16
48.23539425189791	16.0	16	16
48.33546768395579	16.0	16	16
48.43554111601367	16.0	16	16
48.53561454807155	16.0	16	16
48.635687980129426	16.0	16	16
48.73576141218731	16.0	16	16
48.835834844245184	16.0	16	16
48.93590827630307	16.0	16	16
49.03598170836095	16.0	16	16
49.136055140418826	16.0	16	16
49.23612857247671	16.0	16	16
49.336202004534584	16.0	16	16
49.43627543659247	16.0	16	16
49.53634886865034	16.0	16	16
49.636422300708226	16.0	16	16
49.7364957327661	17.0	17	17
49.836569164823985	17.0	17	17
49.93664259688186	17.0	17	17
50.03671602893974	17.0	17	17
50.13678946099762	17.0	17	17
50.2368628930555	17.0	17	17
50.33693632511338	17.0	17	17
50.43700975717126	17.0	17	17
50.537083189229136	17.0	17	17
50.63715662128702	16.0	16	16
50.737230053344895	15.0	15	15
50.83730348540278	15.0	15	15
50.937376917460654	15.0	15	15
51.03745034951854	15.0	15	15
51.13752378157641	15.0	15	15
51.237597213634295	15.0	15	15
51.33767064569218	15.0	15	15
51.437744077750054	16.0	16	16
51.53781750980794	16.0	16	16
51.63789094186581	16.0	16	16
51.737964373923695	16.0	16	16
51.83803780598157	16.0	16	16
51.938111238039454	16.0	16	16
52.03818467009733	16.0	16	16
52.13825810215521	16.0	16	16
52.23833153421309	17.0	17	17
52.33840496627097	17.0	17	17
52.43847839832885	17.0	17	17
52.53855183038673	17.0	17	17
52.638625262444606	17.0	17	17
52.73869869450249	17.0	17	17
52.838772126560364	17.0	17	17
52.93884555861825	17.0	17	17
53.03891899067612	17.0	17	17
53.138992422734006	17.0	17	17
53.23906585479188	17.0	17	17
53.339139286849765	17.0	17	17
53.43921271890764	17.0	17	17
53.53928615096552	17.0	17	17
53.639359583023406	17.0	17	17
53.73943301508128	17.0	17	17
53.839506447139165	17.0	17	17
53.93957987919704	17.0	17	17
54.03965331125492	17.0	17	17
54.1397267433128	17.0	17	17
54.23980017537068	17.0	17	17
54.33987360742856	17.0	17	17
54.43994703948644	17.0	17	17
54.54002047154432	17.0	17	17
54.6400939036022	17.0	17	17
54.740167335660075	17.0	17	17
54.84024076771796	17.0	17	17
54.940314199775834	17.0	17	17
55.04038763183372	17.0	17	17
55.14046106389159	17.0	17	17
55.240534495949476	17.0	17	17
55.34060792800735	17.0	17	17
55.440681360065234	17.0	17	17
55.54075479212311	17.0	17	17
55.64082822418099	17.0	17	17
55.74090165623887	17.0	17	17
55.84097508829675	17.0	17	17
55.941048520354634	16.0	16	16
56.04112195241251	16.0	16	16
56.14119538447039	16.0	16	16
56.24126881652827	16.0	16	16
56.34134224858615	15.0	15	15
56.44141568064403	15.0	15	15
56.54148911270191	15.0	15	15
56.641562544759786	15.0	15	15
56.74163597681767	15.0	15	15
56.841709408875545	15.0	15	15
56.94178284093343	15.0	15	15
57.0418562729913	15.0	15	15
57.141929705049186	15.0	15	15
57.24200313710706	15.0	15	15
57.342076569164945	15.0	15	15
57.44215000122282	15.0	15	15
57.542223433280704	15.0	15	15
57.64229686533858	15.0	15	15
57.74237029739646	14.0	14	14
57.84244372945434	14.0	14	14
57.94251716151222	14.0	14	14
58.0425905935701	13.0	13	13
58.14266402562798	13.0	13	13
58.24273745768586	13.0	13	13
58.34281088974374	13.0	13	13
58.44288432180162	13.0	13	13
58.5429577538595	13.0	13	13
58.64303118591738	13.0	13	13
58.743104617975256	12.0	12	12
58.84317805003314	12.0	12	12
58.943251482091014	12.0	12	12
59.0433249141489	12.0	12	12
59.14339834620677	12.0	12	12
59.243471778264656	12.0	12	12
59.34354521032253	12.0	12	12
59.443618642380414	12.0	12	12
59.54369207443829	12.0	12	12
59.64376550649617	12.0	12	12
59.74383893855405	11.0	11	11
59.84391237061193	11.0	11	11
59.94398580266981	11.0	11	11
60.04405923472769	11.0	11	11
60.144132666785566	10.0	10	10
60.24420609884345	10.0	10	10
60.344279530901325	10.0	10	10
60.44435296295921	10.0	10	10
60.544426395017084	10.0	10	10
60.644499827074966	10.0	10	10
60.74457325913285	10.0	10	10
60.844646691190725	10.0	10	10
60.94472012324861	10.0	10	10
61.044793555306484	10.0	10	10
61.14486698736437	10.0	10	10
61.24494041942224	10.0	10	10
61.345013851480125	10.0	10	10
61.445087283538	10.0	10	10
61.545160715595884	10.0	10	10
61.64523414765376	10.0	10	10
61.74530757971164	10.0	10	10
61.84538101176952	10.0	10	10
61.9454544438274	10.0	10	10
62.04552787588528	10.0	10	10
62.14560130794316	10.0	10	10
62.245674740001036	10.0	10	10
62.34574817205892	10.0	10	10
62.445821604116794	10.0	10	10
62.54589503617468	10.0	10	10
62.64596846823255	10.0	10	10
62.746041900290436	10.0	10	10
62.84611533234831	10.0	10	10
62.946188764406195	10.0	10	10
63.04626219646408	10.0	10	10
63.14633562852195	10.0	10	10
63.246409060579836	10.0	10	10
63.34648249263771	10.0	10	10
63.446555924695595	10.0	10	10
63.54662935675347	9.0	9	9
63.64670278881135	9.0	9	9
63.74677622086923	9.0	9	9
63.84684965292711	9.0	9	9
63.94692308498499	9.0	9	9
64.04699651704287	9.0	9	9
64.14706994910075	9.0	9	9
64.24714338115862	9.0	9	9
64.3472168132165	9.0	9	9
64.44729024527439	9.0	9	9
64.54736367733227	9.0	9	9
64.64743710939014	9.0	9	9
64.74751054144802	10.0	10	10
64.8475839735059	10.0	10	10
64.94765740556379	9.0	9	9
65.04773083762166	9.0	9	9
65.14780426967954	9.0	9	9
65.24787770173742	9.0	9	9
65.3479511337953	9.0	9	9
65.44802456585319	9.0	9	9
65.54809799791106	10.0	10	10
65.64817142996894	11.0	11	11
65.74824486202682	12.0	12	12
65.8483182940847	13.0	13	13
65.94839172614257	14.0	14	14
66.04846515820046	14.0	14	14
66.14853859025834	14.0	14	14
66.24861202231622	14.0	14	14
66.34868545437409	14.0	14	14
66.44875888643197	14.0	14	14
66.54883231848986	14.0	14	14
66.64890575054774	14.0	14	14
66.74897918260561	14.0	14	14
66.84905261466349	14.0	14	14
66.94912604672137	14.0	14	14
67.04919947877926	14.0	14	14
67.14927291083713	14.0	14	14
67.24934634289501	14.0	14	14
67.34941977495289	14.0	14	14
67.44949320701078	14.0	14	14
67.54956663906866	14.0	14	14
67.64964007112653	14.0	14	14
67.74971350318441	14.0	14	14
67.84978693524229	14.0	14	14
67.94986036730018	13.0	13	13
68.04993379935804	13.0	13	13
68.15000723141593	13.0	13	13
68.25008066347381	13.0	13	13
68.35015409553169	13.0	13	13
68.45022752758956	13.0	13	13
68.55030095964744	13.0	13	13
68.65037439170533	13.0	13	13
68.75044782376321	13.0	13	13
68.85052125582108	13.0	13	13
68.95059468787896	13.0	13	13
69.05066811993684	13.0	13	13
69.15074155199473	13.0	13	13
69.2508149840526	13.0	13	13
69.35088841611048	13.0	13	13
69.45096184816836	13.0	13	13
69.55103528022624	13.0	13	13
69.65110871228411	13.0	13	13
69.751182144342	13.0	13	13
69.85125557639988	13.0	13	13
69.95132900845776	13.0	13	13
70.05140244051564	13.0	13	13
70.15147587257351	12.0	12	12
70.2515493046314	12.0	12	12
70.35162273668928	12.0	12	12
70.45169616874716	12.0	12	12
70.55176960080503	12.0	12	12
70.65184303286291	12.0	12	12
70.7519164649208	12.0	12	12
70.85198989697868	12.0	12	12
70.95206332903655	11.0	11	11
71.05213676109443	11.0	11	11
71.15221019315231	11.0	11	11
71.2522836252102	11.0	11	11
71.35235705726807	11.0	11	11
71.45243048932595	11.0	11	11
71.55250392138383	11.0	11	11
71.65257735344171	11.0	11	11
71.75265078549958	11.0	11	11
71.85272421755747	11.0	11	11
71.95279764961535	12.0	12	12
72.05287108167323	12.0	12	12
72.1529445137311	12.0	12	12
72.25301794578898	12.0	12	12
72.35309137784687	12.0	12	12
72.45316480990475	12.0	12	12
72.55323824196263	12.0	12	12
72.6533116740205	12.0	12	12
72.75338510607838	12.0	12	12
72.85345853813627	12.0	12	12
72.95353197019415	12.0	12	12
73.05360540225202	12.0	12	12
73.1536788343099	12.0	12	12
73.25375226636778	12.0	12	12
73.35382569842567	12.0	12	12
73.45389913048353	12.0	12	12
73.55397256254142	12.0	12	12
73.6540459945993	12.0	12	12
73.75411942665718	12.0	12	12
73.85419285871505	12.0	12	12
73.95426629077294	12.0	12	12
74.05433972283082	12.0	12	12
74.1544131548887	12.0	12	12
74.25448658694657	12.0	12	12
74.35456001900445	12.0	12	12
74.45463345106234	12.0	12	12
74.55470688312022	12.0	12	12
74.6547803151781	12.0	12	12
74.75485374723597	12.0	12	12
74.85492717929385	12.0	12	12
74.95500061135174	12.0	12	12
75.05507404340962	12.0	12	12
75.15514747546749	12.0	12	12
75.25522090752537	12.0	12	12
75.35529433958325	12.0	12	12
75.45536777164114	12.0	12	12
75.555441203699	12.0	12	12
75.65551463575689	12.0	12	12
75.75558806781477	12.0	12	12
75.85566149987265	12.0	12	12
75.95573493193052	12.0	12	12
76.0558083639884	12.0	12	12
76.15588179604629	12.0	12	12
76.25595522810417	12.0	12	12
76.35602866016204	12.0	12	12
76.45610209221992	12.0	12	12
76.5561755242778	12.0	12	12
76.65624895633569	12.0	12	12
76.75632238839356	12.0	12	12
76.85639582045144	12.0	12	12
76.95646925250932	12.0	12	12
77.0565426845672	12.0	12	12
77.15661611662509	12.0	12	12
77.25668954868296	12.0	12	12
77.35676298074084	12.0	12	12
77.45683641279872	12.0	12	12
77.5569098448566	12.0	12	12
77.65698327691447	12.0	12	12
77.75705670897236	13.0	13	13
77.85713014103024	13.0	13	13
77.95720357308812	12.0	12	12
78.05727700514599	12.0	12	12
78.15735043720387	12.0	12	12
78.25742386926176	12.0	12	12
78.35749730131964	12.0	12	12
78.45757073337751	11.0	11	11
78.55764416543539	11.0	11	11
78.65771759749327	11.0	11	11
78.75779102955116	11.0	11	11
78.85786446160903	11.0	11	11
78.95793789366691	11.0	11	11
79.05801132572479	11.0	11	11
79.15808475778267	11.0	11	11
79.25815818984056	11.0	11	11
79.35823162189843	11.0	11	11
79.45830505395631	11.0	11	11
79.55837848601419	11.0	11	11
79.65845191807207	12.0	12	12
79.75852535012994	12.0	12	12
79.85859878218783	12.0	12	12
79.95867221424571	12.0	12	12
80.05874564630359	12.0	12	12
80.15881907836146	12.0	12	12
80.25889251041934	12.0	12	12
80.35896594247723	12.0	12	12
80.45903937453511	12.0	12	12
80.55911280659298	12.0	12	12
80.65918623865086	12.0	12	12
80.75925967070874	12.0	12	12
80.85933310276663	12.0	12	12
80.9594065348245	12.0	12	12
81.05947996688238	12.0	12	12
81.15955339894026	12.0	12	12
81.25962683099814	12.0	12	12
81.35970026305601	12.0	12	12
81.4597736951139	12.0	12	12
81.55984712717178	12.0	12	12
81.65992055922966	12.0	12	12
81.75999399128754	12.0	12	12
81.86006742334541	12.0	12	12
81.9601408554033	12.0	12	12
82.06021428746118	12.0	12	12
82.16028771951906	12.0	12	12
82.26036115157693	12.0	12	12
82.36043458363481	12.0	12	12
82.4605080156927	12.0	12	12
82.56058144775058	12.0	12	12
82.66065487980845	12.0	12	12
82.76072831186633	13.0	13	13
82.86080174392421	13.0	13	13
82.9608751759821	12.0	12	12
83.06094860803996	12.0	12	12
83.16102204009785	12.0	12	12
83.26109547215573	12.0	12	12
83.36116890421361	12.0	12	12
83.46124233627148	12.0	12	12
83.56131576832937	12.0	12	12
83.66138920038725	12.0	12	12
83.76146263244513	12.0	12	12
83.86153606450301	12.0	12	12
83.96160949656088	12.0	12	12
84.06168292861877	12.0	12	12
84.16175636067665	12.0	12	12
84.26182979273453	12.0	12	12
84.3619032247924	12.0	12	12
84.46197665685028	12.0	12	12
84.56205008890817	12.0	12	12
84.66212352096605	12.0	12	12
84.76219695302392	12.0	12	12
84.8622703850818	11.0	11	11
84.96234381713968	11.0	11	11
85.06241724919757	11.0	11	11
85.16249068125543	11.0	11	11
85.26256411331332	11.0	11	11
85.3626375453712	10.0	10	10
85.46271097742908	10.0	10	10
85.56278440948695	10.0	10	10
85.66285784154483	10.0	10	10
85.76293127360272	10.0	10	10
85.8630047056606	10.0	10	10
85.96307813771847	10.0	10	10
86.06315156977635	10.0	10	10
86.16322500183423	10.0	10	10
86.26329843389212	10.0	10	10
86.36337186595	10.0	10	10
86.46344529800787	10.0	10	10
86.56351873006575	10.0	10	10
86.66359216212363	10.0	10	10
86.76366559418152	10.0	10	10
86.86373902623939	10.0	10	10
86.96381245829727	10.0	10	10
87.06388589035515	10.0	10	10
87.16395932241304	10.0	10	10
87.2640327544709	10.0	10	10
87.36410618652879	10.0	10	10
87.46417961858667	10.0	10	10
87.56425305064455	10.0	10	10
87.66432648270242	10.0	10	10
87.7643999147603	10.0	10	10
87.86447334681819	10.0	10	10
87.96454677887607	10.0	10	10
88.06462021093394	10.0	10	10
88.16469364299182	10.0	10	10
88.2647670750497	10.0	10	10
88.36484050710759	10.0	10	10
88.46491393916546	10.0	10	10
88.56498737122334	10.0	10	10
88.66506080328122	10.0	10	10
88.7651342353391	10.0	10	10
88.86520766739699	10.0	10	10
88.96528109945486	10.0	10	10
89.06535453151274	10.0	10	10
89.16542796357062	10.0	10	10
89.2655013956285	10.0	10	10
89.36557482768637	10.0	10	10
89.46564825974426	10.0	10	10
89.56572169180214	10.0	10	10
89.66579512386002	10.0	10	10
89.76586855591789	9.0	9	9
89.86594198797577	9.0	9	9
89.96601542003366	9.0	9	9
90.06608885209154	9.0	9	9
90.16616228414941	9.0	9	9
90.26623571620729	9.0	9	9
90.36630914826517	9.0	9	9
90.46638258032306	9.0	9	9
90.56645601238093	9.0	9	9
90.66652944443881	9.0	9	9
90.76660287649669	9.0	9	9
90.86667630855457	9.0	9	9
90.96674974061246	9.0	9	9
91.06682317267033	9.0	9	9
91.16689660472821	9.0	9	9
91.26697003678609	9.0	9	9
91.36704346884397	9.0	9	9
91.46711690090184	9.0	9	9
91.56719033295973	9.0	9	9
91.66726376501761	9.0	9	9
91.76733719707549	9.0	9	9
91.86741062913336	9.0	9	9
91.96748406119124	9.0	9	9
92.06755749324913	9.0	9	9
92.16763092530701	9.0	9	9
92.26770435736488	9.0	9	9
92.36777778942276	9.0	9	9
92.46785122148064	9.0	9	9
92.56792465353853	9.0	9	9
92.6679980855964	9.0	9	9
92.76807151765428	9.0	9	9
92.86814494971216	9.0	9	9
92.96821838177004	9.0	9	9
93.06829181382791	9.0	9	9
93.1683652458858	9.0	9	9
93.26843867794368	9.0	9	9
93.36851211000156	9.0	9	9
93.46858554205944	9.0	9	9
93.56865897411731	9.0	9	9
93.6687324061752	9.0	9	9
93.76880583823308	9.0	9	9
93.86887927029096	9.0	9	9
93.96895270234883	9.0	9	9
94.06902613440671	9.0	9	9
94.1690995664646	9.0	9	9
94.26917299852248	9.0	9	9
94.36924643058035	9.0	9	9
94.46931986263823	9.0	9	9
94.56939329469611	10.0	10	10
94.669466726754	10.0	10	10
94.76954015881186	10.0	10	10
94.86961359086975	10.0	10	10
94.96968702292763	10.0	10	10
95.06976045498551	10.0	10	10
95.16983388704338	10.0	10	10
95.26990731910126	11.0	11	11
95.36998075115915	11.0	11	11
95.47005418321703	11.0	11	11
95.57012761527491	11.0	11	11
95.67020104733278	11.0	11	11
95.77027447939066	11.0	11	11
95.87034791144855	12.0	12	12
95.97042134350643	12.0	12	12
96.0704947755643	12.0	12	12
96.17056820762218	12.0	12	12
96.27064163968006	12.0	12	12
96.37071507173795	12.0	12	12
96.47078850379582	12.0	12	12
96.5708619358537	12.0	12	12
96.67093536791158	12.0	12	12
96.77100879996947	12.0	12	12
96.87108223202733	12.0	12	12
96.97115566408522	12.0	12	12
97.0712290961431	12.0	12	12
97.17130252820098	12.0	12	12
97.27137596025885	12.0	12	12
97.37144939231673	12.0	12	12
97.47152282437462	12.0	12	12
97.5715962564325	12.0	12	12
97.67166968849037	12.0	12	12
97.77174312054825	12.0	12	12
97.87181655260613	12.0	12	12
97.97188998466402	11.0	11	11
98.0719634167219	11.0	11	11
98.17203684877977	11.0	11	11
98.27211028083765	11.0	11	11
98.37218371289553	11.0	11	11
98.47225714495342	11.0	11	11
98.57233057701129	11.0	11	11
98.67240400906917	11.0	11	11
98.77247744112705	11.0	11	11
98.87255087318493	11.0	11	11
98.9726243052428	11.0	11	11
99.07269773730069	11.0	11	11
99.17277116935857	11.0	11	11
99.27284460141645	11.0	11	11
99.37291803347432	11.0	11	11
99.4729914655322	11.0	11	11
99.57306489759009	11.0	11	11
99.67313832964797	11.0	11	11
99.77321176170584	11.0	11	11
99.87328519376372	11.0	11	11
99.9733586258216	11.0	11	11
100.07343205787949	11.0	11	11
100.17350548993737	11.0	11	11
100.27357892199524	11.0	11	11
100.37365235405312	11.0	11	11
100.473725786111	11.0	11	11
100.57379921816889	11.0	11	11
100.67387265022676	11.0	11	11
100.77394608228464	11.0	11	11
100.87401951434252	11.0	11	11
100.9740929464004	11.0	11	11
101.07416637845827	11.0	11	11
101.17423981051616	11.0	11	11
101.27431324257404	11.0	11	11
101.37438667463192	11.0	11	11
101.47446010668979	11.0	11	11
101.57453353874767	11.0	11	11
101.67460697080556	11.0	11	11
101.77468040286344	11.0	11	11
101.87475383492131	11.0	11	11
101.97482726697919	11.0	11	11
102.07490069903707	11.0	11	11
102.17497413109496	11.0	11	11
102.27504756315282	11.0	11	11
102.37512099521071	11.0	11	11
102.47519442726859	11.0	11	11
102.57526785932647	11.0	11	11
102.67534129138436	11.0	11	11
102.77541472344222	11.0	11	11
102.87548815550011	11.0	11	11
102.97556158755799	11.0	11	11
103.07563501961587	11.0	11	11
103.17570845167374	11.0	11	11
103.27578188373163	11.0	11	11
103.37585531578951	11.0	11	11
103.47592874784739	11.0	11	11
103.57600217990526	11.0	11	11
103.67607561196314	11.0	11	11
103.77614904402103	11.0	11	11
103.87622247607891	11.0	11	11
103.97629590813678	11.0	11	11
104.07636934019466	11.0	11	11
104.17644277225254	11.0	11	11
104.27651620431043	10.0	10	10
104.3765896363683	10.0	10	10
104.47666306842618	10.0	10	10
104.57673650048406	10.0	10	10
104.67680993254194	10.0	10	10
104.77688336459981	10.0	10	10
104.8769567966577	10.0	10	10
104.97703022871558	10.0	10	10
105.07710366077346	10.0	10	10
105.17717709283134	10.0	10	10
105.27725052488921	10.0	10	10
105.3773239569471	10.0	10	10
105.47739738900498	10.0	10	10
105.57747082106286	10.0	10	10
105.67754425312073	10.0	10	10
105.77761768517861	10.0	10	10
105.8776911172365	10.0	10	10
105.97776454929438	10.0	10	10
106.07783798135225	10.0	10	10
106.17791141341013	10.0	10	10
106.27798484546801	10.0	10	10
106.3780582775259	10.0	10	10
106.47813170958376	10.0	10	10
106.57820514164165	10.0	10	10
106.67827857369953	10.0	10	10
106.77835200575741	10.0	10	10
106.87842543781528	10.0	10	10
106.97849886987316	10.0	10	10
107.07857230193105	10.0	10	10
107.17864573398893	10.0	10	10
107.27871916604681	10.0	10	10
107.37879259810468	10.0	10	10
107.47886603016256	10.0	10	10
107.57893946222045	10.0	10	10
107.67901289427833	10.0	10	10
107.7790863263362	10.0	10	10
107.87915975839408	10.0	10	10
107.97923319045196	10.0	10	10
108.07930662250985	10.0	10	10
108.17938005456772	11.0	11	11
108.2794534866256	11.0	11	11
108.37952691868348	11.0	11	11
108.47960035074136	11.0	11	11
108.57967378279923	11.0	11	11
108.67974721485712	11.0	11	11
108.779820646915	11.0	11	11
108.87989407897288	11.0	11	11
108.97996751103075	11.0	11	11
109.08004094308863	11.0	11	11
109.18011437514652	11.0	11	11
109.2801878072044	11.0	11	11
109.38026123926227	11.0	11	11
109.48033467132015	11.0	11	11
109.58040810337803	11.0	11	11
109.68048153543592	11.0	11	11
109.7805549674938	11.0	11	11
109.88062839955167	11.0	11	11
109.98070183160955	11.0	11	11
110.08077526366743	11.0	11	11
110.18084869572532	11.0	11	11
110.28092212778319	11.0	11	11
110.38099555984107	11.0	11	11
110.48106899189895	11.0	11	11
110.58114242395683	11.0	11	11
110.6812158560147	11.0	11	11
110.78128928807259	11.0	11	11
110.88136272013047	11.0	11	11
110.98143615218835	11.0	11	11
111.08150958424622	11.0	11	11
111.1815830163041	11.0	11	11
111.28165644836199	11.0	11	11
111.38172988041987	11.0	11	11
111.48180331247774	11.0	11	11
111.58187674453562	11.0	11	11
111.6819501765935	11.0	11	11
111.78202360865139	11.0	11	11
111.88209704070927	10.0	10	10
111.98217047276714	10.0	10	10
112.08224390482502	10.0	10	10
112.1823173368829	10.0	10	10
112.28239076894079	10.0	10	10
112.38246420099865	10.0	10	10
112.48253763305654	10.0	10	10
112.58261106511442	10.0	10	10
112.6826844971723	10.0	10	10
112.78275792923017	10.0	10	10
112.88283136128805	10.0	10	10
112.98290479334594	10.0	10	10
113.08297822540382	10.0	10	10
113.18305165746169	10.0	10	10
113.28312508951957	10.0	10	10
113.38319852157746	10.0	10	10
113.48327195363534	10.0	10	10
113.5833453856932	10.0	10	10
113.68341881775109	10.0	10	10
113.78349224980897	10.0	10	10
113.88356568186686	10.0	10	10
113.98363911392472	10.0	10	10
114.0837125459826	10.0	10	10
114.18378597804049	10.0	10	10
114.28385941009837	10.0	10	10
114.38393284215626	10.0	10	10
114.48400627421412	10.0	10	10
114.58407970627201	10.0	10	10
114.68415313832989	10.0	10	10
114.78422657038777	10.0	10	10
114.88430000244564	10.0	10	10
114.98437343450352	10.0	10	10
115.08444686656141	10.0	10	10
115.18452029861929	10.0	10	10
115.28459373067716	10.0	10	10
115.38466716273504	10.0	10	10
115.48474059479292	10.0	10	10
115.58481402685081	10.0	10	10
115.68488745890868	10.0	10	10
115.78496089096656	10.0	10	10
115.88503432302444	10.0	10	10
115.98510775508232	10.0	10	10
116.0851811871402	10.0	10	10
116.18525461919808	10.0	10	10
116.28532805125596	10.0	10	10
116.38540148331384	10.0	10	10
116.48547491537173	10.0	10	10
116.5855483474296	10.0	10	10
116.68562177948748	10.0	10	10
116.78569521154536	10.0	10	10
116.88576864360324	10.0	10	10
116.98584207566111	10.0	10	10
117.085915507719	10.0	10	10
117.18598893977688	10.0	10	10
117.28606237183476	10.0	10	10
117.38613580389263	10.0	10	10
117.48620923595051	10.0	10	10
117.5862826680084	10.0	10	10
117.68635610006628	10.0	10	10
117.78642953212415	10.0	10	10
117.88650296418203	10.0	10	10
117.98657639623991	10.0	10	10
118.0866498282978	11.0	11	11
118.18672326035566	11.0	11	11
118.28679669241355	11.0	11	11
118.38687012447143	11.0	11	11
118.48694355652931	11.0	11	11
118.58701698858718	11.0	11	11
118.68709042064506	11.0	11	11
118.78716385270295	11.0	11	11
118.88723728476083	11.0	11	11
118.98731071681871	11.0	11	11
119.08738414887658	11.0	11	11
119.18745758093446	11.0	11	11
119.28753101299235	11.0	11	11
119.38760444505023	11.0	11	11
119.4876778771081	11.0	11	11
119.58775130916598	11.0	11	11
119.68782474122386	11.0	11	11
119.78789817328175	11.0	11	11
119.88797160533962	11.0	11	11
119.9880450373975	11.0	11	11
120.08811846945538	10.0	10	10
120.18819190151326	10.0	10	10
120.28826533357113	10.0	10	10
120.38833876562902	10.0	10	10
120.4884121976869	10.0	10	10
120.58848562974478	10.0	10	10
120.68855906180265	10.0	10	10
120.78863249386053	10.0	10	10
120.88870592591842	10.0	10	10
120.9887793579763	10.0	10	10
121.08885279003417	9.0	9	9
121.18892622209205	8.0	8	8
121.28899965414993	8.0	8	8
121.38907308620782	8.0	8	8
121.4891465182657	8.0	8	8
121.58921995032357	8.0	8	8
121.68929338238145	8.0	8	8
121.78936681443933	8.0	8	8
121.88944024649722	8.0	8	8
121.98951367855508	8.0	8	8
122.08958711061297	8.0	8	8
122.18966054267085	8.0	8	8
122.28973397472873	8.0	8	8
122.3898074067866	8.0	8	8
122.48988083884448	8.0	8	8
122.58995427090237	8.0	8	8
122.69002770296025	8.0	8	8
122.79010113501812	8.0	8	8
122.890174567076	8.0	8	8
122.99024799913389	8.0	8	8
123.09032143119177	9.0	9	9
123.19039486324964	9.0	9	9
123.29046829530752	9.0	9	9
123.3905417273654	9.0	9	9
123.49061515942329	9.0	9	9
123.59068859148117	9.0	9	9
123.69076202353904	9.0	9	9
123.79083545559692	9.0	9	9
123.8909088876548	9.0	9	9
123.99098231971269	9.0	9	9
124.09105575177055	9.0	9	9
124.19112918382844	9.0	9	9
124.29120261588632	9.0	9	9
124.3912760479442	9.0	9	9
124.49134948000207	9.0	9	9
124.59142291205995	9.0	9	9
124.69149634411784	9.0	9	9
124.79156977617572	9.0	9	9
124.89164320823359	9.0	9	9
124.99171664029147	9.0	9	9
125.09179007234935	9.0	9	9
125.19186350440724	9.0	9	9
125.2919369364651	9.0	9	9
125.39201036852299	9.0	9	9
125.49208380058087	9.0	9	9
125.59215723263875	9.0	9	9
125.69223066469662	9.0	9	9
125.7923040967545	9.0	9	9
125.89237752881239	9.0	9	9
125.99245096087027	9.0	9	9
126.09252439292815	9.0	9	9
126.19259782498602	9.0	9	9
126.2926712570439	9.0	9	9
126.39274468910179	8.0	8	8
126.49281812115967	8.0	8	8
126.59289155321754	8.0	8	8
126.69296498527542	8.0	8	8
126.7930384173333	8.0	8	8
126.89311184939119	8.0	8	8
126.99318528144906	8.0	8	8
127.09325871350694	8.0	8	8
127.19333214556482	8.0	8	8
127.2934055776227	8.0	8	8
127.39347900968058	8.0	8	8
127.49355244173846	8.0	8	8
127.59362587379634	8.0	8	8
127.69369930585422	8.0	8	8
127.7937727379121	8.0	8	8
127.89384616996998	8.0	8	8
127.99391960202786	8.0	8	8
128.09399303408574	8.0	8	8
128.19406646614362	8.0	8	8
128.2941398982015	8.0	8	8
128.3942133302594	8.0	8	8
128.49428676231724	8.0	8	8
128.59436019437513	8.0	8	8
128.694433626433	8.0	8	8
128.7945070584909	8.0	8	8
128.89458049054878	8.0	8	8
128.99465392260666	8.0	8	8
129.09472735466454	8.0	8	8
129.19480078672242	8.0	8	8
129.29487421878028	8.0	8	8
129.39494765083816	8.0	8	8
129.49502108289605	8.0	8	8
129.59509451495393	8.0	8	8
129.6951679470118	9.0	9	9
129.7952413790697	9.0	9	9
129.89531481112758	9.0	9	9
129.99538824318546	9.0	9	9
130.0954616752433	9.0	9	9
130.1955351073012	9.0	9	9
130.29560853935908	9.0	9	9
130.39568197141696	10.0	10	10
130.49575540347485	11.0	11	11
130.59582883553273	11.0	11	11
130.6959022675906	11.0	11	11
130.7959756996485	11.0	11	11
130.89604913170638	11.0	11	11
130.99612256376423	11.0	11	11
131.09619599582211	11.0	11	11
131.19626942788	11.0	11	11
131.29634285993788	11.0	11	11
131.39641629199576	11.0	11	11
131.49648972405365	11.0	11	11
131.59656315611153	11.0	11	11
131.6966365881694	11.0	11	11
131.79671002022727	11.0	11	11
131.89678345228515	11.0	11	11
131.99685688434303	11.0	11	11
132.09693031640091	11.0	11	11
132.1970037484588	11.0	11	11
132.29707718051668	11.0	11	11
132.39715061257456	11.0	11	11
132.49722404463245	11.0	11	11
132.5972974766903	11.0	11	11
132.69737090874818	11.0	11	11
132.79744434080607	11.0	11	11
132.89751777286395	11.0	11	11
132.99759120492183	11.0	11	11
133.09766463697972	11.0	11	11
133.1977380690376	11.0	11	11
133.29781150109548	11.0	11	11
133.39788493315336	11.0	11	11
133.49795836521122	11.0	11	11
133.5980317972691	11.0	11	11
133.69810522932698	11.0	11	11
133.79817866138487	11.0	11	11
133.89825209344275	11.0	11	11
133.99832552550063	11.0	11	11
134.09839895755852	11.0	11	11
134.1984723896164	11.0	11	11
134.29854582167425	11.0	11	11
134.39861925373214	11.0	11	11
134.49869268579002	11.0	11	11
134.5987661178479	11.0	11	11
134.69883954990578	11.0	11	11
134.79891298196367	11.0	11	11
134.89898641402155	11.0	11	11
134.99905984607943	11.0	11	11
135.09913327813732	11.0	11	11
135.19920671019517	11.0	11	11
135.29928014225305	11.0	11	11
135.39935357431094	11.0	11	11
135.49942700636882	11.0	11	11
135.5995004384267	11.0	11	11
135.69957387048458	11.0	11	11
135.79964730254247	11.0	11	11
135.89972073460035	11.0	11	11
135.9997941666582	11.0	11	11
136.0998675987161	11.0	11	11
136.19994103077397	11.0	11	11
136.30001446283185	11.0	11	11
136.40008789488974	11.0	11	11
136.50016132694762	11.0	11	11
136.6002347590055	11.0	11	11
136.70030819106339	11.0	11	11
136.80038162312124	11.0	11	11
136.90045505517912	11.0	11	11
137.000528487237	11.0	11	11
137.1006019192949	11.0	11	11
137.20067535135277	11.0	11	11
137.30074878341065	11.0	11	11
137.40082221546854	11.0	11	11
137.50089564752642	11.0	11	11
137.6009690795843	11.0	11	11
137.70104251164216	11.0	11	11
137.80111594370004	11.0	11	11
137.90118937575792	11.0	11	11
138.0012628078158	11.0	11	11
138.1013362398737	12.0	12	12
138.20140967193157	12.0	12	12
138.30148310398945	12.0	12	12
138.40155653604734	12.0	12	12
138.5016299681052	12.0	12	12
138.60170340016307	12.0	12	12
138.70177683222096	12.0	12	12
138.80185026427884	12.0	12	12
138.90192369633672	12.0	12	12
139.0019971283946	12.0	12	12
139.1020705604525	12.0	12	12
139.20214399251037	12.0	12	12
139.30221742456823	12.0	12	12
139.4022908566261	12.0	12	12
139.502364288684	12.0	12	12
139.60243772074188	12.0	12	12
139.70251115279976	12.0	12	12
139.80258458485764	12.0	12	12
139.90265801691552	12.0	12	12
140.0027314489734	12.0	12	12
140.1028048810313	12.0	12	12
140.20287831308914	12.0	12	12
140.30295174514703	12.0	12	12
140.4030251772049	12.0	12	12
140.5030986092628	12.0	12	12
140.60317204132068	12.0	12	12
140.70324547337856	12.0	12	12
140.80331890543644	12.0	12	12
140.90339233749432	12.0	12	12
141.00346576955218	12.0	12	12
141.10353920161006	11.0	11	11
141.20361263366794	10.0	10	10
141.30368606572583	9.0	9	9
141.4037594977837	9.0	9	9
141.5038329298416	9.0	9	9
141.60390636189948	9.0	9	9
141.70397979395736	9.0	9	9
141.8040532260152	9.0	9	9
141.9041266580731	9.0	9	9
142.00420009013098	9.0	9	9
142.10427352218886	9.0	9	9
142.20434695424674	8.0	8	8
142.30442038630463	8.0	8	8
142.4044938183625	7.0	7	7
142.5045672504204	7.0	7	7
142.60464068247828	7.0	7	7
142.70471411453613	7.0	7	7
142.804787546594	7.0	7	7
142.9048609786519	7.0	7	7
143.00493441070978	7.0	7	7
143.10500784276766	7.0	7	7
143.20508127482555	8.0	8	8
143.30515470688343	8.0	8	8
143.4052281389413	8.0	8	8
143.50530157099917	8.0	8	8
143.60537500305705	8.0	8	8
143.70544843511493	8.0	8	8
143.8055218671728	8.0	8	8
143.9055952992307	8.0	8	8
144.00566873128858	9.0	9	9
144.10574216334646	9.0	9	9
144.20581559540435	9.0	9	9
144.3058890274622	9.0	9	9
144.40596245952008	9.0	9	9
144.50603589157797	9.0	9	9
144.60610932363585	9.0	9	9
144.70618275569373	9.0	9	9
144.80625618775161	9.0	9	9
144.9063296198095	9.0	9	9
145.00640305186738	9.0	9	9
145.10647648392526	9.0	9	9
145.20654991598312	9.0	9	9
145.306623348041	9.0	9	9
145.40669678009888	9.0	9	9
145.50677021215677	9.0	9	9
145.60684364421465	9.0	9	9
145.70691707627253	9.0	9	9
145.80699050833041	9.0	9	9
145.9070639403883	9.0	9	9
146.00713737244615	9.0	9	9
146.10721080450404	9.0	9	9
146.20728423656192	9.0	9	9
146.3073576686198	9.0	9	9
146.40743110067768	9.0	9	9
146.50750453273557	9.0	9	9
146.60757796479345	9.0	9	9
146.70765139685133	9.0	9	9
146.80772482890922	9.0	9	9
146.90779826096707	9.0	9	9
147.00787169302495	9.0	9	9
147.10794512508284	9.0	9	9
147.20801855714072	9.0	9	9
147.3080919891986	9.0	9	9
147.40816542125648	9.0	9	9
147.50823885331437	9.0	9	9
147.60831228537225	9.0	9	9
147.7083857174301	9.0	9	9
147.808459149488	9.0	9	9
147.90853258154587	9.0	9	9
148.00860601360375	9.0	9	9
148.10867944566164	9.0	9	9
148.20875287771952	9.0	9	9
148.3088263097774	9.0	9	9
148.40889974183528	9.0	9	9
148.50897317389314	9.0	9	9
148.60904660595102	10.0	10	10
148.7091200380089	10.0	10	10
148.8091934700668	10.0	10	10
148.90926690212467	10.0	10	10
149.00934033418255	10.0	10	10
149.10941376624044	10.0	10	10
149.20948719829832	10.0	10	10
149.3095606303562	10.0	10	10
149.40963406241406	10.0	10	10
149.50970749447194	10.0	10	10
149.60978092652982	10.0	10	10
149.7098543585877	10.0	10	10
149.8099277906456	10.0	10	10
149.91000122270347	10.0	10	10
150.01007465476135	10.0	10	10
150.11014808681924	10.0	10	10
150.2102215188771	10.0	10	10
150.31029495093497	10.0	10	10
150.41036838299286	10.0	10	10
150.51044181505074	10.0	10	10
150.61051524710862	10.0	10	10
150.7105886791665	10.0	10	10
150.8106621112244	10.0	10	10
150.91073554328227	10.0	10	10
151.01080897534013	10.0	10	10
151.110882407398	9.0	9	9
151.2109558394559	9.0	9	9
151.31102927151377	9.0	9	9
151.41110270357166	9.0	9	9
151.51117613562954	9.0	9	9
151.61124956768742	9.0	9	9
151.7113229997453	9.0	9	9
151.8113964318032	9.0	9	9
151.91146986386104	9.0	9	9
152.01154329591893	9.0	9	9
152.1116167279768	9.0	9	9
152.2116901600347	9.0	9	9
152.31176359209257	9.0	9	9
152.41183702415046	9.0	9	9
152.51191045620834	9.0	9	9
152.61198388826622	9.0	9	9
152.71205732032408	9.0	9	9
152.81213075238196	9.0	9	9
152.91220418443984	9.0	9	9
153.01227761649773	9.0	9	9
153.1123510485556	9.0	9	9
153.2124244806135	9.0	9	9
153.31249791267138	9.0	9	9
153.41257134472926	9.0	9	9
153.5126447767871	9.0	9	9
153.612718208845	9.0	9	9
153.71279164090288	9.0	9	9
153.81286507296076	9.0	9	9
153.91293850501864	9.0	9	9
154.01301193707653	9.0	9	9
154.1130853691344	9.0	9	9
154.2131588011923	9.0	9	9
154.31323223325018	9.0	9	9
154.41330566530803	9.0	9	9
154.5133790973659	9.0	9	9
154.6134525294238	9.0	9	9
154.71352596148168	9.0	9	9
154.81359939353956	9.0	9	9
154.91367282559744	8.0	8	8
155.01374625765533	8.0	8	8
155.1138196897132	7.0	7	7
155.21389312177106	7.0	7	7
155.31396655382895	7.0	7	7
155.41403998588683	7.0	7	7
155.5141134179447	7.0	7	7
155.6141868500026	7.0	7	7
155.71426028206048	7.0	7	7
155.81433371411836	7.0	7	7
155.91440714617625	7.0	7	7
156.0144805782341	7.0	7	7
156.11455401029198	7.0	7	7
156.21462744234987	7.0	7	7
156.31470087440775	7.0	7	7
156.41477430646563	7.0	7	7
156.5148477385235	7.0	7	7
156.6149211705814	7.0	7	7
156.71499460263928	7.0	7	7
156.81506803469716	7.0	7	7
156.91514146675502	7.0	7	7
157.0152148988129	7.0	7	7
157.11528833087078	7.0	7	7
157.21536176292867	7.0	7	7
157.31543519498655	7.0	7	7
157.41550862704443	7.0	7	7
157.51558205910231	7.0	7	7
157.6156554911602	7.0	7	7
157.71572892321805	7.0	7	7
157.81580235527593	7.0	7	7
157.91587578733382	7.0	7	7
158.0159492193917	7.0	7	7
158.11602265144958	7.0	7	7
158.21609608350747	7.0	7	7
158.31616951556535	7.0	7	7
158.41624294762323	7.0	7	7
158.51631637968111	7.0	7	7
158.61638981173897	7.0	7	7
158.71646324379685	7.0	7	7
158.81653667585473	6.0	6	6
158.91661010791262	6.0	6	6
159.0166835399705	6.0	6	6
159.11675697202838	6.0	6	6
159.21683040408627	6.0	6	6
159.31690383614415	6.0	6	6
159.416977268202	6.0	6	6
159.5170507002599	6.0	6	6
159.61712413231777	6.0	6	6
159.71719756437565	6.0	6	6
159.81727099643354	6.0	6	6
159.91734442849142	6.0	6	6
160.0174178605493	6.0	6	6
160.11749129260718	6.0	6	6
160.21756472466504	6.0	6	6
160.31763815672292	6.0	6	6
160.4177115887808	6.0	6	6
160.5177850208387	6.0	6	6
160.61785845289657	6.0	6	6
160.71793188495445	6.0	6	6
160.81800531701234	6.0	6	6
160.91807874907022	6.0	6	6
161.0181521811281	6.0	6	6
161.11822561318596	6.0	6	6
161.21829904524384	6.0	6	6
161.31837247730172	6.0	6	6
161.4184459093596	6.0	6	6
161.5185193414175	6.0	6	6
161.61859277347537	6.0	6	6
161.71866620553325	6.0	6	6
161.81873963759114	6.0	6	6
161.918813069649	6.0	6	6
162.01888650170687	6.0	6	6
162.11895993376476	6.0	6	6
162.21903336582264	6.0	6	6
162.31910679788052	6.0	6	6
162.4191802299384	6.0	6	6
162.5192536619963	6.0	6	6
162.61932709405417	6.0	6	6
162.71940052611203	6.0	6	6
162.8194739581699	6.0	6	6
162.9195473902278	6.0	6	6
163.01962082228567	6.0	6	6
163.11969425434356	6.0	6	6
163.21976768640144	6.0	6	6
163.31984111845932	6.0	6	6
163.4199145505172	6.0	6	6
163.5199879825751	6.0	6	6
163.62006141463294	6.0	6	6
163.72013484669083	6.0	6	6
163.8202082787487	8.0	8	8
163.9202817108066	8.0	8	8
164.02035514286447	8.0	8	8
164.12042857492236	8.0	8	8
164.22050200698024	8.0	8	8
164.32057543903812	8.0	8	8
164.42064887109598	8.0	8	8
164.52072230315386	8.0	8	8
164.62079573521174	8.0	8	8
164.72086916726963	8.0	8	8
164.8209425993275	8.0	8	8
164.9210160313854	8.0	8	8
165.02108946344327	8.0	8	8
165.12116289550116	8.0	8	8
165.221236327559	8.0	8	8
165.3213097596169	8.0	8	8
165.42138319167478	8.0	8	8
165.52145662373266	7.0	7	7
165.62153005579054	7.0	7	7
165.72160348784843	7.0	7	7
165.8216769199063	7.0	7	7
165.9217503519642	7.0	7	7
166.02182378402208	7.0	7	7
166.12189721607993	7.0	7	7
166.2219706481378	7.0	7	7
166.3220440801957	7.0	7	7
166.42211751225358	7.0	7	7
166.52219094431146	7.0	7	7
166.62226437636934	7.0	7	7
166.72233780842723	7.0	7	7
166.8224112404851	7.0	7	7
166.92248467254296	7.0	7	7
167.02255810460085	7.0	7	7
167.12263153665873	7.0	7	7
167.2227049687166	7.0	7	7
167.3227784007745	7.0	7	7
167.42285183283238	7.0	7	7
167.52292526489026	8.0	8	8
167.62299869694814	8.0	8	8
167.72307212900603	8.0	8	8
167.82314556106388	8.0	8	8
167.92321899312176	8.0	8	8
168.02329242517965	8.0	8	8
168.12336585723753	8.0	8	8
168.2234392892954	8.0	8	8
168.3235127213533	8.0	8	8
168.42358615341118	8.0	8	8
168.52365958546906	8.0	8	8
168.62373301752692	8.0	8	8
168.7238064495848	8.0	8	8
168.82387988164268	8.0	8	8
168.92395331370057	8.0	8	8
169.02402674575845	8.0	8	8
169.12410017781633	6.0	6	6
169.2241736098742	6.0	6	6
169.3242470419321	6.0	6	6
169.42432047398995	6.0	6	6
169.52439390604783	5.0	5	5
169.62446733810572	5.0	5	5
169.7245407701636	5.0	5	5
169.82461420222148	5.0	5	5
169.92468763427937	5.0	5	5
170.02476106633725	5.0	5	5
170.12483449839513	5.0	5	5
170.224907930453	5.0	5	5
170.32498136251087	5.0	5	5
170.42505479456875	5.0	5	5
170.52512822662663	5.0	5	5
170.62520165868452	5.0	5	5
170.7252750907424	5.0	5	5
170.82534852280028	5.0	5	5
170.92542195485817	5.0	5	5
171.02549538691605	5.0	5	5
171.1255688189739	5.0	5	5
171.2256422510318	5.0	5	5
171.32571568308967	5.0	5	5
171.42578911514755	5.0	5	5
171.52586254720543	5.0	5	5
171.62593597926332	5.0	5	5
171.7260094113212	5.0	5	5
171.82608284337908	5.0	5	5
171.92615627543694	5.0	5	5
172.02622970749482	5.0	5	5
172.1263031395527	5.0	5	5
172.2263765716106	5.0	5	5
172.32645000366847	5.0	5	5
172.42652343572635	4.0	4	4
172.52659686778424	4.0	4	4
172.62667029984212	4.0	4	4
172.7267437319	4.0	4	4
172.82681716395786	4.0	4	4
172.92689059601574	4.0	4	4
173.02696402807362	4.0	4	4
173.1270374601315	4.0	4	4
173.2271108921894	4.0	4	4
173.32718432424727	4.0	4	4
173.42725775630515	4.0	4	4
173.52733118836304	4.0	4	4
173.6274046204209	4.0	4	4
173.72747805247877	4.0	4	4
173.82755148453666	4.0	4	4
173.92762491659454	4.0	4	4
174.02769834865242	4.0	4	4
174.1277717807103	4.0	4	4
174.2278452127682	4.0	4	4
174.32791864482607	4.0	4	4
174.42799207688392	4.0	4	4
174.5280655089418	4.0	4	4
174.6281389409997	4.0	4	4
174.72821237305757	4.0	4	4
174.82828580511546	4.0	4	4
174.92835923717334	4.0	4	4
175.02843266923122	4.0	4	4
175.1285061012891	4.0	4	4
175.228579533347	4.0	4	4
175.32865296540484	4.0	4	4
175.42872639746273	4.0	4	4
175.5287998295206	4.0	4	4
175.6288732615785	4.0	4	4
175.72894669363637	4.0	4	4
175.82902012569426	4.0	4	4
175.92909355775214	4.0	4	4
176.02916698981002	4.0	4	4
176.12924042186788	4.0	4	4
176.22931385392576	4.0	4	4
176.32938728598364	4.0	4	4
176.42946071804153	4.0	4	4
176.5295341500994	4.0	4	4
176.6296075821573	4.0	4	4
176.72968101421517	4.0	4	4
176.82975444627306	4.0	4	4
176.9298278783309	4.0	4	4
177.0299013103888	4.0	4	4
177.12997474244668	4.0	4	4
177.23004817450456	4.0	4	4
177.33012160656244	4.0	4	4
177.43019503862033	4.0	4	4
177.5302684706782	4.0	4	4
177.6303419027361	4.0	4	4
177.73041533479397	4.0	4	4
177.83048876685183	4.0	4	4
177.9305621989097	4.0	4	4
178.0306356309676	4.0	4	4
178.13070906302548	4.0	4	4
178.23078249508336	4.0	4	4
178.33085592714124	4.0	4	4
178.43092935919913	4.0	4	4
178.531002791257	4.0	4	4
178.63107622331486	4.0	4	4
178.73114965537275	4.0	4	4
178.83122308743063	4.0	4	4
178.9312965194885	4.0	4	4
179.0313699515464	4.0	4	4
179.13144338360428	4.0	4	4
179.23151681566216	4.0	4	4
179.33159024772004	4.0	4	4
179.43166367977793	4.0	4	4
179.53173711183578	4.0	4	4
179.63181054389366	4.0	4	4
179.73188397595155	4.0	4	4
179.83195740800943	4.0	4	4
179.9320308400673	4.0	4	4
180.0321042721252	3.0	3	3
180.13217770418308	3.0	3	3
180.23225113624096	3.0	3	3
180.33232456829882	3.0	3	3
180.4323980003567	3.0	3	3
180.53247143241458	3.0	3	3
180.63254486447246	3.0	3	3
180.73261829653035	3.0	3	3
180.83269172858823	3.0	3	3
180.9327651606461	3.0	3	3
181.032838592704	3.0	3	3
181.13291202476185	3.0	3	3
181.23298545681973	2.0	2	2
181.33305888887762	2.0	2	2
181.4331323209355	2.0	2	2
181.53320575299338	2.0	2	2
181.63327918505126	2.0	2	2
181.73335261710915	2.0	2	2
181.83342604916703	2.0	2	2
181.9334994812249	2.0	2	2
182.03357291328277	2.0	2	2
182.13364634534065	2.0	2	2
182.23371977739853	2.0	2	2
182.33379320945642	2.0	2	2
182.4338666415143	2.0	2	2
182.53394007357218	2.0	2	2
182.63401350563007	2.0	2	2
182.73408693768795	2.0	2	2
182.8341603697458	2.0	2	2
182.93423380180369	2.0	2	2
183.03430723386157	2.0	2	2
183.13438066591945	2.0	2	2
183.23445409797733	2.0	2	2
183.33452753003522	2.0	2	2
183.4346009620931	2.0	2	2
183.53467439415098	2.0	2	2
183.63474782620884	2.0	2	2
183.73482125826672	2.0	2	2
183.8348946903246	2.0	2	2
183.9349681223825	2.0	2	2
184.03504155444037	2.0	2	2
184.13511498649825	1.0	1	1
184.23518841855613	1.0	1	1
184.33526185061402	1.0	1	1
184.4353352826719	1.0	1	1
184.53540871472975	1.0	1	1
184.63548214678764	1.0	1	1
184.73555557884552	1.0	1	1
184.8356290109034	1.0	1	1
184.9357024429613	1.0	1	1
185.03577587501917	1.0	1	1
185.13584930707705	1.0	1	1
185.23592273913494	1.0	1	1
185.3359961711928	1.0	1	1
185.43606960325067	1.0	1	1
185.53614303530856	1.0	1	1
