clade	species	ts	te
0.0	1.0	86.00474741588904	84.72127165443244
0.0	2.0	85.02986765655561	80.61595837377087
0.0	3.0	84.65531381569268	83.38845023076586
0.0	4.0	165.27035239206384	161.37358375484746
0.0	5.0	172.01770697565067	167.56943227066435
0.0	6.0	182.7415686442956	178.80354927113655
0.0	7.0	165.90446289121505	164.27519174208317
0.0	8.0	129.62891534469998	127.79318751422034
0.0	9.0	131.61913808435938	129.69516108669816
0.0	10.0	88.47661890860066	70.14420861482724
0.0	11.0	100.30433846166004	98.74637668585467
0.0	12.0	83.26928254948795	81.96291336623088
0.0	13.0	100.43241975581387	87.35662504306522
0.0	14.0	82.04194567267301	66.33751067470538
0.0	15.0	84.38835561788122	83.09526604964766
0.0	16.0	90.8007103260841	89.72930189520542
0.0	17.0	90.45049722678203	68.925962242477
0.0	18.0	84.71105738831658	66.37597196367307
0.0	19.0	90.3364107769879	88.42006566509811
0.0	20.0	85.31368453476588	72.23378644991297
0.0	21.0	82.329657936732	81.04814078759792
0.0	22.0	113.78234042819646	89.43079554947622
0.0	23.0	76.57243226807792	72.2408324411118
0.0	24.0	84.9755700796924	83.58274321730468
0.0	25.0	66.7848421555455	65.6469143048853
0.0	26.0	86.21830690393949	73.83005579194226
0.0	27.0	77.39119953920067	75.29345098988279
0.0	28.0	86.17069448572846	84.80123197591895
0.0	29.0	92.74528389116583	89.63024589949443
0.0	30.0	94.45235776741463	93.2058547375002
0.0	31.0	54.84520658937623	45.34456238879996
0.0	32.0	95.48480408440574	94.28922579923324
0.0	33.0	62.3365469514075	60.60111496451912
0.0	34.0	82.027786410737	73.10373111395246
0.0	35.0	57.52862239587026	56.23974917587886
0.0	36.0	95.85690441142683	91.98388082657559
0.0	37.0	53.62578582041439	39.197716653365994
0.0	38.0	134.34127743754908	125.89644348207538
0.0	39.0	112.27965297171278	100.0477595635251
0.0	40.0	80.88387658223617	67.76634998910208
0.0	41.0	96.127119788794	94.90754467509277
0.0	42.0	66.22744175501957	50.38194506782569
0.0	43.0	66.48848765669081	62.54978976784317
0.0	44.0	168.46758855952345	166.73877962996707
0.0	45.0	57.70617163153749	56.397231894805564
0.0	46.0	51.429761522228404	49.470424915116034
0.0	47.0	55.25748251823129	37.30011103148035
0.0	48.0	59.418061215682734	58.19549622873093
0.0	49.0	178.31198249384278	172.00392393426606
0.0	50.0	71.02502349497622	69.02141259216086
0.0	51.0	137.02805941512992	135.25230335795814
0.0	52.0	55.39911930131407	39.847297271017545
0.0	53.0	71.75092098109265	66.41054980546325
0.0	54.0	57.244149496283654	55.78716290597091
0.0	55.0	0.9264591681983109	0.0
0.0	56.0	70.11276280961783	68.74896698277229
0.0	57.0	60.01035943060489	58.98345722818512
0.0	58.0	22.48113172167289	2.035789093269892
0.0	59.0	69.4566366449721	68.16368922898613
0.0	60.0	64.91303868738669	55.13378510305819
0.0	61.0	53.21767031643586	51.62904190495879
0.0	62.0	55.301858291724216	42.8113465470098
0.0	63.0	69.8506409461322	65.2952092192128
0.0	64.0	22.549991482757783	12.532137606837944
0.0	65.0	58.98481199959043	55.712144296983766
0.0	66.0	66.52480431799447	60.50579246219431
0.0	67.0	54.88360716250836	40.10642981268303
0.0	68.0	77.48253993930248	60.76485613111101
0.0	69.0	46.350983132211354	37.40326635297018
0.0	70.0	168.13837544372234	166.45818565088675
0.0	71.0	57.98645580197931	56.674023656736665
0.0	72.0	136.30469688935872	134.5159193875552
0.0	73.0	101.30282975394466	99.8017658247292
0.0	74.0	67.04839738460272	57.05925529978819
0.0	75.0	57.07140871916208	33.60997719238404
0.0	76.0	56.77527182303248	37.190605304586754
0.0	77.0	53.837580458806926	39.36098626220349
0.0	78.0	64.64803277487556	63.41116391231364
0.0	79.0	165.11688352891574	163.4049016936783
0.0	80.0	96.09900564642592	94.85843049610958
0.0	81.0	102.0759576852045	93.61252895611496
0.0	82.0	113.74241859331974	105.93720303916096
0.0	83.0	49.79562381794425	39.04540882280616
0.0	84.0	28.306075156911202	2.5102237929560705
0.0	85.0	48.46237288651683	44.246007967316714
0.0	86.0	167.59095242137792	165.86382065792702
0.0	87.0	120.01080993336683	118.15974246130958
0.0	88.0	165.24478592656226	163.5409037160991
0.0	89.0	137.8638047079084	134.32109836635598
0.0	90.0	178.01150301768482	163.1732454144137
0.0	91.0	179.7217588292487	172.12674266883977
0.0	92.0	164.05819607131394	162.4032869716173
0.0	93.0	128.81490426671505	127.01540423229982
0.0	94.0	168.34965538285334	166.69242174886182
0.0	95.0	156.17362992850067	138.1825705026384
0.0	96.0	151.18694132591813	149.59133104202888
0.0	97.0	56.7516696858813	55.37227627834811
0.0	98.0	57.50325638695787	45.3057378205184
0.0	99.0	55.68328615035314	38.85153910432879
0.0	100.0	66.98261317566838	65.79164084746688
0.0	101.0	138.83081785262607	136.91005158003853
0.0	102.0	93.78850721810944	70.83439793981145
0.0	103.0	47.79183149524569	37.075022358729115
0.0	104.0	71.08277770531038	62.196708155724735
0.0	105.0	108.32290278459514	95.65868728397466
0.0	106.0	92.82643634628845	70.2792445192329
0.0	107.0	55.64107178339116	46.42313829783542
0.0	108.0	155.75565782138472	143.27932094755917
0.0	109.0	83.64863652353256	66.97851786550659
0.0	110.0	72.73254359399306	66.33820624095739
0.0	111.0	73.22167356085654	66.91846926485718
0.0	112.0	81.78054035869899	69.72737124338106
0.0	113.0	70.78679511750279	66.08998839370757
0.0	114.0	71.99078295359354	65.85091949006608
0.0	115.0	70.41968019135363	66.79057541291569
0.0	116.0	56.24010664970206	46.68913814551438
0.0	117.0	71.45597405112434	69.39608494715497
0.0	118.0	72.41276858614944	66.49164370251657
0.0	119.0	106.56005280621584	95.76455425514564
0.0	120.0	99.5868559815161	98.19185332561499
0.0	121.0	80.99105320252966	65.14300558111832
0.0	122.0	69.64008375737417	68.42174476793538
0.0	123.0	20.99056011924979	17.54229328928158
0.0	124.0	28.43199255196442	0.0
0.0	125.0	51.92767997825482	50.32729745041115
0.0	126.0	59.76799518791935	51.48762234546663
0.0	127.0	39.625743645834504	38.2578445603743
