clade	species	ts	te
0.0	1.0	85.78877970426511	84.32178173049982
0.0	2.0	86.12525707708565	80.24966772800546
0.0	3.0	86.19881085783017	84.76665857379155
0.0	4.0	165.82225424293196	161.42467806994875
0.0	5.0	171.82169201032696	168.888398179226
0.0	6.0	181.7423943500086	177.4342773746673
0.0	7.0	165.87974565200662	164.1524677913575
0.0	8.0	131.36824579500228	129.27388294030877
0.0	9.0	129.67083105762495	127.49923965315958
0.0	10.0	89.98168446354724	71.44417848407106
0.0	11.0	97.49402823786372	96.40320468990528
0.0	12.0	84.18130053747312	82.78760725751968
0.0	13.0	100.55581051883678	86.77378667157947
0.0	14.0	76.073886098835	66.83219380803291
0.0	15.0	85.17178330468442	83.69186157113099
0.0	16.0	91.62087020832448	90.49427433478348
0.0	17.0	90.77329830986822	69.83792304571529
0.0	18.0	83.93241557985739	68.17504509125924
0.0	19.0	90.6467155103789	83.45260843267056
0.0	20.0	85.27171438911184	74.87537962242372
0.0	21.0	82.79386403098958	81.39765481979614
0.0	22.0	112.48013448093023	90.0195963049138
0.0	23.0	80.98607174856025	71.30835129398315
0.0	24.0	85.2220672166247	83.7766259966547
0.0	25.0	70.860864995312	69.31083899604226
0.0	26.0	86.37470459635675	74.7521335492573
0.0	27.0	73.37054752128675	71.02449063128894
0.0	28.0	85.2751581721519	83.829182053832
0.0	29.0	92.55502253806989	89.08500918224354
0.0	30.0	92.48399291028883	91.41650610760429
0.0	31.0	55.61786367081768	47.49991993497344
0.0	32.0	95.13539474074346	93.94928105716714
0.0	33.0	62.13661946576812	59.15039636225196
0.0	34.0	76.79353141067277	71.63501973460471
0.0	35.0	58.44586379825782	56.998407021824015
0.0	36.0	95.020675898373	91.49172691529648
0.0	37.0	53.21602286457817	39.93791870809902
0.0	38.0	133.03603127119206	126.37957878359299
0.0	39.0	113.95228847857973	99.46847644376932
0.0	40.0	84.56529938370548	65.50935413656462
0.0	41.0	95.87261321028133	94.68040408322622
0.0	42.0	66.37638889066658	48.86410194212316
0.0	43.0	64.15649277750373	62.187817570781526
0.0	44.0	167.31618615006207	165.4242148577924
0.0	45.0	58.43281614764874	57.07246078411435
0.0	46.0	55.89363657927633	45.35006294152054
0.0	47.0	56.18961089165114	37.91101839264569
0.0	48.0	57.44550815824169	55.80491388922167
0.0	49.0	181.5404327570367	171.3754090905039
0.0	50.0	68.77746157970789	66.98475796224481
0.0	51.0	136.88866411244476	134.57838552148232
0.0	52.0	56.76756529592854	40.30900637674533
0.0	53.0	71.96857087912767	66.84927942286416
0.0	54.0	59.502626452040296	58.2100464411708
0.0	55.0	0.8839908273010426	0.0
0.0	56.0	68.20719433047373	66.92499078844249
0.0	57.0	60.001789863482664	58.701109307776726
0.0	58.0	23.407636253341508	2.6901055809146
0.0	59.0	70.36700561965196	68.87460229731231
0.0	60.0	67.27980357677363	54.114766903998614
0.0	61.0	50.944652946370894	48.055342127580474
0.0	62.0	56.84893554374281	45.35233836916608
0.0	63.0	70.28234063690293	65.43225825306484
0.0	64.0	21.777090848959954	10.129576952601377
0.0	65.0	59.90460614458153	56.17399056257895
0.0	66.0	66.128328212478	58.65826581929367
0.0	67.0	53.17423283090983	39.76210775370099
0.0	68.0	77.45227030694119	62.12730541610057
0.0	69.0	44.36985282922602	38.68658548550091
0.0	70.0	168.27435720365312	166.47671689604215
0.0	71.0	57.32048519781709	55.70606247226322
0.0	72.0	137.89438233869558	135.4304130103278
0.0	73.0	99.62129404317714	98.3594250286781
0.0	74.0	67.27166436232802	54.70389386105561
0.0	75.0	57.39346839452618	33.997513121852684
0.0	76.0	55.966790331812	37.54863946647167
0.0	77.0	53.33584263880253	39.2599899032313
0.0	78.0	64.81883640122776	63.49108273659635
0.0	79.0	164.14626207288072	162.39382104291536
0.0	80.0	96.21279338672734	95.04473999817075
0.0	81.0	99.08193827315552	94.20326234861697
0.0	82.0	113.74116635184023	99.74684720267454
0.0	83.0	47.27391060895742	39.14320664240832
0.0	84.0	22.46834451491867	2.826772961269935
0.0	85.0	49.16700593429232	45.728097473329136
0.0	86.0	167.77807424568584	165.93787000823178
0.0	87.0	125.5135443725315	123.15803922238896
0.0	88.0	164.71627494071004	162.95756472496245
0.0	89.0	141.14571797187952	133.47753993088543
0.0	90.0	181.4256852910083	161.91956402274266
0.0	91.0	178.59218931426142	169.97755864660235
0.0	92.0	165.3588730002719	163.53108466377176
0.0	93.0	129.28182024834481	126.94167760941865
0.0	94.0	168.56153542587234	166.81614752710286
0.0	95.0	153.94758672275879	138.57395596613574
0.0	96.0	151.31404260548206	149.52512884940555
0.0	97.0	56.76148125098322	55.132338285109796
0.0	98.0	57.55852041263017	46.00585494812407
0.0	99.0	56.2931653913696	39.18163553490017
0.0	100.0	71.78259146427258	69.69271746102915
0.0	101.0	140.18235980073146	137.9997079677064
0.0	102.0	93.78050907900256	72.61416608456878
0.0	103.0	49.810627792742906	39.10311215693553
0.0	104.0	71.18600658950808	60.82875246355764
0.0	105.0	107.0387619331282	93.94809647303352
0.0	106.0	92.62672935803037	71.67605236680228
0.0	107.0	56.70356424250632	47.33436583461293
0.0	108.0	156.31820247802284	145.7762316298882
0.0	109.0	71.94200743185475	68.10090182527782
0.0	110.0	73.08943353304991	65.43090162308353
0.0	111.0	72.24549894711497	66.37313502979337
0.0	112.0	82.34516733460421	69.08754376273778
0.0	113.0	72.67679496781145	65.93825557339609
0.0	114.0	70.61174727284296	65.75168814761842
0.0	115.0	71.04473777968175	66.00520318186477
0.0	116.0	56.863025740691526	46.22616381868093
0.0	117.0	71.53486920858668	69.4123064188165
0.0	118.0	70.93866720827967	66.99934256434923
0.0	119.0	107.66690356147241	95.66641229224297
0.0	120.0	100.97432032681819	99.35004507869202
0.0	121.0	81.40040916087843	65.5878588793947
0.0	122.0	68.69275971681249	67.27992847660504
0.0	123.0	20.49266729191932	15.873313891991659
0.0	124.0	34.140096352655384	0.0
0.0	125.0	53.98200022364959	52.29685094662362
0.0	126.0	59.80797514396758	49.37169697772625
0.0	127.0	40.28236125845862	39.11521046101333
