clade	species	ts	te
0.0	1.0	84.35448763638215	82.86970372254108
0.0	2.0	86.27591976957156	80.01882829441622
0.0	3.0	86.00029961480777	84.551443947334
0.0	4.0	165.99365472513682	159.26852843328732
0.0	5.0	173.12914486324638	167.60408189313873
0.0	6.0	184.28743108798733	175.79459377213547
0.0	7.0	164.50842511622037	162.14226797854664
0.0	8.0	128.3203755345095	125.82015883542188
0.0	9.0	131.6603834264678	129.2183778721215
0.0	10.0	88.73641637086207	70.04471683551408
0.0	11.0	97.50535746324084	96.3262364110537
0.0	12.0	76.57035536683235	74.77901139110122
0.0	13.0	99.86350414715496	86.71840131007085
0.0	14.0	81.11604690389555	65.20758211073924
0.0	15.0	85.08735393065896	83.52995713327742
0.0	16.0	90.64249086992201	89.14440089980758
0.0	17.0	89.50799728215031	68.70445124898035
0.0	18.0	84.48286112715361	66.99733365936683
0.0	19.0	91.02531275225331	83.21322268767518
0.0	20.0	85.06582078565295	71.81570275697742
0.0	21.0	83.41756297037306	82.01647376593279
0.0	22.0	112.96588016935644	89.20899869199009
0.0	23.0	78.25590882383308	74.75512016063075
0.0	24.0	85.35765126783778	83.93443063960989
0.0	25.0	68.48892508948072	66.76265551512371
0.0	26.0	86.61273984281293	72.29045688617599
0.0	27.0	75.07731015601507	72.97619067756398
0.0	28.0	84.77848028064012	83.31348289865277
0.0	29.0	92.36193030534973	90.41117275050631
0.0	30.0	92.6194838345473	91.45394859175602
0.0	31.0	53.99064233142181	46.122026249128034
0.0	32.0	94.53608746653738	93.31499122186946
0.0	33.0	60.89107475731522	58.45684289825773
0.0	34.0	79.91482110145047	71.53570388903752
0.0	35.0	58.66430161662478	57.46903680929935
0.0	36.0	96.06326563029347	91.31500022240688
0.0	37.0	52.86460571023146	39.15257909678117
0.0	38.0	134.42237734367407	125.73783069817233
0.0	39.0	113.1868410772372	100.11128586155927
0.0	40.0	83.30693302135442	66.34588541943015
0.0	41.0	94.69523329920841	93.53869402192196
0.0	42.0	66.03912100064888	49.26923571059573
0.0	43.0	65.30916172977936	63.01268352613176
0.0	44.0	167.50456617151323	165.10482913519579
0.0	45.0	56.93638119049819	55.594680369922244
0.0	46.0	51.06660453982714	46.72378250638614
0.0	47.0	56.67833237507798	38.56649450192755
0.0	48.0	59.55999436747673	58.48762602965786
0.0	49.0	178.16853190800273	168.88395223068875
0.0	50.0	71.11376173515328	66.05032260874812
0.0	51.0	139.5633246890828	137.14307129995484
0.0	52.0	56.2638810550958	39.49524886359936
0.0	53.0	72.87055837655917	65.44637415570762
0.0	54.0	58.47870926038433	57.298473141224086
0.0	55.0	0.6834658847649581	0.0
0.0	56.0	70.66496946283094	68.96864760834926
0.0	57.0	61.96812051371063	61.04804826157038
0.0	58.0	23.48902269919003	3.1055412124297472
0.0	59.0	67.74402842474677	66.16461050489295
0.0	60.0	63.77042566691158	54.78972162589384
0.0	61.0	50.23389401094087	47.09857857748967
0.0	62.0	51.76026250118766	42.76121208293195
0.0	63.0	70.78204752456553	65.66095241937128
0.0	64.0	22.833976497314	5.132464083056771
0.0	65.0	59.71699056094809	54.816717836529584
0.0	66.0	66.67211398165227	61.06265966979261
0.0	67.0	51.64884519806309	41.81060161047044
0.0	68.0	77.75998379655232	62.15584820889127
0.0	69.0	46.29595862070217	39.04420738187893
0.0	70.0	167.94870338482167	165.7551049604782
0.0	71.0	59.481707754826296	58.27909326915638
0.0	72.0	138.1811121416019	135.74126079111085
0.0	73.0	95.40009916567527	94.26338668585394
0.0	74.0	65.26693801363379	57.778233487083355
0.0	75.0	56.619233607230115	30.5927269809929
0.0	76.0	55.70541726106719	38.34173422786598
0.0	77.0	53.6841338645517	39.19544606679857
0.0	78.0	64.68660967943727	63.7459160083276
0.0	79.0	164.65300664978625	162.29818966377897
0.0	80.0	95.35928872287762	94.08475266506882
0.0	81.0	100.37284379657844	94.25660619617301
0.0	82.0	114.5559095048794	101.56149259001579
0.0	83.0	48.8565266308667	39.0179816182215
0.0	84.0	27.13624439283978	2.6501750136785702
0.0	85.0	46.05550367348642	42.6127487474228
0.0	86.0	169.11027001871312	166.604583622697
0.0	87.0	114.97926675611576	112.38321716683242
0.0	88.0	166.32005364382874	163.9763090772411
0.0	89.0	139.93188428933877	133.88523036515875
0.0	90.0	182.8291373003558	160.65348787328745
0.0	91.0	184.85418239081946	169.57577437951971
0.0	92.0	166.0046853169517	163.83969370190542
0.0	93.0	131.43010897627997	128.91962676010218
0.0	94.0	169.31359949703142	167.03235516312938
0.0	95.0	157.2686892028363	138.45812394003445
0.0	96.0	153.15551977837777	150.94205147869667
0.0	97.0	59.1750405541102	58.082190371908936
0.0	98.0	56.77588772658188	53.74853466134798
0.0	99.0	54.26337100186364	40.17488859222748
0.0	100.0	71.7935498587775	69.60628128129272
0.0	101.0	137.04319049476152	134.50108087873048
0.0	102.0	93.36252473533477	72.16664383557762
0.0	103.0	48.116151327631435	38.24716413180562
0.0	104.0	71.5921628164678	61.311677322848794
0.0	105.0	108.03017854690175	96.64198210687462
0.0	106.0	93.09179606161067	70.46724698005693
0.0	107.0	52.58255443753034	48.458361822337075
0.0	108.0	158.23609755847673	145.1466980852942
0.0	109.0	70.27033818853437	65.79310504147155
0.0	110.0	72.47407745490858	67.11181620251239
0.0	111.0	71.9337742813355	67.99362721842452
0.0	112.0	79.1190160083153	69.14384548594992
0.0	113.0	71.72381013626492	65.7334363721954
0.0	114.0	73.16508456572177	65.70792683379949
0.0	115.0	71.04715838995548	66.40783745243779
0.0	116.0	56.35854283211214	46.15818787169605
0.0	117.0	71.29197669029459	69.22356404210156
0.0	118.0	71.62118059014874	67.17505229168805
0.0	119.0	111.91149880801096	95.61078594059667
0.0	120.0	96.27874774536818	95.1031546938008
0.0	121.0	82.62909537756549	65.97704318762588
0.0	122.0	68.5750268436341	66.89538579778467
0.0	123.0	21.27455564129975	16.620158258748614
0.0	124.0	45.25423620311762	0.0
0.0	125.0	51.02729707970181	49.45516633500288
0.0	126.0	59.32752329622428	54.56963398561615
0.0	127.0	39.18582009303964	37.718537806318075
