clade	species	ts	te
0.0	1.0	84.34074672246071	82.93777377537305
0.0	2.0	86.16323292937776	80.0032675678492
0.0	3.0	84.47220496222167	83.20000507561276
0.0	4.0	167.067880980398	160.3595943224401
0.0	5.0	175.82430978071395	167.44448165468953
0.0	6.0	184.29447423421578	180.64864331326814
0.0	7.0	165.7979077303789	163.82059934758396
0.0	8.0	129.53146740905527	127.58497615411436
0.0	9.0	129.03042620628574	127.02761124156429
0.0	10.0	87.95942327208853	73.006288929855
0.0	11.0	97.04826552175162	95.88664179181654
0.0	12.0	79.63680710811909	77.4462763038777
0.0	13.0	101.70920917230814	88.68252265494019
0.0	14.0	81.2974951267084	67.24527368724192
0.0	15.0	85.03185441883994	83.75340814535988
0.0	16.0	90.616800531496	89.40252004120167
0.0	17.0	87.96235489457801	73.57969282981888
0.0	18.0	84.38925857036364	65.49327502778867
0.0	19.0	87.03543886477965	85.80597473262289
0.0	20.0	86.6395498241438	71.60923820542669
0.0	21.0	81.37538101774136	80.08340580214316
0.0	22.0	113.9095389462821	88.78231703879888
0.0	23.0	76.44188684889586	72.8824368527943
0.0	24.0	85.17782504298084	83.82523045767144
0.0	25.0	68.45773150510742	66.90866078800393
0.0	26.0	84.72164665395694	71.90769297110852
0.0	27.0	75.71310019477833	73.88304314010936
0.0	28.0	84.58718463109882	83.27359949153559
0.0	29.0	93.14757537329702	89.08922280494474
0.0	30.0	93.11982837838708	91.90353368111784
0.0	31.0	53.53320873707319	48.9255086833392
0.0	32.0	94.93441423346368	93.73258474497574
0.0	33.0	62.183801671482804	59.624857285435496
0.0	34.0	83.28213461057756	72.19848765645303
0.0	35.0	57.463952246059016	56.04949919870583
0.0	36.0	95.21191487875527	90.62474339580045
0.0	37.0	53.9334224497283	39.15587222909851
0.0	38.0	133.17644412731744	128.1306666652524
0.0	39.0	114.01891935390876	100.02981178985989
0.0	40.0	84.56871458599277	66.33735704337107
0.0	41.0	96.51254757426199	95.30361810472849
0.0	42.0	62.59538064786495	49.28325348299718
0.0	43.0	65.86247664481492	61.958474085005086
0.0	44.0	169.3502079320624	167.16676168958062
0.0	45.0	57.96248410921775	56.50557154657704
0.0	46.0	54.53542505947009	46.87898241900896
0.0	47.0	55.54468207222961	37.62193707442863
0.0	48.0	56.87593506541285	55.263458431727756
0.0	49.0	181.16111585357282	170.37872543407505
0.0	50.0	69.09835884353222	65.49562833784752
0.0	51.0	136.1786101160328	134.3094277833025
0.0	52.0	55.061589856835205	39.44975301653241
0.0	53.0	71.27273293814154	65.43588601021875
0.0	54.0	59.313281281820146	58.11287077538596
0.0	55.0	0.4655248137883621	0.0
0.0	56.0	67.86857511359132	66.25813391721515
0.0	57.0	61.97844937688124	60.96638937372924
0.0	58.0	23.491983308800606	2.843242215158273
0.0	59.0	68.67601023580617	67.11395215807563
0.0	60.0	67.22403019697914	54.771641385345184
0.0	61.0	53.873532205309324	52.2709625622235
0.0	62.0	55.27549554304603	46.09458040517749
0.0	63.0	70.03135364554588	66.21069028178651
0.0	64.0	21.665195996958673	12.59250626830953
0.0	65.0	59.26229760926253	54.96881843311334
0.0	66.0	66.65522769608641	58.874571193618166
0.0	67.0	53.29095233022369	39.21860021608917
0.0	68.0	77.27477330546148	60.94917234688515
0.0	69.0	50.83559186968158	38.111604196389436
0.0	70.0	167.95352749277234	165.78101159355398
0.0	71.0	58.9235547032266	57.67030096822083
0.0	72.0	139.83430038053447	137.73355375852725
0.0	73.0	95.5379113943133	94.35578220639974
0.0	74.0	65.27037779627864	54.81400542826445
0.0	75.0	57.18324557470684	28.208259043237796
0.0	76.0	55.749056580313656	37.84751120152707
0.0	77.0	53.70051128853921	39.30244660862082
0.0	78.0	64.90013237282628	63.76770686798705
0.0	79.0	164.62051879663477	162.52107572583884
0.0	80.0	94.57496628476491	93.4419702592082
0.0	81.0	97.87983396522385	93.18987767168778
0.0	82.0	113.07983687865465	102.75280825600589
0.0	83.0	46.64976335021138	37.793434784362994
0.0	84.0	20.878516383174837	3.500351286395178
0.0	85.0	47.24875824906231	43.13266684401625
0.0	86.0	168.54413562908707	166.39439833119934
0.0	87.0	122.6072789621735	120.64282770472636
0.0	88.0	166.55463540028947	164.50245171505924
0.0	89.0	137.2746270352925	134.4867144289713
0.0	90.0	183.16280717145642	162.51103926667275
0.0	91.0	184.3618434144962	171.57190431986712
0.0	92.0	164.93632628535386	162.97854429368945
0.0	93.0	130.1640935871779	128.09836376764773
0.0	94.0	167.29302200518075	165.3472768529357
0.0	95.0	158.40561920931896	142.69829876481583
0.0	96.0	152.25561364521909	150.03906354569258
0.0	97.0	57.79248540357376	56.348586518339864
0.0	98.0	57.49698008307339	45.971437061844064
0.0	99.0	56.54930280207025	39.85292648604971
0.0	100.0	72.35324639286871	70.24713235274929
0.0	101.0	138.16515331052196	136.29409632884793
0.0	102.0	92.71361759339483	70.2402135799985
0.0	103.0	49.85856497664511	36.9468902674341
0.0	104.0	68.60608099339709	62.75834267624575
0.0	105.0	103.1329905311094	95.70210357712965
0.0	106.0	92.9711324470545	70.82585598411664
0.0	107.0	55.10387020943861	47.00866990302226
0.0	108.0	154.3365008893453	145.94620451175146
0.0	109.0	81.75986335110323	65.2019773730539
0.0	110.0	71.65205051753009	65.63341966012472
0.0	111.0	73.37542174933972	65.90505974464448
0.0	112.0	79.12392840053612	69.65946281707866
0.0	113.0	70.4582537348153	65.52351219516271
0.0	114.0	72.30604022534139	65.23342788901694
0.0	115.0	71.0344620401008	66.27883310182702
0.0	116.0	56.255388593689936	46.72187075376515
0.0	117.0	72.05978826307877	70.00032138517153
0.0	118.0	72.82615962215915	65.94095870220845
0.0	119.0	111.51750504950068	98.38936296110452
0.0	120.0	95.1838908076625	94.061766463247
0.0	121.0	83.21620056064222	65.0671718740741
0.0	122.0	68.57054231876943	67.04855108355662
0.0	123.0	18.63905225961262	13.823616205940823
0.0	124.0	31.9585845092788	0.0
0.0	125.0	55.863336502051745	54.37187928100468
0.0	126.0	59.619328757337286	50.42806898386462
0.0	127.0	42.33026201544056	39.42290471197478
