clade	species	ts	te
0	1	84.3544876363821	82.8697037225411
0	2	86.2759197695716	80.0188282944162
0	3	86.0002996148078	84.551443947334
0	4	165.993654725137	159.268528433287
0	5	173.129144863246	167.604081893139
0	6	184.287431087987	175.794593772135
0	7	164.50842511622	162.142267978547
0	8	128.32037553451	125.820158835422
0	9	131.660383426468	129.218377872121
0	10	88.7364163708621	70.0447168355141
0	11	97.5053574632408	96.3262364110537
0	12	76.5703553668323	74.7790113911012
0	13	99.863504147155	86.7184013100708
0	14	81.1160469038956	65.2075821107392
0	15	85.087353930659	83.5299571332774
0	16	90.642490869922	89.1444008998076
0	17	89.5079972821503	68.7044512489803
0	18	84.4828611271536	66.9973336593668
0	19	91.0253127522533	83.2132226876752
0	20	85.0658207856529	71.8157027569774
0	21	83.4175629703731	82.0164737659328
0	22	112.965880169356	89.2089986919901
0	23	78.2559088238331	74.7551201606308
0	24	85.3576512678378	83.9344306396099
0	25	68.4889250894807	66.7626555151237
0	26	86.6127398428129	72.290456886176
0	27	75.0773101560151	72.976190677564
0	28	84.7784802806401	83.3134828986528
0	29	92.3619303053497	90.4111727505063
0	30	92.6194838345473	91.453948591756
0	31	53.9906423314218	46.122026249128
0	32	94.5360874665374	93.3149912218695
0	33	60.8910747573152	58.4568428982577
0	34	79.9148211014505	71.5357038890375
0	35	58.6643016166248	57.4690368092993
0	36	96.0632656302935	91.3150002224069
0	37	52.8646057102315	39.1525790967812
0	38	134.422377343674	125.737830698172
0	39	113.186841077237	100.111285861559
0	40	83.3069330213544	66.3458854194301
0	41	94.6952332992084	93.538694021922
0	42	66.0391210006489	49.2692357105957
0	43	65.3091617297794	63.0126835261318
0	44	167.504566171513	165.104829135196
0	45	56.9363811904982	55.5946803699222
0	46	51.0666045398271	46.7237825063861
0	47	56.678332375078	38.5664945019276
0	48	59.5599943674767	58.4876260296579
0	49	178.168531908003	168.883952230689
0	50	71.1137617351533	66.0503226087481
0	51	139.563324689083	137.143071299955
0	52	56.2638810550958	39.4952488635994
0	53	72.8705583765592	65.4463741557076
0	54	58.4787092603843	57.2984731412241
0	55	0.683465884764958	0
0	56	70.6649694628309	68.9686476083493
0	57	61.9681205137106	61.0480482615704
0	58	23.48902269919	3.10554121242975
0	59	67.7440284247468	66.1646105048929
0	60	63.7704256669116	54.7897216258938
0	61	50.2338940109409	47.0985785774897
0	62	51.7602625011877	42.7612120829319
0	63	70.7820475245655	65.6609524193713
0	64	22.833976497314	5.13246408305677
0	65	59.7169905609481	54.8167178365296
0	66	66.6721139816523	61.0626596697926
0	67	51.6488451980631	41.8106016104704
0	68	77.7599837965523	62.1558482088913
0	69	46.2959586207022	39.0442073818789
0	70	167.948703384822	165.755104960478
0	71	59.4817077548263	58.2790932691564
0	72	138.181112141602	135.741260791111
0	73	95.4000991656753	94.2633866858539
0	74	65.2669380136338	57.7782334870834
0	75	56.6192336072301	30.5927269809929
0	76	55.7054172610672	38.341734227866
0	77	53.6841338645517	39.1954460667986
0	78	64.6866096794373	63.7459160083276
0	79	164.653006649786	162.298189663779
0	80	95.3592887228776	94.0847526650688
0	81	100.372843796578	94.256606196173
0	82	114.555909504879	101.561492590016
0	83	48.8565266308667	39.0179816182215
0	84	27.1362443928398	2.65017501367857
0	85	46.0555036734864	42.6127487474228
0	86	169.110270018713	166.604583622697
0	87	114.979266756116	112.383217166832
0	88	166.320053643829	163.976309077241
0	89	139.931884289339	133.885230365159
0	90	182.829137300356	160.653487873287
0	91	184.854182390819	169.57577437952
0	92	166.004685316952	163.839693701905
0	93	131.43010897628	128.919626760102
0	94	169.313599497031	167.032355163129
0	95	157.268689202836	138.458123940034
0	96	153.155519778378	150.942051478697
0	97	59.1750405541102	58.0821903719089
0	98	56.7758877265819	53.748534661348
0	99	54.2633710018636	40.1748885922275
0	100	71.7935498587775	69.6062812812927
0	101	137.043190494762	134.50108087873
0	102	93.3625247353348	72.1666438355776
0	103	48.1161513276314	38.2471641318056
0	104	71.5921628164678	61.3116773228488
0	105	108.030178546902	96.6419821068746
0	106	93.0917960616107	70.4672469800569
0	107	52.5825544375303	48.4583618223371
0	108	158.236097558477	145.146698085294
0	109	70.2703381885344	65.7931050414715
0	110	72.4740774549086	67.1118162025124
0	111	71.9337742813355	67.9936272184245
0	112	79.1190160083153	69.1438454859499
0	113	71.7238101362649	65.7334363721954
0	114	73.1650845657218	65.7079268337995
0	115	71.0471583899555	66.4078374524378
0	116	56.3585428321121	46.1581878716961
0	117	71.2919766902946	69.2235640421016
0	118	71.6211805901487	67.175052291688
0	119	111.911498808011	95.6107859405967
0	120	96.2787477453682	95.1031546938008
0	121	82.6290953775655	65.9770431876259
0	122	68.5750268436341	66.8953857977847
0	123	21.2745556412997	16.6201582587486
0	124	45.2542362031176	0
0	125	51.0272970797018	49.4551663350029
0	126	59.3275232962243	54.5696339856162
0	127	39.1858200930396	37.7185378063181
0	128	6.72472696091164	0
0	129	6.72472696091164	0
0	130	6.18922662186155	0
0	131	6.18922662186155	0
0	132	1.02394469164246	0
0	133	1.02394469164246	0
0	134	6.72443791690759	0
0	135	6.72443791690759	0
0	136	6.72472543679551	0
0	137	6.72472794427595	0
0	138	6.71230667976219	0
0	139	4.55918209579425	0
0	140	4.69704908209192	0
0	141	4.36479143792849	0
0	142	6.3673587964328	0
0	143	4.69704908209192	0
0	144	5.12980706225099	0
0	145	6.65823260807658	0
0	146	6.67759962354181	0
0	147	4.36479143792849	0
0	148	6.72470572905218	0
0	149	4.56040641969089	0
0	150	5.16414684734658	0
0	151	4.91551190973433	0
0	152	0.851954982092099	0
0	153	0.851954982092099	0
0	154	3.31922434433082	0
0	155	6.50338499169674	0
0	156	4.91551190973433	0
0	157	5.8495896559367	0
0	158	5.8495896559367	0
0	159	2.48167045594444	0
0	160	2.48167045594444	0
0	161	6.7247279469705	0
0	162	6.7247279469705	0
0	163	4.56040641969089	0
