clade	species	ts	te
0	1	85.1020097786527	83.6455613394472
0	2	85.3688804737548	80.3296608734967
0	3	85.9158569061025	84.5246027981028
0	4	166.418130632911	158.469115201412
0	5	175.769570993183	168.352238956224
0	6	180.697638081011	174.507491472142
0	7	166.685399721435	164.242476113833
0	8	131.735857527516	129.456509453671
0	9	130.473467998773	128.068380043398
0	10	88.5298690750644	71.0893146307975
0	11	99.3718821793256	97.9392636615918
0	12	76.2733947254341	74.4643564741087
0	13	101.217431418883	86.7130271926196
0	14	77.5127459539438	65.4211071381984
0	15	84.9980073944118	83.4188943549232
0	16	90.7398916816236	89.6629040166613
0	17	90.4418786681238	68.4679807433695
0	18	84.9708867102095	67.2471087250549
0	19	90.3200061051255	82.7242854845926
0	20	86.9542462557333	74.1108355440909
0	21	82.9543464930506	81.5120580474641
0	22	114.876217321087	89.8462532003108
0	23	83.2908107030379	71.5374842660275
0	24	85.263289769141	83.7118761267691
0	25	72.0221579910003	69.8443349433493
0	26	86.3563238498039	73.7605107212227
0	27	75.3854297120856	73.3114541060482
0	28	85.5971112324937	84.0291329624943
0	29	94.5306871212926	89.2769414298762
0	30	90.5451342487258	89.0579168577056
0	31	54.8450136797792	47.1551330794882
0	32	94.9572541860333	93.7307856109647
0	33	60.6738013588194	59.1273887684547
0	34	85.2157126573826	71.3910351036482
0	35	58.5465249076965	57.2565012734952
0	36	94.9809414048979	90.5865439951633
0	37	53.0331534266839	39.7608904567773
0	38	136.683330452368	125.841255280385
0	39	114.481682223772	104.411876725619
0	40	78.7220678696079	66.1220621241501
0	41	95.3302273099782	94.1119914181911
0	42	65.182960557423	51.6585185988745
0	43	62.3832970128875	61.0004477359304
0	44	168.089489390278	165.936120973557
0	45	57.6382251536615	56.402982979369
0	46	50.0226803206924	46.5218541448054
0	47	56.0428237300587	39.3276569048647
0	48	57.0023393843812	55.6008132167177
0	49	176.087771792344	170.217998301304
0	50	71.0386536204943	65.0780877269399
0	51	140.379219947021	137.793824590576
0	52	53.6045455039713	40.000116388891
0	53	71.9974697762239	65.3907066195931
0	54	57.2899738452572	55.9466665308174
0	55	0.788455107308335	0
0	56	69.5058688282743	68.0215635235788
0	57	61.7804727739447	60.7844933916761
0	58	23.6627284540329	2.35560241614868
0	59	70.3964944803104	68.7764169812158
0	60	67.2739774182555	54.7207282259203
0	61	50.4679040083792	47.652364239975
0	62	55.785548429219	49.3699509581132
0	63	69.8110394623586	66.4213806990093
0	64	21.1004239973125	13.3195904916277
0	65	59.3969875393112	55.3157178094818
0	66	66.5635101740641	59.4237893807332
0	67	55.7640340005342	40.5648102002101
0	68	76.6912445608517	61.4542073539158
0	69	48.5679978988788	37.6258948432542
0	70	167.507718186005	165.344982659179
0	71	58.8251272526311	57.5604896679808
0	72	139.508534131045	136.946533655163
0	73	101.766301721147	99.9018165295928
0	74	66.915879158354	57.1547352763603
0	75	56.9568944487388	33.5429899743906
0	76	56.6241451758747	38.4906560444581
0	77	53.4819040208408	39.3588911948435
0	78	63.2448724939327	62.1755286585747
0	79	165.690643546319	163.327368448378
0	80	94.7821978748417	93.6182757657054
0	81	95.624000625672	93.5717787421781
0	82	114.556431273904	100.140348068681
0	83	50.1532177933127	38.9896670023634
0	84	21.4281031533446	3.02487729791282
0	85	45.3323438716353	41.8579381657021
0	86	168.87087776596	166.592479422411
0	87	120.386037175115	118.069788606968
0	88	167.132142332457	164.838799283073
0	89	139.242928614998	135.842361098468
0	90	183.99138267172	161.955917235454
0	91	184.459295810202	170.781317517425
0	92	166.163490995128	163.95087451565
0	93	129.878887335025	127.452023248663
0	94	167.795593158446	165.605194582178
0	95	158.735958959736	137.703519823647
0	96	152.139156728484	149.978769374536
0	97	57.3620096199613	55.9729212593713
0	98	56.9416058900214	46.3851510261549
0	99	53.6636753520003	43.0675549727461
0	100	69.2843918267947	67.697048376209
0	101	137.224157446041	134.757708202684
0	102	92.9257894487125	70.5338927668914
0	103	50.0358310993099	38.1531729271706
0	104	71.5084667456395	60.9190818604763
0	105	110.848520316086	96.0991324661889
0	106	92.5818726719915	70.820028570585
0	107	56.5994805051568	51.2958911264203
0	108	158.114009668547	148.556687136437
0	109	73.701958762531	66.4324342126442
0	110	71.8146271374514	65.7878772798643
0	111	73.0275302871749	66.6306754686877
0	112	80.1397463655078	69.1112008287835
0	113	72.894626624591	65.6964900630685
0	114	71.2555453483776	66.2054178061353
0	115	69.997570493292	65.4504669056568
0	116	53.6921793189358	46.1628360147889
0	117	72.922010053245	70.611621394216
0	118	68.7940141605432	65.4947756527284
0	119	109.164260960689	96.2696806477867
0	120	95.3592879261211	94.1321753632405
0	121	79.8001658626933	65.7530254234612
0	122	68.9064994271247	67.3970872436697
0	123	18.9967844075067	13.8193927593221
0	124	27.6283564558539	0
0	125	55.3565512088718	53.9445068059003
0	126	59.4228174542125	49.1845271145034
0	127	41.5504388137413	39.3611568566719
0	128	6.72472752285635	0
0	129	6.72472752285635	0
0	130	5.37007954431815	0
0	131	5.37007954431815	0
0	132	0.69419887906917	0
0	133	0.69419887906917	0
0	134	6.72289070361349	0
0	135	6.72289070361349	0
0	136	6.72472606811045	0
0	137	6.72472581197016	0
0	138	6.7238147311484	0
0	139	4.72196147841312	0
0	140	3.77498337527211	0
0	141	5.19762848724932	0
0	142	5.42605329125911	0
0	143	3.77498337527211	0
0	144	4.56287603576922	0
0	145	6.23627772481575	0
0	146	6.64889314986213	0
0	147	4.56287603576922	0
0	148	6.7247140351656	0
0	149	4.68304497943979	0
0	150	2.97844008171481	0
0	151	5.43962631376407	0
0	152	0.911810279964032	0
0	153	0.911810279964032	0
0	154	2.20468359269757	0
0	155	6.59559373554927	0
0	156	5.43962631376407	0
0	157	4.50582461153446	0
0	158	4.50582461153446	0
0	159	1.12624387235427	0
0	160	1.12624387235427	0
0	161	6.72472794549205	0
0	162	6.72472794727816	0
0	163	4.68304497943979	0
