time	diversity	m_div	M_div
0.0	2.0	2	2
0.10010734288570926	2.0	2	2
0.20021468577141852	2.0	2	2
0.30032202865712776	2.0	2	2
0.40042937154283703	2.0	2	2
0.5005367144285463	2.0	2	2
0.6006440573142555	2.0	2	2
0.7007514001999648	2.0	2	2
0.8008587430856741	1.0	1	1
0.9009660859713833	1.0	1	1
1.0010734288570926	1.0	1	1
1.101180771742802	1.0	1	1
1.201288114628511	1.0	1	1
1.3013954575142204	1.0	1	1
1.4015028003999297	1.0	1	1
1.5016101432856388	1.0	1	1
1.6017174861713481	1.0	1	1
1.7018248290570575	1.0	1	1
1.8019321719427666	1.0	1	1
1.9020395148284759	1.0	1	1
2.002146857714185	1.0	1	1
2.1022542005998943	1.0	1	1
2.202361543485604	1.0	1	1
2.302468886371313	1.0	1	1
2.402576229257022	1.0	1	1
2.5026835721427316	1.0	1	1
2.6027909150284407	1.0	1	1
2.70289825791415	1.0	1	1
2.8030056007998594	1.0	1	1
2.9031129436855685	1.0	1	1
3.0032202865712776	2.0	2	2
3.103327629456987	2.0	2	2
3.2034349723426963	3.0	3	3
3.3035423152284054	3.0	3	3
3.403649658114115	3.0	3	3
3.503757000999824	3.0	3	3
3.603864343885533	3.0	3	3
3.7039716867712427	3.0	3	3
3.8040790296569518	3.0	3	3
3.904186372542661	3.0	3	3
4.00429371542837	3.0	3	3
4.10440105831408	3.0	3	3
4.204508401199789	3.0	3	3
4.304615744085498	3.0	3	3
4.404723086971208	3.0	3	3
4.504830429856916	3.0	3	3
4.604937772742626	3.0	3	3
4.7050451156283355	3.0	3	3
4.805152458514044	3.0	3	3
4.905259801399754	3.0	3	3
5.005367144285463	3.0	3	3
5.105474487171172	3.0	3	3
5.2055818300568815	3.0	3	3
5.305689172942591	3.0	3	3
5.4057965158283	3.0	3	3
5.505903858714009	3.0	3	3
5.606011201599719	3.0	3	3
5.706118544485427	3.0	3	3
5.806225887371137	3.0	3	3
5.9063332302568465	3.0	3	3
6.006440573142555	3.0	3	3
6.106547916028265	3.0	3	3
6.206655258913974	3.0	3	3
6.306762601799683	3.0	3	3
6.4068699446853925	3.0	3	3
6.506977287571102	3.0	3	3
6.607084630456811	3.0	3	3
6.70719197334252	3.0	3	3
6.80729931622823	3.0	3	3
6.9074066591139385	3.0	3	3
7.007514001999648	3.0	3	3
7.107621344885358	3.0	3	3
7.207728687771066	3.0	3	3
7.307836030656776	3.0	3	3
7.407943373542485	3.0	3	3
7.508050716428194	3.0	3	3
7.6081580593139035	3.0	3	3
7.708265402199613	3.0	3	3
7.808372745085322	3.0	3	3
7.908480087971031	3.0	3	3
8.00858743085674	3.0	3	3
8.10869477374245	3.0	3	3
8.20880211662816	3.0	3	3
8.308909459513869	4.0	4	4
8.409016802399577	4.0	4	4
8.509124145285288	4.0	4	4
8.609231488170996	4.0	4	4
8.709338831056705	4.0	4	4
8.809446173942415	4.0	4	4
8.909553516828124	4.0	4	4
9.009660859713833	4.0	4	4
9.109768202599543	4.0	4	4
9.209875545485252	4.0	4	4
9.30998288837096	4.0	4	4
9.410090231256671	4.0	4	4
9.51019757414238	4.0	4	4
9.610304917028088	4.0	4	4
9.710412259913799	4.0	4	4
9.810519602799507	4.0	4	4
9.910626945685216	4.0	4	4
10.010734288570927	4.0	4	4
10.110841631456635	4.0	4	4
10.210948974342344	4.0	4	4
10.311056317228054	4.0	4	4
10.411163660113763	4.0	4	4
10.511271002999472	4.0	4	4
10.611378345885182	4.0	4	4
10.71148568877089	4.0	4	4
10.8115930316566	4.0	4	4
10.91170037454231	4.0	4	4
11.011807717428018	4.0	4	4
11.111915060313727	4.0	4	4
11.212022403199438	4.0	4	4
11.312129746085146	4.0	4	4
11.412237088970855	4.0	4	4
11.512344431856565	4.0	4	4
11.612451774742274	4.0	4	4
11.712559117627983	4.0	4	4
11.812666460513693	4.0	4	4
11.912773803399402	4.0	4	4
12.01288114628511	4.0	4	4
12.11298848917082	4.0	4	4
12.21309583205653	4.0	4	4
12.313203174942238	4.0	4	4
12.413310517827949	4.0	4	4
12.513417860713657	4.0	4	4
12.613525203599366	4.0	4	4
12.713632546485076	4.0	4	4
12.813739889370785	4.0	4	4
12.913847232256494	4.0	4	4
13.013954575142204	4.0	4	4
13.114061918027913	4.0	4	4
13.214169260913621	4.0	4	4
13.314276603799332	4.0	4	4
13.41438394668504	4.0	4	4
13.51449128957075	4.0	4	4
13.61459863245646	4.0	4	4
13.714705975342168	4.0	4	4
13.814813318227877	4.0	4	4
13.914920661113587	4.0	4	4
14.015028003999296	5.0	5	5
14.115135346885005	5.0	5	5
14.215242689770715	5.0	5	5
14.315350032656424	5.0	5	5
14.415457375542132	5.0	5	5
14.515564718427843	5.0	5	5
14.615672061313552	5.0	5	5
14.71577940419926	5.0	5	5
14.81588674708497	5.0	5	5
14.91599408997068	5.0	5	5
15.016101432856388	5.0	5	5
15.116208775742098	5.0	5	5
15.216316118627807	5.0	5	5
15.316423461513516	5.0	5	5
15.416530804399226	5.0	5	5
15.516638147284935	5.0	5	5
15.616745490170644	5.0	5	5
15.716852833056354	5.0	5	5
15.816960175942063	5.0	5	5
15.917067518827771	5.0	5	5
16.01717486171348	5.0	5	5
16.117282204599192	5.0	5	5
16.2173895474849	5.0	5	5
16.31749689037061	5.0	5	5
16.41760423325632	5.0	5	5
16.517711576142027	5.0	5	5
16.617818919027737	5.0	5	5
16.717926261913448	5.0	5	5
16.818033604799155	5.0	5	5
16.918140947684865	5.0	5	5
17.018248290570575	5.0	5	5
17.118355633456282	5.0	5	5
17.218462976341993	5.0	5	5
17.318570319227703	5.0	5	5
17.41867766211341	5.0	5	5
17.51878500499912	5.0	5	5
17.61889234788483	5.0	5	5
17.718999690770538	5.0	5	5
17.81910703365625	5.0	5	5
17.91921437654196	5.0	5	5
18.019321719427666	5.0	5	5
18.119429062313376	5.0	5	5
18.219536405199086	5.0	5	5
18.319643748084793	5.0	5	5
18.419751090970504	5.0	5	5
18.519858433856214	5.0	5	5
18.61996577674192	5.0	5	5
18.72007311962763	5.0	5	5
18.820180462513342	5.0	5	5
18.92028780539905	5.0	5	5
19.02039514828476	5.0	5	5
19.12050249117047	5.0	5	5
19.220609834056177	4.0	4	4
19.320717176941887	4.0	4	4
19.420824519827597	4.0	4	4
19.520931862713304	4.0	4	4
19.621039205599015	4.0	4	4
19.721146548484725	4.0	4	4
19.821253891370432	4.0	4	4
19.921361234256143	4.0	4	4
20.021468577141853	4.0	4	4
20.12157592002756	4.0	4	4
20.22168326291327	4.0	4	4
20.32179060579898	4.0	4	4
20.421897948684688	4.0	4	4
20.522005291570398	4.0	4	4
20.62211263445611	4.0	4	4
20.722219977341815	4.0	4	4
20.822327320227526	4.0	4	4
20.922434663113236	4.0	4	4
21.022542005998943	4.0	4	4
21.122649348884654	4.0	4	4
21.222756691770364	4.0	4	4
21.32286403465607	3.0	3	3
21.42297137754178	3.0	3	3
21.523078720427492	3.0	3	3
21.6231860633132	3.0	3	3
21.72329340619891	3.0	3	3
21.82340074908462	3.0	3	3
21.923508091970326	2.0	2	2
22.023615434856037	2.0	2	2
22.123722777741747	2.0	2	2
22.223830120627454	2.0	2	2
22.323937463513165	2.0	2	2
22.424044806398875	2.0	2	2
22.524152149284582	2.0	2	2
22.624259492170292	2.0	2	2
22.724366835056003	2.0	2	2
22.82447417794171	2.0	2	2
22.92458152082742	2.0	2	2
23.02468886371313	2.0	2	2
23.124796206598838	2.0	2	2
23.224903549484548	2.0	2	2
23.32501089237026	2.0	2	2
23.425118235255965	2.0	2	2
23.525225578141676	2.0	2	2
23.625332921027386	2.0	2	2
23.725440263913093	2.0	2	2
23.825547606798803	2.0	2	2
23.925654949684514	1.0	1	1
24.02576229257022	1.0	1	1
24.12586963545593	1.0	1	1
24.22597697834164	1.0	1	1
24.32608432122735	1.0	1	1
24.42619166411306	1.0	1	1
24.52629900699877	1.0	1	1
24.626406349884476	1.0	1	1
24.726513692770187	1.0	1	1
24.826621035655897	1.0	1	1
24.926728378541604	1.0	1	1
25.026835721427314	1.0	1	1
25.126943064313025	1.0	1	1
25.227050407198732	1.0	1	1
25.327157750084442	1.0	1	1
25.427265092970153	1.0	1	1
25.52737243585586	1.0	1	1
25.62747977874157	1.0	1	1
25.72758712162728	1.0	1	1
25.827694464512987	1.0	1	1
25.927801807398698	1.0	1	1
26.027909150284408	1.0	1	1
26.128016493170115	1.0	1	1
26.228123836055826	1.0	1	1
26.328231178941536	1.0	1	1
26.428338521827243	1.0	1	1
26.528445864712953	1.0	1	1
26.628553207598664	1.0	1	1
26.72866055048437	1.0	1	1
26.82876789337008	1.0	1	1
26.92887523625579	1.0	1	1
27.0289825791415	1.0	1	1
27.12908992202721	1.0	1	1
27.22919726491292	1.0	1	1
27.329304607798626	1.0	1	1
27.429411950684337	1.0	1	1
27.529519293570047	1.0	1	1
27.629626636455754	1.0	1	1
27.729733979341464	1.0	1	1
27.829841322227175	1.0	1	1
27.92994866511288	1.0	1	1
28.030056007998592	1.0	1	1
28.130163350884303	1.0	1	1
28.23027069377001	1.0	1	1
28.33037803665572	1.0	1	1
28.43048537954143	1.0	1	1
28.530592722427137	1.0	1	1
28.630700065312848	1.0	1	1
28.730807408198558	1.0	1	1
28.830914751084265	1.0	1	1
28.931022093969975	1.0	1	1
29.031129436855686	1.0	1	1
29.131236779741393	1.0	1	1
29.231344122627103	1.0	1	1
29.331451465512814	1.0	1	1
29.43155880839852	1.0	1	1
29.53166615128423	1.0	1	1
29.63177349416994	1.0	1	1
29.731880837055648	1.0	1	1
29.83198817994136	1.0	1	1
29.93209552282707	1.0	1	1
30.032202865712776	1.0	1	1
30.132310208598486	1.0	1	1
30.232417551484197	1.0	1	1
30.332524894369904	1.0	1	1
30.432632237255614	1.0	1	1
30.532739580141325	1.0	1	1
30.63284692302703	1.0	1	1
30.732954265912742	1.0	1	1
30.833061608798452	1.0	1	1
30.93316895168416	1.0	1	1
31.03327629456987	1.0	1	1
31.13338363745558	1.0	1	1
31.233490980341287	1.0	1	1
31.333598323226997	1.0	1	1
31.433705666112708	1.0	1	1
31.533813008998415	1.0	1	1
31.633920351884125	1.0	1	1
31.734027694769836	1.0	1	1
31.834135037655543	1.0	1	1
31.934242380541253	2.0	2	2
32.03434972342696	2.0	2	2
32.13445706631267	2.0	2	2
32.234564409198384	2.0	2	2
32.33467175208409	2.0	2	2
32.4347790949698	2.0	2	2
32.53488643785551	2.0	2	2
32.63499378074122	2.0	2	2
32.735101123626926	2.0	2	2
32.83520846651264	2.0	2	2
32.93531580939835	2.0	2	2
33.035423152284054	2.0	2	2
33.13553049516977	2.0	2	2
33.235637838055474	2.0	2	2
33.33574518094118	2.0	2	2
33.435852523826895	2.0	2	2
33.5359598667126	2.0	2	2
33.63606720959831	2.0	2	2
33.73617455248402	2.0	2	2
33.83628189536973	2.0	2	2
33.93638923825544	2.0	2	2
34.03649658114115	2.0	2	2
34.13660392402686	2.0	2	2
34.236711266912565	2.0	2	2
34.33681860979828	2.0	2	2
34.436925952683985	2.0	2	2
34.53703329556969	2.0	2	2
34.637140638455406	2.0	2	2
34.73724798134111	2.0	2	2
34.83735532422682	2.0	2	2
34.937462667112534	2.0	2	2
35.03757000999824	2.0	2	2
35.13767735288395	2.0	2	2
35.23778469576966	2.0	2	2
35.33789203865537	2.0	2	2
35.437999381541076	2.0	2	2
35.53810672442679	2.0	2	2
35.6382140673125	2.0	2	2
35.7383214101982	2.0	2	2
35.83842875308392	2.0	2	2
35.938536095969624	2.0	2	2
36.03864343885533	2.0	2	2
36.138750781741045	2.0	2	2
36.23885812462675	2.0	2	2
36.33896546751246	2.0	2	2
36.43907281039817	2.0	2	2
36.53918015328388	2.0	2	2
36.63928749616959	2.0	2	2
36.7393948390553	2.0	2	2
36.83950218194101	2.0	2	2
36.939609524826714	2.0	2	2
37.03971686771243	3.0	3	3
37.139824210598135	3.0	3	3
37.23993155348384	3.0	3	3
37.340038896369556	3.0	3	3
37.44014623925526	3.0	3	3
37.54025358214097	3.0	3	3
37.640360925026684	3.0	3	3
37.74046826791239	3.0	3	3
37.8405756107981	3.0	3	3
37.94068295368381	3.0	3	3
38.04079029656952	3.0	3	3
38.140897639455225	3.0	3	3
38.24100498234094	4.0	4	4
38.341112325226646	4.0	4	4
38.44121966811235	4.0	4	4
38.54132701099807	4.0	4	4
38.641434353883774	4.0	4	4
38.74154169676948	4.0	4	4
38.841649039655195	4.0	4	4
38.9417563825409	4.0	4	4
39.04186372542661	5.0	5	5
39.14197106831232	5.0	5	5
39.24207841119803	6.0	6	6
39.34218575408374	6.0	6	6
39.44229309696945	7.0	7	7
39.54240043985516	8.0	8	8
39.642507782740864	9.0	9	9
39.74261512562658	11.0	11	11
39.842722468512285	11.0	11	11
39.94282981139799	12.0	12	12
40.042937154283706	12.0	12	12
40.14304449716941	13.0	13	13
40.24315184005512	13.0	13	13
40.343259182940834	13.0	13	13
40.44336652582654	13.0	13	13
40.54347386871225	13.0	13	13
40.64358121159796	13.0	13	13
40.74368855448367	12.0	12	12
40.843795897369375	12.0	12	12
40.94390324025509	12.0	12	12
41.044010583140796	12.0	12	12
41.1441179260265	12.0	12	12
41.24422526891222	12.0	12	12
41.344332611797924	12.0	12	12
41.44443995468363	12.0	12	12
41.544547297569345	12.0	12	12
41.64465464045505	12.0	12	12
41.74476198334076	12.0	12	12
41.84486932622647	12.0	12	12
41.94497666911218	12.0	12	12
42.045084011997886	12.0	12	12
42.1451913548836	12.0	12	12
42.24529869776931	12.0	12	12
42.345406040655014	12.0	12	12
42.44551338354073	12.0	12	12
42.545620726426435	12.0	12	12
42.64572806931214	12.0	12	12
42.745835412197856	11.0	11	11
42.84594275508356	11.0	11	11
42.94605009796927	11.0	11	11
43.046157440854984	11.0	11	11
43.14626478374069	11.0	11	11
43.2463721266264	11.0	11	11
43.34647946951211	12.0	12	12
43.44658681239782	12.0	12	12
43.546694155283525	12.0	12	12
43.64680149816924	12.0	12	12
43.746908841054946	12.0	12	12
43.84701618394065	12.0	12	12
43.94712352682637	12.0	12	12
44.047230869712074	12.0	12	12
44.14733821259778	12.0	12	12
44.247445555483495	12.0	12	12
44.3475528983692	12.0	12	12
44.44766024125491	12.0	12	12
44.54776758414062	12.0	12	12
44.64787492702633	12.0	12	12
44.747982269912036	12.0	12	12
44.84808961279775	12.0	12	12
44.94819695568346	12.0	12	12
45.048304298569164	12.0	12	12
45.14841164145488	12.0	12	12
45.248518984340585	12.0	12	12
45.34862632722629	13.0	13	13
45.448733670112006	13.0	13	13
45.54884101299771	13.0	13	13
45.64894835588342	13.0	13	13
45.74905569876913	13.0	13	13
45.84916304165484	13.0	13	13
45.94927038454055	13.0	13	13
46.04937772742626	13.0	13	13
46.14948507031197	13.0	13	13
46.249592413197675	12.0	12	12
46.34969975608339	12.0	12	12
46.449807098969096	12.0	12	12
46.5499144418548	13.0	13	13
46.65002178474052	13.0	13	13
46.750129127626224	13.0	13	13
46.85023647051193	14.0	14	14
46.950343813397645	14.0	14	14
47.05045115628335	14.0	14	14
47.15055849916906	14.0	14	14
47.25066584205477	14.0	14	14
47.35077318494048	14.0	14	14
47.450880527826186	14.0	14	14
47.5509878707119	14.0	14	14
47.65109521359761	15.0	15	15
47.751202556483314	15.0	15	15
47.85130989936903	15.0	15	15
47.951417242254735	16.0	16	16
48.05152458514044	16.0	16	16
48.151631928026156	16.0	16	16
48.25173927091186	17.0	17	17
48.35184661379757	16.0	16	16
48.45195395668328	15.0	15	15
48.55206129956899	15.0	15	15
48.6521686424547	14.0	14	14
48.75227598534041	14.0	14	14
48.85238332822612	14.0	14	14
48.952490671111825	15.0	15	15
49.05259801399754	15.0	15	15
49.152705356883246	15.0	15	15
49.25281269976895	15.0	15	15
49.35292004265467	15.0	15	15
49.45302738554037	15.0	15	15
49.55313472842608	15.0	15	15
49.653242071311794	15.0	15	15
49.7533494141975	16.0	16	16
49.85345675708321	16.0	16	16
49.95356409996892	16.0	16	16
50.05367144285463	16.0	16	16
50.153778785740336	16.0	16	16
50.25388612862605	16.0	16	16
50.35399347151176	16.0	16	16
50.454100814397464	16.0	16	16
50.55420815728318	16.0	16	16
50.654315500168885	16.0	16	16
50.75442284305459	16.0	16	16
50.854530185940305	16.0	16	16
50.95463752882601	15.0	15	15
51.05474487171172	15.0	15	15
51.15485221459743	15.0	15	15
51.25495955748314	15.0	15	15
51.35506690036885	15.0	15	15
51.45517424325456	14.0	14	14
51.55528158614027	14.0	14	14
51.655388929025975	14.0	14	14
51.75549627191169	14.0	14	14
51.855603614797396	14.0	14	14
51.9557109576831	14.0	14	14
52.055818300568816	14.0	14	14
52.15592564345452	14.0	14	14
52.25603298634023	14.0	14	14
52.356140329225944	14.0	14	14
52.45624767211165	14.0	14	14
52.55635501499736	14.0	14	14
52.65646235788307	14.0	14	14
52.75656970076878	14.0	14	14
52.856677043654486	14.0	14	14
52.9567843865402	14.0	14	14
53.05689172942591	14.0	14	14
53.15699907231161	13.0	13	13
53.25710641519733	12.0	12	12
53.357213758083034	12.0	12	12
53.45732110096874	12.0	12	12
53.557428443854455	12.0	12	12
53.65753578674016	11.0	11	11
53.75764312962587	11.0	11	11
53.85775047251158	10.0	10	10
53.95785781539729	10.0	10	10
54.057965158283	12.0	12	12
54.15807250116871	12.0	12	12
54.25817984405442	12.0	12	12
54.358287186940125	12.0	12	12
54.45839452982584	12.0	12	12
54.558501872711545	12.0	12	12
54.65860921559725	12.0	12	12
54.758716558482966	12.0	12	12
54.85882390136867	11.0	11	11
54.95893124425438	11.0	11	11
55.059038587140094	12.0	12	12
55.1591459300258	12.0	12	12
55.25925327291151	12.0	12	12
55.35936061579722	12.0	12	12
55.45946795868293	12.0	12	12
55.559575301568636	11.0	11	11
55.65968264445435	11.0	11	11
55.759789987340056	11.0	11	11
55.85989733022576	11.0	11	11
55.96000467311148	11.0	11	11
56.060112015997184	11.0	11	11
56.16021935888289	10.0	10	10
56.260326701768605	10.0	10	10
56.36043404465431	9.0	9	9
56.46054138754002	9.0	9	9
56.56064873042573	9.0	9	9
56.66075607331144	10.0	10	10
56.76086341619715	10.0	10	10
56.86097075908286	10.0	10	10
56.96107810196857	10.0	10	10
57.061185444854274	9.0	9	9
57.16129278773999	9.0	9	9
57.261400130625695	9.0	9	9
57.3615074735114	8.0	8	8
57.461614816397116	8.0	8	8
57.56172215928282	8.0	8	8
57.66182950216853	6.0	6	6
57.761936845054244	6.0	6	6
57.86204418793995	6.0	6	6
57.96215153082566	6.0	6	6
58.06225887371137	7.0	7	7
58.16236621659708	7.0	7	7
58.262473559482785	8.0	8	8
58.3625809023685	8.0	8	8
58.462688245254206	8.0	8	8
58.56279558813991	8.0	8	8
58.66290293102563	8.0	8	8
58.763010273911334	8.0	8	8
58.86311761679704	8.0	8	8
58.963224959682755	7.0	7	7
59.06333230256846	7.0	7	7
59.16343964545417	7.0	7	7
59.26354698833988	7.0	7	7
59.36365433122559	5.0	5	5
59.463761674111296	4.0	4	4
59.56386901699701	5.0	5	5
59.66397635988272	5.0	5	5
59.764083702768424	4.0	4	4
59.86419104565414	4.0	4	4
59.964298388539845	4.0	4	4
60.06440573142555	4.0	4	4
60.164513074311266	5.0	5	5
60.26462041719697	5.0	5	5
60.36472776008268	5.0	5	5
60.464835102968394	5.0	5	5
60.5649424458541	5.0	5	5
60.66504978873981	6.0	6	6
60.76515713162552	6.0	6	6
60.86526447451123	6.0	6	6
60.965371817396935	6.0	6	6
61.06547916028265	7.0	7	7
61.165586503168356	8.0	8	8
61.26569384605406	8.0	8	8
61.36580118893978	8.0	8	8
61.465908531825484	8.0	8	8
61.56601587471119	8.0	8	8
61.666123217596905	7.0	7	7
61.76623056048261	7.0	7	7
61.86633790336832	6.0	6	6
61.96644524625403	6.0	6	6
62.06655258913974	6.0	6	6
62.166659932025446	6.0	6	6
62.26676727491116	6.0	6	6
62.36687461779687	6.0	6	6
62.466981960682574	6.0	6	6
62.56708930356829	6.0	6	6
62.667196646453995	6.0	6	6
62.7673039893397	6.0	6	6
62.867411332225416	7.0	7	7
62.96751867511112	7.0	7	7
63.06762601799683	7.0	7	7
63.16773336088254	7.0	7	7
63.26784070376825	6.0	6	6
63.36794804665396	6.0	6	6
63.46805538953967	6.0	6	6
63.56816273242538	6.0	6	6
63.668270075311085	6.0	6	6
63.7683774181968	6.0	6	6
63.868484761082506	6.0	6	6
63.96859210396821	6.0	6	6
64.06869944685393	6.0	6	6
64.16880678973963	6.0	6	6
64.26891413262534	6.0	6	6
64.36902147551105	6.0	6	6
64.46912881839677	6.0	6	6
64.56923616128248	6.0	6	6
64.66934350416818	6.0	6	6
64.76945084705389	6.0	6	6
64.8695581899396	6.0	6	6
64.9696655328253	6.0	6	6
65.06977287571102	6.0	6	6
65.16988021859673	8.0	8	8
65.26998756148244	9.0	9	9
65.37009490436814	11.0	11	11
65.47020224725385	15.0	15	15
65.57030959013956	16.0	16	16
65.67041693302528	19.0	19	19
65.77052427591099	20.0	20	20
65.8706316187967	20.0	20	20
65.9707389616824	22.0	22	22
66.07084630456811	22.0	22	22
66.17095364745381	22.0	22	22
66.27106099033954	23.0	23	23
66.37116833322524	23.0	23	23
66.47127567611095	23.0	23	23
66.57138301899666	22.0	22	22
66.67149036188236	22.0	22	22
66.77159770476807	21.0	21	21
66.87170504765379	21.0	21	21
66.9718123905395	21.0	21	21
67.0719197334252	20.0	20	20
67.17202707631091	20.0	20	20
67.27213441919662	20.0	20	20
67.37224176208233	20.0	20	20
67.47234910496805	20.0	20	20
67.57245644785375	20.0	20	20
67.67256379073946	20.0	20	20
67.77267113362517	20.0	20	20
67.87277847651087	18.0	18	18
67.97288581939658	18.0	18	18
68.0729931622823	18.0	18	18
68.17310050516801	17.0	17	17
68.27320784805372	17.0	17	17
68.37331519093942	17.0	17	17
68.47342253382513	18.0	18	18
68.57352987671084	18.0	18	18
68.67363721959656	18.0	18	18
68.77374456248226	18.0	18	18
68.87385190536797	17.0	17	17
68.97395924825368	16.0	16	16
69.07406659113938	16.0	16	16
69.17417393402509	16.0	16	16
69.27428127691081	16.0	16	16
69.37438861979652	16.0	16	16
69.47449596268223	16.0	16	16
69.57460330556793	15.0	15	15
69.67471064845364	15.0	15	15
69.77481799133935	15.0	15	15
69.87492533422507	15.0	15	15
69.97503267711078	15.0	15	15
70.07514001999648	13.0	13	13
70.17524736288219	13.0	13	13
70.2753547057679	14.0	14	14
70.3754620486536	13.0	13	13
70.47556939153932	13.0	13	13
70.57567673442503	14.0	14	14
70.67578407731074	14.0	14	14
70.77589142019644	14.0	14	14
70.87599876308215	14.0	14	14
70.97610610596786	14.0	14	14
71.07621344885358	15.0	15	15
71.17632079173929	15.0	15	15
71.276428134625	15.0	15	15
71.3765354775107	15.0	15	15
71.4766428203964	15.0	15	15
71.57675016328211	15.0	15	15
71.67685750616783	15.0	15	15
71.77696484905354	15.0	15	15
71.87707219193925	15.0	15	15
71.97717953482496	17.0	17	17
72.07728687771066	17.0	17	17
72.17739422059637	17.0	17	17
72.27750156348209	17.0	17	17
72.3776089063678	15.0	15	15
72.4777162492535	15.0	15	15
72.57782359213921	15.0	15	15
72.67793093502492	14.0	14	14
72.77803827791062	14.0	14	14
72.87814562079635	14.0	14	14
72.97825296368205	13.0	13	13
73.07836030656776	13.0	13	13
73.17846764945347	14.0	14	14
73.27857499233917	14.0	14	14
73.37868233522488	14.0	14	14
73.4787896781106	14.0	14	14
73.57889702099631	14.0	14	14
73.67900436388202	15.0	15	15
73.77911170676772	15.0	15	15
73.87921904965343	15.0	15	15
73.97932639253914	15.0	15	15
74.07943373542486	15.0	15	15
74.17954107831056	15.0	15	15
74.27964842119627	15.0	15	15
74.37975576408198	15.0	15	15
74.47986310696768	15.0	15	15
74.57997044985339	15.0	15	15
74.68007779273911	14.0	14	14
74.78018513562482	14.0	14	14
74.88029247851053	14.0	14	14
74.98039982139623	14.0	14	14
75.08050716428194	15.0	15	15
75.18061450716765	14.0	14	14
75.28072185005337	14.0	14	14
75.38082919293907	14.0	14	14
75.48093653582478	14.0	14	14
75.58104387871049	14.0	14	14
75.6811512215962	14.0	14	14
75.7812585644819	14.0	14	14
75.88136590736762	14.0	14	14
75.98147325025333	14.0	14	14
76.08158059313904	14.0	14	14
76.18168793602474	14.0	14	14
76.28179527891045	14.0	14	14
76.38190262179616	14.0	14	14
76.48200996468188	14.0	14	14
76.58211730756759	14.0	14	14
76.68222465045329	14.0	14	14
76.782331993339	13.0	13	13
76.8824393362247	13.0	13	13
76.98254667911041	13.0	13	13
77.08265402199613	13.0	13	13
77.18276136488184	13.0	13	13
77.28286870776755	13.0	13	13
77.38297605065326	13.0	13	13
77.48308339353896	13.0	13	13
77.58319073642467	13.0	13	13
77.68329807931039	13.0	13	13
77.7834054221961	13.0	13	13
77.8835127650818	13.0	13	13
77.98362010796751	13.0	13	13
78.08372745085322	13.0	13	13
78.18383479373892	13.0	13	13
78.28394213662465	13.0	13	13
78.38404947951035	13.0	13	13
78.48415682239606	13.0	13	13
78.58426416528177	13.0	13	13
78.68437150816747	13.0	13	13
78.78447885105318	13.0	13	13
78.8845861939389	13.0	13	13
78.98469353682461	13.0	13	13
79.08480087971031	13.0	13	13
79.18490822259602	13.0	13	13
79.28501556548173	13.0	13	13
79.38512290836744	13.0	13	13
79.48523025125316	13.0	13	13
79.58533759413886	13.0	13	13
79.68544493702457	13.0	13	13
79.78555227991028	13.0	13	13
79.88565962279598	13.0	13	13
79.98576696568169	13.0	13	13
80.08587430856741	13.0	13	13
80.18598165145312	13.0	13	13
80.28608899433883	13.0	13	13
80.38619633722453	13.0	13	13
80.48630368011024	14.0	14	14
80.58641102299595	14.0	14	14
80.68651836588167	14.0	14	14
80.78662570876737	14.0	14	14
80.88673305165308	13.0	13	13
80.98684039453879	14.0	14	14
81.0869477374245	14.0	14	14
81.1870550803102	14.0	14	14
81.28716242319592	14.0	14	14
81.38726976608163	14.0	14	14
81.48737710896734	14.0	14	14
81.58748445185304	13.0	13	13
81.68759179473875	13.0	13	13
81.78769913762446	13.0	13	13
81.88780648051018	13.0	13	13
81.98791382339589	13.0	13	13
82.08802116628159	13.0	13	13
82.1881285091673	13.0	13	13
82.288235852053	13.0	13	13
82.38834319493871	12.0	12	12
82.48845053782443	12.0	12	12
82.58855788071014	12.0	12	12
82.68866522359585	12.0	12	12
82.78877256648155	12.0	12	12
82.88887990936726	12.0	12	12
82.98898725225297	11.0	11	11
83.08909459513869	11.0	11	11
83.1892019380244	11.0	11	11
83.2893092809101	11.0	11	11
83.38941662379581	11.0	11	11
83.48952396668152	11.0	11	11
83.58963130956722	11.0	11	11
83.68973865245295	11.0	11	11
83.78984599533865	12.0	12	12
83.88995333822436	11.0	11	11
83.99006068111007	11.0	11	11
84.09016802399577	12.0	12	12
84.19027536688148	12.0	12	12
84.2903827097672	13.0	13	13
84.39049005265291	13.0	13	13
84.49059739553861	11.0	11	11
84.59070473842432	12.0	12	12
84.69081208131003	12.0	12	12
84.79091942419574	12.0	12	12
84.89102676708146	12.0	12	12
84.99113410996716	12.0	12	12
85.09124145285287	12.0	12	12
85.19134879573858	11.0	11	11
85.29145613862428	11.0	11	11
85.39156348150999	11.0	11	11
85.49167082439571	11.0	11	11
85.59177816728142	11.0	11	11
85.69188551016713	10.0	10	10
85.79199285305283	9.0	9	9
85.89210019593854	9.0	9	9
85.99220753882425	9.0	9	9
86.09231488170997	9.0	9	9
86.19242222459567	8.0	8	8
86.29252956748138	8.0	8	8
86.39263691036709	7.0	7	7
86.4927442532528	7.0	7	7
86.5928515961385	7.0	7	7
86.69295893902422	5.0	5	5
86.79306628190993	5.0	5	5
86.89317362479564	5.0	5	5
86.99328096768134	5.0	5	5
87.09338831056705	5.0	5	5
87.19349565345276	5.0	5	5
87.29360299633848	5.0	5	5
87.39371033922419	5.0	5	5
87.49381768210989	5.0	5	5
87.5939250249956	4.0	4	4
87.6940323678813	5.0	5	5
87.79413971076701	5.0	5	5
87.89424705365273	5.0	5	5
87.99435439653844	5.0	5	5
88.09446173942415	5.0	5	5
88.19456908230985	5.0	5	5
88.29467642519556	5.0	5	5
88.39478376808127	5.0	5	5
88.49489111096699	5.0	5	5
88.5949984538527	5.0	5	5
88.6951057967384	5.0	5	5
88.79521313962411	5.0	5	5
88.89532048250982	5.0	5	5
88.99542782539552	5.0	5	5
89.09553516828124	5.0	5	5
89.19564251116695	5.0	5	5
89.29574985405266	5.0	5	5
89.39585719693837	5.0	5	5
89.49596453982407	5.0	5	5
89.59607188270978	5.0	5	5
89.6961792255955	6.0	6	6
89.79628656848121	5.0	5	5
89.89639391136691	5.0	5	5
89.99650125425262	5.0	5	5
90.09660859713833	6.0	6	6
90.19671594002403	6.0	6	6
90.29682328290976	5.0	5	5
90.39693062579546	5.0	5	5
90.49703796868117	5.0	5	5
90.59714531156688	5.0	5	5
90.69725265445258	5.0	5	5
90.79735999733829	6.0	6	6
90.89746734022401	6.0	6	6
90.99757468310972	6.0	6	6
91.09768202599543	6.0	6	6
91.19778936888113	7.0	7	7
91.29789671176684	7.0	7	7
91.39800405465255	7.0	7	7
91.49811139753827	7.0	7	7
91.59821874042397	7.0	7	7
91.69832608330968	7.0	7	7
91.79843342619539	7.0	7	7
91.8985407690811	7.0	7	7
91.9986481119668	8.0	8	8
92.09875545485252	8.0	8	8
92.19886279773823	8.0	8	8
92.29897014062394	7.0	7	7
92.39907748350964	7.0	7	7
92.49918482639535	7.0	7	7
92.59929216928106	7.0	7	7
92.69939951216678	7.0	7	7
92.79950685505248	7.0	7	7
92.89961419793819	6.0	6	6
92.9997215408239	6.0	6	6
93.0998288837096	6.0	6	6
93.19993622659531	4.0	4	4
93.30004356948103	5.0	5	5
93.40015091236674	5.0	5	5
93.50025825525245	5.0	5	5
93.60036559813815	4.0	4	4
93.70047294102386	5.0	5	5
93.80058028390957	5.0	5	5
93.90068762679529	5.0	5	5
94.000794969681	5.0	5	5
94.1009023125667	5.0	5	5
94.20100965545241	5.0	5	5
94.30111699833812	6.0	6	6
94.40122434122382	6.0	6	6
94.50133168410954	6.0	6	6
94.60143902699525	6.0	6	6
94.70154636988096	6.0	6	6
94.80165371276667	6.0	6	6
94.90176105565237	5.0	5	5
95.00186839853808	5.0	5	5
95.1019757414238	5.0	5	5
95.2020830843095	5.0	5	5
95.30219042719521	6.0	6	6
95.40229777008092	6.0	6	6
95.50240511296663	4.0	4	4
95.60251245585233	4.0	4	4
95.70261979873806	4.0	4	4
95.80272714162376	4.0	4	4
95.90283448450947	4.0	4	4
96.00294182739518	4.0	4	4
96.10304917028088	4.0	4	4
96.20315651316659	4.0	4	4
96.30326385605231	4.0	4	4
96.40337119893802	5.0	5	5
96.50347854182372	5.0	5	5
96.60358588470943	4.0	4	4
96.70369322759514	4.0	4	4
96.80380057048085	4.0	4	4
96.90390791336657	4.0	4	4
97.00401525625227	4.0	4	4
97.10412259913798	5.0	5	5
97.20422994202369	5.0	5	5
97.3043372849094	5.0	5	5
97.4044446277951	5.0	5	5
97.50455197068082	5.0	5	5
97.60465931356653	4.0	4	4
97.70476665645224	5.0	5	5
97.80487399933794	5.0	5	5
97.90498134222365	5.0	5	5
98.00508868510936	5.0	5	5
98.10519602799508	5.0	5	5
98.20530337088078	5.0	5	5
98.30541071376649	5.0	5	5
98.4055180566522	5.0	5	5
98.5056253995379	6.0	6	6
98.60573274242361	6.0	6	6
98.70584008530933	6.0	6	6
98.80594742819504	6.0	6	6
98.90605477108075	6.0	6	6
99.00616211396645	7.0	7	7
99.10626945685216	7.0	7	7
99.20637679973787	7.0	7	7
99.30648414262359	7.0	7	7
99.4065914855093	7.0	7	7
99.506698828395	7.0	7	7
99.60680617128071	7.0	7	7
99.70691351416642	7.0	7	7
99.80702085705212	8.0	8	8
99.90712819993784	8.0	8	8
100.00723554282355	7.0	7	7
100.10734288570926	7.0	7	7
100.20745022859496	7.0	7	7
100.30755757148067	7.0	7	7
100.40766491436638	7.0	7	7
100.5077722572521	7.0	7	7
100.6078796001378	6.0	6	6
100.70798694302351	6.0	6	6
100.80809428590922	6.0	6	6
100.90820162879493	6.0	6	6
101.00830897168063	6.0	6	6
101.10841631456636	6.0	6	6
101.20852365745206	6.0	6	6
101.30863100033777	6.0	6	6
101.40873834322348	6.0	6	6
101.50884568610918	5.0	5	5
101.60895302899489	5.0	5	5
101.70906037188061	5.0	5	5
101.80916771476632	5.0	5	5
101.90927505765202	5.0	5	5
102.00938240053773	5.0	5	5
102.10948974342344	6.0	6	6
102.20959708630915	6.0	6	6
102.30970442919487	6.0	6	6
102.40981177208057	6.0	6	6
102.50991911496628	6.0	6	6
102.61002645785199	6.0	6	6
102.7101338007377	6.0	6	6
102.81024114362341	6.0	6	6
102.91034848650912	5.0	5	5
103.01045582939483	5.0	5	5
103.11056317228054	5.0	5	5
103.21067051516624	5.0	5	5
103.31077785805195	5.0	5	5
103.41088520093767	5.0	5	5
103.51099254382338	5.0	5	5
103.61109988670908	5.0	5	5
103.71120722959479	5.0	5	5
103.8113145724805	5.0	5	5
103.9114219153662	5.0	5	5
104.01152925825193	5.0	5	5
104.11163660113763	5.0	5	5
104.21174394402334	5.0	5	5
104.31185128690905	5.0	5	5
104.41195862979475	5.0	5	5
104.51206597268046	5.0	5	5
104.61217331556618	5.0	5	5
104.71228065845189	5.0	5	5
104.8123880013376	5.0	5	5
104.9124953442233	5.0	5	5
105.01260268710901	5.0	5	5
105.11271002999472	5.0	5	5
105.21281737288044	5.0	5	5
105.31292471576614	5.0	5	5
105.41303205865185	5.0	5	5
105.51313940153756	5.0	5	5
105.61324674442326	5.0	5	5
105.71335408730897	5.0	5	5
105.81346143019469	5.0	5	5
105.9135687730804	5.0	5	5
106.0136761159661	5.0	5	5
106.11378345885181	5.0	5	5
106.21389080173752	5.0	5	5
106.31399814462323	5.0	5	5
106.41410548750895	5.0	5	5
106.51421283039465	5.0	5	5
106.61432017328036	5.0	5	5
106.71442751616607	5.0	5	5
106.81453485905178	5.0	5	5
106.91464220193748	5.0	5	5
107.0147495448232	5.0	5	5
107.11485688770891	5.0	5	5
107.21496423059462	5.0	5	5
107.31507157348032	5.0	5	5
107.41517891636603	5.0	5	5
107.51528625925174	5.0	5	5
107.61539360213746	5.0	5	5
107.71550094502317	5.0	5	5
107.81560828790887	5.0	5	5
107.91571563079458	5.0	5	5
108.01582297368029	5.0	5	5
108.115930316566	5.0	5	5
108.21603765945171	5.0	5	5
108.31614500233742	5.0	5	5
108.41625234522313	5.0	5	5
108.51635968810884	5.0	5	5
108.61646703099454	5.0	5	5
108.71657437388025	5.0	5	5
108.81668171676597	5.0	5	5
108.91678905965168	5.0	5	5
109.01689640253738	5.0	5	5
109.11700374542309	5.0	5	5
109.2171110883088	5.0	5	5
109.3172184311945	5.0	5	5
109.41732577408023	5.0	5	5
109.51743311696593	4.0	4	4
109.61754045985164	4.0	4	4
109.71764780273735	4.0	4	4
109.81775514562305	4.0	4	4
109.91786248850876	4.0	4	4
110.01796983139448	4.0	4	4
110.11807717428019	4.0	4	4
110.2181845171659	4.0	4	4
110.3182918600516	4.0	4	4
110.41839920293731	3.0	3	3
110.51850654582302	3.0	3	3
110.61861388870874	3.0	3	3
110.71872123159444	3.0	3	3
110.81882857448015	3.0	3	3
110.91893591736586	3.0	3	3
111.01904326025156	3.0	3	3
111.11915060313727	3.0	3	3
111.21925794602299	3.0	3	3
111.3193652889087	3.0	3	3
111.4194726317944	3.0	3	3
111.51957997468011	3.0	3	3
111.61968731756582	3.0	3	3
111.71979466045153	3.0	3	3
111.81990200333725	3.0	3	3
111.92000934622295	3.0	3	3
112.02011668910866	3.0	3	3
112.12022403199437	3.0	3	3
112.22033137488008	3.0	3	3
112.32043871776578	3.0	3	3
112.4205460606515	3.0	3	3
112.52065340353721	3.0	3	3
112.62076074642292	3.0	3	3
112.72086808930862	3.0	3	3
112.82097543219433	3.0	3	3
112.92108277508004	3.0	3	3
113.02119011796576	3.0	3	3
113.12129746085147	3.0	3	3
113.22140480373717	3.0	3	3
113.32151214662288	3.0	3	3
113.42161948950859	3.0	3	3
113.5217268323943	3.0	3	3
113.62183417528001	3.0	3	3
113.72194151816572	3.0	3	3
113.82204886105143	2.0	2	2
113.92215620393713	1.0	1	1
114.02226354682284	1.0	1	1
114.12237088970855	0.0	0	0
114.22247823259427	0.0	0	0
114.32258557547998	0.0	0	0
114.42269291836568	0.0	0	0
114.52280026125139	0.0	0	0
114.6229076041371	0.0	0	0
114.7230149470228	0.0	0	0
114.82312228990853	0.0	0	0
114.92322963279423	0.0	0	0
115.02333697567994	0.0	0	0
115.12344431856565	0.0	0	0
115.22355166145135	0.0	0	0
115.32365900433706	0.0	0	0
115.42376634722278	0.0	0	0
115.52387369010849	0.0	0	0
115.6239810329942	0.0	0	0
115.7240883758799	0.0	0	0
115.82419571876561	0.0	0	0
115.92430306165132	0.0	0	0
116.02441040453704	0.0	0	0
116.12451774742274	0.0	0	0
116.22462509030845	0.0	0	0
116.32473243319416	0.0	0	0
116.42483977607986	0.0	0	0
116.52494711896557	0.0	0	0
116.62505446185129	0.0	0	0
116.725161804737	0.0	0	0
116.8252691476227	0.0	0	0
116.92537649050841	0.0	0	0
117.02548383339412	0.0	0	0
117.12559117627983	0.0	0	0
117.22569851916555	0.0	0	0
117.32580586205125	0.0	0	0
117.42591320493696	0.0	0	0
117.52602054782267	0.0	0	0
117.62612789070837	0.0	0	0
117.72623523359408	0.0	0	0
117.8263425764798	0.0	0	0
117.92644991936551	0.0	0	0
118.02655726225122	0.0	0	0
118.12666460513692	0.0	0	0
118.22677194802263	0.0	0	0
118.32687929090834	0.0	0	0
118.42698663379406	0.0	0	0
118.52709397667977	0.0	0	0
118.62720131956547	0.0	0	0
118.72730866245118	1.0	1	1
118.82741600533689	1.0	1	1
118.92752334822259	1.0	1	1
119.02763069110831	1.0	1	1
119.12773803399402	1.0	1	1
119.22784537687973	1.0	1	1
119.32795271976543	1.0	1	1
119.42806006265114	1.0	1	1
119.52816740553685	1.0	1	1
119.62827474842257	1.0	1	1
119.72838209130828	1.0	1	1
119.82848943419398	1.0	1	1
119.92859677707969	1.0	1	1
120.0287041199654	1.0	1	1
120.1288114628511	1.0	1	1
120.22891880573682	1.0	1	1
120.32902614862253	1.0	1	1
120.42913349150824	1.0	1	1
120.52924083439395	1.0	1	1
120.62934817727965	1.0	1	1
120.72945552016536	1.0	1	1
120.82956286305108	1.0	1	1
120.92967020593679	1.0	1	1
121.0297775488225	1.0	1	1
121.1298848917082	1.0	1	1
121.22999223459391	1.0	1	1
121.33009957747961	0.0	0	0
121.43020692036534	0.0	0	0
121.53031426325104	0.0	0	0
121.63042160613675	0.0	0	0
121.73052894902246	0.0	0	0
121.83063629190816	0.0	0	0
121.93074363479387	0.0	0	0
122.03085097767959	0.0	0	0
122.1309583205653	0.0	0	0
122.231065663451	0.0	0	0
122.33117300633671	0.0	0	0
122.43128034922242	0.0	0	0
122.53138769210813	0.0	0	0
122.63149503499385	0.0	0	0
122.73160237787955	0.0	0	0
122.83170972076526	0.0	0	0
122.93181706365097	0.0	0	0
123.03192440653667	0.0	0	0
123.13203174942238	0.0	0	0
123.2321390923081	0.0	0	0
123.33224643519381	0.0	0	0
123.43235377807952	0.0	0	0
123.53246112096522	0.0	0	0
123.63256846385093	0.0	0	0
123.73267580673664	0.0	0	0
123.83278314962236	0.0	0	0
123.93289049250806	0.0	0	0
124.03299783539377	0.0	0	0
124.13310517827948	0.0	0	0
124.23321252116519	0.0	0	0
124.33331986405089	0.0	0	0
124.43342720693661	0.0	0	0
124.53353454982232	0.0	0	0
124.63364189270803	0.0	0	0
124.73374923559373	0.0	0	0
124.83385657847944	0.0	0	0
124.93396392136515	0.0	0	0
125.03407126425087	0.0	0	0
125.13417860713658	0.0	0	0
125.23428595002228	0.0	0	0
125.33439329290799	0.0	0	0
125.4345006357937	0.0	0	0
125.5346079786794	0.0	0	0
125.63471532156512	0.0	0	0
125.73482266445083	0.0	0	0
125.83493000733654	0.0	0	0
125.93503735022225	0.0	0	0
126.03514469310795	0.0	0	0
126.13525203599366	1.0	1	1
126.23535937887938	1.0	1	1
126.33546672176509	1.0	1	1
126.4355740646508	1.0	1	1
126.5356814075365	1.0	1	1
126.63578875042221	1.0	1	1
126.73589609330791	1.0	1	1
126.83600343619364	1.0	1	1
126.93611077907934	1.0	1	1
127.03621812196505	2.0	2	2
127.13632546485076	2.0	2	2
127.23643280773646	2.0	2	2
127.33654015062217	2.0	2	2
127.43664749350789	2.0	2	2
127.5367548363936	2.0	2	2
127.6368621792793	2.0	2	2
127.73696952216501	2.0	2	2
127.83707686505072	2.0	2	2
127.93718420793643	2.0	2	2
128.03729155082215	3.0	3	3
128.13739889370785	3.0	3	3
128.23750623659356	3.0	3	3
128.33761357947927	3.0	3	3
128.43772092236497	3.0	3	3
128.53782826525068	2.0	2	2
128.6379356081364	2.0	2	2
128.7380429510221	2.0	2	2
128.8381502939078	2.0	2	2
128.93825763679354	2.0	2	2
129.03836497967924	2.0	2	2
129.13847232256495	1.0	1	1
129.23857966545066	1.0	1	1
129.33868700833636	2.0	2	2
129.43879435122207	2.0	2	2
129.53890169410778	2.0	2	2
129.63900903699349	2.0	2	2
129.7391163798792	2.0	2	2
129.8392237227649	2.0	2	2
129.9393310656506	2.0	2	2
130.0394384085363	2.0	2	2
130.13954575142205	2.0	2	2
130.23965309430776	2.0	2	2
130.33976043719346	2.0	2	2
130.43986778007917	2.0	2	2
130.53997512296488	2.0	2	2
130.64008246585058	2.0	2	2
130.7401898087363	2.0	2	2
130.840297151622	2.0	2	2
130.9404044945077	2.0	2	2
131.0405118373934	2.0	2	2
131.14061918027912	2.0	2	2
131.24072652316482	2.0	2	2
131.34083386605056	2.0	2	2
131.44094120893627	2.0	2	2
131.54104855182197	2.0	2	2
131.64115589470768	1.0	1	1
131.7412632375934	1.0	1	1
131.8413705804791	1.0	1	1
131.9414779233648	1.0	1	1
132.0415852662505	1.0	1	1
132.14169260913621	1.0	1	1
132.24179995202192	1.0	1	1
132.34190729490763	1.0	1	1
132.44201463779333	1.0	1	1
132.54212198067907	1.0	1	1
132.64222932356478	1.0	1	1
132.74233666645048	1.0	1	1
132.8424440093362	1.0	1	1
132.9425513522219	1.0	1	1
133.0426586951076	1.0	1	1
133.1427660379933	1.0	1	1
133.24287338087902	1.0	1	1
133.34298072376473	1.0	1	1
133.44308806665043	1.0	1	1
133.54319540953614	1.0	1	1
133.64330275242185	1.0	1	1
133.74341009530758	1.0	1	1
133.8435174381933	1.0	1	1
133.943624781079	1.0	1	1
134.0437321239647	2.0	2	2
134.1438394668504	2.0	2	2
134.24394680973612	2.0	2	2
134.34405415262182	2.0	2	2
134.44416149550753	2.0	2	2
134.54426883839324	2.0	2	2
134.64437618127894	2.0	2	2
134.74448352416465	2.0	2	2
134.84459086705036	2.0	2	2
134.9446982099361	2.0	2	2
135.0448055528218	2.0	2	2
135.1449128957075	2.0	2	2
135.2450202385932	1.0	1	1
135.34512758147892	1.0	1	1
135.44523492436463	1.0	1	1
135.54534226725033	1.0	1	1
135.64544961013604	1.0	1	1
135.74555695302175	1.0	1	1
135.84566429590745	1.0	1	1
135.94577163879316	1.0	1	1
136.04587898167887	1.0	1	1
136.1459863245646	1.0	1	1
136.2460936674503	0.0	0	0
136.34620101033602	0.0	0	0
136.44630835322172	0.0	0	0
136.54641569610743	0.0	0	0
136.64652303899314	0.0	0	0
136.74663038187884	0.0	0	0
136.84673772476455	0.0	0	0
136.94684506765026	1.0	1	1
137.04695241053597	1.0	1	1
137.14705975342167	2.0	2	2
137.24716709630738	2.0	2	2
137.34727443919311	3.0	3	3
137.44738178207882	3.0	3	3
137.54748912496453	3.0	3	3
137.64759646785024	3.0	3	3
137.74770381073594	3.0	3	3
137.84781115362165	3.0	3	3
137.94791849650736	3.0	3	3
138.04802583939306	3.0	3	3
138.14813318227877	3.0	3	3
138.24824052516448	3.0	3	3
138.34834786805018	3.0	3	3
138.4484552109359	3.0	3	3
138.54856255382163	3.0	3	3
138.64866989670733	3.0	3	3
138.74877723959304	3.0	3	3
138.84888458247875	4.0	4	4
138.94899192536445	4.0	4	4
139.04909926825016	4.0	4	4
139.14920661113587	4.0	4	4
139.24931395402157	3.0	3	3
139.34942129690728	3.0	3	3
139.449528639793	2.0	2	2
139.5496359826787	2.0	2	2
139.6497433255644	2.0	2	2
139.74985066845014	2.0	2	2
139.84995801133584	2.0	2	2
139.95006535422155	2.0	2	2
140.05017269710726	2.0	2	2
140.15028003999296	2.0	2	2
140.25038738287867	2.0	2	2
140.35049472576438	2.0	2	2
140.45060206865008	2.0	2	2
140.5507094115358	1.0	1	1
140.6508167544215	1.0	1	1
140.7509240973072	1.0	1	1
140.8510314401929	1.0	1	1
140.95113878307865	1.0	1	1
141.05124612596435	1.0	1	1
141.15135346885006	1.0	1	1
141.25146081173577	1.0	1	1
141.35156815462148	1.0	1	1
141.45167549750718	1.0	1	1
141.5517828403929	1.0	1	1
141.6518901832786	1.0	1	1
141.7519975261643	1.0	1	1
141.85210486905	1.0	1	1
141.95221221193572	1.0	1	1
142.05231955482142	1.0	1	1
142.15242689770716	1.0	1	1
142.25253424059287	1.0	1	1
142.35264158347857	1.0	1	1
142.45274892636428	1.0	1	1
142.55285626925	1.0	1	1
142.6529636121357	1.0	1	1
142.7530709550214	1.0	1	1
142.8531782979071	1.0	1	1
142.9532856407928	1.0	1	1
143.05339298367852	1.0	1	1
143.15350032656423	1.0	1	1
143.25360766944993	1.0	1	1
143.35371501233567	1.0	1	1
143.45382235522138	1.0	1	1
143.55392969810708	1.0	1	1
143.6540370409928	1.0	1	1
143.7541443838785	1.0	1	1
143.8542517267642	1.0	1	1
143.9543590696499	1.0	1	1
144.05446641253562	1.0	1	1
144.15457375542132	2.0	2	2
144.25468109830703	2.0	2	2
144.35478844119274	2.0	2	2
144.45489578407845	2.0	2	2
144.55500312696418	2.0	2	2
144.6551104698499	2.0	2	2
144.7552178127356	2.0	2	2
144.8553251556213	2.0	2	2
144.955432498507	2.0	2	2
145.05553984139272	2.0	2	2
145.15564718427842	2.0	2	2
145.25575452716413	2.0	2	2
145.35586187004984	2.0	2	2
145.45596921293554	2.0	2	2
145.55607655582125	2.0	2	2
145.65618389870696	2.0	2	2
145.7562912415927	2.0	2	2
145.8563985844784	2.0	2	2
145.9565059273641	2.0	2	2
146.0566132702498	2.0	2	2
146.15672061313552	2.0	2	2
146.25682795602123	2.0	2	2
146.35693529890693	2.0	2	2
146.45704264179264	2.0	2	2
146.55714998467835	2.0	2	2
146.65725732756405	2.0	2	2
146.75736467044976	2.0	2	2
146.85747201333547	2.0	2	2
146.9575793562212	2.0	2	2
147.0576866991069	2.0	2	2
147.15779404199262	2.0	2	2
147.25790138487832	2.0	2	2
147.35800872776403	2.0	2	2
147.45811607064974	2.0	2	2
147.55822341353544	2.0	2	2
147.65833075642115	2.0	2	2
147.75843809930686	2.0	2	2
147.85854544219256	2.0	2	2
147.95865278507827	2.0	2	2
148.05876012796398	2.0	2	2
148.1588674708497	2.0	2	2
148.25897481373542	2.0	2	2
148.35908215662113	2.0	2	2
148.45918949950683	2.0	2	2
148.55929684239254	2.0	2	2
148.65940418527825	2.0	2	2
148.75951152816396	2.0	2	2
148.85961887104966	2.0	2	2
148.95972621393537	2.0	2	2
149.05983355682108	2.0	2	2
149.15994089970678	2.0	2	2
149.2600482425925	2.0	2	2
149.36015558547822	2.0	2	2
149.46026292836393	2.0	2	2
149.56037027124964	2.0	2	2
149.66047761413535	2.0	2	2
149.76058495702105	2.0	2	2
149.86069229990676	2.0	2	2
149.96079964279247	2.0	2	2
150.06090698567817	2.0	2	2
150.16101432856388	2.0	2	2
150.2611216714496	2.0	2	2
150.3612290143353	3.0	3	3
150.461336357221	3.0	3	3
150.56144370010674	3.0	3	3
150.66155104299244	3.0	3	3
150.76165838587815	3.0	3	3
150.86176572876386	3.0	3	3
150.96187307164956	3.0	3	3
151.06198041453527	3.0	3	3
151.16208775742098	3.0	3	3
151.26219510030668	3.0	3	3
151.3623024431924	3.0	3	3
151.4624097860781	3.0	3	3
151.5625171289638	3.0	3	3
151.6626244718495	3.0	3	3
151.76273181473525	3.0	3	3
151.86283915762095	3.0	3	3
151.96294650050666	3.0	3	3
152.06305384339237	3.0	3	3
152.16316118627807	3.0	3	3
152.26326852916378	3.0	3	3
152.3633758720495	3.0	3	3
152.4634832149352	2.0	2	2
152.5635905578209	2.0	2	2
152.6636979007066	2.0	2	2
152.76380524359232	2.0	2	2
152.86391258647802	2.0	2	2
152.96401992936376	2.0	2	2
153.06412727224946	2.0	2	2
153.16423461513517	2.0	2	2
153.26434195802088	2.0	2	2
153.36444930090659	2.0	2	2
153.4645566437923	2.0	2	2
153.564663986678	2.0	2	2
153.6647713295637	2.0	2	2
153.7648786724494	2.0	2	2
153.86498601533512	2.0	2	2
153.96509335822083	2.0	2	2
154.06520070110656	2.0	2	2
154.16530804399227	2.0	2	2
154.26541538687798	2.0	2	2
154.36552272976368	1.0	1	1
154.4656300726494	1.0	1	1
154.5657374155351	1.0	1	1
154.6658447584208	1.0	1	1
154.7659521013065	1.0	1	1
154.86605944419222	1.0	1	1
154.96616678707792	1.0	1	1
155.06627412996363	1.0	1	1
155.16638147284934	1.0	1	1
155.26648881573507	1.0	1	1
155.36659615862078	1.0	1	1
155.4667035015065	1.0	1	1
155.5668108443922	1.0	1	1
155.6669181872779	1.0	1	1
155.7670255301636	1.0	1	1
155.86713287304931	1.0	1	1
155.96724021593502	1.0	1	1
156.06734755882073	1.0	1	1
156.16745490170644	1.0	1	1
156.26756224459214	1.0	1	1
156.36766958747785	1.0	1	1
156.46777693036358	1.0	1	1
156.5678842732493	1.0	1	1
156.667991616135	1.0	1	1
156.7680989590207	1.0	1	1
156.8682063019064	1.0	1	1
156.96831364479212	0.0	0	0
157.06842098767783	1.0	1	1
157.16852833056353	1.0	1	1
157.26863567344924	1.0	1	1
157.36874301633495	1.0	1	1
157.46885035922065	1.0	1	1
157.56895770210636	1.0	1	1
157.6690650449921	1.0	1	1
157.7691723878778	1.0	1	1
157.8692797307635	1.0	1	1
157.96938707364922	1.0	1	1
158.06949441653492	1.0	1	1
158.16960175942063	1.0	1	1
158.26970910230634	1.0	1	1
158.36981644519204	1.0	1	1
158.46992378807775	1.0	1	1
158.57003113096346	1.0	1	1
158.67013847384916	1.0	1	1
158.77024581673487	1.0	1	1
158.8703531596206	1.0	1	1
158.9704605025063	1.0	1	1
159.07056784539202	1.0	1	1
159.17067518827773	1.0	1	1
159.27078253116343	1.0	1	1
159.37088987404914	1.0	1	1
159.47099721693485	1.0	1	1
159.57110455982055	1.0	1	1
159.67121190270626	1.0	1	1
159.77131924559197	1.0	1	1
159.87142658847768	1.0	1	1
159.97153393136338	1.0	1	1
160.07164127424912	1.0	1	1
160.17174861713482	1.0	1	1
160.27185596002053	1.0	1	1
160.37196330290624	1.0	1	1
160.47207064579194	1.0	1	1
160.57217798867765	1.0	1	1
160.67228533156336	1.0	1	1
160.77239267444907	1.0	1	1
160.87250001733477	1.0	1	1
160.97260736022048	1.0	1	1
161.0727147031062	1.0	1	1
161.1728220459919	1.0	1	1
161.27292938887763	1.0	1	1
161.37303673176334	1.0	1	1
161.47314407464904	1.0	1	1
161.57325141753475	1.0	1	1
161.67335876042046	1.0	1	1
161.77346610330616	2.0	2	2
161.87357344619187	2.0	2	2
161.97368078907758	2.0	2	2
162.07378813196328	2.0	2	2
162.173895474849	2.0	2	2
162.2740028177347	3.0	3	3
162.3741101606204	3.0	3	3
162.47421750350614	3.0	3	3
162.57432484639185	3.0	3	3
162.67443218927755	3.0	3	3
162.77453953216326	3.0	3	3
162.87464687504897	3.0	3	3
162.97475421793467	3.0	3	3
163.07486156082038	3.0	3	3
163.1749689037061	3.0	3	3
163.2750762465918	4.0	4	4
163.3751835894775	5.0	5	5
163.4752909323632	5.0	5	5
163.57539827524892	5.0	5	5
163.67550561813465	5.0	5	5
163.77561296102036	5.0	5	5
163.87572030390606	5.0	5	5
163.97582764679177	5.0	5	5
164.07593498967748	5.0	5	5
164.17604233256318	5.0	5	5
164.2761496754489	5.0	5	5
164.3762570183346	6.0	6	6
164.4763643612203	6.0	6	6
164.576471704106	6.0	6	6
164.67657904699172	6.0	6	6
164.77668638987743	6.0	6	6
164.87679373276316	5.0	5	5
164.97690107564887	5.0	5	5
165.07700841853458	5.0	5	5
165.17711576142028	5.0	5	5
165.277223104306	5.0	5	5
165.3773304471917	4.0	4	4
165.4774377900774	4.0	4	4
165.5775451329631	3.0	3	3
165.67765247584882	3.0	3	3
165.77775981873452	3.0	3	3
165.87786716162023	3.0	3	3
165.97797450450594	3.0	3	3
166.07808184739167	3.0	3	3
166.17818919027738	4.0	4	4
166.2782965331631	5.0	5	5
166.3784038760488	5.0	5	5
166.4785112189345	3.0	3	3
166.5786185618202	3.0	3	3
166.6787259047059	3.0	3	3
166.77883324759162	4.0	4	4
166.87894059047733	4.0	4	4
166.97904793336303	4.0	4	4
167.07915527624874	5.0	5	5
167.17926261913445	6.0	6	6
167.27936996202018	6.0	6	6
167.3794773049059	6.0	6	6
167.4795846477916	6.0	6	6
167.5796919906773	6.0	6	6
167.679799333563	6.0	6	6
167.77990667644872	6.0	6	6
167.88001401933442	6.0	6	6
167.98012136222013	6.0	6	6
168.08022870510584	6.0	6	6
168.18033604799155	6.0	6	6
168.28044339087725	6.0	6	6
168.38055073376296	6.0	6	6
168.4806580766487	6.0	6	6
168.5807654195344	4.0	4	4
168.6808727624201	4.0	4	4
168.78098010530582	4.0	4	4
168.88108744819152	4.0	4	4
168.98119479107723	3.0	3	3
169.08130213396294	3.0	3	3
169.18140947684864	3.0	3	3
169.28151681973435	3.0	3	3
169.38162416262006	3.0	3	3
169.48173150550576	2.0	2	2
169.58183884839147	2.0	2	2
169.6819461912772	2.0	2	2
169.7820535341629	2.0	2	2
169.88216087704862	2.0	2	2
169.98226821993433	2.0	2	2
170.08237556282003	2.0	2	2
170.18248290570574	2.0	2	2
170.28259024859145	2.0	2	2
170.38269759147715	2.0	2	2
170.48280493436286	3.0	3	3
170.58291227724857	3.0	3	3
170.68301962013427	3.0	3	3
170.78312696301998	3.0	3	3
170.88323430590572	3.0	3	3
170.98334164879142	3.0	3	3
171.08344899167713	3.0	3	3
171.18355633456284	3.0	3	3
171.28366367744854	3.0	3	3
171.38377102033425	3.0	3	3
171.48387836321996	3.0	3	3
171.58398570610566	3.0	3	3
171.68409304899137	3.0	3	3
171.78420039187708	3.0	3	3
171.88430773476279	3.0	3	3
171.9844150776485	3.0	3	3
172.08452242053423	3.0	3	3
172.18462976341993	3.0	3	3
172.28473710630564	3.0	3	3
172.38484444919135	3.0	3	3
172.48495179207706	4.0	4	4
172.58505913496276	4.0	4	4
172.68516647784847	4.0	4	4
172.78527382073418	4.0	4	4
172.88538116361988	5.0	5	5
172.9854885065056	5.0	5	5
173.0855958493913	5.0	5	5
173.185703192277	5.0	5	5
173.28581053516274	5.0	5	5
173.38591787804845	5.0	5	5
173.48602522093415	5.0	5	5
173.58613256381986	5.0	5	5
173.68623990670557	5.0	5	5
173.78634724959127	5.0	5	5
173.88645459247698	5.0	5	5
173.9865619353627	5.0	5	5
174.0866692782484	5.0	5	5
174.1867766211341	5.0	5	5
174.2868839640198	5.0	5	5
174.38699130690551	5.0	5	5
174.48709864979125	5.0	5	5
174.58720599267696	4.0	4	4
174.68731333556266	4.0	4	4
174.78742067844837	4.0	4	4
174.88752802133408	4.0	4	4
174.98763536421978	4.0	4	4
175.0877427071055	4.0	4	4
175.1878500499912	4.0	4	4
175.2879573928769	4.0	4	4
175.3880647357626	4.0	4	4
175.48817207864832	4.0	4	4
175.58827942153403	4.0	4	4
175.68838676441976	4.0	4	4
175.78849410730547	4.0	4	4
175.88860145019117	4.0	4	4
175.98870879307688	4.0	4	4
176.0888161359626	4.0	4	4
176.1889234788483	4.0	4	4
176.289030821734	4.0	4	4
176.3891381646197	4.0	4	4
176.48924550750542	4.0	4	4
176.58935285039112	4.0	4	4
176.68946019327683	4.0	4	4
176.78956753616254	4.0	4	4
176.88967487904827	4.0	4	4
176.98978222193398	4.0	4	4
177.08988956481969	4.0	4	4
177.1899969077054	4.0	4	4
177.2901042505911	4.0	4	4
177.3902115934768	4.0	4	4
177.4903189363625	4.0	4	4
177.59042627924822	4.0	4	4
177.69053362213393	4.0	4	4
177.79064096501963	4.0	4	4
177.89074830790534	4.0	4	4
177.99085565079105	4.0	4	4
178.09096299367678	4.0	4	4
178.1910703365625	4.0	4	4
178.2911776794482	4.0	4	4
178.3912850223339	4.0	4	4
178.4913923652196	4.0	4	4
178.59149970810532	4.0	4	4
178.69160705099102	4.0	4	4
178.79171439387673	4.0	4	4
178.89182173676244	4.0	4	4
178.99192907964814	4.0	4	4
179.09203642253385	4.0	4	4
179.19214376541956	4.0	4	4
179.2922511083053	4.0	4	4
179.392358451191	4.0	4	4
179.4924657940767	4.0	4	4
179.59257313696241	3.0	3	3
179.69268047984812	3.0	3	3
179.79278782273383	3.0	3	3
179.89289516561954	3.0	3	3
179.99300250850524	3.0	3	3
180.09310985139095	3.0	3	3
180.19321719427666	3.0	3	3
180.29332453716236	3.0	3	3
180.39343188004807	2.0	2	2
180.4935392229338	2.0	2	2
180.5936465658195	2.0	2	2
180.69375390870522	2.0	2	2
180.79386125159093	2.0	2	2
180.89396859447663	2.0	2	2
180.99407593736234	2.0	2	2
181.09418328024805	2.0	2	2
181.19429062313375	2.0	2	2
181.29439796601946	2.0	2	2
181.39450530890517	2.0	2	2
181.49461265179087	2.0	2	2
181.59471999467658	2.0	2	2
181.69482733756232	2.0	2	2
181.79493468044802	2.0	2	2
181.89504202333373	2.0	2	2
181.99514936621944	2.0	2	2
182.09525670910514	2.0	2	2
182.19536405199085	1.0	1	1
182.29547139487656	1.0	1	1
182.39557873776226	1.0	1	1
182.49568608064797	1.0	1	1
182.59579342353368	1.0	1	1
182.69590076641938	1.0	1	1
182.7960081093051	1.0	1	1
182.89611545219083	1.0	1	1
182.99622279507653	1.0	1	1
183.09633013796224	1.0	1	1
183.19643748084795	1.0	1	1
183.29654482373365	1.0	1	1
183.39665216661936	1.0	1	1
183.49675950950507	1.0	1	1
183.59686685239078	1.0	1	1
183.69697419527648	1.0	1	1
183.7970815381622	1.0	1	1
