time	diversity	m_div	M_div
0.0	2.0	2	2
0.1001048469278966	2.0	2	2
0.2002096938557932	2.0	2	2
0.3003145407836898	2.0	2	2
0.4004193877115864	2.0	2	2
0.500524234639483	2.0	2	2
0.6006290815673796	2.0	2	2
0.7007339284952763	2.0	2	2
0.8008387754231728	1.0	1	1
0.9009436223510694	1.0	1	1
1.001048469278966	1.0	1	1
1.1011533162068627	1.0	1	1
1.2012581631347592	1.0	1	1
1.3013630100626559	1.0	1	1
1.4014678569905525	1.0	1	1
1.501572703918449	1.0	1	1
1.6016775508463457	1.0	1	1
1.7017823977742423	1.0	1	1
1.8018872447021388	1.0	1	1
1.9019920916300355	1.0	1	1
2.002096938557932	1.0	1	1
2.102201785485829	1.0	1	1
2.2023066324137255	1.0	1	1
2.3024114793416217	1.0	1	1
2.4025163262695184	1.0	1	1
2.502621173197415	1.0	1	1
2.6027260201253117	1.0	1	1
2.7028308670532084	1.0	1	1
2.802935713981105	1.0	1	1
2.9030405609090013	1.0	1	1
3.003145407836898	1.0	1	1
3.1032502547647947	1.0	1	1
3.2033551016926913	2.0	2	2
3.303459948620588	2.0	2	2
3.4035647955484847	2.0	2	2
3.5036696424763814	2.0	2	2
3.6037744894042776	2.0	2	2
3.7038793363321743	3.0	3	3
3.803984183260071	3.0	3	3
3.9040890301879676	3.0	3	3
4.004193877115864	3.0	3	3
4.104298724043761	3.0	3	3
4.204403570971658	3.0	3	3
4.304508417899554	3.0	3	3
4.404613264827451	3.0	3	3
4.504718111755347	3.0	3	3
4.604822958683243	3.0	3	3
4.70492780561114	3.0	3	3
4.805032652539037	3.0	3	3
4.9051374994669334	3.0	3	3
5.00524234639483	3.0	3	3
5.105347193322727	3.0	3	3
5.2054520402506235	3.0	3	3
5.30555688717852	3.0	3	3
5.405661734106417	3.0	3	3
5.5057665810343135	3.0	3	3
5.60587142796221	3.0	3	3
5.705976274890107	3.0	3	3
5.806081121818003	3.0	3	3
5.906185968745899	3.0	3	3
6.006290815673796	3.0	3	3
6.106395662601693	3.0	3	3
6.206500509529589	3.0	3	3
6.306605356457486	3.0	3	3
6.406710203385383	3.0	3	3
6.506815050313279	3.0	3	3
6.606919897241176	3.0	3	3
6.707024744169073	3.0	3	3
6.807129591096969	3.0	3	3
6.907234438024866	3.0	3	3
7.007339284952763	3.0	3	3
7.1074441318806585	3.0	3	3
7.207548978808555	3.0	3	3
7.307653825736452	3.0	3	3
7.4077586726643485	3.0	3	3
7.507863519592245	3.0	3	3
7.607968366520142	4.0	4	4
7.7080732134480385	4.0	4	4
7.808178060375935	4.0	4	4
7.908282907303832	4.0	4	4
8.008387754231729	4.0	4	4
8.108492601159625	4.0	4	4
8.208597448087522	4.0	4	4
8.308702295015419	4.0	4	4
8.408807141943315	4.0	4	4
8.508911988871212	4.0	4	4
8.609016835799109	4.0	4	4
8.709121682727005	4.0	4	4
8.809226529654902	4.0	4	4
8.909331376582799	4.0	4	4
9.009436223510694	4.0	4	4
9.10954107043859	4.0	4	4
9.209645917366487	4.0	4	4
9.309750764294384	4.0	4	4
9.40985561122228	4.0	4	4
9.509960458150177	4.0	4	4
9.610065305078074	4.0	4	4
9.71017015200597	4.0	4	4
9.810274998933867	4.0	4	4
9.910379845861764	4.0	4	4
10.01048469278966	4.0	4	4
10.110589539717557	4.0	4	4
10.210694386645454	4.0	4	4
10.31079923357335	4.0	4	4
10.410904080501247	4.0	4	4
10.511008927429144	4.0	4	4
10.61111377435704	4.0	4	4
10.711218621284937	4.0	4	4
10.811323468212834	4.0	4	4
10.91142831514073	4.0	4	4
11.011533162068627	4.0	4	4
11.111638008996524	4.0	4	4
11.21174285592442	4.0	4	4
11.311847702852317	4.0	4	4
11.411952549780214	4.0	4	4
11.51205739670811	4.0	4	4
11.612162243636005	4.0	4	4
11.712267090563902	4.0	4	4
11.812371937491799	4.0	4	4
11.912476784419695	4.0	4	4
12.012581631347592	4.0	4	4
12.112686478275489	4.0	4	4
12.212791325203385	4.0	4	4
12.312896172131282	4.0	4	4
12.413001019059179	4.0	4	4
12.513105865987075	4.0	4	4
12.613210712914972	4.0	4	4
12.713315559842869	4.0	4	4
12.813420406770765	4.0	4	4
12.913525253698662	4.0	4	4
13.013630100626559	4.0	4	4
13.113734947554455	4.0	4	4
13.213839794482352	4.0	4	4
13.313944641410249	4.0	4	4
13.414049488338145	4.0	4	4
13.514154335266042	4.0	4	4
13.614259182193939	4.0	4	4
13.714364029121835	4.0	4	4
13.814468876049732	4.0	4	4
13.914573722977629	4.0	4	4
14.014678569905525	4.0	4	4
14.11478341683342	4.0	4	4
14.214888263761317	4.0	4	4
14.314993110689214	4.0	4	4
14.41509795761711	4.0	4	4
14.515202804545007	4.0	4	4
14.615307651472904	5.0	5	5
14.7154124984008	5.0	5	5
14.815517345328697	5.0	5	5
14.915622192256594	5.0	5	5
15.01572703918449	5.0	5	5
15.115831886112387	5.0	5	5
15.215936733040284	5.0	5	5
15.31604157996818	5.0	5	5
15.416146426896077	5.0	5	5
15.516251273823974	5.0	5	5
15.61635612075187	5.0	5	5
15.716460967679767	5.0	5	5
15.816565814607664	5.0	5	5
15.91667066153556	5.0	5	5
16.016775508463457	5.0	5	5
16.116880355391352	5.0	5	5
16.21698520231925	5.0	5	5
16.317090049247145	5.0	5	5
16.417194896175044	5.0	5	5
16.51729974310294	5.0	5	5
16.617404590030837	5.0	5	5
16.717509436958732	5.0	5	5
16.81761428388663	5.0	5	5
16.917719130814525	5.0	5	5
17.017823977742424	5.0	5	5
17.11792882467032	5.0	5	5
17.218033671598217	5.0	5	5
17.318138518526112	5.0	5	5
17.41824336545401	5.0	5	5
17.518348212381905	5.0	5	5
17.618453059309804	5.0	5	5
17.7185579062377	5.0	5	5
17.818662753165597	5.0	5	5
17.918767600093492	5.0	5	5
18.018872447021387	5.0	5	5
18.118977293949285	5.0	5	5
18.21908214087718	5.0	5	5
18.31918698780508	5.0	5	5
18.419291834732974	5.0	5	5
18.519396681660872	5.0	5	5
18.619501528588767	5.0	5	5
18.719606375516666	5.0	5	5
18.81971122244456	5.0	5	5
18.91981606937246	5.0	5	5
19.019920916300354	5.0	5	5
19.120025763228252	5.0	5	5
19.220130610156147	5.0	5	5
19.320235457084046	5.0	5	5
19.42034030401194	5.0	5	5
19.52044515093984	5.0	5	5
19.620549997867734	5.0	5	5
19.720654844795632	5.0	5	5
19.820759691723527	5.0	5	5
19.920864538651426	5.0	5	5
20.02096938557932	5.0	5	5
20.12107423250722	5.0	5	5
20.221179079435114	5.0	5	5
20.321283926363012	5.0	5	5
20.421388773290907	5.0	5	5
20.521493620218802	5.0	5	5
20.6215984671467	5.0	5	5
20.721703314074595	4.0	4	4
20.821808161002494	4.0	4	4
20.92191300793039	4.0	4	4
21.022017854858287	4.0	4	4
21.122122701786182	4.0	4	4
21.22222754871408	4.0	4	4
21.322332395641975	4.0	4	4
21.422437242569874	4.0	4	4
21.52254208949777	4.0	4	4
21.622646936425667	4.0	4	4
21.722751783353562	4.0	4	4
21.82285663028146	4.0	4	4
21.922961477209356	3.0	3	3
22.023066324137254	3.0	3	3
22.12317117106515	2.0	2	2
22.223276017993047	2.0	2	2
22.323380864920942	2.0	2	2
22.42348571184884	2.0	2	2
22.523590558776736	2.0	2	2
22.623695405704634	2.0	2	2
22.72380025263253	2.0	2	2
22.823905099560427	2.0	2	2
22.924009946488322	2.0	2	2
23.02411479341622	2.0	2	2
23.124219640344116	2.0	2	2
23.22432448727201	2.0	2	2
23.32442933419991	2.0	2	2
23.424534181127804	2.0	2	2
23.524639028055702	2.0	2	2
23.624743874983597	2.0	2	2
23.724848721911496	2.0	2	2
23.82495356883939	2.0	2	2
23.92505841576729	2.0	2	2
24.025163262695184	2.0	2	2
24.125268109623082	2.0	2	2
24.225372956550977	2.0	2	2
24.325477803478876	2.0	2	2
24.42558265040677	2.0	2	2
24.52568749733467	2.0	2	2
24.625792344262564	2.0	2	2
24.725897191190462	2.0	2	2
24.826002038118357	2.0	2	2
24.926106885046256	2.0	2	2
25.02621173197415	2.0	2	2
25.12631657890205	2.0	2	2
25.226421425829944	2.0	2	2
25.326526272757842	2.0	2	2
25.426631119685737	2.0	2	2
25.526735966613636	2.0	2	2
25.62684081354153	2.0	2	2
25.726945660469426	2.0	2	2
25.827050507397324	2.0	2	2
25.92715535432522	2.0	2	2
26.027260201253117	2.0	2	2
26.127365048181012	2.0	2	2
26.22746989510891	2.0	2	2
26.327574742036806	2.0	2	2
26.427679588964704	1.0	1	1
26.5277844358926	1.0	1	1
26.627889282820497	1.0	1	1
26.727994129748392	1.0	1	1
26.82809897667629	1.0	1	1
26.928203823604186	1.0	1	1
27.028308670532084	1.0	1	1
27.12841351745998	1.0	1	1
27.228518364387877	1.0	1	1
27.328623211315772	1.0	1	1
27.42872805824367	1.0	1	1
27.528832905171566	1.0	1	1
27.628937752099464	0.0	0	0
27.72904259902736	0.0	0	0
27.829147445955257	0.0	0	0
27.929252292883152	0.0	0	0
28.02935713981105	0.0	0	0
28.129461986738946	0.0	0	0
28.22956683366684	0.0	0	0
28.32967168059474	0.0	0	0
28.429776527522634	0.0	0	0
28.529881374450532	0.0	0	0
28.629986221378427	0.0	0	0
28.730091068306326	1.0	1	1
28.83019591523422	1.0	1	1
28.93030076216212	1.0	1	1
29.030405609090014	1.0	1	1
29.130510456017912	1.0	1	1
29.230615302945807	1.0	1	1
29.330720149873706	1.0	1	1
29.4308249968016	1.0	1	1
29.5309298437295	1.0	1	1
29.631034690657394	1.0	1	1
29.731139537585292	1.0	1	1
29.831244384513187	1.0	1	1
29.931349231441086	1.0	1	1
30.03145407836898	1.0	1	1
30.13155892529688	1.0	1	1
30.231663772224774	1.0	1	1
30.331768619152673	1.0	1	1
30.431873466080567	1.0	1	1
30.531978313008466	1.0	1	1
30.63208315993636	1.0	1	1
30.73218800686426	1.0	1	1
30.832292853792154	1.0	1	1
30.93239770072005	1.0	1	1
31.032502547647947	1.0	1	1
31.132607394575842	1.0	1	1
31.23271224150374	1.0	1	1
31.332817088431636	1.0	1	1
31.432921935359534	1.0	1	1
31.53302678228743	1.0	1	1
31.633131629215328	1.0	1	1
31.733236476143222	1.0	1	1
31.83334132307112	1.0	1	1
31.933446169999016	1.0	1	1
32.033551016926914	1.0	1	1
32.13365586385481	1.0	1	1
32.233760710782704	1.0	1	1
32.3338655577106	1.0	1	1
32.4339704046385	1.0	1	1
32.5340752515664	1.0	1	1
32.63418009849429	1.0	1	1
32.73428494542219	1.0	1	1
32.83438979235009	1.0	1	1
32.934494639277986	1.0	1	1
33.03459948620588	1.0	1	1
33.134704333133776	1.0	1	1
33.234809180061674	1.0	1	1
33.334914026989566	1.0	1	1
33.435018873917464	1.0	1	1
33.53512372084536	1.0	1	1
33.63522856777326	1.0	1	1
33.73533341470115	1.0	1	1
33.83543826162905	1.0	1	1
33.93554310855695	1.0	1	1
34.03564795548485	1.0	1	1
34.13575280241274	1.0	1	1
34.23585764934064	1.0	1	1
34.335962496268536	1.0	1	1
34.436067343196434	1.0	1	1
34.536172190124326	1.0	1	1
34.636277037052224	1.0	1	1
34.73638188398012	1.0	1	1
34.83648673090802	1.0	1	1
34.93659157783591	1.0	1	1
35.03669642476381	1.0	1	1
35.13680127169171	1.0	1	1
35.23690611861961	1.0	1	1
35.3370109655475	1.0	1	1
35.4371158124754	1.0	1	1
35.537220659403296	1.0	1	1
35.637325506331194	1.0	1	1
35.737430353259086	1.0	1	1
35.837535200186984	1.0	1	1
35.93764004711488	1.0	1	1
36.037744894042774	1.0	1	1
36.13784974097067	1.0	1	1
36.23795458789857	1.0	1	1
36.33805943482647	1.0	1	1
36.43816428175436	1.0	1	1
36.53826912868226	1.0	1	1
36.63837397561016	1.0	1	1
36.738478822538056	1.0	1	1
36.83858366946595	1.0	1	1
36.938688516393846	1.0	1	1
37.038793363321744	1.0	1	1
37.13889821024964	1.0	1	1
37.239003057177534	1.0	1	1
37.33910790410543	1.0	1	1
37.43921275103333	1.0	1	1
37.53931759796123	2.0	2	2
37.63942244488912	2.0	2	2
37.73952729181702	3.0	3	3
37.83963213874492	3.0	3	3
37.939736985672816	3.0	3	3
38.03984183260071	3.0	3	3
38.139946679528606	4.0	4	4
38.240051526456504	4.0	4	4
38.3401563733844	4.0	4	4
38.440261220312294	5.0	5	5
38.54036606724019	5.0	5	5
38.64047091416809	5.0	5	5
38.74057576109598	5.0	5	5
38.84068060802388	5.0	5	5
38.94078545495178	5.0	5	5
39.04089030187968	6.0	6	6
39.14099514880757	6.0	6	6
39.24109999573547	7.0	7	7
39.341204842663366	7.0	7	7
39.441309689591264	9.0	9	9
39.541414536519156	9.0	9	9
39.641519383447054	10.0	10	10
39.74162423037495	10.0	10	10
39.84172907730285	10.0	10	10
39.94183392423074	10.0	10	10
40.04193877115864	10.0	10	10
40.14204361808654	11.0	11	11
40.24214846501444	11.0	11	11
40.34225331194233	11.0	11	11
40.44235815887023	11.0	11	11
40.542463005798126	11.0	11	11
40.642567852726025	10.0	10	10
40.742672699653916	10.0	10	10
40.842777546581814	10.0	10	10
40.94288239350971	10.0	10	10
41.042987240437604	10.0	10	10
41.1430920873655	10.0	10	10
41.2431969342934	10.0	10	10
41.3433017812213	11.0	11	11
41.44340662814919	11.0	11	11
41.54351147507709	11.0	11	11
41.64361632200499	11.0	11	11
41.743721168932886	11.0	11	11
41.84382601586078	11.0	11	11
41.943930862788676	12.0	12	12
42.044035709716574	12.0	12	12
42.14414055664447	12.0	12	12
42.244245403572364	12.0	12	12
42.34435025050026	12.0	12	12
42.44445509742816	12.0	12	12
42.54455994435606	12.0	12	12
42.64466479128395	12.0	12	12
42.74476963821185	12.0	12	12
42.84487448513975	12.0	12	12
42.944979332067646	12.0	12	12
43.04508417899554	12.0	12	12
43.145189025923436	12.0	12	12
43.245293872851335	12.0	12	12
43.34539871977923	12.0	12	12
43.445503566707124	12.0	12	12
43.54560841363502	12.0	12	12
43.64571326056292	12.0	12	12
43.74581810749081	12.0	12	12
43.84592295441871	12.0	12	12
43.94602780134661	12.0	12	12
44.04613264827451	12.0	12	12
44.1462374952024	12.0	12	12
44.2463423421303	12.0	12	12
44.346447189058196	12.0	12	12
44.446552035986095	12.0	12	12
44.546656882913986	12.0	12	12
44.646761729841884	12.0	12	12
44.74686657676978	12.0	12	12
44.84697142369768	12.0	12	12
44.94707627062557	12.0	12	12
45.04718111755347	12.0	12	12
45.14728596448137	12.0	12	12
45.24739081140927	12.0	12	12
45.34749565833716	11.0	11	11
45.44760050526506	11.0	11	11
45.547705352192956	11.0	11	11
45.647810199120855	11.0	11	11
45.747915046048746	11.0	11	11
45.848019892976644	11.0	11	11
45.94812473990454	11.0	11	11
46.04822958683244	11.0	11	11
46.14833443376033	11.0	11	11
46.24843928068823	11.0	11	11
46.34854412761613	11.0	11	11
46.44864897454402	11.0	11	11
46.54875382147192	12.0	12	12
46.64885866839982	13.0	13	13
46.748963515327716	13.0	13	13
46.84906836225561	13.0	13	13
46.949173209183506	14.0	14	14
47.049278056111405	14.0	14	14
47.1493829030393	14.0	14	14
47.249487749967194	14.0	14	14
47.34959259689509	14.0	14	14
47.44969744382299	14.0	14	14
47.54980229075089	14.0	14	14
47.64990713767878	14.0	14	14
47.75001198460668	14.0	14	14
47.85011683153458	15.0	15	15
47.950221678462476	15.0	15	15
48.05032652539037	15.0	15	15
48.150431372318266	15.0	15	15
48.250536219246165	15.0	15	15
48.35064106617406	15.0	15	15
48.450745913101954	15.0	15	15
48.55085076002985	15.0	15	15
48.65095560695775	15.0	15	15
48.75106045388564	15.0	15	15
48.85116530081354	15.0	15	15
48.95127014774144	15.0	15	15
49.05137499466934	15.0	15	15
49.15147984159723	15.0	15	15
49.25158468852513	15.0	15	15
49.351689535453026	16.0	16	16
49.451794382380925	16.0	16	16
49.551899229308816	16.0	16	16
49.652004076236715	16.0	16	16
49.75210892316461	16.0	16	16
49.85221377009251	16.0	16	16
49.9523186170204	16.0	16	16
50.0524234639483	16.0	16	16
50.1525283108762	16.0	16	16
50.2526331578041	16.0	16	16
50.35273800473199	16.0	16	16
50.45284285165989	16.0	16	16
50.552947698587786	16.0	16	16
50.653052545515685	15.0	15	15
50.753157392443576	15.0	15	15
50.853262239371475	15.0	15	15
50.95336708629937	14.0	14	14
51.05347193322727	14.0	14	14
51.15357678015516	13.0	13	13
51.25368162708306	13.0	13	13
51.35378647401096	13.0	13	13
51.45389132093885	13.0	13	13
51.55399616786675	13.0	13	13
51.65410101479465	13.0	13	13
51.754205861722546	13.0	13	13
51.85431070865044	14.0	14	14
51.954415555578336	14.0	14	14
52.054520402506235	14.0	14	14
52.15462524943413	15.0	15	15
52.254730096362024	15.0	15	15
52.35483494328992	15.0	15	15
52.45493979021782	15.0	15	15
52.55504463714572	14.0	14	14
52.65514948407361	14.0	14	14
52.75525433100151	14.0	14	14
52.85535917792941	15.0	15	15
52.95546402485731	15.0	15	15
53.0555688717852	15.0	15	15
53.155673718713096	15.0	15	15
53.255778565640995	15.0	15	15
53.35588341256889	14.0	14	14
53.455988259496785	14.0	14	14
53.55609310642468	14.0	14	14
53.65619795335258	14.0	14	14
53.75630280028048	13.0	13	13
53.85640764720837	13.0	13	13
53.95651249413627	12.0	12	12
54.05661734106417	12.0	12	12
54.15672218799206	12.0	12	12
54.25682703491996	12.0	12	12
54.356931881847856	11.0	11	11
54.457036728775755	11.0	11	11
54.557141575703646	11.0	11	11
54.657246422631545	11.0	11	11
54.75735126955944	11.0	11	11
54.85745611648734	10.0	10	10
54.95756096341523	10.0	10	10
55.05766581034313	9.0	9	9
55.15777065727103	10.0	10	10
55.25787550419893	11.0	11	11
55.35798035112682	9.0	9	9
55.45808519805472	9.0	9	9
55.55819004498262	9.0	9	9
55.658294891910515	9.0	9	9
55.758399738838406	8.0	8	8
55.858504585766305	8.0	8	8
55.9586094326942	8.0	8	8
56.0587142796221	8.0	8	8
56.15881912654999	8.0	8	8
56.25892397347789	7.0	7	7
56.35902882040579	8.0	8	8
56.45913366733368	8.0	8	8
56.55923851426158	7.0	7	7
56.65934336118948	7.0	7	7
56.75944820811738	7.0	7	7
56.85955305504527	8.0	8	8
56.959657901973166	8.0	8	8
57.059762748901065	8.0	8	8
57.15986759582896	8.0	8	8
57.259972442756855	6.0	6	6
57.36007728968475	7.0	7	7
57.46018213661265	7.0	7	7
57.56028698354055	7.0	7	7
57.66039183046844	6.0	6	6
57.76049667739634	7.0	7	7
57.86060152432424	7.0	7	7
57.96070637125214	7.0	7	7
58.06081121818003	6.0	6	6
58.160916065107926	6.0	6	6
58.261020912035825	8.0	8	8
58.36112575896372	8.0	8	8
58.461230605891615	9.0	9	9
58.56133545281951	8.0	8	8
58.66144029974741	8.0	8	8
58.76154514667531	8.0	8	8
58.8616499936032	7.0	7	7
58.9617548405311	7.0	7	7
59.061859687459	7.0	7	7
59.16196453438689	7.0	7	7
59.26206938131479	7.0	7	7
59.36217422824269	5.0	5	5
59.462279075170585	6.0	6	6
59.562383922098476	5.0	5	5
59.662488769026375	5.0	5	5
59.76259361595427	5.0	5	5
59.86269846288217	4.0	4	4
59.96280330981006	4.0	4	4
60.06290815673796	4.0	4	4
60.16301300366586	5.0	5	5
60.26311785059376	5.0	5	5
60.36322269752165	4.0	4	4
60.46332754444955	4.0	4	4
60.56343239137745	4.0	4	4
60.663537238305345	4.0	4	4
60.763642085233236	5.0	5	5
60.863746932161135	5.0	5	5
60.96385177908903	5.0	5	5
61.06395662601693	5.0	5	5
61.16406147294482	5.0	5	5
61.26416631987272	5.0	5	5
61.36427116680062	5.0	5	5
61.46437601372852	5.0	5	5
61.56448086065641	6.0	6	6
61.66458570758431	6.0	6	6
61.76469055451221	7.0	7	7
61.8647954014401	7.0	7	7
61.964900248368	7.0	7	7
62.065005095295895	7.0	7	7
62.16510994222379	7.0	7	7
62.265214789151685	6.0	6	6
62.36531963607958	6.0	6	6
62.46542448300748	6.0	6	6
62.56552932993538	6.0	6	6
62.66563417686327	6.0	6	6
62.76573902379117	6.0	6	6
62.86584387071907	6.0	6	6
62.96594871764697	6.0	6	6
63.06605356457486	6.0	6	6
63.16615841150276	6.0	6	6
63.266263258430655	6.0	6	6
63.36636810535855	6.0	6	6
63.466472952286445	7.0	7	7
63.56657779921434	7.0	7	7
63.66668264614224	7.0	7	7
63.76678749307014	7.0	7	7
63.86689233999803	7.0	7	7
63.96699718692593	7.0	7	7
64.06710203385383	6.0	6	6
64.16720688078172	6.0	6	6
64.26731172770963	6.0	6	6
64.36741657463752	6.0	6	6
64.46752142156541	6.0	6	6
64.56762626849331	6.0	6	6
64.6677311154212	6.0	6	6
64.7678359623491	6.0	6	6
64.867940809277	6.0	6	6
64.9680456562049	5.0	5	5
65.0681505031328	5.0	5	5
65.16825535006069	5.0	5	5
65.26836019698858	5.0	5	5
65.36846504391649	7.0	7	7
65.46856989084438	9.0	9	9
65.56867473777227	11.0	11	11
65.66877958470018	12.0	12	12
65.76888443162807	18.0	18	18
65.86898927855597	21.0	21	21
65.96909412548386	21.0	21	21
66.06919897241175	22.0	22	22
66.16930381933966	23.0	23	23
66.26940866626755	23.0	23	23
66.36951351319544	23.0	23	23
66.46961836012335	23.0	23	23
66.56972320705124	22.0	22	22
66.66982805397913	21.0	21	21
66.76993290090704	21.0	21	21
66.87003774783493	20.0	20	20
66.97014259476283	20.0	20	20
67.07024744169073	21.0	21	21
67.17035228861862	21.0	21	21
67.27045713554652	21.0	21	21
67.37056198247441	19.0	19	19
67.4706668294023	19.0	19	19
67.57077167633021	17.0	17	17
67.6708765232581	17.0	17	17
67.770981370186	17.0	17	17
67.8710862171139	16.0	16	16
67.97119106404179	17.0	17	17
68.0712959109697	17.0	17	17
68.17140075789759	17.0	17	17
68.27150560482548	17.0	17	17
68.37161045175338	17.0	17	17
68.47171529868127	17.0	17	17
68.57182014560918	17.0	17	17
68.67192499253707	17.0	17	17
68.77202983946496	17.0	17	17
68.87213468639287	17.0	17	17
68.97223953332076	17.0	17	17
69.07234438024865	17.0	17	17
69.17244922717656	17.0	17	17
69.27255407410445	17.0	17	17
69.37265892103234	17.0	17	17
69.47276376796025	17.0	17	17
69.57286861488814	18.0	18	18
69.67297346181604	18.0	18	18
69.77307830874393	18.0	18	18
69.87318315567182	18.0	18	18
69.97328800259973	15.0	15	15
70.07339284952762	14.0	14	14
70.17349769645551	14.0	14	14
70.27360254338342	13.0	13	13
70.37370739031131	13.0	13	13
70.47381223723922	13.0	13	13
70.5739170841671	13.0	13	13
70.674021931095	13.0	13	13
70.7741267780229	14.0	14	14
70.8742316249508	14.0	14	14
70.97433647187869	14.0	14	14
71.07444131880659	14.0	14	14
71.17454616573448	14.0	14	14
71.27465101266239	16.0	16	16
71.37475585959028	15.0	15	15
71.47486070651817	16.0	16	16
71.57496555344608	16.0	16	16
71.67507040037397	16.0	16	16
71.77517524730186	15.0	15	15
71.87528009422977	15.0	15	15
71.97538494115766	15.0	15	15
72.07548978808555	14.0	14	14
72.17559463501345	14.0	14	14
72.27569948194134	14.0	14	14
72.37580432886925	14.0	14	14
72.47590917579714	15.0	15	15
72.57601402272503	15.0	15	15
72.67611886965294	15.0	15	15
72.77622371658083	15.0	15	15
72.87632856350872	13.0	13	13
72.97643341043663	13.0	13	13
73.07653825736452	13.0	13	13
73.17664310429242	13.0	13	13
73.27674795122032	13.0	13	13
73.3768527981482	13.0	13	13
73.47695764507611	12.0	12	12
73.577062492004	12.0	12	12
73.6771673389319	12.0	12	12
73.7772721858598	13.0	13	13
73.87737703278769	14.0	14	14
73.9774818797156	14.0	14	14
74.07758672664349	14.0	14	14
74.17769157357138	14.0	14	14
74.27779642049929	13.0	13	13
74.37790126742718	13.0	13	13
74.47800611435507	13.0	13	13
74.57811096128297	14.0	14	14
74.67821580821087	14.0	14	14
74.77832065513876	14.0	14	14
74.87842550206666	14.0	14	14
74.97853034899455	13.0	13	13
75.07863519592246	13.0	13	13
75.17874004285035	13.0	13	13
75.27884488977824	13.0	13	13
75.37894973670615	13.0	13	13
75.47905458363404	13.0	13	13
75.57915943056193	14.0	14	14
75.67926427748984	14.0	14	14
75.77936912441773	14.0	14	14
75.87947397134563	14.0	14	14
75.97957881827352	14.0	14	14
76.07968366520142	14.0	14	14
76.17978851212932	14.0	14	14
76.27989335905721	14.0	14	14
76.3799982059851	14.0	14	14
76.48010305291301	14.0	14	14
76.5802078998409	14.0	14	14
76.6803127467688	14.0	14	14
76.7804175936967	14.0	14	14
76.88052244062459	14.0	14	14
76.9806272875525	14.0	14	14
77.08073213448039	14.0	14	14
77.18083698140828	14.0	14	14
77.28094182833618	12.0	12	12
77.38104667526407	12.0	12	12
77.48115152219196	12.0	12	12
77.58125636911987	12.0	12	12
77.68136121604776	11.0	11	11
77.78146606297567	11.0	11	11
77.88157090990356	11.0	11	11
77.98167575683145	11.0	11	11
78.08178060375936	11.0	11	11
78.18188545068725	11.0	11	11
78.28199029761514	11.0	11	11
78.38209514454304	11.0	11	11
78.48219999147094	11.0	11	11
78.58230483839884	11.0	11	11
78.68240968532673	11.0	11	11
78.78251453225462	11.0	11	11
78.88261937918253	11.0	11	11
78.98272422611042	11.0	11	11
79.08282907303831	11.0	11	11
79.18293391996622	11.0	11	11
79.28303876689411	11.0	11	11
79.38314361382201	11.0	11	11
79.4832484607499	11.0	11	11
79.5833533076778	11.0	11	11
79.6834581546057	11.0	11	11
79.7835630015336	11.0	11	11
79.88366784846149	11.0	11	11
79.98377269538939	11.0	11	11
80.08387754231728	11.0	11	11
80.18398238924517	11.0	11	11
80.28408723617308	11.0	11	11
80.38419208310097	12.0	12	12
80.48429693002888	12.0	12	12
80.58440177695677	12.0	12	12
80.68450662388466	12.0	12	12
80.78461147081256	12.0	12	12
80.88471631774046	12.0	12	12
80.98482116466835	12.0	12	12
81.08492601159625	12.0	12	12
81.18503085852414	12.0	12	12
81.28513570545205	12.0	12	12
81.38524055237994	12.0	12	12
81.48534539930783	12.0	12	12
81.58545024623574	11.0	11	11
81.68555509316363	11.0	11	11
81.78565994009152	10.0	10	10
81.88576478701943	10.0	10	10
81.98586963394732	11.0	11	11
82.08597448087521	11.0	11	11
82.18607932780311	11.0	11	11
82.286184174731	11.0	11	11
82.38628902165891	10.0	10	10
82.4863938685868	10.0	10	10
82.5864987155147	10.0	10	10
82.6866035624426	10.0	10	10
82.78670840937049	10.0	10	10
82.88681325629838	10.0	10	10
82.98691810322629	10.0	10	10
83.08702295015418	11.0	11	11
83.18712779708208	12.0	12	12
83.28723264400998	13.0	13	13
83.38733749093787	11.0	11	11
83.48744233786577	11.0	11	11
83.58754718479366	11.0	11	11
83.68765203172156	11.0	11	11
83.78775687864946	11.0	11	11
83.88786172557735	11.0	11	11
83.98796657250526	11.0	11	11
84.08807141943315	11.0	11	11
84.18817626636104	11.0	11	11
84.28828111328895	13.0	13	13
84.38838596021684	13.0	13	13
84.48849080714473	13.0	13	13
84.58859565407263	12.0	12	12
84.68870050100053	10.0	10	10
84.78880534792842	10.0	10	10
84.88891019485632	10.0	10	10
84.98901504178421	10.0	10	10
85.08911988871212	10.0	10	10
85.18922473564001	10.0	10	10
85.2893295825679	10.0	10	10
85.38943442949581	10.0	10	10
85.4895392764237	10.0	10	10
85.58964412335159	10.0	10	10
85.6897489702795	8.0	8	8
85.78985381720739	8.0	8	8
85.88995866413529	8.0	8	8
85.99006351106318	8.0	8	8
86.09016835799108	8.0	8	8
86.19027320491898	8.0	8	8
86.29037805184687	8.0	8	8
86.39048289877476	8.0	8	8
86.49058774570267	8.0	8	8
86.59069259263056	7.0	7	7
86.69079743955847	8.0	8	8
86.79090228648636	8.0	8	8
86.89100713341425	7.0	7	7
86.99111198034215	6.0	6	6
87.09121682727005	6.0	6	6
87.19132167419794	6.0	6	6
87.29142652112584	6.0	6	6
87.39153136805373	6.0	6	6
87.49163621498163	6.0	6	6
87.59174106190953	6.0	6	6
87.69184590883742	6.0	6	6
87.79195075576533	5.0	5	5
87.89205560269322	5.0	5	5
87.99216044962111	5.0	5	5
88.09226529654902	5.0	5	5
88.19237014347691	5.0	5	5
88.2924749904048	5.0	5	5
88.3925798373327	5.0	5	5
88.4926846842606	5.0	5	5
88.5927895311885	5.0	5	5
88.69289437811639	5.0	5	5
88.79299922504428	5.0	5	5
88.89310407197219	5.0	5	5
88.99320891890008	5.0	5	5
89.09331376582797	6.0	6	6
89.19341861275588	6.0	6	6
89.29352345968377	6.0	6	6
89.39362830661167	6.0	6	6
89.49373315353957	6.0	6	6
89.59383800046746	6.0	6	6
89.69394284739536	6.0	6	6
89.79404769432325	6.0	6	6
89.89415254125115	6.0	6	6
89.99425738817905	6.0	6	6
90.09436223510694	6.0	6	6
90.19446708203483	7.0	7	7
90.29457192896274	7.0	7	7
90.39467677589063	7.0	7	7
90.49478162281854	7.0	7	7
90.59488646974643	7.0	7	7
90.69499131667432	6.0	6	6
90.79509616360222	6.0	6	6
90.89520101053012	6.0	6	6
90.995305857458	6.0	6	6
91.09541070438591	7.0	7	7
91.1955155513138	6.0	6	6
91.29562039824171	6.0	6	6
91.3957252451696	6.0	6	6
91.49583009209749	6.0	6	6
91.5959349390254	6.0	6	6
91.69603978595329	6.0	6	6
91.79614463288118	6.0	6	6
91.89624947980909	6.0	6	6
91.99635432673698	6.0	6	6
92.09645917366488	6.0	6	6
92.19656402059277	6.0	6	6
92.29666886752067	6.0	6	6
92.39677371444857	6.0	6	6
92.49687856137646	6.0	6	6
92.59698340830435	6.0	6	6
92.69708825523226	6.0	6	6
92.79719310216015	6.0	6	6
92.89729794908804	7.0	7	7
92.99740279601595	7.0	7	7
93.09750764294384	7.0	7	7
93.19761248987174	7.0	7	7
93.29771733679964	7.0	7	7
93.39782218372753	7.0	7	7
93.49792703065543	8.0	8	8
93.59803187758332	8.0	8	8
93.69813672451122	8.0	8	8
93.79824157143912	9.0	9	9
93.89834641836701	9.0	9	9
93.99845126529492	10.0	10	10
94.09855611222281	9.0	9	9
94.1986609591507	9.0	9	9
94.2987658060786	8.0	8	8
94.3988706530065	8.0	8	8
94.49897549993439	8.0	8	8
94.5990803468623	8.0	8	8
94.69918519379019	7.0	7	7
94.79929004071809	7.0	7	7
94.89939488764598	5.0	5	5
94.99949973457387	6.0	6	6
95.09960458150178	5.0	5	5
95.19970942842967	5.0	5	5
95.29981427535756	5.0	5	5
95.39991912228547	5.0	5	5
95.50002396921336	5.0	5	5
95.60012881614125	5.0	5	5
95.70023366306916	4.0	4	4
95.80033850999705	4.0	4	4
95.90044335692495	5.0	5	5
96.00054820385284	5.0	5	5
96.10065305078074	4.0	4	4
96.20075789770864	3.0	3	3
96.30086274463653	3.0	3	3
96.40096759156442	3.0	3	3
96.50107243849233	3.0	3	3
96.60117728542022	3.0	3	3
96.70128213234813	3.0	3	3
96.80138697927602	3.0	3	3
96.90149182620391	3.0	3	3
97.00159667313181	3.0	3	3
97.1017015200597	2.0	2	2
97.2018063669876	2.0	2	2
97.3019112139155	3.0	3	3
97.4020160608434	3.0	3	3
97.50212090777129	3.0	3	3
97.60222575469919	4.0	4	4
97.70233060162708	4.0	4	4
97.80243544855499	4.0	4	4
97.90254029548288	4.0	4	4
98.00264514241077	4.0	4	4
98.10274998933868	4.0	4	4
98.20285483626657	4.0	4	4
98.30295968319446	4.0	4	4
98.40306453012236	4.0	4	4
98.50316937705026	4.0	4	4
98.60327422397816	4.0	4	4
98.70337907090605	4.0	4	4
98.80348391783394	4.0	4	4
98.90358876476185	4.0	4	4
99.00369361168974	4.0	4	4
99.10379845861763	4.0	4	4
99.20390330554554	4.0	4	4
99.30400815247343	4.0	4	4
99.40411299940133	4.0	4	4
99.50421784632923	4.0	4	4
99.60432269325712	4.0	4	4
99.70442754018502	4.0	4	4
99.80453238711291	4.0	4	4
99.9046372340408	5.0	5	5
100.00474208096871	5.0	5	5
100.1048469278966	5.0	5	5
100.2049517748245	5.0	5	5
100.3050566217524	5.0	5	5
100.40516146868029	5.0	5	5
100.5052663156082	5.0	5	5
100.60537116253609	5.0	5	5
100.70547600946398	5.0	5	5
100.80558085639188	5.0	5	5
100.90568570331978	5.0	5	5
101.00579055024767	5.0	5	5
101.10589539717557	5.0	5	5
101.20600024410346	5.0	5	5
101.30610509103137	5.0	5	5
101.40620993795926	5.0	5	5
101.50631478488715	5.0	5	5
101.60641963181506	5.0	5	5
101.70652447874295	5.0	5	5
101.80662932567084	5.0	5	5
101.90673417259875	4.0	4	4
102.00683901952664	4.0	4	4
102.10694386645454	4.0	4	4
102.20704871338243	4.0	4	4
102.30715356031033	4.0	4	4
102.40725840723823	4.0	4	4
102.50736325416612	4.0	4	4
102.60746810109401	4.0	4	4
102.70757294802192	4.0	4	4
102.80767779494981	4.0	4	4
102.9077826418777	4.0	4	4
103.00788748880561	4.0	4	4
103.1079923357335	4.0	4	4
103.2080971826614	4.0	4	4
103.3082020295893	4.0	4	4
103.40830687651719	4.0	4	4
103.50841172344509	4.0	4	4
103.60851657037298	4.0	4	4
103.70862141730088	4.0	4	4
103.80872626422878	4.0	4	4
103.90883111115667	5.0	5	5
104.00893595808458	5.0	5	5
104.10904080501247	5.0	5	5
104.20914565194036	5.0	5	5
104.30925049886827	5.0	5	5
104.40935534579616	5.0	5	5
104.50946019272405	5.0	5	5
104.60956503965195	5.0	5	5
104.70966988657985	5.0	5	5
104.80977473350775	5.0	5	5
104.90987958043564	5.0	5	5
105.00998442736353	5.0	5	5
105.11008927429144	5.0	5	5
105.21019412121933	5.0	5	5
105.31029896814722	5.0	5	5
105.41040381507513	5.0	5	5
105.51050866200302	5.0	5	5
105.61061350893091	5.0	5	5
105.71071835585882	5.0	5	5
105.81082320278671	5.0	5	5
105.91092804971461	5.0	5	5
106.0110328966425	5.0	5	5
106.1111377435704	5.0	5	5
106.2112425904983	5.0	5	5
106.31134743742619	5.0	5	5
106.41145228435408	5.0	5	5
106.51155713128199	5.0	5	5
106.61166197820988	5.0	5	5
106.71176682513779	5.0	5	5
106.81187167206568	5.0	5	5
106.91197651899357	5.0	5	5
107.01208136592147	5.0	5	5
107.11218621284937	5.0	5	5
107.21229105977726	5.0	5	5
107.31239590670516	5.0	5	5
107.41250075363305	5.0	5	5
107.51260560056096	5.0	5	5
107.61271044748885	5.0	5	5
107.71281529441674	5.0	5	5
107.81292014134465	5.0	5	5
107.91302498827254	4.0	4	4
108.01312983520043	4.0	4	4
108.11323468212834	4.0	4	4
108.21333952905623	4.0	4	4
108.31344437598412	4.0	4	4
108.41354922291202	4.0	4	4
108.51365406983992	4.0	4	4
108.61375891676782	4.0	4	4
108.71386376369571	4.0	4	4
108.8139686106236	4.0	4	4
108.91407345755151	4.0	4	4
109.0141783044794	4.0	4	4
109.11428315140729	4.0	4	4
109.2143879983352	4.0	4	4
109.31449284526309	4.0	4	4
109.414597692191	4.0	4	4
109.51470253911889	4.0	4	4
109.61480738604678	4.0	4	4
109.71491223297468	4.0	4	4
109.81501707990257	4.0	4	4
109.91512192683047	4.0	4	4
110.01522677375837	4.0	4	4
110.11533162068626	4.0	4	4
110.21543646761415	4.0	4	4
110.31554131454206	4.0	4	4
110.41564616146995	4.0	4	4
110.51575100839786	4.0	4	4
110.61585585532575	3.0	3	3
110.71596070225364	3.0	3	3
110.81606554918154	3.0	3	3
110.91617039610944	3.0	3	3
111.01627524303733	3.0	3	3
111.11638008996523	3.0	3	3
111.21648493689312	3.0	3	3
111.31658978382103	3.0	3	3
111.41669463074892	3.0	3	3
111.51679947767681	3.0	3	3
111.61690432460472	3.0	3	3
111.71700917153261	3.0	3	3
111.8171140184605	3.0	3	3
111.9172188653884	3.0	3	3
112.0173237123163	3.0	3	3
112.1174285592442	3.0	3	3
112.2175334061721	3.0	3	3
112.31763825309999	3.0	3	3
112.41774310002789	3.0	3	3
112.51784794695578	3.0	3	3
112.61795279388367	3.0	3	3
112.71805764081158	3.0	3	3
112.81816248773947	3.0	3	3
112.91826733466736	3.0	3	3
113.01837218159527	3.0	3	3
113.11847702852316	2.0	2	2
113.21858187545106	2.0	2	2
113.31868672237896	2.0	2	2
113.41879156930685	1.0	1	1
113.51889641623475	1.0	1	1
113.61900126316264	1.0	1	1
113.71910611009054	1.0	1	1
113.81921095701844	1.0	1	1
113.91931580394633	0.0	0	0
114.01942065087424	0.0	0	0
114.11952549780213	0.0	0	0
114.21963034473002	0.0	0	0
114.31973519165793	0.0	0	0
114.41984003858582	0.0	0	0
114.51994488551371	0.0	0	0
114.62004973244161	0.0	0	0
114.7201545793695	0.0	0	0
114.82025942629741	0.0	0	0
114.9203642732253	0.0	0	0
115.0204691201532	0.0	0	0
115.1205739670811	0.0	0	0
115.22067881400899	0.0	0	0
115.32078366093688	0.0	0	0
115.42088850786479	0.0	0	0
115.52099335479268	0.0	0	0
115.62109820172057	0.0	0	0
115.72120304864848	0.0	0	0
115.82130789557637	0.0	0	0
115.92141274250427	0.0	0	0
116.02151758943216	0.0	0	0
116.12162243636006	0.0	0	0
116.22172728328796	0.0	0	0
116.32183213021585	0.0	0	0
116.42193697714374	0.0	0	0
116.52204182407165	0.0	0	0
116.62214667099954	0.0	0	0
116.72225151792745	0.0	0	0
116.82235636485534	0.0	0	0
116.92246121178323	0.0	0	0
117.02256605871113	0.0	0	0
117.12267090563903	0.0	0	0
117.22277575256692	0.0	0	0
117.32288059949482	0.0	0	0
117.42298544642271	0.0	0	0
117.52309029335062	0.0	0	0
117.62319514027851	0.0	0	0
117.7232999872064	0.0	0	0
117.82340483413431	0.0	0	0
117.9235096810622	0.0	0	0
118.02361452799009	0.0	0	0
118.123719374918	0.0	0	0
118.22382422184589	0.0	0	0
118.32392906877378	0.0	0	0
118.42403391570168	0.0	0	0
118.52413876262958	0.0	0	0
118.62424360955748	0.0	0	0
118.72434845648537	0.0	0	0
118.82445330341326	0.0	0	0
118.92455815034117	0.0	0	0
119.02466299726906	0.0	0	0
119.12476784419695	0.0	0	0
119.22487269112486	0.0	0	0
119.32497753805275	0.0	0	0
119.42508238498066	0.0	0	0
119.52518723190855	0.0	0	0
119.62529207883644	0.0	0	0
119.72539692576434	0.0	0	0
119.82550177269223	0.0	0	0
119.92560661962013	0.0	0	0
120.02571146654803	1.0	1	1
120.12581631347592	1.0	1	1
120.22592116040383	1.0	1	1
120.32602600733172	1.0	1	1
120.42613085425961	1.0	1	1
120.52623570118752	1.0	1	1
120.62634054811541	1.0	1	1
120.7264453950433	1.0	1	1
120.8265502419712	1.0	1	1
120.9266550888991	1.0	1	1
121.02675993582699	1.0	1	1
121.1268647827549	1.0	1	1
121.22696962968278	1.0	1	1
121.32707447661069	1.0	1	1
121.42717932353858	1.0	1	1
121.52728417046647	1.0	1	1
121.62738901739438	1.0	1	1
121.72749386432227	1.0	1	1
121.82759871125016	1.0	1	1
121.92770355817807	1.0	1	1
122.02780840510596	1.0	1	1
122.12791325203386	1.0	1	1
122.22801809896175	0.0	0	0
122.32812294588965	0.0	0	0
122.42822779281755	0.0	0	0
122.52833263974544	0.0	0	0
122.62843748667333	0.0	0	0
122.72854233360124	0.0	0	0
122.82864718052913	0.0	0	0
122.92875202745704	0.0	0	0
123.02885687438493	0.0	0	0
123.12896172131282	0.0	0	0
123.22906656824073	0.0	0	0
123.32917141516862	0.0	0	0
123.42927626209651	0.0	0	0
123.52938110902441	0.0	0	0
123.6294859559523	0.0	0	0
123.7295908028802	0.0	0	0
123.8296956498081	0.0	0	0
123.929800496736	0.0	0	0
124.0299053436639	0.0	0	0
124.13001019059179	0.0	0	0
124.23011503751968	0.0	0	0
124.33021988444759	0.0	0	0
124.43032473137548	0.0	0	0
124.53042957830337	0.0	0	0
124.63053442523128	0.0	0	0
124.73063927215917	0.0	0	0
124.83074411908707	0.0	0	0
124.93084896601496	0.0	0	0
125.03095381294285	0.0	0	0
125.13105865987076	0.0	0	0
125.23116350679865	0.0	0	0
125.33126835372654	0.0	0	0
125.43137320065445	0.0	0	0
125.53147804758234	0.0	0	0
125.63158289451023	0.0	0	0
125.73168774143814	0.0	0	0
125.83179258836603	0.0	0	0
125.93189743529393	0.0	0	0
126.03200228222182	0.0	0	0
126.13210712914972	0.0	0	0
126.23221197607762	0.0	0	0
126.33231682300551	0.0	0	0
126.4324216699334	0.0	0	0
126.53252651686131	0.0	0	0
126.6326313637892	0.0	0	0
126.7327362107171	0.0	0	0
126.832841057645	0.0	0	0
126.93294590457289	0.0	0	0
127.0330507515008	1.0	1	1
127.13315559842869	1.0	1	1
127.23326044535658	1.0	1	1
127.33336529228448	1.0	1	1
127.43347013921237	1.0	1	1
127.53357498614028	1.0	1	1
127.63367983306817	1.0	1	1
127.73378467999606	1.0	1	1
127.83388952692397	1.0	1	1
127.93399437385186	1.0	1	1
128.03409922077975	1.0	1	1
128.13420406770766	1.0	1	1
128.23430891463556	1.0	1	1
128.33441376156344	2.0	2	2
128.43451860849135	2.0	2	2
128.53462345541925	3.0	3	3
128.63472830234713	3.0	3	3
128.73483314927503	3.0	3	3
128.83493799620294	4.0	4	4
128.93504284313082	4.0	4	4
129.03514769005872	4.0	4	4
129.13525253698663	4.0	4	4
129.2353573839145	3.0	3	3
129.3354622308424	3.0	3	3
129.43556707777032	3.0	3	3
129.5356719246982	3.0	3	3
129.6357767716261	3.0	3	3
129.735881618554	3.0	3	3
129.8359864654819	3.0	3	3
129.9360913124098	3.0	3	3
130.0361961593377	3.0	3	3
130.1363010062656	3.0	3	3
130.23640585319347	3.0	3	3
130.33651070012138	2.0	2	2
130.43661554704929	2.0	2	2
130.53672039397716	2.0	2	2
130.63682524090507	2.0	2	2
130.73693008783297	2.0	2	2
130.83703493476085	2.0	2	2
130.93713978168876	1.0	1	1
131.03724462861666	1.0	1	1
131.13734947554454	1.0	1	1
131.23745432247244	1.0	1	1
131.33755916940035	1.0	1	1
131.43766401632823	1.0	1	1
131.53776886325613	1.0	1	1
131.63787371018404	1.0	1	1
131.73797855711194	1.0	1	1
131.83808340403982	1.0	1	1
131.93818825096773	1.0	1	1
132.03829309789563	1.0	1	1
132.1383979448235	1.0	1	1
132.23850279175142	1.0	1	1
132.33860763867932	1.0	1	1
132.4387124856072	1.0	1	1
132.5388173325351	1.0	1	1
132.638922179463	1.0	1	1
132.7390270263909	1.0	1	1
132.8391318733188	1.0	1	1
132.9392367202467	1.0	1	1
133.03934156717457	2.0	2	2
133.13944641410248	2.0	2	2
133.23955126103039	2.0	2	2
133.33965610795826	2.0	2	2
133.43976095488617	2.0	2	2
133.53986580181407	2.0	2	2
133.63997064874198	2.0	2	2
133.74007549566986	2.0	2	2
133.84018034259776	2.0	2	2
133.94028518952567	1.0	1	1
134.04039003645354	1.0	1	1
134.14049488338145	1.0	1	1
134.24059973030936	1.0	1	1
134.34070457723723	2.0	2	2
134.44080942416514	2.0	2	2
134.54091427109304	2.0	2	2
134.64101911802092	2.0	2	2
134.74112396494883	2.0	2	2
134.84122881187673	2.0	2	2
134.9413336588046	2.0	2	2
135.04143850573251	2.0	2	2
135.14154335266042	2.0	2	2
135.24164819958833	2.0	2	2
135.3417530465162	2.0	2	2
135.4418578934441	2.0	2	2
135.541962740372	2.0	2	2
135.6420675872999	2.0	2	2
135.7421724342278	2.0	2	2
135.8422772811557	2.0	2	2
135.94238212808358	2.0	2	2
136.04248697501149	2.0	2	2
136.1425918219394	2.0	2	2
136.24269666886727	2.0	2	2
136.34280151579517	2.0	2	2
136.44290636272308	1.0	1	1
136.54301120965096	1.0	1	1
136.64311605657886	1.0	1	1
136.74322090350677	1.0	1	1
136.84332575043464	1.0	1	1
136.94343059736255	2.0	2	2
137.04353544429046	2.0	2	2
137.14364029121836	2.0	2	2
137.24374513814624	2.0	2	2
137.34384998507414	2.0	2	2
137.44395483200205	2.0	2	2
137.54405967892993	2.0	2	2
137.64416452585783	2.0	2	2
137.74426937278574	2.0	2	2
137.84437421971361	2.0	2	2
137.94447906664152	2.0	2	2
138.04458391356943	2.0	2	2
138.1446887604973	2.0	2	2
138.2447936074252	2.0	2	2
138.3448984543531	2.0	2	2
138.445003301281	3.0	3	3
138.5451081482089	3.0	3	3
138.6452129951368	3.0	3	3
138.74531784206468	3.0	3	3
138.84542268899258	3.0	3	3
138.9455275359205	3.0	3	3
139.0456323828484	3.0	3	3
139.14573722977627	3.0	3	3
139.24584207670418	2.0	2	2
139.34594692363208	2.0	2	2
139.44605177055996	2.0	2	2
139.54615661748787	2.0	2	2
139.64626146441577	2.0	2	2
139.74636631134365	2.0	2	2
139.84647115827156	2.0	2	2
139.94657600519946	2.0	2	2
140.04668085212734	2.0	2	2
140.14678569905524	2.0	2	2
140.24689054598315	2.0	2	2
140.34699539291103	1.0	1	1
140.44710023983893	1.0	1	1
140.54720508676684	0.0	0	0
140.64730993369474	0.0	0	0
140.74741478062262	0.0	0	0
140.84751962755053	0.0	0	0
140.94762447447843	0.0	0	0
141.0477293214063	0.0	0	0
141.1478341683342	0.0	0	0
141.24793901526212	0.0	0	0
141.34804386219	0.0	0	0
141.4481487091179	0.0	0	0
141.5482535560458	0.0	0	0
141.64835840297368	0.0	0	0
141.7484632499016	0.0	0	0
141.8485680968295	0.0	0	0
141.94867294375737	0.0	0	0
142.04877779068528	0.0	0	0
142.14888263761318	0.0	0	0
142.24898748454106	0.0	0	0
142.34909233146897	0.0	0	0
142.44919717839687	0.0	0	0
142.54930202532478	0.0	0	0
142.64940687225265	0.0	0	0
142.74951171918056	0.0	0	0
142.84961656610847	0.0	0	0
142.94972141303634	0.0	0	0
143.04982625996425	0.0	0	0
143.14993110689215	0.0	0	0
143.25003595382003	0.0	0	0
143.35014080074794	0.0	0	0
143.45024564767584	0.0	0	0
143.55035049460372	1.0	1	1
143.65045534153163	1.0	1	1
143.75056018845953	1.0	1	1
143.8506650353874	1.0	1	1
143.9507698823153	1.0	1	1
144.05087472924322	1.0	1	1
144.1509795761711	1.0	1	1
144.251084423099	1.0	1	1
144.3511892700269	1.0	1	1
144.4512941169548	1.0	1	1
144.5513989638827	1.0	1	1
144.6515038108106	1.0	1	1
144.7516086577385	2.0	2	2
144.85171350466638	2.0	2	2
144.95181835159428	2.0	2	2
145.0519231985222	2.0	2	2
145.15202804545007	2.0	2	2
145.25213289237797	2.0	2	2
145.35223773930588	2.0	2	2
145.45234258623375	2.0	2	2
145.55244743316166	2.0	2	2
145.65255228008957	2.0	2	2
145.75265712701744	2.0	2	2
145.85276197394535	2.0	2	2
145.95286682087325	2.0	2	2
146.05297166780116	2.0	2	2
146.15307651472904	2.0	2	2
146.25318136165694	2.0	2	2
146.35328620858485	2.0	2	2
146.45339105551272	2.0	2	2
146.55349590244063	2.0	2	2
146.65360074936854	2.0	2	2
146.7537055962964	2.0	2	2
146.85381044322432	2.0	2	2
146.95391529015222	2.0	2	2
147.0540201370801	2.0	2	2
147.154124984008	2.0	2	2
147.2542298309359	2.0	2	2
147.3543346778638	2.0	2	2
147.4544395247917	2.0	2	2
147.5545443717196	2.0	2	2
147.65464921864748	2.0	2	2
147.75475406557538	2.0	2	2
147.8548589125033	2.0	2	2
147.9549637594312	2.0	2	2
148.05506860635907	2.0	2	2
148.15517345328698	2.0	2	2
148.25527830021488	2.0	2	2
148.35538314714276	2.0	2	2
148.45548799407067	2.0	2	2
148.55559284099857	2.0	2	2
148.65569768792645	2.0	2	2
148.75580253485435	2.0	2	2
148.85590738178226	2.0	2	2
148.95601222871014	2.0	2	2
149.05611707563804	2.0	2	2
149.15622192256595	2.0	2	2
149.25632676949382	2.0	2	2
149.35643161642173	2.0	2	2
149.45653646334964	2.0	2	2
149.5566413102775	2.0	2	2
149.65674615720542	2.0	2	2
149.75685100413332	2.0	2	2
149.85695585106123	2.0	2	2
149.9570606979891	2.0	2	2
150.057165544917	2.0	2	2
150.15727039184492	3.0	3	3
150.2573752387728	3.0	3	3
150.3574800857007	3.0	3	3
150.4575849326286	3.0	3	3
150.55768977955648	3.0	3	3
150.6577946264844	3.0	3	3
150.7578994734123	3.0	3	3
150.85800432034017	3.0	3	3
150.95810916726808	3.0	3	3
151.05821401419598	3.0	3	3
151.15831886112386	3.0	3	3
151.25842370805177	3.0	3	3
151.35852855497967	3.0	3	3
151.45863340190755	3.0	3	3
151.55873824883545	3.0	3	3
151.65884309576336	3.0	3	3
151.75894794269126	3.0	3	3
151.85905278961914	3.0	3	3
151.95915763654705	3.0	3	3
152.05926248347495	3.0	3	3
152.15936733040283	3.0	3	3
152.25947217733074	3.0	3	3
152.35957702425864	2.0	2	2
152.45968187118652	2.0	2	2
152.55978671811442	2.0	2	2
152.65989156504233	2.0	2	2
152.7599964119702	2.0	2	2
152.8601012588981	2.0	2	2
152.96020610582602	2.0	2	2
153.0603109527539	2.0	2	2
153.1604157996818	2.0	2	2
153.2605206466097	2.0	2	2
153.3606254935376	2.0	2	2
153.4607303404655	2.0	2	2
153.5608351873934	2.0	2	2
153.6609400343213	2.0	2	2
153.76104488124918	2.0	2	2
153.86114972817708	2.0	2	2
153.961254575105	2.0	2	2
154.06135942203287	2.0	2	2
154.16146426896077	2.0	2	2
154.26156911588868	2.0	2	2
154.36167396281655	2.0	2	2
154.46177880974446	2.0	2	2
154.56188365667236	2.0	2	2
154.66198850360024	2.0	2	2
154.76209335052815	2.0	2	2
154.86219819745605	2.0	2	2
154.96230304438393	2.0	2	2
155.06240789131184	2.0	2	2
155.16251273823974	2.0	2	2
155.26261758516765	2.0	2	2
155.36272243209552	2.0	2	2
155.46282727902343	2.0	2	2
155.56293212595133	2.0	2	2
155.6630369728792	2.0	2	2
155.76314181980712	2.0	2	2
155.86324666673502	2.0	2	2
155.9633515136629	2.0	2	2
156.0634563605908	2.0	2	2
156.1635612075187	2.0	2	2
156.2636660544466	2.0	2	2
156.3637709013745	2.0	2	2
156.4638757483024	1.0	1	1
156.56398059523028	1.0	1	1
156.66408544215818	1.0	1	1
156.7641902890861	1.0	1	1
156.86429513601396	1.0	1	1
156.96439998294187	1.0	1	1
157.06450482986978	1.0	1	1
157.16460967679768	1.0	1	1
157.26471452372556	1.0	1	1
157.36481937065346	1.0	1	1
157.46492421758137	0.0	0	0
157.56502906450925	0.0	0	0
157.66513391143715	0.0	0	0
157.76523875836506	0.0	0	0
157.86534360529294	0.0	0	0
157.96544845222084	0.0	0	0
158.06555329914875	0.0	0	0
158.16565814607662	0.0	0	0
158.26576299300453	0.0	0	0
158.36586783993243	0.0	0	0
158.4659726868603	0.0	0	0
158.56607753378822	0.0	0	0
158.66618238071612	0.0	0	0
158.76628722764403	1.0	1	1
158.8663920745719	1.0	1	1
158.9664969214998	1.0	1	1
159.06660176842772	1.0	1	1
159.1667066153556	1.0	1	1
159.2668114622835	1.0	1	1
159.3669163092114	1.0	1	1
159.46702115613928	1.0	1	1
159.5671260030672	1.0	1	1
159.6672308499951	1.0	1	1
159.76733569692297	1.0	1	1
159.86744054385088	1.0	1	1
159.96754539077878	1.0	1	1
160.06765023770666	1.0	1	1
160.16775508463456	1.0	1	1
160.26785993156247	1.0	1	1
160.36796477849035	1.0	1	1
160.46806962541825	1.0	1	1
160.56817447234616	1.0	1	1
160.66827931927406	1.0	1	1
160.76838416620194	1.0	1	1
160.86848901312985	1.0	1	1
160.96859386005775	1.0	1	1
161.06869870698563	1.0	1	1
161.16880355391353	2.0	2	2
161.26890840084144	2.0	2	2
161.36901324776932	2.0	2	2
161.46911809469722	2.0	2	2
161.56922294162513	2.0	2	2
161.669327788553	2.0	2	2
161.7694326354809	2.0	2	2
161.86953748240882	2.0	2	2
161.9696423293367	2.0	2	2
162.0697471762646	3.0	3	3
162.1698520231925	3.0	3	3
162.26995687012038	3.0	3	3
162.3700617170483	3.0	3	3
162.4701665639762	3.0	3	3
162.5702714109041	3.0	3	3
162.67037625783198	3.0	3	3
162.77048110475988	3.0	3	3
162.8705859516878	3.0	3	3
162.97069079861566	3.0	3	3
163.07079564554357	3.0	3	3
163.17090049247147	3.0	3	3
163.27100533939935	3.0	3	3
163.37111018632726	3.0	3	3
163.47121503325516	3.0	3	3
163.57131988018304	3.0	3	3
163.67142472711095	3.0	3	3
163.77152957403885	3.0	3	3
163.87163442096673	3.0	3	3
163.97173926789463	3.0	3	3
164.07184411482254	3.0	3	3
164.17194896175042	3.0	3	3
164.27205380867832	4.0	4	4
164.37215865560623	4.0	4	4
164.47226350253413	5.0	5	5
164.572368349462	5.0	5	5
164.67247319638992	5.0	5	5
164.77257804331782	5.0	5	5
164.8726828902457	5.0	5	5
164.9727877371736	5.0	5	5
165.0728925841015	5.0	5	5
165.1729974310294	6.0	6	6
165.2731022779573	6.0	6	6
165.3732071248852	6.0	6	6
165.47331197181308	6.0	6	6
165.57341681874098	6.0	6	6
165.6735216656689	6.0	6	6
165.77362651259676	6.0	6	6
165.87373135952467	6.0	6	6
165.97383620645257	7.0	7	7
166.07394105338048	7.0	7	7
166.17404590030836	7.0	7	7
166.27415074723626	7.0	7	7
166.37425559416417	7.0	7	7
166.47436044109205	6.0	6	6
166.57446528801995	5.0	5	5
166.67457013494786	4.0	4	4
166.77467498187573	3.0	3	3
166.87477982880364	3.0	3	3
166.97488467573154	3.0	3	3
167.07498952265942	3.0	3	3
167.17509436958733	4.0	4	4
167.27519921651523	5.0	5	5
167.3753040634431	4.0	4	4
167.47540891037102	4.0	4	4
167.57551375729892	4.0	4	4
167.6756186042268	4.0	4	4
167.7757234511547	4.0	4	4
167.8758282980826	4.0	4	4
167.97593314501052	4.0	4	4
168.0760379919384	4.0	4	4
168.1761428388663	3.0	3	3
168.2762476857942	3.0	3	3
168.37635253272208	3.0	3	3
168.47645737965	3.0	3	3
168.5765622265779	4.0	4	4
168.67666707350577	4.0	4	4
168.77677192043367	4.0	4	4
168.87687676736158	4.0	4	4
168.97698161428946	4.0	4	4
169.07708646121736	4.0	4	4
169.17719130814527	4.0	4	4
169.27729615507315	4.0	4	4
169.37740100200105	2.0	2	2
169.47750584892896	2.0	2	2
169.57761069585683	2.0	2	2
169.67771554278474	2.0	2	2
169.77782038971264	2.0	2	2
169.87792523664055	2.0	2	2
169.97803008356843	2.0	2	2
170.07813493049633	3.0	3	3
170.17823977742424	3.0	3	3
170.27834462435212	3.0	3	3
170.37844947128002	3.0	3	3
170.47855431820793	3.0	3	3
170.5786591651358	3.0	3	3
170.6787640120637	3.0	3	3
170.77886885899161	3.0	3	3
170.8789737059195	3.0	3	3
170.9790785528474	3.0	3	3
171.0791833997753	3.0	3	3
171.17928824670318	4.0	4	4
171.27939309363109	4.0	4	4
171.379497940559	4.0	4	4
171.4796027874869	4.0	4	4
171.57970763441477	4.0	4	4
171.67981248134268	4.0	4	4
171.77991732827059	4.0	4	4
171.88002217519846	4.0	4	4
171.98012702212637	4.0	4	4
172.08023186905427	4.0	4	4
172.18033671598215	4.0	4	4
172.28044156291006	4.0	4	4
172.38054640983796	4.0	4	4
172.48065125676584	4.0	4	4
172.58075610369374	4.0	4	4
172.68086095062165	4.0	4	4
172.78096579754953	4.0	4	4
172.88107064447743	4.0	4	4
172.98117549140534	4.0	4	4
173.08128033833322	4.0	4	4
173.18138518526112	4.0	4	4
173.28149003218903	4.0	4	4
173.38159487911693	4.0	4	4
173.4816997260448	4.0	4	4
173.58180457297271	4.0	4	4
173.68190941990062	4.0	4	4
173.7820142668285	4.0	4	4
173.8821191137564	5.0	5	5
173.9822239606843	5.0	5	5
174.08232880761219	5.0	5	5
174.1824336545401	5.0	5	5
174.282538501468	5.0	5	5
174.38264334839587	5.0	5	5
174.48274819532378	5.0	5	5
174.58285304225168	5.0	5	5
174.68295788917956	4.0	4	4
174.78306273610747	4.0	4	4
174.88316758303537	4.0	4	4
174.98327242996325	4.0	4	4
175.08337727689116	4.0	4	4
175.18348212381906	4.0	4	4
175.28358697074697	4.0	4	4
175.38369181767484	4.0	4	4
175.48379666460275	4.0	4	4
175.58390151153066	4.0	4	4
175.68400635845853	4.0	4	4
175.78411120538644	4.0	4	4
175.88421605231434	4.0	4	4
175.98432089924222	4.0	4	4
176.08442574617013	4.0	4	4
176.18453059309803	4.0	4	4
176.2846354400259	4.0	4	4
176.38474028695381	4.0	4	4
176.48484513388172	4.0	4	4
176.5849499808096	4.0	4	4
176.6850548277375	4.0	4	4
176.7851596746654	4.0	4	4
176.88526452159329	4.0	4	4
176.9853693685212	4.0	4	4
177.0854742154491	4.0	4	4
177.185579062377	4.0	4	4
177.28568390930488	4.0	4	4
177.38578875623278	4.0	4	4
177.4858936031607	4.0	4	4
177.58599845008857	4.0	4	4
177.68610329701647	4.0	4	4
177.78620814394438	4.0	4	4
177.88631299087226	4.0	4	4
177.98641783780016	4.0	4	4
178.08652268472807	3.0	3	3
178.18662753165594	3.0	3	3
178.28673237858385	3.0	3	3
178.38683722551175	3.0	3	3
178.48694207243963	3.0	3	3
178.58704691936754	3.0	3	3
178.68715176629544	3.0	3	3
178.78725661322335	3.0	3	3
178.88736146015123	3.0	3	3
178.98746630707913	3.0	3	3
179.08757115400704	3.0	3	3
179.1876760009349	3.0	3	3
179.28778084786282	3.0	3	3
179.38788569479073	3.0	3	3
179.4879905417186	3.0	3	3
179.5880953886465	3.0	3	3
179.6882002355744	3.0	3	3
179.7883050825023	3.0	3	3
179.8884099294302	3.0	3	3
179.9885147763581	3.0	3	3
180.08861962328598	3.0	3	3
180.18872447021388	3.0	3	3
180.2888293171418	3.0	3	3
180.38893416406967	3.0	3	3
180.48903901099757	3.0	3	3
180.58914385792548	3.0	3	3
180.68924870485338	3.0	3	3
180.78935355178126	3.0	3	3
180.88945839870917	3.0	3	3
180.98956324563707	3.0	3	3
181.08966809256495	3.0	3	3
181.18977293949285	3.0	3	3
181.28987778642076	3.0	3	3
181.38998263334864	3.0	3	3
181.49008748027654	3.0	3	3
181.59019232720445	3.0	3	3
181.69029717413233	2.0	2	2
181.79040202106023	2.0	2	2
181.89050686798814	2.0	2	2
181.990611714916	2.0	2	2
182.09071656184392	2.0	2	2
182.19082140877182	2.0	2	2
182.2909262556997	2.0	2	2
182.3910311026276	2.0	2	2
182.4911359495555	2.0	2	2
182.59124079648342	2.0	2	2
182.6913456434113	2.0	2	2
182.7914504903392	2.0	2	2
182.8915553372671	2.0	2	2
182.99166018419498	2.0	2	2
183.0917650311229	2.0	2	2
183.1918698780508	2.0	2	2
183.29197472497867	2.0	2	2
183.39207957190658	2.0	2	2
183.49218441883448	2.0	2	2
183.59228926576236	1.0	1	1
183.69239411269027	1.0	1	1
183.79249895961817	1.0	1	1
183.89260380654605	1.0	1	1
183.99270865347395	1.0	1	1
184.09281350040186	1.0	1	1
184.19291834732977	1.0	1	1
184.29302319425764	1.0	1	1
184.39312804118555	1.0	1	1
184.49323288811345	1.0	1	1
184.59333773504133	1.0	1	1
184.69344258196924	1.0	1	1
184.79354742889714	1.0	1	1
184.89365227582502	1.0	1	1
184.99375712275292	1.0	1	1
