time	diversity	m_div	M_div
0.0	2.0	2	2
0.10008643288670771	2.0	2	2
0.20017286577341542	2.0	2	2
0.30025929866012313	2.0	2	2
0.40034573154683084	2.0	2	2
0.5004321644335386	2.0	2	2
0.6005185973202463	2.0	2	2
0.700605030206954	2.0	2	2
0.8006914630936617	1.0	1	1
0.9007778959803694	1.0	1	1
1.000864328867077	1.0	1	1
1.1009507617537848	1.0	1	1
1.2010371946404925	1.0	1	1
1.3011236275272002	1.0	1	1
1.401210060413908	1.0	1	1
1.5012964933006157	1.0	1	1
1.6013829261873234	1.0	1	1
1.701469359074031	1.0	1	1
1.8015557919607388	1.0	1	1
1.9016422248474465	1.0	1	1
2.001728657734154	1.0	1	1
2.101815090620862	1.0	1	1
2.2019015235075696	1.0	1	1
2.301987956394277	1.0	1	1
2.402074389280985	1.0	1	1
2.502160822167693	2.0	2	2
2.6022472550544005	2.0	2	2
2.702333687941108	2.0	2	2
2.802420120827816	2.0	2	2
2.902506553714524	2.0	2	2
3.0025929866012313	2.0	2	2
3.102679419487939	2.0	2	2
3.2027658523746467	3.0	3	3
3.3028522852613547	3.0	3	3
3.402938718148062	3.0	3	3
3.5030251510347696	3.0	3	3
3.6031115839214776	3.0	3	3
3.7031980168081855	3.0	3	3
3.803284449694893	3.0	3	3
3.9033708825816005	3.0	3	3
4.003457315468308	3.0	3	3
4.103543748355016	3.0	3	3
4.203630181241724	3.0	3	3
4.303716614128431	3.0	3	3
4.403803047015139	3.0	3	3
4.503889479901847	3.0	3	3
4.603975912788554	3.0	3	3
4.704062345675262	3.0	3	3
4.80414877856197	3.0	3	3
4.904235211448678	3.0	3	3
5.004321644335386	3.0	3	3
5.104408077222093	3.0	3	3
5.204494510108801	3.0	3	3
5.304580942995509	3.0	3	3
5.404667375882216	3.0	3	3
5.504753808768924	3.0	3	3
5.604840241655632	3.0	3	3
5.70492667454234	3.0	3	3
5.805013107429048	3.0	3	3
5.905099540315755	3.0	3	3
6.005185973202463	3.0	3	3
6.1052724060891705	3.0	3	3
6.205358838975878	3.0	3	3
6.3054452718625855	3.0	3	3
6.4055317047492935	3.0	3	3
6.505618137636001	3.0	3	3
6.605704570522709	3.0	3	3
6.705791003409416	3.0	3	3
6.805877436296124	3.0	3	3
6.905963869182832	3.0	3	3
7.006050302069539	3.0	3	3
7.106136734956247	3.0	3	3
7.206223167842955	3.0	3	3
7.306309600729663	3.0	3	3
7.406396033616371	3.0	3	3
7.506482466503078	3.0	3	3
7.606568899389786	3.0	3	3
7.706655332276494	3.0	3	3
7.806741765163201	3.0	3	3
7.906828198049909	3.0	3	3
8.006914630936617	3.0	3	3
8.107001063823324	3.0	3	3
8.207087496710033	3.0	3	3
8.30717392959674	3.0	3	3
8.407260362483449	3.0	3	3
8.507346795370156	3.0	3	3
8.607433228256863	3.0	3	3
8.707519661143571	3.0	3	3
8.807606094030278	3.0	3	3
8.907692526916986	3.0	3	3
9.007778959803694	3.0	3	3
9.107865392690401	3.0	3	3
9.207951825577108	3.0	3	3
9.308038258463817	3.0	3	3
9.408124691350524	3.0	3	3
9.508211124237233	3.0	3	3
9.60829755712394	3.0	3	3
9.708383990010647	3.0	3	3
9.808470422897356	3.0	3	3
9.908556855784063	3.0	3	3
10.008643288670772	3.0	3	3
10.108729721557479	3.0	3	3
10.208816154444186	3.0	3	3
10.308902587330895	3.0	3	3
10.408989020217602	3.0	3	3
10.509075453104309	3.0	3	3
10.609161885991018	3.0	3	3
10.709248318877725	3.0	3	3
10.809334751764432	3.0	3	3
10.90942118465114	3.0	3	3
11.009507617537848	3.0	3	3
11.109594050424556	3.0	3	3
11.209680483311264	3.0	3	3
11.30976691619797	3.0	3	3
11.40985334908468	3.0	3	3
11.509939781971386	3.0	3	3
11.610026214858095	3.0	3	3
11.710112647744802	3.0	3	3
11.81019908063151	3.0	3	3
11.910285513518218	3.0	3	3
12.010371946404925	3.0	3	3
12.110458379291632	3.0	3	3
12.210544812178341	3.0	3	3
12.310631245065048	3.0	3	3
12.410717677951755	3.0	3	3
12.510804110838464	3.0	3	3
12.610890543725171	3.0	3	3
12.71097697661188	3.0	3	3
12.811063409498587	3.0	3	3
12.911149842385294	3.0	3	3
13.011236275272003	3.0	3	3
13.11132270815871	3.0	3	3
13.211409141045419	3.0	3	3
13.311495573932126	3.0	3	3
13.411582006818833	3.0	3	3
13.511668439705542	4.0	4	4
13.611754872592249	4.0	4	4
13.711841305478956	4.0	4	4
13.811927738365664	4.0	4	4
13.912014171252371	4.0	4	4
14.012100604139079	5.0	5	5
14.112187037025787	5.0	5	5
14.212273469912494	5.0	5	5
14.312359902799203	5.0	5	5
14.41244633568591	5.0	5	5
14.512532768572617	5.0	5	5
14.612619201459326	5.0	5	5
14.712705634346033	5.0	5	5
14.812792067232742	5.0	5	5
14.912878500119449	5.0	5	5
15.012964933006156	5.0	5	5
15.113051365892865	5.0	5	5
15.213137798779572	5.0	5	5
15.313224231666279	5.0	5	5
15.413310664552988	5.0	5	5
15.513397097439695	5.0	5	5
15.613483530326402	5.0	5	5
15.71356996321311	5.0	5	5
15.813656396099818	5.0	5	5
15.913742828986527	5.0	5	5
16.013829261873234	5.0	5	5
16.113915694759942	5.0	5	5
16.214002127646648	5.0	5	5
16.314088560533357	5.0	5	5
16.414174993420065	5.0	5	5
16.51426142630677	5.0	5	5
16.61434785919348	5.0	5	5
16.71443429208019	5.0	5	5
16.814520724966897	5.0	5	5
16.914607157853602	5.0	5	5
17.01469359074031	5.0	5	5
17.11478002362702	5.0	5	5
17.214866456513725	5.0	5	5
17.314952889400434	5.0	5	5
17.415039322287143	5.0	5	5
17.515125755173848	5.0	5	5
17.615212188060557	5.0	5	5
17.715298620947266	5.0	5	5
17.81538505383397	5.0	5	5
17.91547148672068	5.0	5	5
18.01555791960739	5.0	5	5
18.115644352494094	5.0	5	5
18.215730785380803	5.0	5	5
18.31581721826751	5.0	5	5
18.415903651154217	5.0	5	5
18.515990084040926	5.0	5	5
18.616076516927635	5.0	5	5
18.716162949814343	5.0	5	5
18.81624938270105	5.0	5	5
18.916335815587757	5.0	5	5
19.016422248474466	5.0	5	5
19.11650868136117	4.0	4	4
19.21659511424788	4.0	4	4
19.31668154713459	4.0	4	4
19.416767980021294	4.0	4	4
19.516854412908003	4.0	4	4
19.616940845794712	4.0	4	4
19.717027278681417	4.0	4	4
19.817113711568126	4.0	4	4
19.917200144454835	4.0	4	4
20.017286577341544	4.0	4	4
20.11737301022825	4.0	4	4
20.217459443114958	4.0	4	4
20.317545876001667	4.0	4	4
20.417632308888372	4.0	4	4
20.51771874177508	4.0	4	4
20.61780517466179	4.0	4	4
20.717891607548495	4.0	4	4
20.817978040435204	4.0	4	4
20.918064473321913	4.0	4	4
21.018150906208618	4.0	4	4
21.118237339095327	4.0	4	4
21.218323771982035	3.0	3	3
21.31841020486874	3.0	3	3
21.41849663775545	3.0	3	3
21.51858307064216	3.0	3	3
21.618669503528864	2.0	2	2
21.718755936415572	2.0	2	2
21.81884236930228	2.0	2	2
21.91892880218899	2.0	2	2
22.019015235075695	2.0	2	2
22.119101667962404	2.0	2	2
22.219188100849113	2.0	2	2
22.31927453373582	2.0	2	2
22.419360966622527	2.0	2	2
22.519447399509236	2.0	2	2
22.61953383239594	2.0	2	2
22.71962026528265	2.0	2	2
22.81970669816936	2.0	2	2
22.919793131056064	2.0	2	2
23.019879563942773	2.0	2	2
23.11996599682948	2.0	2	2
23.22005242971619	2.0	2	2
23.320138862602896	2.0	2	2
23.420225295489605	2.0	2	2
23.520311728376313	2.0	2	2
23.62039816126302	2.0	2	2
23.720484594149728	2.0	2	2
23.820571027036436	1.0	1	1
23.92065745992314	1.0	1	1
24.02074389280985	1.0	1	1
24.12083032569656	1.0	1	1
24.220916758583265	1.0	1	1
24.321003191469973	1.0	1	1
24.421089624356682	1.0	1	1
24.521176057243387	1.0	1	1
24.621262490130096	1.0	1	1
24.721348923016805	1.0	1	1
24.82143535590351	1.0	1	1
24.92152178879022	1.0	1	1
25.021608221676928	1.0	1	1
25.121694654563637	1.0	1	1
25.221781087450342	1.0	1	1
25.32186752033705	1.0	1	1
25.42195395322376	1.0	1	1
25.522040386110465	1.0	1	1
25.622126818997174	1.0	1	1
25.722213251883883	1.0	1	1
25.822299684770588	1.0	1	1
25.922386117657297	1.0	1	1
26.022472550544006	1.0	1	1
26.12255898343071	1.0	1	1
26.22264541631742	1.0	1	1
26.32273184920413	1.0	1	1
26.422818282090837	1.0	1	1
26.522904714977543	1.0	1	1
26.62299114786425	1.0	1	1
26.72307758075096	1.0	1	1
26.823164013637665	1.0	1	1
26.923250446524374	1.0	1	1
27.023336879411083	1.0	1	1
27.12342331229779	1.0	1	1
27.223509745184497	1.0	1	1
27.323596178071206	1.0	1	1
27.42368261095791	1.0	1	1
27.52376904384462	1.0	1	1
27.62385547673133	1.0	1	1
27.723941909618034	1.0	1	1
27.824028342504743	0.0	0	0
27.924114775391452	0.0	0	0
28.024201208278157	0.0	0	0
28.124287641164866	0.0	0	0
28.224374074051575	0.0	0	0
28.324460506938284	0.0	0	0
28.42454693982499	0.0	0	0
28.524633372711698	0.0	0	0
28.624719805598406	0.0	0	0
28.72480623848511	0.0	0	0
28.82489267137182	0.0	0	0
28.92497910425853	0.0	0	0
29.025065537145235	0.0	0	0
29.125151970031943	0.0	0	0
29.225238402918652	0.0	0	0
29.325324835805358	0.0	0	0
29.425411268692066	0.0	0	0
29.525497701578775	0.0	0	0
29.625584134465484	0.0	0	0
29.72567056735219	0.0	0	0
29.825757000238898	0.0	0	0
29.925843433125607	0.0	0	0
30.025929866012312	0.0	0	0
30.12601629889902	0.0	0	0
30.22610273178573	0.0	0	0
30.326189164672435	0.0	0	0
30.426275597559144	0.0	0	0
30.526362030445853	0.0	0	0
30.626448463332558	0.0	0	0
30.726534896219267	0.0	0	0
30.826621329105976	0.0	0	0
30.92670776199268	0.0	0	0
31.02679419487939	0.0	0	0
31.1268806277661	0.0	0	0
31.226967060652804	0.0	0	0
31.327053493539513	0.0	0	0
31.42713992642622	0.0	0	0
31.52722635931293	0.0	0	0
31.627312792199636	0.0	0	0
31.727399225086344	0.0	0	0
31.827485657973053	0.0	0	0
31.92757209085976	0.0	0	0
32.02765852374647	0.0	0	0
32.12774495663317	0.0	0	0
32.227831389519885	0.0	0	0
32.32791782240659	0.0	0	0
32.428004255293295	0.0	0	0
32.52809068818001	0.0	0	0
32.62817712106671	0.0	0	0
32.72826355395342	0.0	0	0
32.82834998684013	0.0	0	0
32.928436419726836	0.0	0	0
33.02852285261354	0.0	0	0
33.128609285500254	0.0	0	0
33.22869571838696	0.0	0	0
33.328782151273664	0.0	0	0
33.42886858416038	0.0	0	0
33.52895501704708	0.0	0	0
33.629041449933794	0.0	0	0
33.7291278828205	1.0	1	1
33.829214315707205	1.0	1	1
33.92930074859392	1.0	1	1
34.02938718148062	1.0	1	1
34.12947361436733	1.0	1	1
34.22956004725404	1.0	1	1
34.329646480140745	1.0	1	1
34.42973291302745	1.0	1	1
34.52981934591416	1.0	1	1
34.62990577880087	1.0	1	1
34.72999221168757	1.0	1	1
34.830078644574286	1.0	1	1
34.93016507746099	1.0	1	1
35.030251510347696	1.0	1	1
35.13033794323441	1.0	1	1
35.230424376121114	1.0	1	1
35.33051080900782	1.0	1	1
35.43059724189453	1.0	1	1
35.53068367478124	1.0	1	1
35.63077010766794	1.0	1	1
35.730856540554655	1.0	1	1
35.83094297344136	1.0	1	1
35.931029406328065	1.0	1	1
36.03111583921478	1.0	1	1
36.13120227210148	1.0	1	1
36.23128870498819	1.0	1	1
36.3313751378749	1.0	1	1
36.431461570761606	1.0	1	1
36.53154800364831	1.0	1	1
36.63163443653502	1.0	1	1
36.73172086942173	1.0	1	1
36.831807302308434	1.0	1	1
36.931893735195146	1.0	1	1
37.03198016808185	1.0	1	1
37.132066600968564	1.0	1	1
37.23215303385527	1.0	1	1
37.332239466741974	1.0	1	1
37.43232589962869	1.0	1	1
37.53241233251539	1.0	1	1
37.6324987654021	1.0	1	1
37.73258519828881	2.0	2	2
37.832671631175515	2.0	2	2
37.93275806406222	2.0	2	2
38.03284449694893	2.0	2	2
38.13293092983564	2.0	2	2
38.23301736272234	2.0	2	2
38.333103795609055	3.0	3	3
38.43319022849576	3.0	3	3
38.533276661382466	3.0	3	3
38.63336309426918	4.0	4	4
38.733449527155884	4.0	4	4
38.83353596004259	4.0	4	4
38.9336223929293	4.0	4	4
39.03370882581601	4.0	4	4
39.13379525870271	5.0	5	5
39.233881691589424	5.0	5	5
39.33396812447613	5.0	5	5
39.434054557362835	6.0	6	6
39.53414099024955	8.0	8	8
39.63422742313625	8.0	8	8
39.73431385602296	8.0	8	8
39.83440028890967	8.0	8	8
39.934486721796375	9.0	9	9
40.03457315468309	9.0	9	9
40.13465958756979	10.0	10	10
40.2347460204565	10.0	10	10
40.33483245334321	10.0	10	10
40.434918886229916	10.0	10	10
40.53500531911662	10.0	10	10
40.63509175200333	10.0	10	10
40.73517818489004	11.0	11	11
40.835264617776744	11.0	11	11
40.935351050663456	11.0	11	11
41.03543748355016	11.0	11	11
41.13552391643687	11.0	11	11
41.23561034932358	11.0	11	11
41.335696782210285	11.0	11	11
41.43578321509699	11.0	11	11
41.5358696479837	11.0	11	11
41.63595608087041	11.0	11	11
41.73604251375711	10.0	10	10
41.836128946643825	10.0	10	10
41.93621537953053	10.0	10	10
42.036301812417236	11.0	11	11
42.13638824530395	11.0	11	11
42.23647467819065	11.0	11	11
42.33656111107736	11.0	11	11
42.43664754396407	11.0	11	11
42.536733976850776	11.0	11	11
42.63682040973748	11.0	11	11
42.736906842624194	11.0	11	11
42.8369932755109	11.0	11	11
42.937079708397604	11.0	11	11
43.03716614128432	11.0	11	11
43.13725257417102	11.0	11	11
43.23733900705773	12.0	12	12
43.33742543994444	12.0	12	12
43.437511872831145	12.0	12	12
43.53759830571786	12.0	12	12
43.63768473860456	12.0	12	12
43.73777117149127	12.0	12	12
43.83785760437798	12.0	12	12
43.937944037264685	12.0	12	12
44.03803047015139	12.0	12	12
44.1381169030381	12.0	12	12
44.23820333592481	12.0	12	12
44.338289768811514	12.0	12	12
44.438376201698226	12.0	12	12
44.53846263458493	12.0	12	12
44.63854906747164	12.0	12	12
44.73863550035835	12.0	12	12
44.838721933245054	12.0	12	12
44.93880836613176	12.0	12	12
45.03889479901847	12.0	12	12
45.13898123190518	12.0	12	12
45.23906766479188	12.0	12	12
45.339154097678595	12.0	12	12
45.4392405305653	11.0	11	11
45.539326963452005	11.0	11	11
45.63941339633872	11.0	11	11
45.73949982922542	11.0	11	11
45.83958626211213	11.0	11	11
45.93967269499884	11.0	11	11
46.039759127885546	11.0	11	11
46.13984556077225	11.0	11	11
46.23993199365896	11.0	11	11
46.34001842654567	12.0	12	12
46.44010485943238	12.0	12	12
46.540191292319086	13.0	13	13
46.64027772520579	14.0	14	14
46.740364158092504	14.0	14	14
46.84045059097921	14.0	14	14
46.940537023865915	14.0	14	14
47.04062345675263	14.0	14	14
47.14070988963933	14.0	14	14
47.24079632252604	14.0	14	14
47.34088275541275	15.0	15	15
47.440969188299455	15.0	15	15
47.54105562118616	15.0	15	15
47.64114205407287	15.0	15	15
47.74122848695958	15.0	15	15
47.84131491984628	16.0	16	16
47.941401352732996	16.0	16	16
48.0414877856197	16.0	16	16
48.141574218506406	16.0	16	16
48.24166065139312	16.0	16	16
48.341747084279824	16.0	16	16
48.44183351716653	16.0	16	16
48.54191995005324	16.0	16	16
48.64200638293995	16.0	16	16
48.74209281582665	15.0	15	15
48.842179248713364	15.0	15	15
48.94226568160007	15.0	15	15
49.042352114486775	15.0	15	15
49.14243854737349	15.0	15	15
49.24252498026019	15.0	15	15
49.3426114131469	16.0	16	16
49.44269784603361	16.0	16	16
49.542784278920315	17.0	17	17
49.64287071180702	17.0	17	17
49.74295714469373	17.0	17	17
49.84304357758044	17.0	17	17
49.94313001046715	17.0	17	17
50.043216443353856	17.0	17	17
50.14330287624056	15.0	15	15
50.243389309127274	15.0	15	15
50.34347574201398	14.0	14	14
50.443562174900684	14.0	14	14
50.5436486077874	14.0	14	14
50.6437350406741	13.0	13	13
50.74382147356081	13.0	13	13
50.84390790644752	13.0	13	13
50.943994339334225	13.0	13	13
51.04408077222093	13.0	13	13
51.14416720510764	13.0	13	13
51.24425363799435	13.0	13	13
51.34434007088105	13.0	13	13
51.444426503767765	14.0	14	14
51.54451293665447	14.0	14	14
51.644599369541176	14.0	14	14
51.74468580242789	14.0	14	14
51.84477223531459	15.0	15	15
51.9448586682013	15.0	15	15
52.04494510108801	15.0	15	15
52.145031533974716	15.0	15	15
52.24511796686142	15.0	15	15
52.345204399748134	15.0	15	15
52.44529083263484	15.0	15	15
52.545377265521545	15.0	15	15
52.64546369840826	15.0	15	15
52.74555013129496	15.0	15	15
52.845636564181675	15.0	15	15
52.94572299706838	15.0	15	15
53.045809429955085	15.0	15	15
53.1458958628418	14.0	14	14
53.2459822957285	14.0	14	14
53.34606872861521	14.0	14	14
53.44615516150192	14.0	14	14
53.546241594388626	14.0	14	14
53.64632802727533	13.0	13	13
53.74641446016204	12.0	12	12
53.84650089304875	10.0	10	10
53.946587325935454	10.0	10	10
54.046673758822166	11.0	11	11
54.14676019170887	11.0	11	11
54.24684662459558	11.0	11	11
54.34693305748229	11.0	11	11
54.447019490368994	11.0	11	11
54.5471059232557	11.0	11	11
54.64719235614241	11.0	11	11
54.74727878902912	11.0	11	11
54.84736522191582	12.0	12	12
54.947451654802535	11.0	11	11
55.04753808768924	11.0	11	11
55.147624520575945	11.0	11	11
55.24771095346266	11.0	11	11
55.34779738634936	11.0	11	11
55.44788381923607	12.0	12	12
55.54797025212278	11.0	11	11
55.648056685009486	11.0	11	11
55.74814311789619	12.0	12	12
55.848229550782904	12.0	12	12
55.94831598366961	10.0	10	10
56.048402416556314	11.0	11	11
56.14848884944303	11.0	11	11
56.24857528232973	11.0	11	11
56.348661715216444	11.0	11	11
56.44874814810315	11.0	11	11
56.548834580989855	12.0	12	12
56.64892101387657	12.0	12	12
56.74900744676327	10.0	10	10
56.84909387964998	10.0	10	10
56.94918031253669	10.0	10	10
57.049266745423395	9.0	9	9
57.1493531783101	7.0	7	7
57.24943961119681	7.0	7	7
57.34952604408352	8.0	8	8
57.44961247697022	8.0	8	8
57.549698909856936	7.0	7	7
57.64978534274364	7.0	7	7
57.749871775630346	7.0	7	7
57.84995820851706	7.0	7	7
57.950044641403764	7.0	7	7
58.05013107429047	7.0	7	7
58.15021750717718	7.0	7	7
58.25030394006389	7.0	7	7
58.35039037295059	7.0	7	7
58.450476805837305	7.0	7	7
58.55056323872401	7.0	7	7
58.650649671610715	6.0	6	6
58.75073610449743	6.0	6	6
58.85082253738413	6.0	6	6
58.95090897027084	5.0	5	5
59.05099540315755	5.0	5	5
59.151081836044256	5.0	5	5
59.25116826893097	6.0	6	6
59.35125470181767	6.0	6	6
59.45134113470438	6.0	6	6
59.55142756759109	5.0	5	5
59.651514000477796	5.0	5	5
59.7516004333645	5.0	5	5
59.851686866251214	5.0	5	5
59.95177329913792	5.0	5	5
60.051859732024624	5.0	5	5
60.15194616491134	5.0	5	5
60.25203259779804	5.0	5	5
60.35211903068475	5.0	5	5
60.45220546357146	5.0	5	5
60.552291896458165	5.0	5	5
60.65237832934487	5.0	5	5
60.75246476223158	5.0	5	5
60.85255119511829	4.0	4	4
60.95263762800499	5.0	5	5
61.052724060891705	6.0	6	6
61.15281049377841	7.0	7	7
61.252896926665116	7.0	7	7
61.35298335955183	7.0	7	7
61.453069792438534	7.0	7	7
61.55315622532524	7.0	7	7
61.65324265821195	8.0	8	8
61.75332909109866	8.0	8	8
61.85341552398536	8.0	8	8
61.953501956872074	7.0	7	7
62.05358838975878	7.0	7	7
62.153674822645485	7.0	7	7
62.2537612555322	7.0	7	7
62.3538476884189	8.0	8	8
62.45393412130561	8.0	8	8
62.55402055419232	7.0	7	7
62.654106987079025	7.0	7	7
62.75419341996574	7.0	7	7
62.85427985285244	7.0	7	7
62.95436628573915	7.0	7	7
63.05445271862586	7.0	7	7
63.154539151512566	7.0	7	7
63.25462558439927	7.0	7	7
63.35471201728598	6.0	6	6
63.45479845017269	6.0	6	6
63.554884883059394	6.0	6	6
63.654971315946106	6.0	6	6
63.75505774883281	6.0	6	6
63.85514418171952	6.0	6	6
63.95523061460623	6.0	6	6
64.05531704749293	6.0	6	6
64.15540348037965	6.0	6	6
64.25548991326635	6.0	6	6
64.35557634615306	6.0	6	6
64.45566277903977	6.0	6	6
64.55574921192647	6.0	6	6
64.65583564481318	6.0	6	6
64.75592207769989	6.0	6	6
64.85600851058659	6.0	6	6
64.9560949434733	6.0	6	6
65.05618137636002	6.0	6	6
65.15626780924671	6.0	6	6
65.25635424213343	7.0	7	7
65.35644067502014	6.0	6	6
65.45652710790684	6.0	6	6
65.55661354079355	9.0	9	9
65.65669997368026	10.0	10	10
65.75678640656696	10.0	10	10
65.85687283945367	12.0	12	12
65.95695927234038	13.0	13	13
66.05704570522708	13.0	13	13
66.1571321381138	13.0	13	13
66.25721857100051	14.0	14	14
66.3573050038872	15.0	15	15
66.45739143677392	15.0	15	15
66.55747786966063	17.0	17	17
66.65756430254733	17.0	17	17
66.75765073543404	17.0	17	17
66.85773716832075	17.0	17	17
66.95782360120745	17.0	17	17
67.05791003409416	16.0	16	16
67.15799646698088	16.0	16	16
67.25808289986759	16.0	16	16
67.35816933275429	17.0	17	17
67.458255765641	16.0	16	16
67.55834219852771	17.0	17	17
67.65842863141441	17.0	17	17
67.75851506430112	17.0	17	17
67.85860149718783	18.0	18	18
67.95868793007453	18.0	18	18
68.05877436296124	18.0	18	18
68.15886079584796	19.0	19	19
68.25894722873466	19.0	19	19
68.35903366162137	19.0	19	19
68.45912009450808	19.0	19	19
68.55920652739478	19.0	19	19
68.65929296028149	20.0	20	20
68.7593793931682	20.0	20	20
68.8594658260549	20.0	20	20
68.95955225894161	20.0	20	20
69.05963869182833	19.0	19	19
69.15972512471502	19.0	19	19
69.25981155760174	20.0	20	20
69.35989799048845	20.0	20	20
69.45998442337515	19.0	19	19
69.56007085626186	19.0	19	19
69.66015728914857	18.0	18	18
69.76024372203527	18.0	18	18
69.86033015492198	18.0	18	18
69.9604165878087	18.0	18	18
70.06050302069539	18.0	18	18
70.1605894535821	17.0	17	17
70.26067588646882	17.0	17	17
70.36076231935552	17.0	17	17
70.46084875224223	17.0	17	17
70.56093518512894	16.0	16	16
70.66102161801564	17.0	17	17
70.76110805090235	18.0	18	18
70.86119448378906	18.0	18	18
70.96128091667576	19.0	19	19
71.06136734956247	19.0	19	19
71.16145378244919	18.0	18	18
71.26154021533588	19.0	19	19
71.3616266482226	18.0	18	18
71.46171308110931	18.0	18	18
71.56179951399601	19.0	19	19
71.66188594688272	19.0	19	19
71.76197237976943	19.0	19	19
71.86205881265613	19.0	19	19
71.96214524554284	18.0	18	18
72.06223167842955	18.0	18	18
72.16231811131625	16.0	16	16
72.26240454420297	16.0	16	16
72.36249097708968	16.0	16	16
72.46257740997638	16.0	16	16
72.56266384286309	16.0	16	16
72.6627502757498	16.0	16	16
72.7628367086365	16.0	16	16
72.86292314152321	16.0	16	16
72.96300957440992	16.0	16	16
73.06309600729662	14.0	14	14
73.16318244018333	13.0	13	13
73.26326887307005	13.0	13	13
73.36335530595674	13.0	13	13
73.46344173884346	14.0	14	14
73.56352817173017	14.0	14	14
73.66361460461687	14.0	14	14
73.76370103750358	14.0	14	14
73.86378747039029	14.0	14	14
73.963873903277	14.0	14	14
74.0639603361637	14.0	14	14
74.16404676905042	14.0	14	14
74.26413320193713	15.0	15	15
74.36421963482383	15.0	15	15
74.46430606771054	15.0	15	15
74.56439250059725	15.0	15	15
74.66447893348395	16.0	16	16
74.76456536637066	16.0	16	16
74.86465179925737	16.0	16	16
74.96473823214407	16.0	16	16
75.06482466503078	16.0	16	16
75.1649110979175	16.0	16	16
75.2649975308042	16.0	16	16
75.3650839636909	16.0	16	16
75.46517039657762	16.0	16	16
75.56525682946432	15.0	15	15
75.66534326235103	15.0	15	15
75.76542969523774	15.0	15	15
75.86551612812444	15.0	15	15
75.96560256101115	15.0	15	15
76.06568899389787	15.0	15	15
76.16577542678456	15.0	15	15
76.26586185967128	15.0	15	15
76.36594829255799	15.0	15	15
76.46603472544469	14.0	14	14
76.5661211583314	14.0	14	14
76.66620759121811	14.0	14	14
76.76629402410481	14.0	14	14
76.86638045699152	13.0	13	13
76.96646688987823	13.0	13	13
77.06655332276493	13.0	13	13
77.16663975565164	13.0	13	13
77.26672618853836	13.0	13	13
77.36681262142505	13.0	13	13
77.46689905431177	13.0	13	13
77.56698548719848	13.0	13	13
77.66707192008518	12.0	12	12
77.76715835297189	12.0	12	12
77.8672447858586	12.0	12	12
77.9673312187453	12.0	12	12
78.06741765163201	12.0	12	12
78.16750408451873	12.0	12	12
78.26759051740542	12.0	12	12
78.36767695029214	12.0	12	12
78.46776338317885	12.0	12	12
78.56784981606555	12.0	12	12
78.66793624895226	12.0	12	12
78.76802268183897	12.0	12	12
78.86810911472567	11.0	11	11
78.96819554761238	11.0	11	11
79.0682819804991	11.0	11	11
79.16836841338579	11.0	11	11
79.2684548462725	11.0	11	11
79.36854127915922	11.0	11	11
79.46862771204592	11.0	11	11
79.56871414493263	11.0	11	11
79.66880057781934	11.0	11	11
79.76888701070604	11.0	11	11
79.86897344359275	11.0	11	11
79.96905987647946	10.0	10	10
80.06914630936618	10.0	10	10
80.16923274225287	10.0	10	10
80.26931917513959	9.0	9	9
80.3694056080263	9.0	9	9
80.469492040913	10.0	10	10
80.56957847379971	10.0	10	10
80.66966490668642	10.0	10	10
80.76975133957312	10.0	10	10
80.86983777245983	10.0	10	10
80.96992420534654	10.0	10	10
81.07001063823324	10.0	10	10
81.17009707111995	10.0	10	10
81.27018350400667	10.0	10	10
81.37026993689337	10.0	10	10
81.47035636978008	10.0	10	10
81.57044280266679	10.0	10	10
81.67052923555349	11.0	11	11
81.7706156684402	11.0	11	11
81.87070210132691	11.0	11	11
81.97078853421361	11.0	11	11
82.07087496710032	11.0	11	11
82.17096139998704	11.0	11	11
82.27104783287373	11.0	11	11
82.37113426576045	11.0	11	11
82.47122069864716	11.0	11	11
82.57130713153386	11.0	11	11
82.67139356442057	11.0	11	11
82.77147999730728	11.0	11	11
82.87156643019398	12.0	12	12
82.97165286308069	12.0	12	12
83.0717392959674	11.0	11	11
83.1718257288541	11.0	11	11
83.27191216174081	11.0	11	11
83.37199859462753	11.0	11	11
83.47208502751423	10.0	10	10
83.57217146040094	11.0	11	11
83.67225789328765	11.0	11	11
83.77234432617435	12.0	12	12
83.87243075906106	13.0	13	13
83.97251719194777	13.0	13	13
84.07260362483447	13.0	13	13
84.17269005772118	14.0	14	14
84.2727764906079	14.0	14	14
84.3728629234946	14.0	14	14
84.4729493563813	14.0	14	14
84.57303578926802	14.0	14	14
84.67312222215472	15.0	15	15
84.77320865504143	15.0	15	15
84.87329508792814	15.0	15	15
84.97338152081484	15.0	15	15
85.07346795370155	14.0	14	14
85.17355438658826	13.0	13	13
85.27364081947496	12.0	12	12
85.37372725236168	10.0	10	10
85.47381368524839	9.0	9	9
85.57390011813509	9.0	9	9
85.6739865510218	9.0	9	9
85.77407298390851	8.0	8	8
85.87415941679521	8.0	8	8
85.97424584968192	8.0	8	8
86.07433228256863	7.0	7	7
86.17441871545533	7.0	7	7
86.27450514834204	7.0	7	7
86.37459158122876	7.0	7	7
86.47467801411545	6.0	6	6
86.57476444700217	6.0	6	6
86.67485087988888	6.0	6	6
86.77493731277559	6.0	6	6
86.87502374566229	7.0	7	7
86.975110178549	7.0	7	7
87.07519661143571	6.0	6	6
87.17528304432241	6.0	6	6
87.27536947720913	6.0	6	6
87.37545591009584	6.0	6	6
87.47554234298254	6.0	6	6
87.57562877586925	6.0	6	6
87.67571520875596	6.0	6	6
87.77580164164266	6.0	6	6
87.87588807452937	6.0	6	6
87.97597450741608	6.0	6	6
88.07606094030278	6.0	6	6
88.1761473731895	6.0	6	6
88.2762338060762	6.0	6	6
88.3763202389629	6.0	6	6
88.47640667184962	6.0	6	6
88.57649310473633	6.0	6	6
88.67657953762303	5.0	5	5
88.77666597050974	5.0	5	5
88.87675240339645	5.0	5	5
88.97683883628315	5.0	5	5
89.07692526916986	5.0	5	5
89.17701170205657	6.0	6	6
89.27709813494327	6.0	6	6
89.37718456782999	7.0	7	7
89.4772710007167	7.0	7	7
89.5773574336034	7.0	7	7
89.67744386649011	7.0	7	7
89.77753029937682	8.0	8	8
89.87761673226352	8.0	8	8
89.97770316515023	9.0	9	9
90.07778959803694	9.0	9	9
90.17787603092364	9.0	9	9
90.27796246381035	9.0	9	9
90.37804889669707	9.0	9	9
90.47813532958376	8.0	8	8
90.57822176247048	7.0	7	7
90.67830819535719	6.0	6	6
90.77839462824389	7.0	7	7
90.8784810611306	6.0	6	6
90.97856749401731	6.0	6	6
91.07865392690401	6.0	6	6
91.17874035979072	6.0	6	6
91.27882679267744	6.0	6	6
91.37891322556413	6.0	6	6
91.47899965845085	6.0	6	6
91.57908609133756	6.0	6	6
91.67917252422426	6.0	6	6
91.77925895711097	6.0	6	6
91.87934538999768	6.0	6	6
91.97943182288438	6.0	6	6
92.07951825577109	6.0	6	6
92.1796046886578	6.0	6	6
92.2796911215445	6.0	6	6
92.37977755443121	6.0	6	6
92.47986398731793	6.0	6	6
92.57995042020463	6.0	6	6
92.68003685309134	6.0	6	6
92.78012328597805	5.0	5	5
92.88020971886476	5.0	5	5
92.98029615175146	5.0	5	5
93.08038258463817	4.0	4	4
93.18046901752489	4.0	4	4
93.28055545041158	4.0	4	4
93.3806418832983	4.0	4	4
93.48072831618501	4.0	4	4
93.5808147490717	4.0	4	4
93.68090118195842	5.0	5	5
93.78098761484513	6.0	6	6
93.88107404773183	7.0	7	7
93.98116048061854	7.0	7	7
94.08124691350525	7.0	7	7
94.18133334639195	7.0	7	7
94.28141977927866	9.0	9	9
94.38150621216538	9.0	9	9
94.48159264505207	9.0	9	9
94.58167907793879	9.0	9	9
94.6817655108255	8.0	8	8
94.7818519437122	8.0	8	8
94.88193837659891	8.0	8	8
94.98202480948562	7.0	7	7
95.08211124237232	5.0	5	5
95.18219767525903	5.0	5	5
95.28228410814575	5.0	5	5
95.38237054103244	5.0	5	5
95.48245697391916	3.0	3	3
95.58254340680587	3.0	3	3
95.68262983969257	3.0	3	3
95.78271627257928	2.0	2	2
95.88280270546599	2.0	2	2
95.98288913835269	2.0	2	2
96.0829755712394	2.0	2	2
96.18306200412611	2.0	2	2
96.28314843701281	3.0	3	3
96.38323486989952	4.0	4	4
96.48332130278624	4.0	4	4
96.58340773567294	4.0	4	4
96.68349416855965	4.0	4	4
96.78358060144636	4.0	4	4
96.88366703433306	4.0	4	4
96.98375346721977	4.0	4	4
97.08383990010648	4.0	4	4
97.18392633299318	4.0	4	4
97.2840127658799	4.0	4	4
97.3840991987666	4.0	4	4
97.4841856316533	4.0	4	4
97.58427206454002	4.0	4	4
97.68435849742673	4.0	4	4
97.78444493031343	4.0	4	4
97.88453136320014	4.0	4	4
97.98461779608685	4.0	4	4
98.08470422897355	5.0	5	5
98.18479066186026	5.0	5	5
98.28487709474697	5.0	5	5
98.38496352763367	5.0	5	5
98.48504996052039	5.0	5	5
98.5851363934071	5.0	5	5
98.6852228262938	5.0	5	5
98.78530925918051	5.0	5	5
98.88539569206722	5.0	5	5
98.98548212495392	5.0	5	5
99.08556855784063	5.0	5	5
99.18565499072734	5.0	5	5
99.28574142361404	5.0	5	5
99.38582785650075	5.0	5	5
99.48591428938747	4.0	4	4
99.58600072227418	4.0	4	4
99.68608715516088	4.0	4	4
99.78617358804759	4.0	4	4
99.8862600209343	4.0	4	4
99.986346453821	4.0	4	4
100.08643288670771	5.0	5	5
100.18651931959442	5.0	5	5
100.28660575248112	6.0	6	6
100.38669218536783	6.0	6	6
100.48677861825455	6.0	6	6
100.58686505114125	6.0	6	6
100.68695148402796	6.0	6	6
100.78703791691467	6.0	6	6
100.88712434980137	6.0	6	6
100.98721078268808	6.0	6	6
101.0872972155748	6.0	6	6
101.18738364846149	6.0	6	6
101.2874700813482	6.0	6	6
101.38755651423492	5.0	5	5
101.48764294712161	5.0	5	5
101.58772938000833	5.0	5	5
101.68781581289504	5.0	5	5
101.78790224578174	5.0	5	5
101.88798867866845	4.0	4	4
101.98807511155516	4.0	4	4
102.08816154444186	4.0	4	4
102.18824797732857	4.0	4	4
102.28833441021528	4.0	4	4
102.38842084310198	4.0	4	4
102.4885072759887	4.0	4	4
102.58859370887541	4.0	4	4
102.6886801417621	4.0	4	4
102.78876657464882	4.0	4	4
102.88885300753553	4.0	4	4
102.98893944042223	4.0	4	4
103.08902587330894	4.0	4	4
103.18911230619565	4.0	4	4
103.28919873908235	4.0	4	4
103.38928517196906	4.0	4	4
103.48937160485578	4.0	4	4
103.58945803774247	4.0	4	4
103.68954447062919	4.0	4	4
103.7896309035159	4.0	4	4
103.8897173364026	4.0	4	4
103.98980376928931	4.0	4	4
104.08989020217602	4.0	4	4
104.18997663506272	4.0	4	4
104.29006306794943	4.0	4	4
104.39014950083615	4.0	4	4
104.49023593372284	4.0	4	4
104.59032236660956	5.0	5	5
104.69040879949627	5.0	5	5
104.79049523238297	5.0	5	5
104.89058166526968	5.0	5	5
104.99066809815639	5.0	5	5
105.09075453104309	5.0	5	5
105.1908409639298	5.0	5	5
105.29092739681651	5.0	5	5
105.39101382970321	5.0	5	5
105.49110026258992	5.0	5	5
105.59118669547664	5.0	5	5
105.69127312836335	5.0	5	5
105.79135956125005	5.0	5	5
105.89144599413676	5.0	5	5
105.99153242702347	5.0	5	5
106.09161885991017	5.0	5	5
106.19170529279688	5.0	5	5
106.2917917256836	5.0	5	5
106.3918781585703	5.0	5	5
106.491964591457	5.0	5	5
106.59205102434372	5.0	5	5
106.69213745723042	5.0	5	5
106.79222389011713	5.0	5	5
106.89231032300384	5.0	5	5
106.99239675589054	5.0	5	5
107.09248318877725	5.0	5	5
107.19256962166396	5.0	5	5
107.29265605455066	5.0	5	5
107.39274248743737	5.0	5	5
107.49282892032409	5.0	5	5
107.59291535321078	5.0	5	5
107.6930017860975	5.0	5	5
107.79308821898421	5.0	5	5
107.89317465187091	5.0	5	5
107.99326108475762	5.0	5	5
108.09334751764433	5.0	5	5
108.19343395053103	5.0	5	5
108.29352038341774	5.0	5	5
108.39360681630446	5.0	5	5
108.49369324919115	5.0	5	5
108.59377968207787	5.0	5	5
108.69386611496458	5.0	5	5
108.79395254785128	5.0	5	5
108.89403898073799	5.0	5	5
108.9941254136247	5.0	5	5
109.0942118465114	5.0	5	5
109.19429827939811	5.0	5	5
109.29438471228482	4.0	4	4
109.39447114517152	4.0	4	4
109.49455757805823	4.0	4	4
109.59464401094495	4.0	4	4
109.69473044383165	4.0	4	4
109.79481687671836	4.0	4	4
109.89490330960507	4.0	4	4
109.99498974249177	4.0	4	4
110.09507617537848	4.0	4	4
110.19516260826519	4.0	4	4
110.29524904115189	4.0	4	4
110.3953354740386	4.0	4	4
110.49542190692532	4.0	4	4
110.59550833981201	4.0	4	4
110.69559477269873	4.0	4	4
110.79568120558544	4.0	4	4
110.89576763847214	4.0	4	4
110.99585407135885	3.0	3	3
111.09594050424556	3.0	3	3
111.19602693713226	3.0	3	3
111.29611337001897	3.0	3	3
111.39619980290568	3.0	3	3
111.49628623579238	3.0	3	3
111.5963726686791	3.0	3	3
111.69645910156581	3.0	3	3
111.7965455344525	3.0	3	3
111.89663196733922	3.0	3	3
111.99671840022593	3.0	3	3
112.09680483311263	3.0	3	3
112.19689126599934	3.0	3	3
112.29697769888605	3.0	3	3
112.39706413177277	3.0	3	3
112.49715056465946	3.0	3	3
112.59723699754618	3.0	3	3
112.69732343043289	3.0	3	3
112.79740986331959	3.0	3	3
112.8974962962063	3.0	3	3
112.99758272909301	3.0	3	3
113.09766916197971	3.0	3	3
113.19775559486642	3.0	3	3
113.29784202775313	3.0	3	3
113.39792846063983	3.0	3	3
113.49801489352654	3.0	3	3
113.59810132641326	3.0	3	3
113.69818775929996	3.0	3	3
113.79827419218667	3.0	3	3
113.89836062507338	3.0	3	3
113.99844705796008	3.0	3	3
114.09853349084679	3.0	3	3
114.1986199237335	3.0	3	3
114.2987063566202	3.0	3	3
114.39879278950691	3.0	3	3
114.49887922239363	3.0	3	3
114.59896565528032	2.0	2	2
114.69905208816704	1.0	1	1
114.79913852105375	1.0	1	1
114.89922495394045	1.0	1	1
114.99931138682716	0.0	0	0
115.09939781971387	0.0	0	0
115.19948425260057	0.0	0	0
115.29957068548728	0.0	0	0
115.399657118374	0.0	0	0
115.49974355126069	0.0	0	0
115.5998299841474	0.0	0	0
115.69991641703412	0.0	0	0
115.80000284992082	0.0	0	0
115.90008928280753	0.0	0	0
116.00017571569424	0.0	0	0
116.10026214858094	0.0	0	0
116.20034858146765	0.0	0	0
116.30043501435436	0.0	0	0
116.40052144724106	0.0	0	0
116.50060788012777	0.0	0	0
116.60069431301449	0.0	0	0
116.70078074590118	0.0	0	0
116.8008671787879	0.0	0	0
116.90095361167461	0.0	0	0
117.00104004456131	0.0	0	0
117.10112647744802	0.0	0	0
117.20121291033473	0.0	0	0
117.30129934322143	0.0	0	0
117.40138577610814	0.0	0	0
117.50147220899485	0.0	0	0
117.60155864188155	0.0	0	0
117.70164507476827	0.0	0	0
117.80173150765498	0.0	0	0
117.90181794054168	0.0	0	0
118.00190437342839	0.0	0	0
118.1019908063151	0.0	0	0
118.2020772392018	1.0	1	1
118.30216367208851	1.0	1	1
118.40225010497522	1.0	1	1
118.50233653786194	1.0	1	1
118.60242297074863	1.0	1	1
118.70250940363535	1.0	1	1
118.80259583652206	1.0	1	1
118.90268226940876	1.0	1	1
119.00276870229547	1.0	1	1
119.10285513518218	1.0	1	1
119.20294156806888	1.0	1	1
119.30302800095559	1.0	1	1
119.4031144338423	1.0	1	1
119.503200866729	1.0	1	1
119.60328729961572	1.0	1	1
119.70337373250243	1.0	1	1
119.80346016538913	1.0	1	1
119.90354659827584	1.0	1	1
120.00363303116255	1.0	1	1
120.10371946404925	1.0	1	1
120.20380589693596	1.0	1	1
120.30389232982267	1.0	1	1
120.40397876270937	1.0	1	1
120.50406519559608	0.0	0	0
120.6041516284828	0.0	0	0
120.7042380613695	0.0	0	0
120.8043244942562	0.0	0	0
120.90441092714292	0.0	0	0
121.00449736002962	0.0	0	0
121.10458379291633	0.0	0	0
121.20467022580304	0.0	0	0
121.30475665868974	0.0	0	0
121.40484309157645	0.0	0	0
121.50492952446317	0.0	0	0
121.60501595734986	0.0	0	0
121.70510239023658	0.0	0	0
121.80518882312329	0.0	0	0
121.90527525600999	0.0	0	0
122.0053616888967	0.0	0	0
122.10544812178341	0.0	0	0
122.20553455467011	0.0	0	0
122.30562098755682	0.0	0	0
122.40570742044353	0.0	0	0
122.50579385333023	0.0	0	0
122.60588028621694	0.0	0	0
122.70596671910366	0.0	0	0
122.80605315199035	0.0	0	0
122.90613958487707	0.0	0	0
123.00622601776378	0.0	0	0
123.10631245065048	0.0	0	0
123.20639888353719	0.0	0	0
123.3064853164239	0.0	0	0
123.4065717493106	0.0	0	0
123.50665818219731	0.0	0	0
123.60674461508403	0.0	0	0
123.70683104797072	0.0	0	0
123.80691748085744	0.0	0	0
123.90700391374415	0.0	0	0
124.00709034663085	0.0	0	0
124.10717677951756	0.0	0	0
124.20726321240427	0.0	0	0
124.30734964529097	0.0	0	0
124.40743607817768	0.0	0	0
124.5075225110644	0.0	0	0
124.60760894395109	0.0	0	0
124.7076953768378	0.0	0	0
124.80778180972452	0.0	0	0
124.90786824261122	0.0	0	0
125.00795467549793	0.0	0	0
125.10804110838464	0.0	0	0
125.20812754127135	0.0	0	0
125.30821397415805	0.0	0	0
125.40830040704476	0.0	0	0
125.50838683993148	0.0	0	0
125.60847327281817	0.0	0	0
125.70855970570489	0.0	0	0
125.8086461385916	0.0	0	0
125.9087325714783	0.0	0	0
126.00881900436501	1.0	1	1
126.10890543725172	1.0	1	1
126.20899187013842	1.0	1	1
126.30907830302513	1.0	1	1
126.40916473591184	1.0	1	1
126.50925116879854	1.0	1	1
126.60933760168525	1.0	1	1
126.70942403457197	1.0	1	1
126.80951046745867	1.0	1	1
126.90959690034538	1.0	1	1
127.00968333323209	1.0	1	1
127.10976976611879	1.0	1	1
127.2098561990055	1.0	1	1
127.30994263189221	1.0	1	1
127.41002906477891	1.0	1	1
127.51011549766562	1.0	1	1
127.61020193055234	2.0	2	2
127.71028836343903	2.0	2	2
127.81037479632575	2.0	2	2
127.91046122921246	2.0	2	2
128.01054766209916	2.0	2	2
128.11063409498587	2.0	2	2
128.21072052787258	3.0	3	3
128.3108069607593	3.0	3	3
128.410893393646	3.0	3	3
128.5109798265327	3.0	3	3
128.6110662594194	3.0	3	3
128.71115269230611	3.0	3	3
128.81123912519283	3.0	3	3
128.91132555807954	3.0	3	3
129.01141199096625	3.0	3	3
129.11149842385294	3.0	3	3
129.21158485673965	3.0	3	3
129.31167128962636	3.0	3	3
129.41175772251307	3.0	3	3
129.51184415539979	3.0	3	3
129.6119305882865	4.0	4	4
129.71201702117318	4.0	4	4
129.8121034540599	4.0	4	4
129.9121898869466	4.0	4	4
130.01227631983332	3.0	3	3
130.11236275272003	3.0	3	3
130.21244918560674	3.0	3	3
130.31253561849343	3.0	3	3
130.41262205138014	3.0	3	3
130.51270848426685	3.0	3	3
130.61279491715356	2.0	2	2
130.71288135004028	2.0	2	2
130.812967782927	2.0	2	2
130.91305421581367	2.0	2	2
131.01314064870039	2.0	2	2
131.1132270815871	2.0	2	2
131.2133135144738	2.0	2	2
131.31339994736052	2.0	2	2
131.41348638024724	2.0	2	2
131.51357281313392	2.0	2	2
131.61365924602063	2.0	2	2
131.71374567890734	2.0	2	2
131.81383211179406	2.0	2	2
131.91391854468077	1.0	1	1
132.01400497756748	1.0	1	1
132.11409141045417	1.0	1	1
132.21417784334088	1.0	1	1
132.3142642762276	1.0	1	1
132.4143507091143	1.0	1	1
132.51443714200101	1.0	1	1
132.61452357488773	1.0	1	1
132.7146100077744	1.0	1	1
132.81469644066112	1.0	1	1
132.91478287354784	1.0	1	1
133.01486930643455	1.0	1	1
133.11495573932126	1.0	1	1
133.21504217220797	1.0	1	1
133.31512860509466	1.0	1	1
133.41521503798137	1.0	1	1
133.51530147086808	1.0	1	1
133.6153879037548	1.0	1	1
133.7154743366415	1.0	1	1
133.81556076952822	1.0	1	1
133.9156472024149	1.0	1	1
134.01573363530161	1.0	1	1
134.11582006818833	1.0	1	1
134.21590650107504	1.0	1	1
134.31599293396175	1.0	1	1
134.41607936684846	1.0	1	1
134.51616579973518	1.0	1	1
134.61625223262186	1.0	1	1
134.71633866550857	1.0	1	1
134.81642509839529	1.0	1	1
134.916511531282	2.0	2	2
135.0165979641687	2.0	2	2
135.11668439705542	2.0	2	2
135.2167708299421	2.0	2	2
135.31685726282882	2.0	2	2
135.41694369571553	2.0	2	2
135.51703012860224	2.0	2	2
135.61711656148896	2.0	2	2
135.71720299437567	2.0	2	2
135.81728942726235	2.0	2	2
135.91737586014906	2.0	2	2
136.01746229303578	3.0	3	3
136.1175487259225	3.0	3	3
136.2176351588092	3.0	3	3
136.3177215916959	3.0	3	3
136.4178080245826	3.0	3	3
136.5178944574693	3.0	3	3
136.61798089035602	3.0	3	3
136.71806732324274	3.0	3	3
136.81815375612945	2.0	2	2
136.91824018901616	2.0	2	2
137.01832662190284	2.0	2	2
137.11841305478956	3.0	3	3
137.21849948767627	3.0	3	3
137.31858592056298	3.0	3	3
137.4186723534497	2.0	2	2
137.5187587863364	2.0	2	2
137.6188452192231	2.0	2	2
137.7189316521098	2.0	2	2
137.81901808499651	3.0	3	3
137.91910451788323	4.0	4	4
138.01919095076994	4.0	4	4
138.11927738365665	4.0	4	4
138.21936381654334	4.0	4	4
138.31945024943005	4.0	4	4
138.41953668231676	4.0	4	4
138.51962311520347	4.0	4	4
138.61970954809019	4.0	4	4
138.7197959809769	4.0	4	4
138.81988241386358	4.0	4	4
138.9199688467503	4.0	4	4
139.020055279637	4.0	4	4
139.12014171252372	4.0	4	4
139.22022814541043	4.0	4	4
139.32031457829714	4.0	4	4
139.42040101118383	3.0	3	3
139.52048744407054	3.0	3	3
139.62057387695725	2.0	2	2
139.72066030984396	2.0	2	2
139.82074674273068	2.0	2	2
139.9208331756174	2.0	2	2
140.02091960850407	2.0	2	2
140.12100604139079	2.0	2	2
140.2210924742775	2.0	2	2
140.3211789071642	2.0	2	2
140.42126534005092	2.0	2	2
140.52135177293763	1.0	1	1
140.62143820582432	1.0	1	1
140.72152463871103	1.0	1	1
140.82161107159774	1.0	1	1
140.92169750448446	1.0	1	1
141.02178393737117	1.0	1	1
141.12187037025788	1.0	1	1
141.2219568031446	1.0	1	1
141.32204323603128	1.0	1	1
141.422129668918	1.0	1	1
141.5222161018047	1.0	1	1
141.6223025346914	1.0	1	1
141.72238896757813	1.0	1	1
141.82247540046484	1.0	1	1
141.92256183335152	1.0	1	1
142.02264826623824	1.0	1	1
142.12273469912495	1.0	1	1
142.22282113201166	1.0	1	1
142.32290756489837	1.0	1	1
142.42299399778508	1.0	1	1
142.52308043067177	1.0	1	1
142.62316686355848	1.0	1	1
142.7232532964452	1.0	1	1
142.8233397293319	1.0	1	1
142.92342616221862	1.0	1	1
143.02351259510533	1.0	1	1
143.12359902799201	1.0	1	1
143.22368546087873	1.0	1	1
143.32377189376544	1.0	1	1
143.42385832665215	1.0	1	1
143.52394475953886	1.0	1	1
143.62403119242558	1.0	1	1
143.72411762531226	1.0	1	1
143.82420405819897	1.0	1	1
143.92429049108569	1.0	1	1
144.0243769239724	1.0	1	1
144.1244633568591	1.0	1	1
144.22454978974582	1.0	1	1
144.3246362226325	1.0	1	1
144.42472265551922	1.0	1	1
144.52480908840593	1.0	1	1
144.62489552129264	1.0	1	1
144.72498195417936	1.0	1	1
144.82506838706607	1.0	1	1
144.92515481995275	1.0	1	1
145.02524125283946	1.0	1	1
145.12532768572618	1.0	1	1
145.2254141186129	1.0	1	1
145.3255005514996	1.0	1	1
145.4255869843863	1.0	1	1
145.525673417273	1.0	1	1
145.6257598501597	1.0	1	1
145.72584628304642	1.0	1	1
145.82593271593313	1.0	1	1
145.92601914881985	1.0	1	1
146.02610558170656	1.0	1	1
146.12619201459324	1.0	1	1
146.22627844747996	1.0	1	1
146.32636488036667	1.0	1	1
146.42645131325338	1.0	1	1
146.5265377461401	1.0	1	1
146.6266241790268	1.0	1	1
146.7267106119135	1.0	1	1
146.8267970448002	1.0	1	1
146.9268834776869	1.0	1	1
147.02696991057363	1.0	1	1
147.12705634346034	1.0	1	1
147.22714277634705	1.0	1	1
147.32722920923374	1.0	1	1
147.42731564212045	1.0	1	1
147.52740207500716	1.0	1	1
147.62748850789387	1.0	1	1
147.72757494078058	1.0	1	1
147.8276613736673	1.0	1	1
147.927747806554	1.0	1	1
148.0278342394407	1.0	1	1
148.1279206723274	1.0	1	1
148.22800710521412	1.0	1	1
148.32809353810083	1.0	1	1
148.42817997098754	1.0	1	1
148.52826640387426	1.0	1	1
148.62835283676094	1.0	1	1
148.72843926964765	2.0	2	2
148.82852570253436	2.0	2	2
148.92861213542108	2.0	2	2
149.0286985683078	2.0	2	2
149.1287850011945	2.0	2	2
149.22887143408119	2.0	2	2
149.3289578669679	2.0	2	2
149.4290442998546	2.0	2	2
149.52913073274132	2.0	2	2
149.62921716562803	2.0	2	2
149.72930359851475	2.0	2	2
149.82939003140143	2.0	2	2
149.92947646428814	2.0	2	2
150.02956289717486	2.0	2	2
150.12964933006157	3.0	3	3
150.22973576294828	3.0	3	3
150.329822195835	3.0	3	3
150.42990862872168	3.0	3	3
150.5299950616084	3.0	3	3
150.6300814944951	3.0	3	3
150.7301679273818	3.0	3	3
150.83025436026853	3.0	3	3
150.93034079315524	3.0	3	3
151.03042722604192	3.0	3	3
151.13051365892863	3.0	3	3
151.23060009181535	3.0	3	3
151.33068652470206	3.0	3	3
151.43077295758877	3.0	3	3
151.53085939047548	3.0	3	3
151.63094582336217	3.0	3	3
151.73103225624888	3.0	3	3
151.8311186891356	3.0	3	3
151.9312051220223	3.0	3	3
152.03129155490902	3.0	3	3
152.13137798779573	3.0	3	3
152.2314644206824	3.0	3	3
152.33155085356913	2.0	2	2
152.43163728645584	2.0	2	2
152.53172371934255	2.0	2	2
152.63181015222926	2.0	2	2
152.73189658511598	2.0	2	2
152.83198301800266	2.0	2	2
152.93206945088937	2.0	2	2
153.03215588377608	2.0	2	2
153.1322423166628	2.0	2	2
153.2323287495495	2.0	2	2
153.33241518243622	2.0	2	2
153.4325016153229	2.0	2	2
153.53258804820962	2.0	2	2
153.63267448109633	2.0	2	2
153.73276091398304	2.0	2	2
153.83284734686976	2.0	2	2
153.93293377975647	2.0	2	2
154.03302021264318	2.0	2	2
154.13310664552986	2.0	2	2
154.23319307841658	2.0	2	2
154.3332795113033	2.0	2	2
154.43336594419	2.0	2	2
154.5334523770767	2.0	2	2
154.63353880996343	2.0	2	2
154.7336252428501	2.0	2	2
154.83371167573682	2.0	2	2
154.93379810862353	2.0	2	2
155.03388454151025	2.0	2	2
155.13397097439696	2.0	2	2
155.23405740728367	2.0	2	2
155.33414384017036	2.0	2	2
155.43423027305707	2.0	2	2
155.53431670594378	2.0	2	2
155.6344031388305	2.0	2	2
155.7344895717172	2.0	2	2
155.83457600460392	2.0	2	2
155.9346624374906	2.0	2	2
156.0347488703773	2.0	2	2
156.13483530326403	2.0	2	2
156.23492173615074	2.0	2	2
156.33500816903745	2.0	2	2
156.43509460192416	2.0	2	2
156.53518103481085	2.0	2	2
156.63526746769756	2.0	2	2
156.73535390058427	2.0	2	2
156.83544033347098	2.0	2	2
156.9355267663577	2.0	2	2
157.0356131992444	2.0	2	2
157.1356996321311	2.0	2	2
157.2357860650178	2.0	2	2
157.33587249790452	2.0	2	2
157.43595893079123	2.0	2	2
157.53604536367794	2.0	2	2
157.63613179656465	2.0	2	2
157.73621822945134	2.0	2	2
157.83630466233805	2.0	2	2
157.93639109522476	2.0	2	2
158.03647752811148	2.0	2	2
158.1365639609982	2.0	2	2
158.2366503938849	1.0	1	1
158.33673682677158	1.0	1	1
158.4368232596583	1.0	1	1
158.536909692545	1.0	1	1
158.63699612543172	2.0	2	2
158.73708255831843	2.0	2	2
158.83716899120515	1.0	1	1
158.93725542409183	1.0	1	1
159.03734185697854	1.0	1	1
159.13742828986526	1.0	1	1
159.23751472275197	1.0	1	1
159.33760115563868	1.0	1	1
159.4376875885254	1.0	1	1
159.53777402141208	1.0	1	1
159.6378604542988	1.0	1	1
159.7379468871855	1.0	1	1
159.8380333200722	1.0	1	1
159.93811975295893	1.0	1	1
160.03820618584564	1.0	1	1
160.13829261873235	1.0	1	1
160.23837905161903	1.0	1	1
160.33846548450575	1.0	1	1
160.43855191739246	1.0	1	1
160.53863835027917	1.0	1	1
160.63872478316588	1.0	1	1
160.7388112160526	1.0	1	1
160.83889764893928	1.0	1	1
160.938984081826	1.0	1	1
161.0390705147127	1.0	1	1
161.13915694759942	1.0	1	1
161.23924338048613	1.0	1	1
161.33932981337284	1.0	1	1
161.43941624625953	1.0	1	1
161.53950267914624	1.0	1	1
161.63958911203295	1.0	1	1
161.73967554491966	1.0	1	1
161.83976197780638	1.0	1	1
161.9398484106931	1.0	1	1
162.03993484357977	1.0	1	1
162.14002127646648	2.0	2	2
162.2401077093532	2.0	2	2
162.3401941422399	2.0	2	2
162.44028057512662	2.0	2	2
162.54036700801333	2.0	2	2
162.64045344090002	2.0	2	2
162.74053987378673	2.0	2	2
162.84062630667344	2.0	2	2
162.94071273956015	2.0	2	2
163.04079917244687	2.0	2	2
163.14088560533358	2.0	2	2
163.24097203822026	2.0	2	2
163.34105847110698	2.0	2	2
163.4411449039937	3.0	3	3
163.5412313368804	3.0	3	3
163.6413177697671	3.0	3	3
163.74140420265383	3.0	3	3
163.8414906355405	3.0	3	3
163.94157706842722	3.0	3	3
164.04166350131393	3.0	3	3
164.14174993420065	4.0	4	4
164.24183636708736	4.0	4	4
164.34192279997407	4.0	4	4
164.44200923286076	5.0	5	5
164.54209566574747	5.0	5	5
164.64218209863418	5.0	5	5
164.7422685315209	5.0	5	5
164.8423549644076	5.0	5	5
164.94244139729432	6.0	6	6
165.042527830181	6.0	6	6
165.1426142630677	6.0	6	6
165.24270069595443	6.0	6	6
165.34278712884114	6.0	6	6
165.44287356172785	6.0	6	6
165.54295999461456	7.0	7	7
165.64304642750125	7.0	7	7
165.74313286038796	8.0	8	8
165.84321929327467	7.0	7	7
165.94330572616138	7.0	7	7
166.0433921590481	8.0	8	8
166.1434785919348	8.0	8	8
166.2435650248215	8.0	8	8
166.3436514577082	7.0	7	7
166.44373789059492	7.0	7	7
166.54382432348163	6.0	6	6
166.64391075636834	6.0	6	6
166.74399718925505	7.0	7	7
166.84408362214177	6.0	6	6
166.94417005502845	6.0	6	6
167.04425648791516	6.0	6	6
167.14434292080188	6.0	6	6
167.2444293536886	5.0	5	5
167.3445157865753	5.0	5	5
167.444602219462	5.0	5	5
167.5446886523487	5.0	5	5
167.6447750852354	4.0	4	4
167.74486151812212	4.0	4	4
167.84494795100883	4.0	4	4
167.94503438389555	3.0	3	3
168.04512081678226	3.0	3	3
168.14520724966894	3.0	3	3
168.24529368255565	2.0	2	2
168.34538011544237	2.0	2	2
168.44546654832908	2.0	2	2
168.5455529812158	3.0	3	3
168.6456394141025	3.0	3	3
168.7457258469892	3.0	3	3
168.8458122798759	3.0	3	3
168.9458987127626	3.0	3	3
169.04598514564933	2.0	2	2
169.14607157853604	2.0	2	2
169.24615801142275	2.0	2	2
169.34624444430943	2.0	2	2
169.44633087719615	2.0	2	2
169.54641731008286	2.0	2	2
169.64650374296957	2.0	2	2
169.74659017585628	2.0	2	2
169.846676608743	2.0	2	2
169.94676304162968	2.0	2	2
170.0468494745164	2.0	2	2
170.1469359074031	2.0	2	2
170.24702234028982	2.0	2	2
170.34710877317653	3.0	3	3
170.44719520606324	3.0	3	3
170.54728163894993	3.0	3	3
170.64736807183664	3.0	3	3
170.74745450472335	3.0	3	3
170.84754093761006	3.0	3	3
170.94762737049678	4.0	4	4
171.0477138033835	4.0	4	4
171.14780023627017	4.0	4	4
171.24788666915688	4.0	4	4
171.3479731020436	4.0	4	4
171.4480595349303	4.0	4	4
171.54814596781702	4.0	4	4
171.64823240070373	4.0	4	4
171.74831883359042	4.0	4	4
171.84840526647713	4.0	4	4
171.94849169936384	4.0	4	4
172.04857813225055	4.0	4	4
172.14866456513727	4.0	4	4
172.24875099802398	4.0	4	4
172.34883743091066	4.0	4	4
172.44892386379738	4.0	4	4
172.5490102966841	4.0	4	4
172.6490967295708	4.0	4	4
172.7491831624575	4.0	4	4
172.84926959534423	4.0	4	4
172.9493560282309	4.0	4	4
173.04944246111762	4.0	4	4
173.14952889400433	4.0	4	4
173.24961532689105	4.0	4	4
173.34970175977776	4.0	4	4
173.44978819266447	4.0	4	4
173.54987462555118	4.0	4	4
173.64996105843787	4.0	4	4
173.75004749132458	4.0	4	4
173.8501339242113	4.0	4	4
173.950220357098	4.0	4	4
174.05030678998472	4.0	4	4
174.15039322287143	4.0	4	4
174.2504796557581	4.0	4	4
174.35056608864483	4.0	4	4
174.45065252153154	4.0	4	4
174.55073895441825	4.0	4	4
174.65082538730496	5.0	5	5
174.75091182019167	5.0	5	5
174.85099825307836	5.0	5	5
174.95108468596507	5.0	5	5
175.05117111885178	5.0	5	5
175.1512575517385	5.0	5	5
175.2513439846252	5.0	5	5
175.35143041751192	5.0	5	5
175.4515168503986	5.0	5	5
175.55160328328532	5.0	5	5
175.65168971617203	5.0	5	5
175.75177614905874	5.0	5	5
175.85186258194545	5.0	5	5
175.95194901483217	4.0	4	4
176.05203544771885	4.0	4	4
176.15212188060556	4.0	4	4
176.25220831349228	3.0	3	3
176.352294746379	3.0	3	3
176.4523811792657	3.0	3	3
176.5524676121524	3.0	3	3
176.6525540450391	3.0	3	3
176.7526404779258	3.0	3	3
176.85272691081252	3.0	3	3
176.95281334369923	3.0	3	3
177.05289977658595	3.0	3	3
177.15298620947266	3.0	3	3
177.25307264235934	3.0	3	3
177.35315907524605	3.0	3	3
177.45324550813277	3.0	3	3
177.55333194101948	3.0	3	3
177.6534183739062	3.0	3	3
177.7535048067929	3.0	3	3
177.8535912396796	3.0	3	3
177.9536776725663	3.0	3	3
178.053764105453	3.0	3	3
178.15385053833973	3.0	3	3
178.25393697122644	3.0	3	3
178.35402340411315	3.0	3	3
178.45410983699983	3.0	3	3
178.55419626988655	3.0	3	3
178.65428270277326	3.0	3	3
178.75436913565997	3.0	3	3
178.85445556854668	3.0	3	3
178.9545420014334	3.0	3	3
179.05462843432008	3.0	3	3
179.1547148672068	3.0	3	3
179.2548013000935	3.0	3	3
179.35488773298022	3.0	3	3
179.45497416586693	3.0	3	3
179.55506059875364	3.0	3	3
179.65514703164035	3.0	3	3
179.75523346452704	3.0	3	3
179.85531989741375	3.0	3	3
179.95540633030046	3.0	3	3
180.05549276318717	3.0	3	3
180.1555791960739	3.0	3	3
180.2556656289606	3.0	3	3
180.35575206184728	3.0	3	3
180.455838494734	3.0	3	3
180.5559249276207	3.0	3	3
180.65601136050742	3.0	3	3
180.75609779339413	3.0	3	3
180.85618422628085	2.0	2	2
180.95627065916753	2.0	2	2
181.05635709205424	2.0	2	2
181.15644352494095	2.0	2	2
181.25652995782767	2.0	2	2
181.35661639071438	2.0	2	2
181.4567028236011	2.0	2	2
181.55678925648778	2.0	2	2
181.6568756893745	2.0	2	2
181.7569621222612	2.0	2	2
181.8570485551479	2.0	2	2
181.95713498803462	2.0	2	2
182.05722142092134	2.0	2	2
182.15730785380802	2.0	2	2
182.25739428669473	2.0	2	2
182.35748071958145	2.0	2	2
182.45756715246816	2.0	2	2
182.55765358535487	2.0	2	2
182.65774001824158	2.0	2	2
182.75782645112827	2.0	2	2
182.85791288401498	2.0	2	2
182.9579993169017	2.0	2	2
183.0580857497884	2.0	2	2
183.15817218267512	2.0	2	2
183.25825861556183	2.0	2	2
183.3583450484485	2.0	2	2
183.45843148133523	2.0	2	2
183.55851791422194	2.0	2	2
183.65860434710865	2.0	2	2
183.75869077999536	2.0	2	2
183.85877721288207	2.0	2	2
183.95886364576876	2.0	2	2
184.05895007865547	2.0	2	2
184.15903651154218	1.0	1	1
184.2591229444289	1.0	1	1
184.3592093773156	1.0	1	1
184.45929581020232	1.0	1	1
