time	diversity	m_div	M_div
0.0	2.0	2	2
0.10008347720130994	2.0	2	2
0.2001669544026199	2.0	2	2
0.30025043160392983	2.0	2	2
0.4003339088052398	2.0	2	2
0.5004173860065497	2.0	2	2
0.6005008632078597	2.0	2	2
0.7005843404091696	1.0	1	1
0.8006678176104796	1.0	1	1
0.9007512948117895	1.0	1	1
1.0008347720130994	1.0	1	1
1.1009182492144094	1.0	1	1
1.2010017264157193	1.0	1	1
1.3010852036170293	1.0	1	1
1.4011686808183392	1.0	1	1
1.5012521580196492	1.0	1	1
1.6013356352209591	1.0	1	1
1.701419112422269	1.0	1	1
1.801502589623579	1.0	1	1
1.901586066824889	1.0	1	1
2.001669544026199	1.0	1	1
2.101753021227509	1.0	1	1
2.201836498428819	1.0	1	1
2.3019199756301285	1.0	1	1
2.4020034528314387	1.0	1	1
2.502086930032749	1.0	1	1
2.6021704072340586	1.0	1	1
2.7022538844353683	1.0	1	1
2.8023373616366785	2.0	2	2
2.9024208388379886	2.0	2	2
3.0025043160392983	2.0	2	2
3.102587793240608	2.0	2	2
3.2026712704419182	2.0	2	2
3.3027547476432284	3.0	3	3
3.402838224844538	3.0	3	3
3.502921702045848	3.0	3	3
3.603005179247158	3.0	3	3
3.703088656448468	3.0	3	3
3.803172133649778	3.0	3	3
3.9032556108510876	3.0	3	3
4.003339088052398	3.0	3	3
4.103422565253708	3.0	3	3
4.203506042455018	3.0	3	3
4.303589519656327	3.0	3	3
4.403672996857638	3.0	3	3
4.503756474058948	3.0	3	3
4.603839951260257	3.0	3	3
4.703923428461567	3.0	3	3
4.804006905662877	3.0	3	3
4.9040903828641875	3.0	3	3
5.004173860065498	3.0	3	3
5.104257337266807	3.0	3	3
5.204340814468117	3.0	3	3
5.304424291669427	4.0	4	4
5.404507768870737	4.0	4	4
5.504591246072047	4.0	4	4
5.604674723273357	4.0	4	4
5.704758200474667	4.0	4	4
5.804841677675977	4.0	4	4
5.9049251548772865	4.0	4	4
6.005008632078597	4.0	4	4
6.105092109279907	4.0	4	4
6.205175586481216	4.0	4	4
6.305259063682526	4.0	4	4
6.4053425408838365	4.0	4	4
6.505426018085147	4.0	4	4
6.605509495286457	4.0	4	4
6.705592972487766	4.0	4	4
6.805676449689076	4.0	4	4
6.905759926890386	4.0	4	4
7.005843404091696	4.0	4	4
7.105926881293006	4.0	4	4
7.206010358494316	4.0	4	4
7.306093835695626	4.0	4	4
7.406177312896936	4.0	4	4
7.506260790098246	4.0	4	4
7.606344267299556	4.0	4	4
7.706427744500866	4.0	4	4
7.806511221702175	4.0	4	4
7.906594698903485	4.0	4	4
8.006678176104796	4.0	4	4
8.106761653306105	4.0	4	4
8.206845130507416	4.0	4	4
8.306928607708725	4.0	4	4
8.407012084910036	4.0	4	4
8.507095562111346	4.0	4	4
8.607179039312655	4.0	4	4
8.707262516513966	4.0	4	4
8.807345993715275	4.0	4	4
8.907429470916584	4.0	4	4
9.007512948117895	4.0	4	4
9.107596425319205	4.0	4	4
9.207679902520514	4.0	4	4
9.307763379721825	4.0	4	4
9.407846856923134	4.0	4	4
9.507930334124445	4.0	4	4
9.608013811325755	4.0	4	4
9.708097288527064	4.0	4	4
9.808180765728375	4.0	4	4
9.908264242929684	4.0	4	4
10.008347720130995	4.0	4	4
10.108431197332305	4.0	4	4
10.208514674533614	4.0	4	4
10.308598151734925	4.0	4	4
10.408681628936234	4.0	4	4
10.508765106137544	4.0	4	4
10.608848583338855	4.0	4	4
10.708932060540164	4.0	4	4
10.809015537741473	4.0	4	4
10.909099014942784	4.0	4	4
11.009182492144094	4.0	4	4
11.109265969345405	4.0	4	4
11.209349446546714	4.0	4	4
11.309432923748023	4.0	4	4
11.409516400949334	4.0	4	4
11.509599878150643	4.0	4	4
11.609683355351955	4.0	4	4
11.709766832553264	4.0	4	4
11.809850309754573	4.0	4	4
11.909933786955884	4.0	4	4
12.010017264157193	4.0	4	4
12.110100741358503	4.0	4	4
12.210184218559814	4.0	4	4
12.310267695761123	4.0	4	4
12.410351172962432	4.0	4	4
12.510434650163743	4.0	4	4
12.610518127365053	4.0	4	4
12.710601604566364	4.0	4	4
12.810685081767673	4.0	4	4
12.910768558968982	4.0	4	4
13.010852036170293	4.0	4	4
13.110935513371603	4.0	4	4
13.211018990572914	4.0	4	4
13.311102467774223	4.0	4	4
13.411185944975532	4.0	4	4
13.511269422176843	4.0	4	4
13.611352899378153	4.0	4	4
13.711436376579462	4.0	4	4
13.811519853780773	4.0	4	4
13.911603330982082	4.0	4	4
14.011686808183391	4.0	4	4
14.111770285384702	4.0	4	4
14.211853762586012	4.0	4	4
14.311937239787323	4.0	4	4
14.412020716988632	4.0	4	4
14.512104194189941	4.0	4	4
14.612187671391252	4.0	4	4
14.712271148592562	4.0	4	4
14.812354625793873	4.0	4	4
14.912438102995182	4.0	4	4
15.012521580196491	4.0	4	4
15.112605057397802	4.0	4	4
15.212688534599112	4.0	4	4
15.312772011800421	4.0	4	4
15.412855489001732	4.0	4	4
15.512938966203041	4.0	4	4
15.61302244340435	4.0	4	4
15.713105920605662	4.0	4	4
15.81318939780697	4.0	4	4
15.913272875008282	4.0	4	4
16.01335635220959	4.0	4	4
16.1134398294109	4.0	4	4
16.21352330661221	4.0	4	4
16.313606783813523	4.0	4	4
16.413690261014832	4.0	4	4
16.51377373821614	4.0	4	4
16.61385721541745	4.0	4	4
16.71394069261876	4.0	4	4
16.814024169820073	5.0	5	5
16.914107647021382	5.0	5	5
17.01419112422269	5.0	5	5
17.114274601424	5.0	5	5
17.21435807862531	5.0	5	5
17.31444155582662	5.0	5	5
17.41452503302793	5.0	5	5
17.51460851022924	5.0	5	5
17.61469198743055	5.0	5	5
17.71477546463186	5.0	5	5
17.81485894183317	5.0	5	5
17.91494241903448	5.0	5	5
18.01502589623579	5.0	5	5
18.1151093734371	5.0	5	5
18.21519285063841	5.0	5	5
18.31527632783972	5.0	5	5
18.415359805041028	5.0	5	5
18.51544328224234	5.0	5	5
18.61552675944365	5.0	5	5
18.71561023664496	5.0	5	5
18.81569371384627	5.0	5	5
18.915777191047578	5.0	5	5
19.01586066824889	5.0	5	5
19.1159441454502	5.0	5	5
19.21602762265151	5.0	5	5
19.31611109985282	5.0	5	5
19.416194577054128	5.0	5	5
19.51627805425544	5.0	5	5
19.61636153145675	5.0	5	5
19.71644500865806	5.0	5	5
19.81652848585937	5.0	5	5
19.916611963060678	5.0	5	5
20.01669544026199	5.0	5	5
20.1167789174633	5.0	5	5
20.21686239466461	5.0	5	5
20.31694587186592	5.0	5	5
20.417029349067228	5.0	5	5
20.517112826268537	5.0	5	5
20.61719630346985	5.0	5	5
20.71727978067116	5.0	5	5
20.81736325787247	5.0	5	5
20.917446735073778	5.0	5	5
21.017530212275087	5.0	5	5
21.1176136894764	5.0	5	5
21.21769716667771	5.0	5	5
21.31778064387902	5.0	5	5
21.417864121080328	4.0	4	4
21.517947598281637	4.0	4	4
21.618031075482946	4.0	4	4
21.71811455268426	4.0	4	4
21.81819802988557	4.0	4	4
21.918281507086878	4.0	4	4
22.018364984288187	4.0	4	4
22.118448461489496	4.0	4	4
22.21853193869081	4.0	4	4
22.31861541589212	4.0	4	4
22.418698893093428	4.0	4	4
22.518782370294737	4.0	4	4
22.618865847496046	4.0	4	4
22.71894932469736	4.0	4	4
22.81903280189867	4.0	4	4
22.919116279099978	4.0	4	4
23.019199756301287	3.0	3	3
23.119283233502596	3.0	3	3
23.21936671070391	3.0	3	3
23.31945018790522	3.0	3	3
23.419533665106528	3.0	3	3
23.519617142307837	3.0	3	3
23.619700619509146	2.0	2	2
23.719784096710455	2.0	2	2
23.81986757391177	2.0	2	2
23.919951051113078	2.0	2	2
24.020034528314387	2.0	2	2
24.120118005515696	2.0	2	2
24.220201482717005	2.0	2	2
24.320284959918318	2.0	2	2
24.420368437119627	2.0	2	2
24.520451914320937	2.0	2	2
24.620535391522246	2.0	2	2
24.720618868723555	2.0	2	2
24.820702345924865	2.0	2	2
24.920785823126177	2.0	2	2
25.020869300327487	2.0	2	2
25.120952777528796	2.0	2	2
25.221036254730105	2.0	2	2
25.321119731931415	2.0	2	2
25.421203209132727	2.0	2	2
25.521286686334037	2.0	2	2
25.621370163535346	2.0	2	2
25.721453640736655	2.0	2	2
25.821537117937964	2.0	2	2
25.921620595139277	2.0	2	2
26.021704072340587	2.0	2	2
26.121787549541896	2.0	2	2
26.221871026743205	2.0	2	2
26.321954503944514	2.0	2	2
26.422037981145827	2.0	2	2
26.522121458347137	2.0	2	2
26.622204935548446	2.0	2	2
26.722288412749755	2.0	2	2
26.822371889951064	2.0	2	2
26.922455367152374	2.0	2	2
27.022538844353686	2.0	2	2
27.122622321554996	2.0	2	2
27.222705798756305	2.0	2	2
27.322789275957614	1.0	1	1
27.422872753158924	1.0	1	1
27.522956230360236	1.0	1	1
27.623039707561546	1.0	1	1
27.723123184762855	1.0	1	1
27.823206661964164	1.0	1	1
27.923290139165474	1.0	1	1
28.023373616366783	1.0	1	1
28.123457093568096	1.0	1	1
28.223540570769405	1.0	1	1
28.323624047970714	1.0	1	1
28.423707525172023	1.0	1	1
28.523791002373333	1.0	1	1
28.623874479574646	1.0	1	1
28.723957956775955	1.0	1	1
28.824041433977264	1.0	1	1
28.924124911178573	1.0	1	1
29.024208388379883	1.0	1	1
29.124291865581196	1.0	1	1
29.224375342782505	1.0	1	1
29.324458819983814	1.0	1	1
29.424542297185123	1.0	1	1
29.524625774386433	1.0	1	1
29.624709251587745	1.0	1	1
29.724792728789055	1.0	1	1
29.824876205990364	1.0	1	1
29.924959683191673	1.0	1	1
30.025043160392983	1.0	1	1
30.125126637594292	1.0	1	1
30.225210114795605	1.0	1	1
30.325293591996914	1.0	1	1
30.425377069198223	1.0	1	1
30.525460546399533	1.0	1	1
30.625544023600842	1.0	1	1
30.725627500802155	2.0	2	2
30.825710978003464	2.0	2	2
30.925794455204773	2.0	2	2
31.025877932406082	2.0	2	2
31.12596140960739	2.0	2	2
31.2260448868087	2.0	2	2
31.326128364010014	2.0	2	2
31.426211841211323	2.0	2	2
31.526295318412632	2.0	2	2
31.62637879561394	2.0	2	2
31.72646227281525	2.0	2	2
31.826545750016564	2.0	2	2
31.926629227217873	2.0	2	2
32.02671270441918	2.0	2	2
32.12679618162049	2.0	2	2
32.2268796588218	2.0	2	2
32.32696313602311	2.0	2	2
32.42704661322442	2.0	2	2
32.52713009042573	2.0	2	2
32.627213567627045	2.0	2	2
32.727297044828354	2.0	2	2
32.827380522029664	2.0	2	2
32.92746399923097	2.0	2	2
33.02754747643228	2.0	2	2
33.12763095363359	2.0	2	2
33.2277144308349	2.0	2	2
33.32779790803621	2.0	2	2
33.42788138523752	2.0	2	2
33.52796486243883	2.0	2	2
33.628048339640145	2.0	2	2
33.728131816841454	2.0	2	2
33.828215294042764	2.0	2	2
33.92829877124407	2.0	2	2
34.02838224844538	2.0	2	2
34.12846572564669	2.0	2	2
34.228549202848	2.0	2	2
34.32863268004931	2.0	2	2
34.42871615725062	2.0	2	2
34.52879963445193	2.0	2	2
34.62888311165324	2.0	2	2
34.728966588854554	2.0	2	2
34.82905006605586	2.0	2	2
34.92913354325717	2.0	2	2
35.02921702045848	2.0	2	2
35.12930049765979	2.0	2	2
35.2293839748611	2.0	2	2
35.32946745206241	2.0	2	2
35.42955092926372	2.0	2	2
35.52963440646503	2.0	2	2
35.62971788366634	2.0	2	2
35.72980136086765	2.0	2	2
35.82988483806896	2.0	2	2
35.92996831527027	2.0	2	2
36.03005179247158	2.0	2	2
36.13013526967289	2.0	2	2
36.2302187468742	2.0	2	2
36.33030222407551	2.0	2	2
36.43038570127682	2.0	2	2
36.53046917847813	2.0	2	2
36.63055265567944	2.0	2	2
36.73063613288075	2.0	2	2
36.830719610082056	2.0	2	2
36.93080308728337	2.0	2	2
37.03088656448468	2.0	2	2
37.13097004168599	2.0	2	2
37.2310535188873	2.0	2	2
37.33113699608861	2.0	2	2
37.43122047328992	2.0	2	2
37.53130395049123	2.0	2	2
37.63138742769254	2.0	2	2
37.73147090489385	2.0	2	2
37.831554382095156	3.0	3	3
37.93163785929647	3.0	3	3
38.03172133649778	3.0	3	3
38.13180481369909	3.0	3	3
38.2318882909004	3.0	3	3
38.33197176810171	3.0	3	3
38.43205524530302	4.0	4	4
38.53213872250433	5.0	5	5
38.63222219970564	5.0	5	5
38.73230567690695	6.0	6	6
38.832389154108256	6.0	6	6
38.932472631309565	6.0	6	6
39.03255610851088	6.0	6	6
39.13263958571219	7.0	7	7
39.2327230629135	8.0	8	8
39.33280654011481	9.0	9	9
39.43289001731612	9.0	9	9
39.53297349451743	9.0	9	9
39.63305697171874	10.0	10	10
39.73314044892005	10.0	10	10
39.833223926121356	10.0	10	10
39.933307403322665	10.0	10	10
40.03339088052398	10.0	10	10
40.13347435772529	10.0	10	10
40.2335578349266	10.0	10	10
40.33364131212791	11.0	11	11
40.43372478932922	11.0	11	11
40.53380826653053	11.0	11	11
40.63389174373184	11.0	11	11
40.73397522093315	11.0	11	11
40.834058698134456	11.0	11	11
40.934142175335765	11.0	11	11
41.034225652537074	11.0	11	11
41.13430912973839	11.0	11	11
41.2343926069397	11.0	11	11
41.33447608414101	11.0	11	11
41.43455956134232	11.0	11	11
41.53464303854363	11.0	11	11
41.63472651574494	11.0	11	11
41.734809992946246	11.0	11	11
41.834893470147556	11.0	11	11
41.934976947348865	12.0	12	12
42.035060424550174	12.0	12	12
42.13514390175148	12.0	12	12
42.2352273789528	12.0	12	12
42.33531085615411	12.0	12	12
42.43539433335542	12.0	12	12
42.53547781055673	12.0	12	12
42.63556128775804	12.0	12	12
42.735644764959346	13.0	13	13
42.835728242160656	13.0	13	13
42.935811719361965	14.0	14	14
43.035895196563274	14.0	14	14
43.13597867376458	14.0	14	14
43.23606215096589	14.0	14	14
43.33614562816721	14.0	14	14
43.43622910536852	14.0	14	14
43.53631258256983	14.0	14	14
43.63639605977114	14.0	14	14
43.736479536972446	14.0	14	14
43.836563014173755	14.0	14	14
43.936646491375065	14.0	14	14
44.036729968576374	14.0	14	14
44.13681344577768	14.0	14	14
44.23689692297899	14.0	14	14
44.33698040018031	14.0	14	14
44.43706387738162	14.0	14	14
44.53714735458293	14.0	14	14
44.63723083178424	14.0	14	14
44.737314308985546	14.0	14	14
44.837397786186855	14.0	14	14
44.937481263388165	14.0	14	14
45.037564740589474	14.0	14	14
45.13764821779078	14.0	14	14
45.23773169499209	14.0	14	14
45.3378151721934	14.0	14	14
45.43789864939472	13.0	13	13
45.53798212659603	13.0	13	13
45.63806560379734	13.0	13	13
45.738149080998646	13.0	13	13
45.838232558199955	13.0	13	13
45.938316035401265	13.0	13	13
46.038399512602574	13.0	13	13
46.13848298980388	13.0	13	13
46.23856646700519	13.0	13	13
46.3386499442065	14.0	14	14
46.43873342140782	13.0	13	13
46.53881689860913	13.0	13	13
46.63890037581044	13.0	13	13
46.738983853011746	13.0	13	13
46.839067330213055	14.0	14	14
46.939150807414364	14.0	14	14
47.039234284615674	14.0	14	14
47.13931776181698	14.0	14	14
47.23940123901829	15.0	15	15
47.3394847162196	15.0	15	15
47.43956819342091	15.0	15	15
47.53965167062223	15.0	15	15
47.63973514782354	15.0	15	15
47.739818625024846	15.0	15	15
47.839902102226155	15.0	15	15
47.939985579427464	15.0	15	15
48.040069056628774	15.0	15	15
48.14015253383008	15.0	15	15
48.24023601103139	14.0	14	14
48.3403194882327	14.0	14	14
48.44040296543401	14.0	14	14
48.54048644263532	14.0	14	14
48.640569919836636	15.0	15	15
48.740653397037946	15.0	15	15
48.840736874239255	15.0	15	15
48.940820351440564	15.0	15	15
49.04090382864187	14.0	14	14
49.14098730584318	14.0	14	14
49.24107078304449	14.0	14	14
49.3411542602458	14.0	14	14
49.44123773744711	15.0	15	15
49.54132121464842	15.0	15	15
49.64140469184973	16.0	16	16
49.741488169051046	16.0	16	16
49.841571646252355	16.0	16	16
49.941655123453664	16.0	16	16
50.04173860065497	16.0	16	16
50.14182207785628	16.0	16	16
50.24190555505759	16.0	16	16
50.3419890322589	15.0	15	15
50.44207250946021	15.0	15	15
50.54215598666152	15.0	15	15
50.64223946386283	15.0	15	15
50.742322941064145	15.0	15	15
50.842406418265455	15.0	15	15
50.942489895466764	15.0	15	15
51.04257337266807	15.0	15	15
51.14265684986938	14.0	14	14
51.24274032707069	13.0	13	13
51.342823804272	13.0	13	13
51.44290728147331	13.0	13	13
51.54299075867462	13.0	13	13
51.64307423587593	13.0	13	13
51.74315771307724	13.0	13	13
51.843241190278555	12.0	12	12
51.943324667479864	11.0	11	11
52.04340814468117	11.0	11	11
52.14349162188248	11.0	11	11
52.24357509908379	11.0	11	11
52.3436585762851	11.0	11	11
52.44374205348641	11.0	11	11
52.54382553068772	11.0	11	11
52.64390900788903	11.0	11	11
52.74399248509034	10.0	10	10
52.844075962291654	10.0	10	10
52.944159439492964	10.0	10	10
53.04424291669427	9.0	9	9
53.14432639389558	9.0	9	9
53.24440987109689	9.0	9	9
53.3444933482982	9.0	9	9
53.44457682549951	9.0	9	9
53.54466030270082	9.0	9	9
53.64474377990213	9.0	9	9
53.74482725710344	9.0	9	9
53.84491073430475	8.0	8	8
53.944994211506064	9.0	9	9
54.04507768870737	9.0	9	9
54.14516116590868	8.0	8	8
54.24524464310999	8.0	8	8
54.3453281203113	8.0	8	8
54.44541159751261	7.0	7	7
54.54549507471392	7.0	7	7
54.64557855191523	7.0	7	7
54.74566202911654	8.0	8	8
54.84574550631785	8.0	8	8
54.94582898351916	10.0	10	10
55.04591246072047	10.0	10	10
55.14599593792178	10.0	10	10
55.24607941512309	10.0	10	10
55.3461628923244	10.0	10	10
55.44624636952571	10.0	10	10
55.54632984672702	10.0	10	10
55.64641332392833	10.0	10	10
55.74649680112964	11.0	11	11
55.84658027833095	10.0	10	10
55.946663755532256	10.0	10	10
56.046747232733566	10.0	10	10
56.14683070993488	10.0	10	10
56.24691418713619	10.0	10	10
56.3469976643375	10.0	10	10
56.44708114153881	9.0	9	9
56.54716461874012	8.0	8	8
56.64724809594143	8.0	8	8
56.74733157314274	7.0	7	7
56.84741505034405	6.0	6	6
56.947498527545356	5.0	5	5
57.047582004746666	4.0	4	4
57.14766548194798	4.0	4	4
57.24774895914929	4.0	4	4
57.3478324363506	4.0	4	4
57.44791591355191	5.0	5	5
57.54799939075322	5.0	5	5
57.64808286795453	6.0	6	6
57.74816634515584	6.0	6	6
57.84824982235715	6.0	6	6
57.948333299558456	7.0	7	7
58.048416776759765	7.0	7	7
58.148500253961075	7.0	7	7
58.24858373116239	8.0	8	8
58.3486672083637	8.0	8	8
58.44875068556501	9.0	9	9
58.54883416276632	9.0	9	9
58.64891763996763	10.0	10	10
58.74900111716894	10.0	10	10
58.84908459437025	9.0	9	9
58.949168071571556	9.0	9	9
59.049251548772865	9.0	9	9
59.149335025974175	9.0	9	9
59.24941850317549	9.0	9	9
59.3495019803768	8.0	8	8
59.44958545757811	7.0	7	7
59.54966893477942	7.0	7	7
59.64975241198073	6.0	6	6
59.74983588918204	5.0	5	5
59.84991936638335	4.0	4	4
59.950002843584656	4.0	4	4
60.050086320785965	4.0	4	4
60.150169797987274	4.0	4	4
60.250253275188584	4.0	4	4
60.3503367523899	4.0	4	4
60.45042022959121	4.0	4	4
60.55050370679252	4.0	4	4
60.65058718399383	4.0	4	4
60.75067066119514	4.0	4	4
60.85075413839645	4.0	4	4
60.950837615597756	4.0	4	4
61.050921092799065	3.0	3	3
61.151004570000374	4.0	4	4
61.251088047201684	5.0	5	5
61.35117152440299	5.0	5	5
61.45125500160431	6.0	6	6
61.55133847880562	6.0	6	6
61.65142195600693	6.0	6	6
61.75150543320824	6.0	6	6
61.851588910409546	6.0	6	6
61.951672387610856	6.0	6	6
62.051755864812165	6.0	6	6
62.151839342013474	5.0	5	5
62.25192281921478	5.0	5	5
62.35200629641609	6.0	6	6
62.4520897736174	6.0	6	6
62.55217325081872	6.0	6	6
62.65225672802003	6.0	6	6
62.75234020522134	6.0	6	6
62.852423682422646	6.0	6	6
62.952507159623956	6.0	6	6
63.052590636825265	6.0	6	6
63.152674114026574	7.0	7	7
63.25275759122788	7.0	7	7
63.35284106842919	7.0	7	7
63.4529245456305	7.0	7	7
63.55300802283182	7.0	7	7
63.65309150003313	7.0	7	7
63.75317497723444	7.0	7	7
63.853258454435746	8.0	8	8
63.953341931637055	7.0	7	7
64.05342540883836	7.0	7	7
64.15350888603967	7.0	7	7
64.25359236324098	7.0	7	7
64.35367584044229	7.0	7	7
64.4537593176436	7.0	7	7
64.55384279484491	7.0	7	7
64.65392627204622	7.0	7	7
64.75400974924753	7.0	7	7
64.85409322644884	6.0	6	6
64.95417670365015	6.0	6	6
65.05426018085146	6.0	6	6
65.15434365805278	6.0	6	6
65.25442713525409	6.0	6	6
65.3545106124554	7.0	7	7
65.45459408965671	5.0	5	5
65.55467756685802	6.0	6	6
65.65476104405933	6.0	6	6
65.75484452126064	6.0	6	6
65.85492799846195	9.0	9	9
65.95501147566326	10.0	10	10
66.05509495286456	10.0	10	10
66.15517843006587	11.0	11	11
66.25526190726718	11.0	11	11
66.35534538446849	12.0	12	12
66.4554288616698	13.0	13	13
66.55551233887111	14.0	14	14
66.65559581607242	14.0	14	14
66.75567929327373	14.0	14	14
66.85576277047504	13.0	13	13
66.95584624767635	14.0	14	14
67.05592972487766	15.0	15	15
67.15601320207897	16.0	16	16
67.25609667928029	17.0	17	17
67.3561801564816	18.0	18	18
67.45626363368291	18.0	18	18
67.55634711088422	18.0	18	18
67.65643058808553	18.0	18	18
67.75651406528684	18.0	18	18
67.85659754248815	17.0	17	17
67.95668101968946	17.0	17	17
68.05676449689076	17.0	17	17
68.15684797409207	18.0	18	18
68.25693145129338	18.0	18	18
68.35701492849469	18.0	18	18
68.457098405696	18.0	18	18
68.55718188289731	18.0	18	18
68.65726536009862	17.0	17	17
68.75734883729993	16.0	16	16
68.85743231450124	17.0	17	17
68.95751579170255	17.0	17	17
69.05759926890386	17.0	17	17
69.15768274610517	18.0	18	18
69.25776622330648	19.0	19	19
69.35784970050778	20.0	20	20
69.45793317770911	20.0	20	20
69.55801665491042	20.0	20	20
69.65810013211173	20.0	20	20
69.75818360931304	21.0	21	21
69.85826708651435	21.0	21	21
69.95835056371565	21.0	21	21
70.05843404091696	21.0	21	21
70.15851751811827	22.0	22	22
70.25860099531958	22.0	22	22
70.35868447252089	22.0	22	22
70.4587679497222	21.0	21	21
70.55885142692351	21.0	21	21
70.65893490412482	22.0	22	22
70.75901838132613	22.0	22	22
70.85910185852744	21.0	21	21
70.95918533572875	20.0	20	20
71.05926881293006	20.0	20	20
71.15935229013137	19.0	19	19
71.25943576733268	18.0	18	18
71.35951924453398	18.0	18	18
71.4596027217353	17.0	17	17
71.55968619893662	17.0	17	17
71.65976967613793	18.0	18	18
71.75985315333924	16.0	16	16
71.85993663054055	15.0	15	15
71.96002010774185	15.0	15	15
72.06010358494316	14.0	14	14
72.16018706214447	14.0	14	14
72.26027053934578	14.0	14	14
72.36035401654709	15.0	15	15
72.4604374937484	16.0	16	16
72.56052097094971	16.0	16	16
72.66060444815102	15.0	15	15
72.76068792535233	15.0	15	15
72.86077140255364	15.0	15	15
72.96085487975495	15.0	15	15
73.06093835695626	14.0	14	14
73.16102183415757	15.0	15	15
73.26110531135888	15.0	15	15
73.36118878856018	14.0	14	14
73.4612722657615	14.0	14	14
73.5613557429628	14.0	14	14
73.66143922016411	14.0	14	14
73.76152269736544	14.0	14	14
73.86160617456675	14.0	14	14
73.96168965176805	14.0	14	14
74.06177312896936	14.0	14	14
74.16185660617067	14.0	14	14
74.26194008337198	14.0	14	14
74.36202356057329	14.0	14	14
74.4621070377746	14.0	14	14
74.56219051497591	14.0	14	14
74.66227399217722	14.0	14	14
74.76235746937853	14.0	14	14
74.86244094657984	15.0	15	15
74.96252442378115	16.0	16	16
75.06260790098246	16.0	16	16
75.16269137818377	16.0	16	16
75.26277485538508	15.0	15	15
75.36285833258638	15.0	15	15
75.4629418097877	15.0	15	15
75.563025286989	15.0	15	15
75.66310876419031	15.0	15	15
75.76319224139162	15.0	15	15
75.86327571859294	15.0	15	15
75.96335919579425	15.0	15	15
76.06344267299556	15.0	15	15
76.16352615019687	15.0	15	15
76.26360962739818	15.0	15	15
76.36369310459949	15.0	15	15
76.4637765818008	15.0	15	15
76.56386005900211	15.0	15	15
76.66394353620342	15.0	15	15
76.76402701340473	14.0	14	14
76.86411049060604	14.0	14	14
76.96419396780735	14.0	14	14
77.06427744500866	14.0	14	14
77.16436092220997	14.0	14	14
77.26444439941127	14.0	14	14
77.36452787661258	14.0	14	14
77.4646113538139	14.0	14	14
77.5646948310152	14.0	14	14
77.66477830821651	14.0	14	14
77.76486178541782	14.0	14	14
77.86494526261913	13.0	13	13
77.96502873982045	13.0	13	13
78.06511221702176	13.0	13	13
78.16519569422307	13.0	13	13
78.26527917142438	13.0	13	13
78.36536264862569	12.0	12	12
78.465446125827	12.0	12	12
78.56552960302831	12.0	12	12
78.66561308022962	12.0	12	12
78.76569655743093	12.0	12	12
78.86578003463224	12.0	12	12
78.96586351183355	12.0	12	12
79.06594698903486	12.0	12	12
79.16603046623617	12.0	12	12
79.26611394343747	11.0	11	11
79.36619742063878	11.0	11	11
79.4662808978401	11.0	11	11
79.5663643750414	11.0	11	11
79.66644785224271	11.0	11	11
79.76653132944402	11.0	11	11
79.86661480664533	11.0	11	11
79.96669828384664	11.0	11	11
80.06678176104796	10.0	10	10
80.16686523824927	11.0	11	11
80.26694871545058	11.0	11	11
80.36703219265189	11.0	11	11
80.4671156698532	11.0	11	11
80.56719914705451	11.0	11	11
80.66728262425582	11.0	11	11
80.76736610145713	11.0	11	11
80.86744957865844	11.0	11	11
80.96753305585975	11.0	11	11
81.06761653306106	11.0	11	11
81.16770001026237	11.0	11	11
81.26778348746367	10.0	10	10
81.36786696466498	10.0	10	10
81.4679504418663	10.0	10	10
81.5680339190676	10.0	10	10
81.66811739626891	10.0	10	10
81.76820087347022	10.0	10	10
81.86828435067153	10.0	10	10
81.96836782787284	10.0	10	10
82.06845130507415	10.0	10	10
82.16853478227546	11.0	11	11
82.26861825947678	11.0	11	11
82.36870173667809	11.0	11	11
82.4687852138794	11.0	11	11
82.56886869108071	11.0	11	11
82.66895216828202	11.0	11	11
82.76903564548333	10.0	10	10
82.86911912268464	10.0	10	10
82.96920259988595	10.0	10	10
83.06928607708726	11.0	11	11
83.16936955428856	11.0	11	11
83.26945303148987	11.0	11	11
83.36953650869118	12.0	12	12
83.46961998589249	12.0	12	12
83.5697034630938	11.0	11	11
83.66978694029511	12.0	12	12
83.76987041749642	12.0	12	12
83.86995389469773	12.0	12	12
83.97003737189904	12.0	12	12
84.07012084910035	13.0	13	13
84.17020432630166	13.0	13	13
84.27028780350297	13.0	13	13
84.37037128070429	13.0	13	13
84.4704547579056	12.0	12	12
84.57053823510691	12.0	12	12
84.67062171230822	12.0	12	12
84.77070518950953	12.0	12	12
84.87078866671084	12.0	12	12
84.97087214391215	11.0	11	11
85.07095562111346	11.0	11	11
85.17103909831476	10.0	10	10
85.27112257551607	9.0	9	9
85.37120605271738	9.0	9	9
85.47128952991869	8.0	8	8
85.57137300712	8.0	8	8
85.67145648432131	8.0	8	8
85.77153996152262	8.0	8	8
85.87162343872393	8.0	8	8
85.97170691592524	8.0	8	8
86.07179039312655	8.0	8	8
86.17187387032786	7.0	7	7
86.27195734752917	7.0	7	7
86.37204082473048	7.0	7	7
86.47212430193179	6.0	6	6
86.57220777913311	6.0	6	6
86.67229125633442	6.0	6	6
86.77237473353573	5.0	5	5
86.87245821073704	6.0	6	6
86.97254168793835	6.0	6	6
87.07262516513966	6.0	6	6
87.17270864234096	6.0	6	6
87.27279211954227	6.0	6	6
87.37287559674358	6.0	6	6
87.47295907394489	6.0	6	6
87.5730425511462	6.0	6	6
87.67312602834751	6.0	6	6
87.77320950554882	6.0	6	6
87.87329298275013	6.0	6	6
87.97337645995144	6.0	6	6
88.07345993715275	6.0	6	6
88.17354341435406	6.0	6	6
88.27362689155537	6.0	6	6
88.37371036875668	6.0	6	6
88.47379384595799	6.0	6	6
88.5738773231593	6.0	6	6
88.67396080036062	6.0	6	6
88.77404427756193	6.0	6	6
88.87412775476324	5.0	5	5
88.97421123196455	5.0	5	5
89.07429470916586	5.0	5	5
89.17437818636716	5.0	5	5
89.27446166356847	6.0	6	6
89.37454514076978	7.0	7	7
89.47462861797109	7.0	7	7
89.5747120951724	7.0	7	7
89.67479557237371	6.0	6	6
89.77487904957502	6.0	6	6
89.87496252677633	6.0	6	6
89.97504600397764	6.0	6	6
90.07512948117895	6.0	6	6
90.17521295838026	6.0	6	6
90.27529643558157	6.0	6	6
90.37537991278288	6.0	6	6
90.47546338998418	6.0	6	6
90.5755468671855	7.0	7	7
90.6756303443868	7.0	7	7
90.77571382158813	6.0	6	6
90.87579729878944	6.0	6	6
90.97588077599075	6.0	6	6
91.07596425319205	6.0	6	6
91.17604773039336	5.0	5	5
91.27613120759467	5.0	5	5
91.37621468479598	5.0	5	5
91.47629816199729	6.0	6	6
91.5763816391986	7.0	7	7
91.67646511639991	7.0	7	7
91.77654859360122	7.0	7	7
91.87663207080253	7.0	7	7
91.97671554800384	7.0	7	7
92.07679902520515	7.0	7	7
92.17688250240646	7.0	7	7
92.27696597960777	7.0	7	7
92.37704945680908	7.0	7	7
92.47713293401038	6.0	6	6
92.5772164112117	6.0	6	6
92.677299888413	6.0	6	6
92.77738336561431	5.0	5	5
92.87746684281564	5.0	5	5
92.97755032001695	5.0	5	5
93.07763379721825	5.0	5	5
93.17771727441956	5.0	5	5
93.27780075162087	4.0	4	4
93.37788422882218	4.0	4	4
93.47796770602349	4.0	4	4
93.5780511832248	4.0	4	4
93.67813466042611	5.0	5	5
93.77821813762742	5.0	5	5
93.87830161482873	5.0	5	5
93.97838509203004	5.0	5	5
94.07846856923135	5.0	5	5
94.17855204643266	5.0	5	5
94.27863552363397	6.0	6	6
94.37871900083528	8.0	8	8
94.47880247803658	8.0	8	8
94.5788859552379	8.0	8	8
94.6789694324392	7.0	7	7
94.77905290964051	7.0	7	7
94.87913638684182	6.0	6	6
94.97921986404313	6.0	6	6
95.07930334124445	6.0	6	6
95.17938681844576	6.0	6	6
95.27947029564707	7.0	7	7
95.37955377284838	7.0	7	7
95.47963725004969	6.0	6	6
95.579720727251	5.0	5	5
95.67980420445231	5.0	5	5
95.77988768165362	6.0	6	6
95.87997115885493	6.0	6	6
95.98005463605624	6.0	6	6
96.08013811325755	6.0	6	6
96.18022159045886	5.0	5	5
96.28030506766017	5.0	5	5
96.38038854486147	4.0	4	4
96.48047202206278	5.0	5	5
96.5805554992641	5.0	5	5
96.6806389764654	5.0	5	5
96.78072245366671	6.0	6	6
96.88080593086802	6.0	6	6
96.98088940806933	6.0	6	6
97.08097288527064	6.0	6	6
97.18105636247196	6.0	6	6
97.28113983967327	6.0	6	6
97.38122331687458	6.0	6	6
97.48130679407589	6.0	6	6
97.5813902712772	6.0	6	6
97.68147374847851	5.0	5	5
97.78155722567982	5.0	5	5
97.88164070288113	5.0	5	5
97.98172418008244	5.0	5	5
98.08180765728375	5.0	5	5
98.18189113448506	5.0	5	5
98.28197461168637	5.0	5	5
98.38205808888767	5.0	5	5
98.48214156608898	5.0	5	5
98.5822250432903	5.0	5	5
98.6823085204916	5.0	5	5
98.78239199769291	5.0	5	5
98.88247547489422	5.0	5	5
98.98255895209553	5.0	5	5
99.08264242929684	5.0	5	5
99.18272590649815	5.0	5	5
99.28280938369946	5.0	5	5
99.38289286090078	5.0	5	5
99.48297633810209	5.0	5	5
99.5830598153034	5.0	5	5
99.68314329250471	5.0	5	5
99.78322676970602	5.0	5	5
99.88331024690733	5.0	5	5
99.98339372410864	4.0	4	4
100.08347720130995	4.0	4	4
100.18356067851126	4.0	4	4
100.28364415571257	5.0	5	5
100.38372763291387	5.0	5	5
100.48381111011518	4.0	4	4
100.5838945873165	4.0	4	4
100.6839780645178	4.0	4	4
100.78406154171911	4.0	4	4
100.88414501892042	4.0	4	4
100.98422849612173	4.0	4	4
101.08431197332304	4.0	4	4
101.18439545052435	4.0	4	4
101.28447892772566	4.0	4	4
101.38456240492697	4.0	4	4
101.48464588212829	4.0	4	4
101.5847293593296	4.0	4	4
101.68481283653091	5.0	5	5
101.78489631373222	5.0	5	5
101.88497979093353	5.0	5	5
101.98506326813484	5.0	5	5
102.08514674533615	5.0	5	5
102.18523022253746	5.0	5	5
102.28531369973877	5.0	5	5
102.38539717694007	5.0	5	5
102.48548065414138	5.0	5	5
102.5855641313427	5.0	5	5
102.685647608544	5.0	5	5
102.78573108574531	5.0	5	5
102.88581456294662	5.0	5	5
102.98589804014793	5.0	5	5
103.08598151734924	5.0	5	5
103.18606499455055	5.0	5	5
103.28614847175186	5.0	5	5
103.38623194895317	5.0	5	5
103.48631542615448	5.0	5	5
103.5863989033558	5.0	5	5
103.68648238055711	5.0	5	5
103.78656585775842	5.0	5	5
103.88664933495973	5.0	5	5
103.98673281216104	5.0	5	5
104.08681628936235	5.0	5	5
104.18689976656366	5.0	5	5
104.28698324376496	5.0	5	5
104.38706672096627	5.0	5	5
104.48715019816758	5.0	5	5
104.58723367536889	5.0	5	5
104.6873171525702	5.0	5	5
104.78740062977151	5.0	5	5
104.88748410697282	5.0	5	5
104.98756758417413	5.0	5	5
105.08765106137544	5.0	5	5
105.18773453857675	5.0	5	5
105.28781801577806	5.0	5	5
105.38790149297937	5.0	5	5
105.48798497018068	5.0	5	5
105.58806844738199	5.0	5	5
105.68815192458331	5.0	5	5
105.78823540178462	5.0	5	5
105.88831887898593	5.0	5	5
105.98840235618724	5.0	5	5
106.08848583338855	5.0	5	5
106.18856931058986	5.0	5	5
106.28865278779116	5.0	5	5
106.38873626499247	5.0	5	5
106.48881974219378	5.0	5	5
106.58890321939509	5.0	5	5
106.6889866965964	5.0	5	5
106.78907017379771	5.0	5	5
106.88915365099902	5.0	5	5
106.98923712820033	5.0	5	5
107.08932060540164	5.0	5	5
107.18940408260295	5.0	5	5
107.28948755980426	5.0	5	5
107.38957103700557	5.0	5	5
107.48965451420688	5.0	5	5
107.58973799140819	5.0	5	5
107.6898214686095	5.0	5	5
107.7899049458108	5.0	5	5
107.88998842301213	5.0	5	5
107.99007190021344	5.0	5	5
108.09015537741475	5.0	5	5
108.19023885461606	4.0	4	4
108.29032233181736	4.0	4	4
108.39040580901867	4.0	4	4
108.49048928621998	4.0	4	4
108.59057276342129	4.0	4	4
108.6906562406226	4.0	4	4
108.79073971782391	4.0	4	4
108.89082319502522	4.0	4	4
108.99090667222653	4.0	4	4
109.09099014942784	4.0	4	4
109.19107362662915	4.0	4	4
109.29115710383046	4.0	4	4
109.39124058103177	4.0	4	4
109.49132405823308	4.0	4	4
109.59140753543439	4.0	4	4
109.6914910126357	4.0	4	4
109.791574489837	4.0	4	4
109.89165796703831	4.0	4	4
109.99174144423964	4.0	4	4
110.09182492144095	4.0	4	4
110.19190839864225	4.0	4	4
110.29199187584356	4.0	4	4
110.39207535304487	4.0	4	4
110.49215883024618	4.0	4	4
110.59224230744749	4.0	4	4
110.6923257846488	4.0	4	4
110.79240926185011	4.0	4	4
110.89249273905142	4.0	4	4
110.99257621625273	4.0	4	4
111.09265969345404	4.0	4	4
111.19274317065535	4.0	4	4
111.29282664785666	4.0	4	4
111.39291012505797	4.0	4	4
111.49299360225928	4.0	4	4
111.59307707946058	4.0	4	4
111.6931605566619	4.0	4	4
111.7932440338632	4.0	4	4
111.89332751106451	4.0	4	4
111.99341098826582	4.0	4	4
112.09349446546713	3.0	3	3
112.19357794266845	3.0	3	3
112.29366141986976	3.0	3	3
112.39374489707107	3.0	3	3
112.49382837427238	4.0	4	4
112.59391185147369	4.0	4	4
112.693995328675	4.0	4	4
112.79407880587631	4.0	4	4
112.89416228307762	4.0	4	4
112.99424576027893	4.0	4	4
113.09432923748024	3.0	3	3
113.19441271468155	3.0	3	3
113.29449619188286	2.0	2	2
113.39457966908417	2.0	2	2
113.49466314628548	2.0	2	2
113.59474662348678	2.0	2	2
113.6948301006881	2.0	2	2
113.7949135778894	2.0	2	2
113.89499705509071	2.0	2	2
113.99508053229202	2.0	2	2
114.09516400949333	2.0	2	2
114.19524748669464	2.0	2	2
114.29533096389596	2.0	2	2
114.39541444109727	2.0	2	2
114.49549791829858	2.0	2	2
114.59558139549989	2.0	2	2
114.6956648727012	1.0	1	1
114.79574834990251	1.0	1	1
114.89583182710382	1.0	1	1
114.99591530430513	1.0	1	1
115.09599878150644	0.0	0	0
115.19608225870775	0.0	0	0
115.29616573590906	0.0	0	0
115.39624921311037	0.0	0	0
115.49633269031168	0.0	0	0
115.59641616751298	0.0	0	0
115.6964996447143	0.0	0	0
115.7965831219156	0.0	0	0
115.89666659911691	0.0	0	0
115.99675007631822	0.0	0	0
116.09683355351953	0.0	0	0
116.19691703072084	0.0	0	0
116.29700050792215	0.0	0	0
116.39708398512347	0.0	0	0
116.49716746232478	0.0	0	0
116.59725093952609	0.0	0	0
116.6973344167274	0.0	0	0
116.79741789392871	0.0	0	0
116.89750137113002	0.0	0	0
116.99758484833133	0.0	0	0
117.09766832553264	0.0	0	0
117.19775180273395	0.0	0	0
117.29783527993526	0.0	0	0
117.39791875713657	0.0	0	0
117.49800223433787	0.0	0	0
117.59808571153918	0.0	0	0
117.6981691887405	0.0	0	0
117.7982526659418	0.0	0	0
117.89833614314311	0.0	0	0
117.99841962034442	0.0	0	0
118.09850309754573	0.0	0	0
118.19858657474704	0.0	0	0
118.29867005194835	0.0	0	0
118.39875352914966	0.0	0	0
118.49883700635098	0.0	0	0
118.59892048355229	0.0	0	0
118.6990039607536	0.0	0	0
118.79908743795491	0.0	0	0
118.89917091515622	0.0	0	0
118.99925439235753	0.0	0	0
119.09933786955884	0.0	0	0
119.19942134676015	0.0	0	0
119.29950482396146	0.0	0	0
119.39958830116277	0.0	0	0
119.49967177836407	0.0	0	0
119.59975525556538	0.0	0	0
119.6998387327667	0.0	0	0
119.799922209968	0.0	0	0
119.90000568716931	0.0	0	0
120.00008916437062	0.0	0	0
120.10017264157193	0.0	0	0
120.20025611877324	0.0	0	0
120.30033959597455	0.0	0	0
120.40042307317586	0.0	0	0
120.50050655037717	0.0	0	0
120.60059002757848	0.0	0	0
120.7006735047798	0.0	0	0
120.80075698198111	0.0	0	0
120.90084045918242	0.0	0	0
121.00092393638373	0.0	0	0
121.10100741358504	0.0	0	0
121.20109089078635	0.0	0	0
121.30117436798766	0.0	0	0
121.40125784518897	0.0	0	0
121.50134132239027	0.0	0	0
121.60142479959158	0.0	0	0
121.7015082767929	0.0	0	0
121.8015917539942	0.0	0	0
121.90167523119551	0.0	0	0
122.00175870839682	0.0	0	0
122.10184218559813	0.0	0	0
122.20192566279944	0.0	0	0
122.30200914000075	0.0	0	0
122.40209261720206	0.0	0	0
122.50217609440337	0.0	0	0
122.60225957160468	0.0	0	0
122.70234304880599	0.0	0	0
122.80242652600731	0.0	0	0
122.90251000320862	0.0	0	0
123.00259348040993	0.0	0	0
123.10267695761124	0.0	0	0
123.20276043481255	0.0	0	0
123.30284391201386	0.0	0	0
123.40292738921517	0.0	0	0
123.50301086641647	0.0	0	0
123.60309434361778	0.0	0	0
123.70317782081909	0.0	0	0
123.8032612980204	0.0	0	0
123.90334477522171	0.0	0	0
124.00342825242302	0.0	0	0
124.10351172962433	0.0	0	0
124.20359520682564	0.0	0	0
124.30367868402695	0.0	0	0
124.40376216122826	0.0	0	0
124.50384563842957	0.0	0	0
124.60392911563088	0.0	0	0
124.70401259283219	0.0	0	0
124.8040960700335	0.0	0	0
124.9041795472348	0.0	0	0
125.00426302443613	0.0	0	0
125.10434650163744	0.0	0	0
125.20442997883875	0.0	0	0
125.30451345604006	0.0	0	0
125.40459693324136	0.0	0	0
125.50468041044267	0.0	0	0
125.60476388764398	0.0	0	0
125.70484736484529	0.0	0	0
125.8049308420466	0.0	0	0
125.90501431924791	1.0	1	1
126.00509779644922	2.0	2	2
126.10518127365053	2.0	2	2
126.20526475085184	2.0	2	2
126.30534822805315	2.0	2	2
126.40543170525446	2.0	2	2
126.50551518245577	2.0	2	2
126.60559865965708	2.0	2	2
126.70568213685839	2.0	2	2
126.8057656140597	2.0	2	2
126.905849091261	2.0	2	2
127.00593256846231	2.0	2	2
127.10601604566364	2.0	2	2
127.20609952286495	2.0	2	2
127.30618300006626	2.0	2	2
127.40626647726756	2.0	2	2
127.50634995446887	2.0	2	2
127.60643343167018	2.0	2	2
127.70651690887149	2.0	2	2
127.8066003860728	2.0	2	2
127.90668386327411	2.0	2	2
128.00676734047542	2.0	2	2
128.10685081767673	2.0	2	2
128.20693429487804	2.0	2	2
128.30701777207935	2.0	2	2
128.40710124928066	2.0	2	2
128.50718472648197	1.0	1	1
128.60726820368328	1.0	1	1
128.70735168088459	1.0	1	1
128.8074351580859	1.0	1	1
128.9075186352872	1.0	1	1
129.0076021124885	1.0	1	1
129.10768558968982	2.0	2	2
129.20776906689113	2.0	2	2
129.30785254409244	2.0	2	2
129.40793602129375	3.0	3	3
129.50801949849506	3.0	3	3
129.60810297569637	3.0	3	3
129.70818645289768	3.0	3	3
129.808269930099	3.0	3	3
129.9083534073003	3.0	3	3
130.0084368845016	3.0	3	3
130.10852036170292	3.0	3	3
130.20860383890422	3.0	3	3
130.30868731610556	3.0	3	3
130.40877079330687	3.0	3	3
130.50885427050818	3.0	3	3
130.6089377477095	3.0	3	3
130.7090212249108	3.0	3	3
130.8091047021121	3.0	3	3
130.90918817931342	3.0	3	3
131.00927165651473	3.0	3	3
131.10935513371604	3.0	3	3
131.20943861091735	3.0	3	3
131.30952208811865	3.0	3	3
131.40960556531996	3.0	3	3
131.50968904252127	3.0	3	3
131.60977251972258	2.0	2	2
131.7098559969239	2.0	2	2
131.8099394741252	1.0	1	1
131.9100229513265	1.0	1	1
132.01010642852782	1.0	1	1
132.11018990572913	1.0	1	1
132.21027338293044	1.0	1	1
132.31035686013175	1.0	1	1
132.41044033733306	1.0	1	1
132.51052381453437	1.0	1	1
132.61060729173568	1.0	1	1
132.71069076893698	1.0	1	1
132.8107742461383	1.0	1	1
132.9108577233396	1.0	1	1
133.0109412005409	1.0	1	1
133.11102467774222	1.0	1	1
133.21110815494353	1.0	1	1
133.31119163214484	1.0	1	1
133.41127510934615	1.0	1	1
133.51135858654746	1.0	1	1
133.61144206374877	1.0	1	1
133.71152554095008	1.0	1	1
133.8116090181514	1.0	1	1
133.9116924953527	1.0	1	1
134.011775972554	2.0	2	2
134.11185944975531	2.0	2	2
134.21194292695662	2.0	2	2
134.31202640415793	2.0	2	2
134.41210988135924	2.0	2	2
134.51219335856058	2.0	2	2
134.6122768357619	2.0	2	2
134.7123603129632	2.0	2	2
134.8124437901645	2.0	2	2
134.91252726736582	2.0	2	2
135.01261074456713	2.0	2	2
135.11269422176844	2.0	2	2
135.21277769896975	2.0	2	2
135.31286117617105	2.0	2	2
135.41294465337236	2.0	2	2
135.51302813057367	2.0	2	2
135.61311160777498	2.0	2	2
135.7131950849763	2.0	2	2
135.8132785621776	2.0	2	2
135.9133620393789	3.0	3	3
136.01344551658022	3.0	3	3
136.11352899378153	3.0	3	3
136.21361247098284	3.0	3	3
136.31369594818415	3.0	3	3
136.41377942538546	3.0	3	3
136.51386290258677	3.0	3	3
136.61394637978808	3.0	3	3
136.71402985698938	3.0	3	3
136.8141133341907	3.0	3	3
136.914196811392	3.0	3	3
137.0142802885933	3.0	3	3
137.11436376579462	3.0	3	3
137.21444724299593	2.0	2	2
137.31453072019724	3.0	3	3
137.41461419739855	3.0	3	3
137.51469767459986	3.0	3	3
137.61478115180117	3.0	3	3
137.71486462900248	3.0	3	3
137.8149481062038	3.0	3	3
137.9150315834051	3.0	3	3
138.0151150606064	3.0	3	3
138.11519853780771	3.0	3	3
138.21528201500902	3.0	3	3
138.31536549221033	2.0	2	2
138.41544896941164	2.0	2	2
138.51553244661295	2.0	2	2
138.61561592381426	3.0	3	3
138.71569940101557	3.0	3	3
138.8157828782169	3.0	3	3
138.91586635541822	3.0	3	3
139.01594983261953	3.0	3	3
139.11603330982084	3.0	3	3
139.21611678702214	3.0	3	3
139.31620026422345	3.0	3	3
139.41628374142476	3.0	3	3
139.51636721862607	3.0	3	3
139.61645069582738	3.0	3	3
139.7165341730287	2.0	2	2
139.81661765023	2.0	2	2
139.9167011274313	2.0	2	2
140.01678460463262	2.0	2	2
140.11686808183393	1.0	1	1
140.21695155903524	1.0	1	1
140.31703503623655	1.0	1	1
140.41711851343786	1.0	1	1
140.51720199063917	1.0	1	1
140.61728546784047	1.0	1	1
140.71736894504178	1.0	1	1
140.8174524222431	1.0	1	1
140.9175358994444	1.0	1	1
141.0176193766457	1.0	1	1
141.11770285384702	1.0	1	1
141.21778633104833	1.0	1	1
141.31786980824964	1.0	1	1
141.41795328545095	1.0	1	1
141.51803676265226	1.0	1	1
141.61812023985357	1.0	1	1
141.71820371705488	1.0	1	1
141.8182871942562	1.0	1	1
141.9183706714575	1.0	1	1
142.0184541486588	1.0	1	1
142.1185376258601	1.0	1	1
142.21862110306142	1.0	1	1
142.31870458026273	1.0	1	1
142.41878805746404	1.0	1	1
142.51887153466535	1.0	1	1
142.61895501186666	1.0	1	1
142.71903848906797	1.0	1	1
142.81912196626928	1.0	1	1
142.9192054434706	1.0	1	1
143.0192889206719	1.0	1	1
143.11937239787324	1.0	1	1
143.21945587507454	1.0	1	1
143.31953935227585	1.0	1	1
143.41962282947716	1.0	1	1
143.51970630667847	1.0	1	1
143.61978978387978	1.0	1	1
143.7198732610811	1.0	1	1
143.8199567382824	1.0	1	1
143.9200402154837	1.0	1	1
144.02012369268502	1.0	1	1
144.12020716988633	1.0	1	1
144.22029064708764	1.0	1	1
144.32037412428895	1.0	1	1
144.42045760149026	1.0	1	1
144.52054107869156	1.0	1	1
144.62062455589287	1.0	1	1
144.72070803309418	1.0	1	1
144.8207915102955	1.0	1	1
144.9208749874968	1.0	1	1
145.0209584646981	1.0	1	1
145.12104194189942	1.0	1	1
145.22112541910073	1.0	1	1
145.32120889630204	2.0	2	2
145.42129237350335	2.0	2	2
145.52137585070466	2.0	2	2
145.62145932790597	2.0	2	2
145.72154280510728	2.0	2	2
145.82162628230859	2.0	2	2
145.9217097595099	2.0	2	2
146.0217932367112	2.0	2	2
146.1218767139125	2.0	2	2
146.22196019111382	2.0	2	2
146.32204366831513	2.0	2	2
146.42212714551644	2.0	2	2
146.52221062271775	2.0	2	2
146.62229409991906	2.0	2	2
146.72237757712037	2.0	2	2
146.82246105432168	2.0	2	2
146.922544531523	2.0	2	2
147.0226280087243	2.0	2	2
147.1227114859256	2.0	2	2
147.22279496312692	2.0	2	2
147.32287844032822	2.0	2	2
147.42296191752956	2.0	2	2
147.52304539473087	2.0	2	2
147.62312887193218	2.0	2	2
147.7232123491335	2.0	2	2
147.8232958263348	2.0	2	2
147.9233793035361	2.0	2	2
148.02346278073742	2.0	2	2
148.12354625793873	2.0	2	2
148.22362973514004	2.0	2	2
148.32371321234135	2.0	2	2
148.42379668954266	2.0	2	2
148.52388016674396	2.0	2	2
148.62396364394527	2.0	2	2
148.72404712114658	2.0	2	2
148.8241305983479	2.0	2	2
148.9242140755492	2.0	2	2
149.0242975527505	2.0	2	2
149.12438102995182	2.0	2	2
149.22446450715313	2.0	2	2
149.32454798435444	2.0	2	2
149.42463146155575	2.0	2	2
149.52471493875706	2.0	2	2
149.62479841595837	2.0	2	2
149.72488189315968	2.0	2	2
149.82496537036099	2.0	2	2
149.9250488475623	2.0	2	2
150.0251323247636	2.0	2	2
150.1252158019649	2.0	2	2
150.22529927916622	2.0	2	2
150.32538275636753	2.0	2	2
150.42546623356884	2.0	2	2
150.52554971077015	2.0	2	2
150.62563318797146	2.0	2	2
150.72571666517277	2.0	2	2
150.82580014237408	2.0	2	2
150.9258836195754	2.0	2	2
151.0259670967767	2.0	2	2
151.126050573978	3.0	3	3
151.22613405117932	3.0	3	3
151.32621752838062	3.0	3	3
151.42630100558193	3.0	3	3
151.52638448278324	3.0	3	3
151.62646795998458	3.0	3	3
151.7265514371859	3.0	3	3
151.8266349143872	3.0	3	3
151.9267183915885	3.0	3	3
152.02680186878982	3.0	3	3
152.12688534599113	3.0	3	3
152.22696882319244	3.0	3	3
152.32705230039375	3.0	3	3
152.42713577759505	3.0	3	3
152.52721925479636	3.0	3	3
152.62730273199767	3.0	3	3
152.72738620919898	3.0	3	3
152.8274696864003	3.0	3	3
152.9275531636016	3.0	3	3
153.0276366408029	3.0	3	3
153.12772011800422	3.0	3	3
153.22780359520553	3.0	3	3
153.32788707240684	2.0	2	2
153.42797054960815	2.0	2	2
153.52805402680946	2.0	2	2
153.62813750401077	2.0	2	2
153.72822098121208	2.0	2	2
153.82830445841338	2.0	2	2
153.9283879356147	2.0	2	2
154.028471412816	2.0	2	2
154.1285548900173	2.0	2	2
154.22863836721862	2.0	2	2
154.32872184441993	2.0	2	2
154.42880532162124	2.0	2	2
154.52888879882255	2.0	2	2
154.62897227602386	2.0	2	2
154.72905575322517	2.0	2	2
154.82913923042648	2.0	2	2
154.9292227076278	2.0	2	2
155.0293061848291	2.0	2	2
155.1293896620304	2.0	2	2
155.22947313923171	2.0	2	2
155.32955661643302	2.0	2	2
155.42964009363433	2.0	2	2
155.52972357083564	2.0	2	2
155.62980704803695	2.0	2	2
155.72989052523826	2.0	2	2
155.82997400243957	2.0	2	2
155.9300574796409	2.0	2	2
156.03014095684222	2.0	2	2
156.13022443404353	2.0	2	2
156.23030791124484	2.0	2	2
156.33039138844615	2.0	2	2
156.43047486564745	2.0	2	2
156.53055834284876	2.0	2	2
156.63064182005007	2.0	2	2
156.73072529725138	2.0	2	2
156.8308087744527	2.0	2	2
156.930892251654	2.0	2	2
157.0309757288553	2.0	2	2
157.13105920605662	2.0	2	2
157.23114268325793	2.0	2	2
157.33122616045924	2.0	2	2
157.43130963766055	1.0	1	1
157.53139311486186	1.0	1	1
157.63147659206317	1.0	1	1
157.73156006926448	1.0	1	1
157.83164354646578	1.0	1	1
157.9317270236671	1.0	1	1
158.0318105008684	1.0	1	1
158.1318939780697	1.0	1	1
158.23197745527102	1.0	1	1
158.33206093247233	1.0	1	1
158.43214440967364	0.0	0	0
158.53222788687495	0.0	0	0
158.63231136407626	0.0	0	0
158.73239484127757	0.0	0	0
158.83247831847888	0.0	0	0
158.9325617956802	0.0	0	0
159.0326452728815	0.0	0	0
159.1327287500828	0.0	0	0
159.23281222728411	0.0	0	0
159.33289570448542	0.0	0	0
159.43297918168673	1.0	1	1
159.53306265888804	1.0	1	1
159.63314613608935	1.0	1	1
159.73322961329066	1.0	1	1
159.83331309049197	1.0	1	1
159.93339656769328	1.0	1	1
160.0334800448946	1.0	1	1
160.13356352209593	1.0	1	1
160.23364699929724	1.0	1	1
160.33373047649854	1.0	1	1
160.43381395369985	1.0	1	1
160.53389743090116	1.0	1	1
160.63398090810247	1.0	1	1
160.73406438530378	1.0	1	1
160.8341478625051	2.0	2	2
160.9342313397064	2.0	2	2
161.0343148169077	2.0	2	2
161.13439829410902	2.0	2	2
161.23448177131033	2.0	2	2
161.33456524851164	2.0	2	2
161.43464872571295	2.0	2	2
161.53473220291426	2.0	2	2
161.63481568011557	2.0	2	2
161.73489915731687	2.0	2	2
161.83498263451818	2.0	2	2
161.9350661117195	2.0	2	2
162.0351495889208	2.0	2	2
162.1352330661221	2.0	2	2
162.23531654332342	2.0	2	2
162.33540002052473	3.0	3	3
162.43548349772604	4.0	4	4
162.53556697492735	4.0	4	4
162.63565045212866	4.0	4	4
162.73573392932997	4.0	4	4
162.83581740653128	4.0	4	4
162.9359008837326	4.0	4	4
163.0359843609339	4.0	4	4
163.1360678381352	4.0	4	4
163.2361513153365	4.0	4	4
163.33623479253782	4.0	4	4
163.43631826973913	4.0	4	4
163.53640174694044	4.0	4	4
163.63648522414175	4.0	4	4
163.73656870134306	4.0	4	4
163.83665217854437	4.0	4	4
163.93673565574568	4.0	4	4
164.036819132947	5.0	5	5
164.1369026101483	6.0	6	6
164.2369860873496	6.0	6	6
164.33706956455092	6.0	6	6
164.43715304175225	6.0	6	6
164.53723651895356	6.0	6	6
164.63731999615487	5.0	5	5
164.73740347335618	5.0	5	5
164.8374869505575	4.0	4	4
164.9375704277588	4.0	4	4
165.0376539049601	4.0	4	4
165.13773738216142	4.0	4	4
165.23782085936273	5.0	5	5
165.33790433656404	5.0	5	5
165.43798781376535	5.0	5	5
165.53807129096666	5.0	5	5
165.63815476816796	5.0	5	5
165.73823824536927	5.0	5	5
165.83832172257058	5.0	5	5
165.9384051997719	6.0	6	6
166.0384886769732	6.0	6	6
166.1385721541745	4.0	4	4
166.23865563137582	4.0	4	4
166.33873910857713	4.0	4	4
166.43882258577844	3.0	3	3
166.53890606297975	3.0	3	3
166.63898954018106	3.0	3	3
166.73907301738237	4.0	4	4
166.83915649458368	4.0	4	4
166.93923997178499	4.0	4	4
167.0393234489863	4.0	4	4
167.1394069261876	5.0	5	5
167.2394904033889	5.0	5	5
167.33957388059022	5.0	5	5
167.43965735779153	5.0	5	5
167.53974083499284	5.0	5	5
167.63982431219415	4.0	4	4
167.73990778939546	5.0	5	5
167.83999126659677	5.0	5	5
167.94007474379808	5.0	5	5
168.0401582209994	5.0	5	5
168.1402416982007	4.0	4	4
168.240325175402	4.0	4	4
168.34040865260332	4.0	4	4
168.44049212980462	4.0	4	4
168.54057560700593	4.0	4	4
168.64065908420724	4.0	4	4
168.74074256140858	4.0	4	4
168.8408260386099	4.0	4	4
168.9409095158112	4.0	4	4
169.0409929930125	5.0	5	5
169.14107647021382	5.0	5	5
169.24115994741513	4.0	4	4
169.34124342461644	4.0	4	4
169.44132690181775	3.0	3	3
169.54141037901906	3.0	3	3
169.64149385622036	3.0	3	3
169.74157733342167	4.0	4	4
169.84166081062298	4.0	4	4
169.9417442878243	4.0	4	4
170.0418277650256	4.0	4	4
170.1419112422269	4.0	4	4
170.24199471942822	4.0	4	4
170.34207819662953	4.0	4	4
170.44216167383084	4.0	4	4
170.54224515103215	4.0	4	4
170.64232862823346	4.0	4	4
170.74241210543477	4.0	4	4
170.84249558263608	4.0	4	4
170.94257905983739	4.0	4	4
171.0426625370387	4.0	4	4
171.14274601424	4.0	4	4
171.2428294914413	4.0	4	4
171.34291296864262	4.0	4	4
171.44299644584393	4.0	4	4
171.54307992304524	4.0	4	4
171.64316340024655	4.0	4	4
171.74324687744786	4.0	4	4
171.84333035464917	4.0	4	4
171.94341383185048	4.0	4	4
172.0434973090518	4.0	4	4
172.1435807862531	4.0	4	4
172.2436642634544	4.0	4	4
172.34374774065572	4.0	4	4
172.44383121785702	4.0	4	4
172.54391469505833	4.0	4	4
172.64399817225964	4.0	4	4
172.74408164946095	4.0	4	4
172.84416512666226	4.0	4	4
172.94424860386357	4.0	4	4
173.0443320810649	4.0	4	4
173.14441555826622	4.0	4	4
173.24449903546753	3.0	3	3
173.34458251266884	3.0	3	3
173.44466598987015	3.0	3	3
173.54474946707145	3.0	3	3
173.64483294427276	3.0	3	3
173.74491642147407	3.0	3	3
173.84499989867538	3.0	3	3
173.9450833758767	3.0	3	3
174.045166853078	3.0	3	3
174.1452503302793	3.0	3	3
174.24533380748062	3.0	3	3
174.34541728468193	3.0	3	3
174.44550076188324	3.0	3	3
174.54558423908455	3.0	3	3
174.64566771628586	3.0	3	3
174.74575119348717	3.0	3	3
174.84583467068848	3.0	3	3
174.94591814788978	3.0	3	3
175.0460016250911	3.0	3	3
175.1460851022924	3.0	3	3
175.2461685794937	3.0	3	3
175.34625205669502	3.0	3	3
175.44633553389633	3.0	3	3
175.54641901109764	3.0	3	3
175.64650248829895	3.0	3	3
175.74658596550026	3.0	3	3
175.84666944270157	3.0	3	3
175.94675291990288	4.0	4	4
176.0468363971042	4.0	4	4
176.1469198743055	4.0	4	4
176.2470033515068	4.0	4	4
176.34708682870811	4.0	4	4
176.44717030590942	4.0	4	4
176.54725378311073	4.0	4	4
176.64733726031204	4.0	4	4
176.74742073751335	4.0	4	4
176.84750421471466	4.0	4	4
176.94758769191597	4.0	4	4
177.04767116911728	4.0	4	4
177.1477546463186	4.0	4	4
177.24783812351993	4.0	4	4
177.34792160072124	4.0	4	4
177.44800507792255	4.0	4	4
177.54808855512385	4.0	4	4
177.64817203232516	4.0	4	4
177.74825550952647	4.0	4	4
177.84833898672778	4.0	4	4
177.9484224639291	4.0	4	4
178.0485059411304	4.0	4	4
178.1485894183317	4.0	4	4
178.24867289553302	4.0	4	4
178.34875637273433	3.0	3	3
178.44883984993564	3.0	3	3
178.54892332713695	3.0	3	3
178.64900680433826	3.0	3	3
178.74909028153957	3.0	3	3
178.84917375874087	3.0	3	3
178.94925723594218	3.0	3	3
179.0493407131435	3.0	3	3
179.1494241903448	3.0	3	3
179.2495076675461	3.0	3	3
179.34959114474742	3.0	3	3
179.44967462194873	3.0	3	3
179.54975809915004	3.0	3	3
179.64984157635135	3.0	3	3
179.74992505355266	3.0	3	3
179.85000853075397	3.0	3	3
179.95009200795528	3.0	3	3
180.0501754851566	3.0	3	3
180.1502589623579	3.0	3	3
180.2503424395592	3.0	3	3
180.3504259167605	3.0	3	3
180.45050939396182	3.0	3	3
180.55059287116313	3.0	3	3
180.65067634836444	3.0	3	3
180.75075982556575	3.0	3	3
180.85084330276706	3.0	3	3
180.95092677996837	3.0	3	3
181.05101025716968	3.0	3	3
181.151093734371	3.0	3	3
181.2511772115723	3.0	3	3
181.3512606887736	3.0	3	3
181.45134416597492	3.0	3	3
181.55142764317625	3.0	3	3
181.65151112037756	3.0	3	3
181.75159459757887	3.0	3	3
181.85167807478018	3.0	3	3
181.9517615519815	3.0	3	3
182.0518450291828	3.0	3	3
182.1519285063841	3.0	3	3
182.25201198358542	3.0	3	3
182.35209546078673	3.0	3	3
182.45217893798804	3.0	3	3
182.55226241518935	3.0	3	3
182.65234589239066	3.0	3	3
182.75242936959197	3.0	3	3
182.85251284679327	3.0	3	3
182.95259632399458	2.0	2	2
183.0526798011959	2.0	2	2
183.1527632783972	2.0	2	2
183.2528467555985	2.0	2	2
183.35293023279982	2.0	2	2
183.45301371000113	2.0	2	2
183.55309718720244	2.0	2	2
183.65318066440375	2.0	2	2
183.75326414160506	2.0	2	2
183.85334761880637	2.0	2	2
183.95343109600768	2.0	2	2
184.053514573209	2.0	2	2
184.1535980504103	2.0	2	2
184.2536815276116	2.0	2	2
184.3537650048129	2.0	2	2
184.45384848201422	1.0	1	1
184.55393195921553	1.0	1	1
184.65401543641684	1.0	1	1
184.75409891361815	1.0	1	1
184.85418239081946	1.0	1	1
