time	diversity	m_div	M_div
0.0	2.0	2	2
0.10008010490292978	2.0	2	2
0.20016020980585955	2.0	2	2
0.3002403147087893	2.0	2	2
0.4003204196117191	2.0	2	2
0.5004005245146489	2.0	2	2
0.6004806294175786	2.0	2	2
0.7005607343205085	2.0	2	2
0.8006408392234382	2.0	2	2
0.9007209441263679	1.0	1	1
1.0008010490292978	1.0	1	1
1.1008811539322276	1.0	1	1
1.2009612588351573	1.0	1	1
1.301041363738087	1.0	1	1
1.401121468641017	1.0	1	1
1.5012015735439466	1.0	1	1
1.6012816784468764	1.0	1	1
1.7013617833498063	1.0	1	1
1.8014418882527359	2.0	2	2
1.9015219931556657	2.0	2	2
2.0016020980585956	2.0	2	2
2.101682202961525	2.0	2	2
2.2017623078644553	2.0	2	2
2.301842412767385	2.0	2	2
2.4019225176703145	2.0	2	2
2.5020026225732446	2.0	2	2
2.602082727476174	2.0	2	2
2.702162832379104	2.0	2	2
2.802242937282034	2.0	2	2
2.9023230421849635	3.0	3	3
3.002403147087893	3.0	3	3
3.102483251990823	3.0	3	3
3.202563356893753	3.0	3	3
3.3026434617966824	3.0	3	3
3.4027235666996125	3.0	3	3
3.502803671602542	3.0	3	3
3.6028837765054718	3.0	3	3
3.702963881408402	3.0	3	3
3.8030439863113314	3.0	3	3
3.903124091214261	3.0	3	3
4.003204196117191	3.0	3	3
4.103284301020121	3.0	3	3
4.20336440592305	3.0	3	3
4.3034445108259805	3.0	3	3
4.4035246157289105	3.0	3	3
4.50360472063184	3.0	3	3
4.60368482553477	3.0	3	3
4.7037649304377	3.0	3	3
4.803845035340629	3.0	3	3
4.903925140243559	3.0	3	3
5.004005245146489	3.0	3	3
5.104085350049418	3.0	3	3
5.204165454952348	3.0	3	3
5.3042455598552785	3.0	3	3
5.404325664758208	3.0	3	3
5.504405769661138	3.0	3	3
5.604485874564068	3.0	3	3
5.704565979466997	3.0	3	3
5.804646084369927	3.0	3	3
5.904726189272857	3.0	3	3
6.004806294175786	3.0	3	3
6.104886399078716	3.0	3	3
6.204966503981646	3.0	3	3
6.305046608884576	3.0	3	3
6.405126713787506	3.0	3	3
6.505206818690436	3.0	3	3
6.605286923593365	3.0	3	3
6.705367028496295	3.0	3	3
6.805447133399225	3.0	3	3
6.905527238302154	3.0	3	3
7.005607343205084	3.0	3	3
7.105687448108014	3.0	3	3
7.2057675530109435	3.0	3	3
7.305847657913874	3.0	3	3
7.405927762816804	3.0	3	3
7.506007867719733	3.0	3	3
7.606087972622663	3.0	3	3
7.706168077525593	3.0	3	3
7.806248182428522	3.0	3	3
7.906328287331452	3.0	3	3
8.006408392234382	3.0	3	3
8.106488497137311	3.0	3	3
8.206568602040242	3.0	3	3
8.306648706943172	3.0	3	3
8.4067288118461	3.0	3	3
8.506808916749032	3.0	3	3
8.606889021651961	3.0	3	3
8.70696912655489	3.0	3	3
8.807049231457821	3.0	3	3
8.90712933636075	3.0	3	3
9.00720944126368	3.0	3	3
9.10728954616661	3.0	3	3
9.20736965106954	3.0	3	3
9.307449755972469	3.0	3	3
9.4075298608754	3.0	3	3
9.507609965778329	3.0	3	3
9.607690070681258	3.0	3	3
9.707770175584189	3.0	3	3
9.807850280487118	3.0	3	3
9.907930385390047	3.0	3	3
10.008010490292978	3.0	3	3
10.108090595195907	3.0	3	3
10.208170700098837	3.0	3	3
10.308250805001768	3.0	3	3
10.408330909904697	3.0	3	3
10.508411014807626	3.0	3	3
10.608491119710557	3.0	3	3
10.708571224613486	3.0	3	3
10.808651329516415	3.0	3	3
10.908731434419346	3.0	3	3
11.008811539322275	3.0	3	3
11.108891644225205	3.0	3	3
11.208971749128136	3.0	3	3
11.309051854031065	3.0	3	3
11.409131958933994	3.0	3	3
11.509212063836925	3.0	3	3
11.609292168739854	3.0	3	3
11.709372273642783	3.0	3	3
11.809452378545714	3.0	3	3
11.909532483448643	3.0	3	3
12.009612588351573	3.0	3	3
12.109692693254503	3.0	3	3
12.209772798157433	3.0	3	3
12.309852903060362	3.0	3	3
12.409933007963293	3.0	3	3
12.510013112866222	3.0	3	3
12.610093217769151	3.0	3	3
12.710173322672082	3.0	3	3
12.810253427575011	3.0	3	3
12.91033353247794	3.0	3	3
13.010413637380871	3.0	3	3
13.1104937422838	3.0	3	3
13.21057384718673	3.0	3	3
13.31065395208966	3.0	3	3
13.41073405699259	3.0	3	3
13.510814161895519	3.0	3	3
13.61089426679845	3.0	3	3
13.71097437170138	3.0	3	3
13.811054476604308	3.0	3	3
13.91113458150724	3.0	3	3
14.011214686410169	3.0	3	3
14.111294791313098	3.0	3	3
14.211374896216029	3.0	3	3
14.311455001118958	3.0	3	3
14.411535106021887	3.0	3	3
14.511615210924818	3.0	3	3
14.611695315827747	3.0	3	3
14.711775420730676	3.0	3	3
14.811855525633607	3.0	3	3
14.911935630536536	3.0	3	3
15.012015735439466	3.0	3	3
15.112095840342397	3.0	3	3
15.212175945245326	3.0	3	3
15.312256050148255	3.0	3	3
15.412336155051186	3.0	3	3
15.512416259954115	4.0	4	4
15.612496364857044	4.0	4	4
15.712576469759975	4.0	4	4
15.812656574662904	4.0	4	4
15.912736679565834	4.0	4	4
16.012816784468765	4.0	4	4
16.112896889371694	4.0	4	4
16.212976994274623	4.0	4	4
16.313057099177552	5.0	5	5
16.413137204080485	5.0	5	5
16.513217308983414	5.0	5	5
16.613297413886343	5.0	5	5
16.713377518789272	5.0	5	5
16.8134576236922	5.0	5	5
16.91353772859513	5.0	5	5
17.013617833498063	5.0	5	5
17.113697938400993	5.0	5	5
17.213778043303922	5.0	5	5
17.31385814820685	5.0	5	5
17.41393825310978	5.0	5	5
17.51401835801271	5.0	5	5
17.614098462915642	5.0	5	5
17.71417856781857	5.0	5	5
17.8142586727215	5.0	5	5
17.91433877762443	5.0	5	5
18.01441888252736	5.0	5	5
18.114498987430288	5.0	5	5
18.21457909233322	5.0	5	5
18.31465919723615	5.0	5	5
18.41473930213908	5.0	5	5
18.51481940704201	5.0	5	5
18.614899511944937	5.0	5	5
18.714979616847867	5.0	5	5
18.8150597217508	5.0	5	5
18.91513982665373	5.0	5	5
19.015219931556658	5.0	5	5
19.115300036459587	5.0	5	5
19.215380141362516	5.0	5	5
19.315460246265445	5.0	5	5
19.415540351168378	5.0	5	5
19.515620456071307	5.0	5	5
19.615700560974236	5.0	5	5
19.715780665877165	5.0	5	5
19.815860770780095	5.0	5	5
19.915940875683024	5.0	5	5
20.016020980585957	5.0	5	5
20.116101085488886	5.0	5	5
20.216181190391815	5.0	5	5
20.316261295294744	5.0	5	5
20.416341400197673	4.0	4	4
20.516421505100602	4.0	4	4
20.616501610003535	4.0	4	4
20.716581714906464	4.0	4	4
20.816661819809394	4.0	4	4
20.916741924712323	4.0	4	4
21.016822029615252	4.0	4	4
21.11690213451818	4.0	4	4
21.216982239421114	4.0	4	4
21.317062344324043	4.0	4	4
21.417142449226972	4.0	4	4
21.5172225541299	4.0	4	4
21.61730265903283	4.0	4	4
21.71738276393576	4.0	4	4
21.817462868838692	4.0	4	4
21.91754297374162	4.0	4	4
22.01762307864455	3.0	3	3
22.11770318354748	3.0	3	3
22.21778328845041	3.0	3	3
22.31786339335334	3.0	3	3
22.41794349825627	3.0	3	3
22.5180236031592	3.0	3	3
22.61810370806213	3.0	3	3
22.71818381296506	3.0	3	3
22.818263917867988	3.0	3	3
22.918344022770917	3.0	3	3
23.01842412767385	3.0	3	3
23.11850423257678	3.0	3	3
23.218584337479708	3.0	3	3
23.318664442382637	3.0	3	3
23.418744547285566	3.0	3	3
23.518824652188496	3.0	3	3
23.61890475709143	2.0	2	2
23.718984861994358	2.0	2	2
23.819064966897287	2.0	2	2
23.919145071800216	2.0	2	2
24.019225176703145	2.0	2	2
24.119305281606074	2.0	2	2
24.219385386509007	2.0	2	2
24.319465491411936	2.0	2	2
24.419545596314865	2.0	2	2
24.519625701217795	2.0	2	2
24.619705806120724	2.0	2	2
24.719785911023653	2.0	2	2
24.819866015926586	2.0	2	2
24.919946120829515	2.0	2	2
25.020026225732444	2.0	2	2
25.120106330635373	2.0	2	2
25.220186435538302	2.0	2	2
25.32026654044123	2.0	2	2
25.420346645344164	2.0	2	2
25.520426750247093	2.0	2	2
25.620506855150023	2.0	2	2
25.72058696005295	2.0	2	2
25.82066706495588	2.0	2	2
25.920747169858814	2.0	2	2
26.020827274761743	2.0	2	2
26.120907379664672	2.0	2	2
26.2209874845676	2.0	2	2
26.32106758947053	2.0	2	2
26.42114769437346	2.0	2	2
26.521227799276392	2.0	2	2
26.62130790417932	2.0	2	2
26.72138800908225	2.0	2	2
26.82146811398518	2.0	2	2
26.92154821888811	2.0	2	2
27.021628323791038	2.0	2	2
27.12170842869397	2.0	2	2
27.2217885335969	2.0	2	2
27.32186863849983	2.0	2	2
27.42194874340276	2.0	2	2
27.522028848305688	2.0	2	2
27.622108953208617	2.0	2	2
27.72218905811155	2.0	2	2
27.82226916301448	2.0	2	2
27.922349267917408	2.0	2	2
28.022429372820337	2.0	2	2
28.122509477723266	2.0	2	2
28.222589582626195	2.0	2	2
28.322669687529128	2.0	2	2
28.422749792432057	2.0	2	2
28.522829897334987	2.0	2	2
28.622910002237916	2.0	2	2
28.722990107140845	2.0	2	2
28.823070212043774	2.0	2	2
28.923150316946707	1.0	1	1
29.023230421849636	1.0	1	1
29.123310526752565	1.0	1	1
29.223390631655494	2.0	2	2
29.323470736558424	2.0	2	2
29.423550841461353	2.0	2	2
29.523630946364285	2.0	2	2
29.623711051267215	2.0	2	2
29.723791156170144	2.0	2	2
29.823871261073073	1.0	1	1
29.923951365976002	1.0	1	1
30.02403147087893	1.0	1	1
30.124111575781864	1.0	1	1
30.224191680684793	1.0	1	1
30.324271785587722	1.0	1	1
30.42435189049065	1.0	1	1
30.52443199539358	1.0	1	1
30.62451210029651	1.0	1	1
30.724592205199443	1.0	1	1
30.824672310102372	1.0	1	1
30.9247524150053	1.0	1	1
31.02483251990823	1.0	1	1
31.12491262481116	1.0	1	1
31.22499272971409	1.0	1	1
31.32507283461702	1.0	1	1
31.42515293951995	1.0	1	1
31.52523304442288	1.0	1	1
31.62531314932581	1.0	1	1
31.725393254228738	1.0	1	1
31.825473359131667	1.0	1	1
31.9255534640346	1.0	1	1
32.02563356893753	1.0	1	1
32.12571367384046	1.0	1	1
32.22579377874339	1.0	1	1
32.32587388364632	1.0	1	1
32.425953988549246	1.0	1	1
32.526034093452175	1.0	1	1
32.626114198355104	1.0	1	1
32.72619430325803	1.0	1	1
32.82627440816097	1.0	1	1
32.9263545130639	1.0	1	1
33.02643461796683	1.0	1	1
33.12651472286976	1.0	1	1
33.226594827772686	1.0	1	1
33.326674932675616	1.0	1	1
33.426755037578545	1.0	1	1
33.526835142481474	1.0	1	1
33.6269152473844	1.0	1	1
33.72699535228733	1.0	1	1
33.82707545719026	1.0	1	1
33.92715556209319	1.0	1	1
34.02723566699613	1.0	1	1
34.127315771899056	1.0	1	1
34.227395876801985	1.0	1	1
34.327475981704914	1.0	1	1
34.427556086607844	1.0	1	1
34.52763619151077	1.0	1	1
34.6277162964137	1.0	1	1
34.72779640131663	1.0	1	1
34.82787650621956	1.0	1	1
34.92795661112249	1.0	1	1
35.02803671602542	1.0	1	1
35.12811682092835	1.0	1	1
35.228196925831284	1.0	1	1
35.32827703073421	1.0	1	1
35.42835713563714	1.0	1	1
35.52843724054007	1.0	1	1
35.628517345443	1.0	1	1
35.72859745034593	1.0	1	1
35.82867755524886	1.0	1	1
35.92875766015179	1.0	1	1
36.02883776505472	1.0	1	1
36.12891786995765	1.0	1	1
36.228997974860576	1.0	1	1
36.329078079763505	1.0	1	1
36.42915818466644	1.0	1	1
36.52923828956937	1.0	1	1
36.6293183944723	1.0	1	1
36.72939849937523	1.0	1	1
36.82947860427816	1.0	1	1
36.92955870918109	1.0	1	1
37.02963881408402	1.0	1	1
37.129718918986946	1.0	1	1
37.229799023889875	1.0	1	1
37.329879128792804	1.0	1	1
37.42995923369573	1.0	1	1
37.53003933859866	1.0	1	1
37.6301194435016	1.0	1	1
37.73019954840453	1.0	1	1
37.83027965330746	1.0	1	1
37.930359758210386	1.0	1	1
38.030439863113315	1.0	1	1
38.130519968016245	1.0	1	1
38.230600072919174	1.0	1	1
38.3306801778221	1.0	1	1
38.43076028272503	1.0	1	1
38.53084038762796	1.0	1	1
38.63092049253089	2.0	2	2
38.73100059743383	2.0	2	2
38.831080702336756	2.0	2	2
38.931160807239685	2.0	2	2
39.031240912142614	3.0	3	3
39.13132101704554	3.0	3	3
39.23140112194847	3.0	3	3
39.3314812268514	5.0	5	5
39.43156133175433	5.0	5	5
39.53164143665726	6.0	6	6
39.63172154156019	9.0	9	9
39.73180164646312	10.0	10	10
39.83188175136605	11.0	11	11
39.931961856268984	11.0	11	11
40.03204196117191	11.0	11	11
40.13212206607484	11.0	11	11
40.23220217097777	11.0	11	11
40.3322822758807	11.0	11	11
40.43236238078363	11.0	11	11
40.53244248568656	11.0	11	11
40.63252259058949	11.0	11	11
40.73260269549242	11.0	11	11
40.83268280039535	11.0	11	11
40.932762905298276	11.0	11	11
41.032843010201205	11.0	11	11
41.13292311510414	11.0	11	11
41.23300322000707	11.0	11	11
41.33308332491	11.0	11	11
41.43316342981293	11.0	11	11
41.53324353471586	11.0	11	11
41.63332363961879	11.0	11	11
41.733403744521716	11.0	11	11
41.833483849424645	11.0	11	11
41.933563954327575	11.0	11	11
42.033644059230504	11.0	11	11
42.13372416413343	11.0	11	11
42.23380426903636	11.0	11	11
42.3338843739393	11.0	11	11
42.43396447884223	11.0	11	11
42.53404458374516	11.0	11	11
42.634124688648086	11.0	11	11
42.734204793551015	11.0	11	11
42.834284898453944	11.0	11	11
42.934365003356874	11.0	11	11
43.0344451082598	11.0	11	11
43.13452521316273	11.0	11	11
43.23460531806566	11.0	11	11
43.33468542296859	11.0	11	11
43.43476552787152	11.0	11	11
43.534845632774456	11.0	11	11
43.634925737677385	11.0	11	11
43.735005842580314	11.0	11	11
43.83508594748324	12.0	12	12
43.93516605238617	12.0	12	12
44.0352461572891	12.0	12	12
44.13532626219203	12.0	12	12
44.23540636709496	12.0	12	12
44.33548647199789	12.0	12	12
44.43556657690082	12.0	12	12
44.53564668180375	12.0	12	12
44.63572678670668	12.0	12	12
44.73580689160961	12.0	12	12
44.83588699651254	13.0	13	13
44.93596710141547	13.0	13	13
45.0360472063184	13.0	13	13
45.13612731122133	13.0	13	13
45.23620741612426	13.0	13	13
45.33628752102719	13.0	13	13
45.43636762593012	13.0	13	13
45.536447730833046	13.0	13	13
45.636527835735976	13.0	13	13
45.736607940638905	14.0	14	14
45.836688045541834	14.0	14	14
45.93676815044477	14.0	14	14
46.0368482553477	14.0	14	14
46.13692836025063	14.0	14	14
46.23700846515356	14.0	14	14
46.33708857005649	14.0	14	14
46.437168674959416	14.0	14	14
46.537248779862345	14.0	14	14
46.637328884765274	14.0	14	14
46.737408989668204	15.0	15	15
46.83748909457113	15.0	15	15
46.93756919947406	15.0	15	15
47.03764930437699	15.0	15	15
47.13772940927993	15.0	15	15
47.23780951418286	15.0	15	15
47.337889619085786	15.0	15	15
47.437969723988715	15.0	15	15
47.538049828891644	16.0	16	16
47.63812993379457	17.0	17	17
47.7382100386975	17.0	17	17
47.83829014360043	17.0	17	17
47.93837024850336	17.0	17	17
48.03845035340629	17.0	17	17
48.13853045830922	17.0	17	17
48.23861056321215	17.0	17	17
48.338690668115085	17.0	17	17
48.438770773018014	17.0	17	17
48.53885087792094	17.0	17	17
48.63893098282387	17.0	17	17
48.7390110877268	17.0	17	17
48.83909119262973	17.0	17	17
48.93917129753266	17.0	17	17
49.03925140243559	17.0	17	17
49.13933150733852	17.0	17	17
49.23941161224145	17.0	17	17
49.33949171714438	16.0	16	16
49.439571822047306	16.0	16	16
49.53965192695024	16.0	16	16
49.63973203185317	16.0	16	16
49.7398121367561	16.0	16	16
49.83989224165903	16.0	16	16
49.93997234656196	16.0	16	16
50.04005245146489	16.0	16	16
50.14013255636782	16.0	16	16
50.240212661270746	15.0	15	15
50.340292766173675	14.0	14	14
50.440372871076605	14.0	14	14
50.540452975979534	15.0	15	15
50.64053308088246	15.0	15	15
50.7406131857854	15.0	15	15
50.84069329068833	14.0	14	14
50.94077339559126	13.0	13	13
51.04085350049419	13.0	13	13
51.140933605397116	14.0	14	14
51.241013710300045	14.0	14	14
51.341093815202974	14.0	14	14
51.4411739201059	14.0	14	14
51.54125402500883	14.0	14	14
51.64133412991176	14.0	14	14
51.74141423481469	14.0	14	14
51.84149433971763	14.0	14	14
51.94157444462056	13.0	13	13
52.041654549523486	12.0	12	12
52.141734654426415	12.0	12	12
52.241814759329344	12.0	12	12
52.34189486423227	12.0	12	12
52.4419749691352	12.0	12	12
52.54205507403813	10.0	10	10
52.64213517894106	10.0	10	10
52.74221528384399	10.0	10	10
52.84229538874692	10.0	10	10
52.94237549364985	11.0	11	11
53.042455598552785	11.0	11	11
53.142535703455714	11.0	11	11
53.24261580835864	11.0	11	11
53.34269591326157	10.0	10	10
53.4427760181645	10.0	10	10
53.54285612306743	10.0	10	10
53.64293622797036	10.0	10	10
53.74301633287329	10.0	10	10
53.84309643777622	10.0	10	10
53.94317654267915	10.0	10	10
54.043256647582076	10.0	10	10
54.143336752485006	10.0	10	10
54.24341685738794	10.0	10	10
54.34349696229087	10.0	10	10
54.4435770671938	9.0	9	9
54.54365717209673	9.0	9	9
54.64373727699966	8.0	8	8
54.74381738190259	7.0	7	7
54.84389748680552	8.0	8	8
54.943977591708446	8.0	8	8
55.044057696611375	8.0	8	8
55.144137801514304	8.0	8	8
55.244217906417234	7.0	7	7
55.34429801132016	7.0	7	7
55.4443781162231	8.0	8	8
55.54445822112603	8.0	8	8
55.64453832602896	7.0	7	7
55.74461843093189	7.0	7	7
55.844698535834816	6.0	6	6
55.944778640737745	5.0	5	5
56.044858745640674	6.0	6	6
56.1449388505436	6.0	6	6
56.24501895544653	6.0	6	6
56.34509906034946	6.0	6	6
56.44517916525239	6.0	6	6
56.54525927015532	7.0	7	7
56.645339375058256	7.0	7	7
56.745419479961186	7.0	7	7
56.845499584864115	7.0	7	7
56.945579689767044	8.0	8	8
57.04565979466997	7.0	7	7
57.1457398995729	7.0	7	7
57.24582000447583	6.0	6	6
57.34590010937876	6.0	6	6
57.44598021428169	7.0	7	7
57.54606031918462	7.0	7	7
57.64614042408755	7.0	7	7
57.74622052899048	7.0	7	7
57.846300633893414	6.0	6	6
57.94638073879634	6.0	6	6
58.04646084369927	6.0	6	6
58.1465409486022	6.0	6	6
58.24662105350513	6.0	6	6
58.34670115840806	8.0	8	8
58.44678126331099	8.0	8	8
58.54686136821392	9.0	9	9
58.64694147311685	9.0	9	9
58.747021578019776	9.0	9	9
58.847101682922705	9.0	9	9
58.947181787825635	8.0	8	8
59.04726189272857	9.0	9	9
59.1473419976315	9.0	9	9
59.24742210253443	9.0	9	9
59.34750220743736	9.0	9	9
59.44758231234029	7.0	7	7
59.54766241724322	7.0	7	7
59.647742522146146	6.0	6	6
59.747822627049075	5.0	5	5
59.847902731952004	4.0	4	4
59.94798283685493	4.0	4	4
60.04806294175786	4.0	4	4
60.14814304666079	4.0	4	4
60.24822315156373	4.0	4	4
60.34830325646666	4.0	4	4
60.44838336136959	6.0	6	6
60.548463466272516	6.0	6	6
60.648543571175445	6.0	6	6
60.748623676078374	6.0	6	6
60.8487037809813	6.0	6	6
60.94878388588423	6.0	6	6
61.04886399078716	6.0	6	6
61.14894409569009	6.0	6	6
61.24902420059302	5.0	5	5
61.34910430549595	5.0	5	5
61.449184410398885	6.0	6	6
61.549264515301815	6.0	6	6
61.649344620204744	6.0	6	6
61.74942472510767	6.0	6	6
61.8495048300106	7.0	7	7
61.94958493491353	7.0	7	7
62.04966503981646	7.0	7	7
62.14974514471939	7.0	7	7
62.24982524962232	6.0	6	6
62.34990535452525	7.0	7	7
62.44998545942818	6.0	6	6
62.550065564331106	6.0	6	6
62.65014566923404	6.0	6	6
62.75022577413697	6.0	6	6
62.8503058790399	6.0	6	6
62.95038598394283	6.0	6	6
63.05046608884576	6.0	6	6
63.15054619374869	6.0	6	6
63.25062629865162	6.0	6	6
63.35070640355455	6.0	6	6
63.450786508457476	6.0	6	6
63.550866613360405	6.0	6	6
63.650946718263334	6.0	6	6
63.751026823166264	6.0	6	6
63.8511069280692	6.0	6	6
63.95118703297213	6.0	6	6
64.05126713787506	6.0	6	6
64.15134724277799	6.0	6	6
64.25142734768092	6.0	6	6
64.35150745258385	6.0	6	6
64.45158755748677	5.0	5	5
64.5516676623897	5.0	5	5
64.65174776729263	5.0	5	5
64.75182787219556	6.0	6	6
64.85190797709849	5.0	5	5
64.95198808200142	5.0	5	5
65.05206818690435	5.0	5	5
65.15214829180728	4.0	4	4
65.25222839671021	4.0	4	4
65.35230850161314	5.0	5	5
65.45238860651607	5.0	5	5
65.55246871141901	6.0	6	6
65.65254881632194	7.0	7	7
65.75262892122487	8.0	8	8
65.8527090261278	8.0	8	8
65.95278913103073	8.0	8	8
66.05286923593366	8.0	8	8
66.15294934083659	9.0	9	9
66.25302944573951	13.0	13	13
66.35310955064244	14.0	14	14
66.45318965554537	15.0	15	15
66.5532697604483	15.0	15	15
66.65334986535123	16.0	16	16
66.75342997025416	17.0	17	17
66.85351007515709	17.0	17	17
66.95359018006002	18.0	18	18
67.05367028496295	18.0	18	18
67.15375038986588	18.0	18	18
67.2538304947688	18.0	18	18
67.35391059967174	18.0	18	18
67.45399070457466	18.0	18	18
67.5540708094776	19.0	19	19
67.65415091438052	18.0	18	18
67.75423101928345	17.0	17	17
67.85431112418638	17.0	17	17
67.95439122908932	17.0	17	17
68.05447133399225	17.0	17	17
68.15455143889518	17.0	17	17
68.25463154379811	17.0	17	17
68.35471164870104	17.0	17	17
68.45479175360397	17.0	17	17
68.5548718585069	16.0	16	16
68.65495196340983	17.0	17	17
68.75503206831276	17.0	17	17
68.85511217321569	17.0	17	17
68.95519227811862	17.0	17	17
69.05527238302155	17.0	17	17
69.15535248792447	17.0	17	17
69.2554325928274	17.0	17	17
69.35551269773033	17.0	17	17
69.45559280263326	17.0	17	17
69.55567290753619	17.0	17	17
69.65575301243912	17.0	17	17
69.75583311734205	18.0	18	18
69.85591322224498	18.0	18	18
69.95599332714791	18.0	18	18
70.05607343205084	17.0	17	17
70.15615353695377	17.0	17	17
70.2562336418567	17.0	17	17
70.35631374675964	16.0	16	16
70.45639385166257	16.0	16	16
70.5564739565655	16.0	16	16
70.65655406146843	16.0	16	16
70.75663416637136	17.0	17	17
70.85671427127429	17.0	17	17
70.95679437617721	16.0	16	16
71.05687448108014	16.0	16	16
71.15695458598307	16.0	16	16
71.257034690886	14.0	14	14
71.35711479578893	15.0	15	15
71.45719490069186	15.0	15	15
71.55727500559479	15.0	15	15
71.65735511049772	14.0	14	14
71.75743521540065	14.0	14	14
71.85751532030358	13.0	13	13
71.9575954252065	13.0	13	13
72.05767553010944	14.0	14	14
72.15775563501236	14.0	14	14
72.2578357399153	14.0	14	14
72.35791584481822	13.0	13	13
72.45799594972115	13.0	13	13
72.55807605462408	13.0	13	13
72.65815615952701	13.0	13	13
72.75823626442995	12.0	12	12
72.85831636933288	13.0	13	13
72.95839647423581	14.0	14	14
73.05847657913874	15.0	15	15
73.15855668404167	15.0	15	15
73.2586367889446	14.0	14	14
73.35871689384753	15.0	15	15
73.45879699875046	15.0	15	15
73.55887710365339	15.0	15	15
73.65895720855632	15.0	15	15
73.75903731345925	15.0	15	15
73.85911741836217	15.0	15	15
73.9591975232651	15.0	15	15
74.05927762816803	15.0	15	15
74.15935773307096	15.0	15	15
74.25943783797389	15.0	15	15
74.35951794287682	15.0	15	15
74.45959804777975	15.0	15	15
74.55967815268268	15.0	15	15
74.65975825758561	15.0	15	15
74.75983836248854	15.0	15	15
74.85991846739147	15.0	15	15
74.9599985722944	14.0	14	14
75.06007867719732	14.0	14	14
75.16015878210027	15.0	15	15
75.2602388870032	15.0	15	15
75.36031899190613	15.0	15	15
75.46039909680906	15.0	15	15
75.56047920171198	15.0	15	15
75.66055930661491	15.0	15	15
75.76063941151784	15.0	15	15
75.86071951642077	15.0	15	15
75.9607996213237	15.0	15	15
76.06087972622663	15.0	15	15
76.16095983112956	14.0	14	14
76.26103993603249	14.0	14	14
76.36112004093542	14.0	14	14
76.46120014583835	14.0	14	14
76.56128025074128	14.0	14	14
76.6613603556442	14.0	14	14
76.76144046054713	14.0	14	14
76.86152056545006	14.0	14	14
76.961600670353	13.0	13	13
77.06168077525592	12.0	12	12
77.16176088015885	11.0	11	11
77.26184098506178	11.0	11	11
77.36192108996471	11.0	11	11
77.46200119486765	11.0	11	11
77.56208129977058	11.0	11	11
77.66216140467351	10.0	10	10
77.76224150957644	10.0	10	10
77.86232161447937	10.0	10	10
77.9624017193823	10.0	10	10
78.06248182428523	10.0	10	10
78.16256192918816	10.0	10	10
78.26264203409109	10.0	10	10
78.36272213899402	10.0	10	10
78.46280224389695	10.0	10	10
78.56288234879987	10.0	10	10
78.6629624537028	10.0	10	10
78.76304255860573	10.0	10	10
78.86312266350866	10.0	10	10
78.96320276841159	10.0	10	10
79.06328287331452	10.0	10	10
79.16336297821745	10.0	10	10
79.26344308312038	10.0	10	10
79.36352318802331	10.0	10	10
79.46360329292624	10.0	10	10
79.56368339782917	10.0	10	10
79.6637635027321	10.0	10	10
79.76384360763502	10.0	10	10
79.86392371253797	10.0	10	10
79.9640038174409	10.0	10	10
80.06408392234383	10.0	10	10
80.16416402724676	10.0	10	10
80.26424413214968	10.0	10	10
80.36432423705261	10.0	10	10
80.46440434195554	10.0	10	10
80.56448444685847	11.0	11	11
80.6645645517614	11.0	11	11
80.76464465666433	11.0	11	11
80.86472476156726	11.0	11	11
80.96480486647019	11.0	11	11
81.06488497137312	11.0	11	11
81.16496507627605	11.0	11	11
81.26504518117898	11.0	11	11
81.3651252860819	11.0	11	11
81.46520539098483	11.0	11	11
81.56528549588776	11.0	11	11
81.6653656007907	11.0	11	11
81.76544570569362	11.0	11	11
81.86552581059655	11.0	11	11
81.96560591549948	11.0	11	11
82.06568602040241	12.0	12	12
82.16576612530534	12.0	12	12
82.26584623020828	12.0	12	12
82.36592633511121	12.0	12	12
82.46600644001414	12.0	12	12
82.56608654491707	12.0	12	12
82.66616664982	12.0	12	12
82.76624675472293	12.0	12	12
82.86632685962586	11.0	11	11
82.96640696452879	11.0	11	11
83.06648706943172	11.0	11	11
83.16656717433465	10.0	10	10
83.26664727923757	12.0	12	12
83.3667273841405	12.0	12	12
83.46680748904343	11.0	11	11
83.56688759394636	11.0	11	11
83.66696769884929	11.0	11	11
83.76704780375222	10.0	10	10
83.86712790865515	11.0	11	11
83.96720801355808	11.0	11	11
84.06728811846101	11.0	11	11
84.16736822336394	11.0	11	11
84.26744832826687	11.0	11	11
84.3675284331698	12.0	12	12
84.46760853807272	12.0	12	12
84.56768864297565	12.0	12	12
84.6677687478786	12.0	12	12
84.76784885278153	11.0	11	11
84.86792895768446	10.0	10	10
84.96800906258738	10.0	10	10
85.06808916749031	11.0	11	11
85.16816927239324	10.0	10	10
85.26824937729617	10.0	10	10
85.3683294821991	9.0	9	9
85.46840958710203	9.0	9	9
85.56848969200496	9.0	9	9
85.66856979690789	9.0	9	9
85.76864990181082	9.0	9	9
85.86873000671375	8.0	8	8
85.96881011161668	8.0	8	8
86.0688902165196	9.0	9	9
86.16897032142253	9.0	9	9
86.26905042632546	9.0	9	9
86.3691305312284	9.0	9	9
86.46921063613132	10.0	10	10
86.56929074103425	9.0	9	9
86.66937084593718	8.0	8	8
86.76945095084011	8.0	8	8
86.86953105574304	8.0	8	8
86.96961116064597	7.0	7	7
87.06969126554891	7.0	7	7
87.16977137045184	7.0	7	7
87.26985147535477	6.0	6	6
87.3699315802577	6.0	6	6
87.47001168516063	6.0	6	6
87.57009179006356	6.0	6	6
87.67017189496649	6.0	6	6
87.77025199986942	6.0	6	6
87.87033210477234	6.0	6	6
87.97041220967527	6.0	6	6
88.0704923145782	6.0	6	6
88.17057241948113	6.0	6	6
88.27065252438406	6.0	6	6
88.37073262928699	6.0	6	6
88.47081273418992	5.0	5	5
88.57089283909285	5.0	5	5
88.67097294399578	5.0	5	5
88.77105304889871	6.0	6	6
88.87113315380164	6.0	6	6
88.97121325870457	7.0	7	7
89.0712933636075	7.0	7	7
89.17137346851042	7.0	7	7
89.27145357341335	7.0	7	7
89.37153367831628	7.0	7	7
89.47161378321923	7.0	7	7
89.57169388812216	7.0	7	7
89.67177399302508	7.0	7	7
89.77185409792801	7.0	7	7
89.87193420283094	7.0	7	7
89.97201430773387	7.0	7	7
90.0720944126368	7.0	7	7
90.17217451753973	7.0	7	7
90.27225462244266	7.0	7	7
90.37233472734559	7.0	7	7
90.47241483224852	7.0	7	7
90.57249493715145	7.0	7	7
90.67257504205438	8.0	8	8
90.7726551469573	8.0	8	8
90.87273525186023	8.0	8	8
90.97281535676316	8.0	8	8
91.07289546166609	7.0	7	7
91.17297556656902	6.0	6	6
91.27305567147195	7.0	7	7
91.37313577637488	7.0	7	7
91.47321588127781	7.0	7	7
91.57329598618074	7.0	7	7
91.67337609108367	7.0	7	7
91.77345619598661	7.0	7	7
91.87353630088954	6.0	6	6
91.97361640579247	6.0	6	6
92.0736965106954	6.0	6	6
92.17377661559833	6.0	6	6
92.27385672050126	6.0	6	6
92.37393682540419	7.0	7	7
92.47401693030712	7.0	7	7
92.57409703521004	7.0	7	7
92.67417714011297	7.0	7	7
92.7742572450159	7.0	7	7
92.87433734991883	7.0	7	7
92.97441745482176	5.0	5	5
93.07449755972469	5.0	5	5
93.17457766462762	5.0	5	5
93.27465776953055	5.0	5	5
93.37473787443348	5.0	5	5
93.47481797933641	5.0	5	5
93.57489808423934	3.0	3	3
93.67497818914227	4.0	4	4
93.7750582940452	5.0	5	5
93.87513839894812	5.0	5	5
93.97521850385105	5.0	5	5
94.07529860875398	5.0	5	5
94.17537871365693	5.0	5	5
94.27545881855985	5.0	5	5
94.37553892346278	5.0	5	5
94.47561902836571	5.0	5	5
94.57569913326864	5.0	5	5
94.67577923817157	5.0	5	5
94.7758593430745	5.0	5	5
94.87593944797743	5.0	5	5
94.97601955288036	5.0	5	5
95.07609965778329	5.0	5	5
95.17617976268622	5.0	5	5
95.27625986758915	5.0	5	5
95.37633997249208	5.0	5	5
95.476420077395	5.0	5	5
95.57650018229793	4.0	4	4
95.67658028720086	5.0	5	5
95.77666039210379	6.0	6	6
95.87674049700672	7.0	7	7
95.97682060190965	6.0	6	6
96.07690070681258	6.0	6	6
96.17698081171551	6.0	6	6
96.27706091661844	6.0	6	6
96.37714102152137	6.0	6	6
96.4772211264243	6.0	6	6
96.57730123132724	6.0	6	6
96.67738133623017	6.0	6	6
96.7774614411331	6.0	6	6
96.87754154603603	5.0	5	5
96.97762165093896	5.0	5	5
97.07770175584189	5.0	5	5
97.17778186074482	5.0	5	5
97.27786196564774	5.0	5	5
97.37794207055067	5.0	5	5
97.4780221754536	5.0	5	5
97.57810228035653	5.0	5	5
97.67818238525946	5.0	5	5
97.77826249016239	5.0	5	5
97.87834259506532	5.0	5	5
97.97842269996825	5.0	5	5
98.07850280487118	5.0	5	5
98.17858290977411	5.0	5	5
98.27866301467704	7.0	7	7
98.37874311957997	7.0	7	7
98.4788232244829	8.0	8	8
98.57890332938582	8.0	8	8
98.67898343428875	7.0	7	7
98.77906353919168	7.0	7	7
98.87914364409461	7.0	7	7
98.97922374899755	7.0	7	7
99.07930385390048	7.0	7	7
99.17938395880341	7.0	7	7
99.27946406370634	7.0	7	7
99.37954416860927	7.0	7	7
99.4796242735122	7.0	7	7
99.57970437841513	6.0	6	6
99.67978448331806	6.0	6	6
99.77986458822099	6.0	6	6
99.87994469312392	5.0	5	5
99.98002479802685	5.0	5	5
100.08010490292978	5.0	5	5
100.1801850078327	5.0	5	5
100.28026511273563	5.0	5	5
100.38034521763856	5.0	5	5
100.48042532254149	5.0	5	5
100.58050542744442	5.0	5	5
100.68058553234735	5.0	5	5
100.78066563725028	6.0	6	6
100.88074574215321	6.0	6	6
100.98082584705614	6.0	6	6
101.08090595195907	6.0	6	6
101.180986056862	6.0	6	6
101.28106616176493	6.0	6	6
101.38114626666787	5.0	5	5
101.4812263715708	5.0	5	5
101.58130647647373	5.0	5	5
101.68138658137666	5.0	5	5
101.78146668627959	5.0	5	5
101.88154679118252	5.0	5	5
101.98162689608544	5.0	5	5
102.08170700098837	5.0	5	5
102.1817871058913	5.0	5	5
102.28186721079423	5.0	5	5
102.38194731569716	5.0	5	5
102.48202742060009	5.0	5	5
102.58210752550302	5.0	5	5
102.68218763040595	5.0	5	5
102.78226773530888	5.0	5	5
102.8823478402118	5.0	5	5
102.98242794511474	5.0	5	5
103.08250805001767	5.0	5	5
103.1825881549206	5.0	5	5
103.28266825982352	5.0	5	5
103.38274836472645	5.0	5	5
103.48282846962938	5.0	5	5
103.58290857453231	5.0	5	5
103.68298867943525	5.0	5	5
103.78306878433818	5.0	5	5
103.88314888924111	5.0	5	5
103.98322899414404	5.0	5	5
104.08330909904697	5.0	5	5
104.1833892039499	5.0	5	5
104.28346930885283	5.0	5	5
104.38354941375576	5.0	5	5
104.48362951865869	5.0	5	5
104.58370962356162	5.0	5	5
104.68378972846455	5.0	5	5
104.78386983336748	5.0	5	5
104.8839499382704	5.0	5	5
104.98403004317333	5.0	5	5
105.08411014807626	5.0	5	5
105.18419025297919	5.0	5	5
105.28427035788212	5.0	5	5
105.38435046278505	5.0	5	5
105.48443056768798	4.0	4	4
105.58451067259091	4.0	4	4
105.68459077749384	4.0	4	4
105.78467088239677	4.0	4	4
105.8847509872997	4.0	4	4
105.98483109220263	4.0	4	4
106.08491119710557	4.0	4	4
106.1849913020085	4.0	4	4
106.28507140691143	4.0	4	4
106.38515151181436	4.0	4	4
106.48523161671729	4.0	4	4
106.58531172162022	4.0	4	4
106.68539182652314	4.0	4	4
106.78547193142607	4.0	4	4
106.885552036329	4.0	4	4
106.98563214123193	4.0	4	4
107.08571224613486	4.0	4	4
107.18579235103779	4.0	4	4
107.28587245594072	4.0	4	4
107.38595256084365	4.0	4	4
107.48603266574658	4.0	4	4
107.5861127706495	4.0	4	4
107.68619287555244	4.0	4	4
107.78627298045537	4.0	4	4
107.8863530853583	4.0	4	4
107.98643319026122	4.0	4	4
108.08651329516415	4.0	4	4
108.18659340006708	4.0	4	4
108.28667350497001	4.0	4	4
108.38675360987294	4.0	4	4
108.48683371477588	4.0	4	4
108.58691381967881	4.0	4	4
108.68699392458174	4.0	4	4
108.78707402948467	4.0	4	4
108.8871541343876	4.0	4	4
108.98723423929053	4.0	4	4
109.08731434419346	4.0	4	4
109.18739444909639	4.0	4	4
109.28747455399932	4.0	4	4
109.38755465890225	4.0	4	4
109.48763476380518	4.0	4	4
109.5877148687081	4.0	4	4
109.68779497361103	4.0	4	4
109.78787507851396	4.0	4	4
109.88795518341689	4.0	4	4
109.98803528831982	4.0	4	4
110.08811539322275	4.0	4	4
110.18819549812568	4.0	4	4
110.28827560302861	4.0	4	4
110.38835570793154	4.0	4	4
110.48843581283447	4.0	4	4
110.5885159177374	4.0	4	4
110.68859602264033	4.0	4	4
110.78867612754325	4.0	4	4
110.8887562324462	4.0	4	4
110.98883633734913	4.0	4	4
111.08891644225206	4.0	4	4
111.18899654715499	3.0	3	3
111.28907665205791	3.0	3	3
111.38915675696084	3.0	3	3
111.48923686186377	3.0	3	3
111.5893169667667	3.0	3	3
111.68939707166963	3.0	3	3
111.78947717657256	3.0	3	3
111.88955728147549	3.0	3	3
111.98963738637842	3.0	3	3
112.08971749128135	3.0	3	3
112.18979759618428	3.0	3	3
112.2898777010872	3.0	3	3
112.38995780599014	2.0	2	2
112.49003791089307	2.0	2	2
112.590118015796	2.0	2	2
112.69019812069892	2.0	2	2
112.79027822560185	2.0	2	2
112.89035833050478	2.0	2	2
112.99043843540771	2.0	2	2
113.09051854031064	2.0	2	2
113.19059864521357	2.0	2	2
113.29067875011651	2.0	2	2
113.39075885501944	2.0	2	2
113.49083895992237	2.0	2	2
113.5909190648253	1.0	1	1
113.69099916972823	1.0	1	1
113.79107927463116	1.0	1	1
113.89115937953409	1.0	1	1
113.99123948443702	1.0	1	1
114.09131958933995	1.0	1	1
114.19139969424288	1.0	1	1
114.2914797991458	1.0	1	1
114.39155990404873	1.0	1	1
114.49164000895166	1.0	1	1
114.59172011385459	1.0	1	1
114.69180021875752	0.0	0	0
114.79188032366045	0.0	0	0
114.89196042856338	0.0	0	0
114.99204053346631	0.0	0	0
115.09212063836924	0.0	0	0
115.19220074327217	0.0	0	0
115.2922808481751	0.0	0	0
115.39236095307803	0.0	0	0
115.49244105798095	0.0	0	0
115.5925211628839	0.0	0	0
115.69260126778683	0.0	0	0
115.79268137268976	0.0	0	0
115.89276147759269	0.0	0	0
115.99284158249561	0.0	0	0
116.09292168739854	0.0	0	0
116.19300179230147	1.0	1	1
116.2930818972044	1.0	1	1
116.39316200210733	1.0	1	1
116.49324210701026	1.0	1	1
116.59332221191319	1.0	1	1
116.69340231681612	1.0	1	1
116.79348242171905	1.0	1	1
116.89356252662198	1.0	1	1
116.9936426315249	1.0	1	1
117.09372273642784	1.0	1	1
117.19380284133076	1.0	1	1
117.2938829462337	1.0	1	1
117.39396305113662	1.0	1	1
117.49404315603955	1.0	1	1
117.59412326094248	1.0	1	1
117.69420336584541	1.0	1	1
117.79428347074834	1.0	1	1
117.89436357565127	1.0	1	1
117.99444368055421	1.0	1	1
118.09452378545714	1.0	1	1
118.19460389036007	0.0	0	0
118.294683995263	0.0	0	0
118.39476410016593	0.0	0	0
118.49484420506886	0.0	0	0
118.59492430997179	0.0	0	0
118.69500441487472	0.0	0	0
118.79508451977765	0.0	0	0
118.89516462468058	0.0	0	0
118.9952447295835	0.0	0	0
119.09532483448643	0.0	0	0
119.19540493938936	0.0	0	0
119.29548504429229	0.0	0	0
119.39556514919522	0.0	0	0
119.49564525409815	0.0	0	0
119.59572535900108	0.0	0	0
119.69580546390401	0.0	0	0
119.79588556880694	0.0	0	0
119.89596567370987	0.0	0	0
119.9960457786128	0.0	0	0
120.09612588351573	0.0	0	0
120.19620598841865	0.0	0	0
120.29628609332158	0.0	0	0
120.39636619822453	0.0	0	0
120.49644630312746	0.0	0	0
120.59652640803039	0.0	0	0
120.69660651293331	0.0	0	0
120.79668661783624	0.0	0	0
120.89676672273917	0.0	0	0
120.9968468276421	0.0	0	0
121.09692693254503	0.0	0	0
121.19700703744796	0.0	0	0
121.29708714235089	0.0	0	0
121.39716724725382	0.0	0	0
121.49724735215675	0.0	0	0
121.59732745705968	0.0	0	0
121.6974075619626	0.0	0	0
121.79748766686554	0.0	0	0
121.89756777176846	0.0	0	0
121.9976478766714	0.0	0	0
122.09772798157432	0.0	0	0
122.19780808647725	0.0	0	0
122.29788819138018	0.0	0	0
122.39796829628311	0.0	0	0
122.49804840118604	0.0	0	0
122.59812850608897	0.0	0	0
122.6982086109919	0.0	0	0
122.79828871589484	0.0	0	0
122.89836882079777	0.0	0	0
122.9984489257007	0.0	0	0
123.09852903060363	0.0	0	0
123.19860913550656	0.0	0	0
123.29868924040949	0.0	0	0
123.39876934531242	0.0	0	0
123.49884945021535	0.0	0	0
123.59892955511827	0.0	0	0
123.6990096600212	0.0	0	0
123.79908976492413	0.0	0	0
123.89916986982706	0.0	0	0
123.99924997472999	0.0	0	0
124.09933007963292	0.0	0	0
124.19941018453585	0.0	0	0
124.29949028943878	0.0	0	0
124.39957039434171	0.0	0	0
124.49965049924464	0.0	0	0
124.59973060414757	0.0	0	0
124.6998107090505	0.0	0	0
124.79989081395343	0.0	0	0
124.89997091885635	0.0	0	0
125.00005102375928	0.0	0	0
125.10013112866221	0.0	0	0
125.20021123356516	0.0	0	0
125.30029133846809	0.0	0	0
125.40037144337101	0.0	0	0
125.50045154827394	0.0	0	0
125.60053165317687	0.0	0	0
125.7006117580798	0.0	0	0
125.80069186298273	0.0	0	0
125.90077196788566	0.0	0	0
126.00085207278859	0.0	0	0
126.10093217769152	0.0	0	0
126.20101228259445	0.0	0	0
126.30109238749738	0.0	0	0
126.4011724924003	0.0	0	0
126.50125259730324	0.0	0	0
126.60133270220616	0.0	0	0
126.7014128071091	1.0	1	1
126.80149291201202	1.0	1	1
126.90157301691495	1.0	1	1
127.00165312181788	1.0	1	1
127.10173322672081	2.0	2	2
127.20181333162374	2.0	2	2
127.30189343652667	2.0	2	2
127.4019735414296	2.0	2	2
127.50205364633253	2.0	2	2
127.60213375123547	2.0	2	2
127.7022138561384	2.0	2	2
127.80229396104133	2.0	2	2
127.90237406594426	2.0	2	2
128.0024541708472	3.0	3	3
128.10253427575012	3.0	3	3
128.20261438065305	3.0	3	3
128.30269448555597	3.0	3	3
128.4027745904589	4.0	4	4
128.50285469536183	4.0	4	4
128.60293480026476	4.0	4	4
128.7030149051677	4.0	4	4
128.80309501007062	3.0	3	3
128.90317511497355	3.0	3	3
129.00325521987648	3.0	3	3
129.1033353247794	3.0	3	3
129.20341542968234	3.0	3	3
129.30349553458527	3.0	3	3
129.4035756394882	3.0	3	3
129.50365574439112	3.0	3	3
129.60373584929405	3.0	3	3
129.70381595419698	3.0	3	3
129.8038960590999	3.0	3	3
129.90397616400284	3.0	3	3
130.00405626890577	3.0	3	3
130.1041363738087	3.0	3	3
130.20421647871163	2.0	2	2
130.30429658361456	2.0	2	2
130.4043766885175	2.0	2	2
130.50445679342042	2.0	2	2
130.60453689832335	1.0	1	1
130.70461700322628	1.0	1	1
130.8046971081292	1.0	1	1
130.90477721303213	1.0	1	1
131.00485731793506	1.0	1	1
131.10493742283802	1.0	1	1
131.20501752774095	1.0	1	1
131.30509763264388	1.0	1	1
131.4051777375468	1.0	1	1
131.50525784244974	1.0	1	1
131.60533794735267	1.0	1	1
131.7054180522556	1.0	1	1
131.80549815715852	1.0	1	1
131.90557826206145	1.0	1	1
132.00565836696438	1.0	1	1
132.1057384718673	1.0	1	1
132.20581857677024	1.0	1	1
132.30589868167317	1.0	1	1
132.4059787865761	1.0	1	1
132.50605889147903	1.0	1	1
132.60613899638196	1.0	1	1
132.7062191012849	1.0	1	1
132.80629920618782	1.0	1	1
132.90637931109075	1.0	1	1
133.00645941599367	1.0	1	1
133.1065395208966	1.0	1	1
133.20661962579953	1.0	1	1
133.30669973070246	1.0	1	1
133.4067798356054	1.0	1	1
133.50685994050832	1.0	1	1
133.60694004541125	1.0	1	1
133.70702015031418	1.0	1	1
133.8071002552171	1.0	1	1
133.90718036012004	1.0	1	1
134.00726046502297	1.0	1	1
134.1073405699259	1.0	1	1
134.20742067482882	1.0	1	1
134.30750077973175	1.0	1	1
134.40758088463468	1.0	1	1
134.5076609895376	1.0	1	1
134.60774109444054	1.0	1	1
134.70782119934347	1.0	1	1
134.8079013042464	1.0	1	1
134.90798140914933	1.0	1	1
135.00806151405226	1.0	1	1
135.1081416189552	1.0	1	1
135.20822172385812	1.0	1	1
135.30830182876105	2.0	2	2
135.40838193366397	2.0	2	2
135.5084620385669	2.0	2	2
135.60854214346983	2.0	2	2
135.70862224837276	2.0	2	2
135.8087023532757	2.0	2	2
135.90878245817865	2.0	2	2
136.00886256308158	2.0	2	2
136.1089426679845	2.0	2	2
136.20902277288744	2.0	2	2
136.30910287779037	2.0	2	2
136.4091829826933	2.0	2	2
136.50926308759622	2.0	2	2
136.60934319249915	2.0	2	2
136.70942329740208	2.0	2	2
136.809503402305	2.0	2	2
136.90958350720794	2.0	2	2
137.00966361211087	2.0	2	2
137.1097437170138	2.0	2	2
137.20982382191673	2.0	2	2
137.30990392681966	2.0	2	2
137.4099840317226	1.0	1	1
137.51006413662552	1.0	1	1
137.61014424152845	1.0	1	1
137.71022434643137	1.0	1	1
137.8103044513343	2.0	2	2
137.91038455623723	2.0	2	2
138.01046466114016	2.0	2	2
138.1105447660431	2.0	2	2
138.21062487094602	2.0	2	2
138.31070497584895	2.0	2	2
138.41078508075188	2.0	2	2
138.5108651856548	2.0	2	2
138.61094529055774	2.0	2	2
138.71102539546067	2.0	2	2
138.8111055003636	2.0	2	2
138.91118560526652	2.0	2	2
139.01126571016945	2.0	2	2
139.11134581507238	2.0	2	2
139.2114259199753	2.0	2	2
139.31150602487824	2.0	2	2
139.41158612978117	2.0	2	2
139.5116662346841	2.0	2	2
139.61174633958703	2.0	2	2
139.71182644448996	2.0	2	2
139.8119065493929	1.0	1	1
139.91198665429582	1.0	1	1
140.01206675919875	1.0	1	1
140.11214686410167	1.0	1	1
140.2122269690046	1.0	1	1
140.31230707390753	1.0	1	1
140.41238717881046	1.0	1	1
140.5124672837134	1.0	1	1
140.61254738861632	1.0	1	1
140.71262749351928	1.0	1	1
140.8127075984222	0.0	0	0
140.91278770332514	0.0	0	0
141.01286780822807	0.0	0	0
141.112947913131	0.0	0	0
141.21302801803392	0.0	0	0
141.31310812293685	1.0	1	1
141.41318822783978	1.0	1	1
141.5132683327427	1.0	1	1
141.61334843764564	1.0	1	1
141.71342854254857	1.0	1	1
141.8135086474515	1.0	1	1
141.91358875235443	1.0	1	1
142.01366885725736	1.0	1	1
142.1137489621603	1.0	1	1
142.21382906706322	1.0	1	1
142.31390917196615	1.0	1	1
142.41398927686907	1.0	1	1
142.514069381772	1.0	1	1
142.61414948667493	1.0	1	1
142.71422959157786	1.0	1	1
142.8143096964808	1.0	1	1
142.91438980138372	1.0	1	1
143.01446990628665	1.0	1	1
143.11455001118958	1.0	1	1
143.2146301160925	1.0	1	1
143.31471022099544	1.0	1	1
143.41479032589837	1.0	1	1
143.5148704308013	1.0	1	1
143.61495053570422	1.0	1	1
143.71503064060715	1.0	1	1
143.81511074551008	1.0	1	1
143.915190850413	1.0	1	1
144.01527095531594	1.0	1	1
144.11535106021887	1.0	1	1
144.2154311651218	1.0	1	1
144.31551127002473	1.0	1	1
144.41559137492766	1.0	1	1
144.5156714798306	1.0	1	1
144.61575158473352	1.0	1	1
144.71583168963645	1.0	1	1
144.81591179453937	1.0	1	1
144.9159918994423	1.0	1	1
145.01607200434523	2.0	2	2
145.11615210924816	2.0	2	2
145.2162322141511	2.0	2	2
145.31631231905402	2.0	2	2
145.41639242395698	2.0	2	2
145.5164725288599	2.0	2	2
145.61655263376284	2.0	2	2
145.71663273866577	2.0	2	2
145.8167128435687	2.0	2	2
145.91679294847162	2.0	2	2
146.01687305337455	2.0	2	2
146.11695315827748	2.0	2	2
146.2170332631804	2.0	2	2
146.31711336808334	2.0	2	2
146.41719347298627	2.0	2	2
146.5172735778892	2.0	2	2
146.61735368279213	2.0	2	2
146.71743378769506	2.0	2	2
146.817513892598	2.0	2	2
146.91759399750092	2.0	2	2
147.01767410240384	2.0	2	2
147.11775420730677	2.0	2	2
147.2178343122097	2.0	2	2
147.31791441711263	2.0	2	2
147.41799452201556	2.0	2	2
147.5180746269185	2.0	2	2
147.61815473182142	2.0	2	2
147.71823483672435	2.0	2	2
147.81831494162728	2.0	2	2
147.9183950465302	2.0	2	2
148.01847515143314	2.0	2	2
148.11855525633607	2.0	2	2
148.218635361239	2.0	2	2
148.31871546614192	2.0	2	2
148.41879557104485	2.0	2	2
148.51887567594778	2.0	2	2
148.6189557808507	2.0	2	2
148.71903588575364	2.0	2	2
148.81911599065657	2.0	2	2
148.9191960955595	2.0	2	2
149.01927620046243	2.0	2	2
149.11935630536536	2.0	2	2
149.2194364102683	2.0	2	2
149.31951651517122	2.0	2	2
149.41959662007415	2.0	2	2
149.51967672497707	2.0	2	2
149.61975682988	2.0	2	2
149.71983693478293	3.0	3	3
149.81991703968586	3.0	3	3
149.9199971445888	3.0	3	3
150.02007724949172	3.0	3	3
150.12015735439465	3.0	3	3
150.2202374592976	3.0	3	3
150.32031756420054	3.0	3	3
150.42039766910347	3.0	3	3
150.5204777740064	3.0	3	3
150.62055787890932	3.0	3	3
150.72063798381225	3.0	3	3
150.82071808871518	3.0	3	3
150.9207981936181	3.0	3	3
151.02087829852104	3.0	3	3
151.12095840342397	3.0	3	3
151.2210385083269	3.0	3	3
151.32111861322983	3.0	3	3
151.42119871813276	3.0	3	3
151.5212788230357	3.0	3	3
151.62135892793862	3.0	3	3
151.72143903284154	3.0	3	3
151.82151913774447	2.0	2	2
151.9215992426474	2.0	2	2
152.02167934755033	2.0	2	2
152.12175945245326	2.0	2	2
152.2218395573562	2.0	2	2
152.32191966225912	2.0	2	2
152.42199976716205	2.0	2	2
152.52207987206498	2.0	2	2
152.6221599769679	2.0	2	2
152.72224008187084	2.0	2	2
152.82232018677377	2.0	2	2
152.9224002916767	2.0	2	2
153.02248039657962	2.0	2	2
153.12256050148255	2.0	2	2
153.22264060638548	2.0	2	2
153.3227207112884	2.0	2	2
153.42280081619134	2.0	2	2
153.52288092109427	2.0	2	2
153.6229610259972	2.0	2	2
153.72304113090013	2.0	2	2
153.82312123580306	2.0	2	2
153.923201340706	2.0	2	2
154.02328144560892	2.0	2	2
154.12336155051185	2.0	2	2
154.22344165541477	2.0	2	2
154.3235217603177	2.0	2	2
154.42360186522063	2.0	2	2
154.52368197012356	1.0	1	1
154.6237620750265	1.0	1	1
154.72384217992942	1.0	1	1
154.82392228483235	1.0	1	1
154.9240023897353	1.0	1	1
155.02408249463824	1.0	1	1
155.12416259954117	1.0	1	1
155.2242427044441	1.0	1	1
155.32432280934702	1.0	1	1
155.42440291424995	1.0	1	1
155.52448301915288	1.0	1	1
155.6245631240558	1.0	1	1
155.72464322895874	1.0	1	1
155.82472333386167	1.0	1	1
155.9248034387646	1.0	1	1
156.02488354366753	1.0	1	1
156.12496364857046	1.0	1	1
156.2250437534734	1.0	1	1
156.32512385837632	1.0	1	1
156.42520396327924	1.0	1	1
156.52528406818217	1.0	1	1
156.6253641730851	1.0	1	1
156.72544427798803	1.0	1	1
156.82552438289096	1.0	1	1
156.9256044877939	1.0	1	1
157.02568459269682	1.0	1	1
157.12576469759975	1.0	1	1
157.22584480250268	0.0	0	0
157.3259249074056	0.0	0	0
157.42600501230854	0.0	0	0
157.52608511721147	0.0	0	0
157.6261652221144	0.0	0	0
157.72624532701732	0.0	0	0
157.82632543192025	0.0	0	0
157.92640553682318	0.0	0	0
158.0264856417261	0.0	0	0
158.12656574662904	0.0	0	0
158.22664585153197	0.0	0	0
158.3267259564349	0.0	0	0
158.42680606133783	0.0	0	0
158.52688616624076	0.0	0	0
158.6269662711437	0.0	0	0
158.72704637604662	0.0	0	0
158.82712648094954	0.0	0	0
158.92720658585247	0.0	0	0
159.0272866907554	1.0	1	1
159.12736679565833	1.0	1	1
159.22744690056126	1.0	1	1
159.3275270054642	1.0	1	1
159.42760711036712	1.0	1	1
159.52768721527005	1.0	1	1
159.62776732017298	1.0	1	1
159.72784742507594	1.0	1	1
159.82792752997887	1.0	1	1
159.9280076348818	1.0	1	1
160.02808773978472	1.0	1	1
160.12816784468765	1.0	1	1
160.22824794959058	1.0	1	1
160.3283280544935	1.0	1	1
160.42840815939644	1.0	1	1
160.52848826429937	1.0	1	1
160.6285683692023	1.0	1	1
160.72864847410523	1.0	1	1
160.82872857900816	1.0	1	1
160.9288086839111	1.0	1	1
161.02888878881402	1.0	1	1
161.12896889371694	1.0	1	1
161.22904899861987	1.0	1	1
161.3291291035228	1.0	1	1
161.42920920842573	1.0	1	1
161.52928931332866	1.0	1	1
161.6293694182316	1.0	1	1
161.72944952313452	1.0	1	1
161.82952962803745	1.0	1	1
161.92960973294038	1.0	1	1
162.0296898378433	1.0	1	1
162.12976994274624	1.0	1	1
162.22985004764917	1.0	1	1
162.3299301525521	1.0	1	1
162.43001025745502	1.0	1	1
162.53009036235795	1.0	1	1
162.63017046726088	1.0	1	1
162.7302505721638	1.0	1	1
162.83033067706674	2.0	2	2
162.93041078196967	2.0	2	2
163.0304908868726	2.0	2	2
163.13057099177553	2.0	2	2
163.23065109667846	3.0	3	3
163.3307312015814	3.0	3	3
163.43081130648432	3.0	3	3
163.53089141138724	3.0	3	3
163.63097151629017	3.0	3	3
163.7310516211931	3.0	3	3
163.83113172609603	3.0	3	3
163.93121183099896	3.0	3	3
164.0312919359019	3.0	3	3
164.13137204080482	3.0	3	3
164.23145214570775	3.0	3	3
164.33153225061068	3.0	3	3
164.4316123555136	3.0	3	3
164.53169246041656	3.0	3	3
164.6317725653195	3.0	3	3
164.73185267022242	5.0	5	5
164.83193277512535	5.0	5	5
164.93201288002828	6.0	6	6
165.0320929849312	5.0	5	5
165.13217308983414	5.0	5	5
165.23225319473707	5.0	5	5
165.33233329964	5.0	5	5
165.43241340454293	5.0	5	5
165.53249350944586	5.0	5	5
165.6325736143488	6.0	6	6
165.73265371925172	7.0	7	7
165.83273382415464	7.0	7	7
165.93281392905757	7.0	7	7
166.0328940339605	8.0	8	8
166.13297413886343	8.0	8	8
166.23305424376636	8.0	8	8
166.3331343486693	8.0	8	8
166.43321445357222	8.0	8	8
166.53329455847515	8.0	8	8
166.63337466337808	8.0	8	8
166.733454768281	9.0	9	9
166.83353487318394	9.0	9	9
166.93361497808687	8.0	8	8
167.0336950829898	6.0	6	6
167.13377518789272	6.0	6	6
167.23385529279565	6.0	6	6
167.33393539769858	6.0	6	6
167.4340155026015	6.0	6	6
167.53409560750444	6.0	6	6
167.63417571240737	5.0	5	5
167.7342558173103	4.0	4	4
167.83433592221323	3.0	3	3
167.93441602711616	4.0	4	4
168.0344961320191	3.0	3	3
168.13457623692202	3.0	3	3
168.23465634182494	3.0	3	3
168.33473644672787	3.0	3	3
168.4348165516308	3.0	3	3
168.53489665653373	3.0	3	3
168.63497676143666	3.0	3	3
168.7350568663396	2.0	2	2
168.83513697124252	2.0	2	2
168.93521707614545	2.0	2	2
169.03529718104838	2.0	2	2
169.1353772859513	2.0	2	2
169.23545739085426	2.0	2	2
169.3355374957572	2.0	2	2
169.43561760066012	2.0	2	2
169.53569770556305	2.0	2	2
169.63577781046598	2.0	2	2
169.7358579153689	2.0	2	2
169.83593802027184	2.0	2	2
169.93601812517477	2.0	2	2
170.0360982300777	2.0	2	2
170.13617833498063	2.0	2	2
170.23625843988356	2.0	2	2
170.33633854478649	2.0	2	2
170.43641864968941	3.0	3	3
170.53649875459234	3.0	3	3
170.63657885949527	3.0	3	3
170.7366589643982	3.0	3	3
170.83673906930113	3.0	3	3
170.93681917420406	3.0	3	3
171.036899279107	3.0	3	3
171.13697938400992	3.0	3	3
171.23705948891285	3.0	3	3
171.33713959381578	3.0	3	3
171.4372196987187	4.0	4	4
171.53729980362164	4.0	4	4
171.63737990852457	4.0	4	4
171.7374600134275	4.0	4	4
171.83754011833042	4.0	4	4
171.93762022323335	4.0	4	4
172.03770032813628	4.0	4	4
172.1377804330392	4.0	4	4
172.23786053794214	4.0	4	4
172.33794064284507	4.0	4	4
172.438020747748	4.0	4	4
172.53810085265093	4.0	4	4
172.63818095755386	4.0	4	4
172.7382610624568	4.0	4	4
172.83834116735972	4.0	4	4
172.93842127226264	4.0	4	4
173.03850137716557	4.0	4	4
173.1385814820685	4.0	4	4
173.23866158697143	4.0	4	4
173.33874169187436	4.0	4	4
173.4388217967773	4.0	4	4
173.53890190168022	4.0	4	4
173.63898200658315	4.0	4	4
173.73906211148608	4.0	4	4
173.839142216389	4.0	4	4
173.93922232129194	4.0	4	4
174.0393024261949	4.0	4	4
174.13938253109782	4.0	4	4
174.23946263600075	4.0	4	4
174.33954274090368	4.0	4	4
174.4396228458066	4.0	4	4
174.53970295070954	4.0	4	4
174.63978305561247	5.0	5	5
174.7398631605154	5.0	5	5
174.83994326541833	5.0	5	5
174.94002337032126	5.0	5	5
175.04010347522419	4.0	4	4
175.14018358012711	4.0	4	4
175.24026368503004	4.0	4	4
175.34034378993297	4.0	4	4
175.4404238948359	4.0	4	4
175.54050399973883	4.0	4	4
175.64058410464176	4.0	4	4
175.7406642095447	4.0	4	4
175.84074431444762	4.0	4	4
175.94082441935055	4.0	4	4
176.04090452425348	4.0	4	4
176.1409846291564	4.0	4	4
176.24106473405934	4.0	4	4
176.34114483896226	4.0	4	4
176.4412249438652	4.0	4	4
176.54130504876812	4.0	4	4
176.64138515367105	4.0	4	4
176.74146525857398	4.0	4	4
176.8415453634769	4.0	4	4
176.94162546837984	4.0	4	4
177.04170557328277	3.0	3	3
177.1417856781857	3.0	3	3
177.24186578308863	3.0	3	3
177.34194588799156	3.0	3	3
177.4420259928945	3.0	3	3
177.54210609779742	3.0	3	3
177.64218620270034	3.0	3	3
177.74226630760327	3.0	3	3
177.8423464125062	3.0	3	3
177.94242651740913	3.0	3	3
178.04250662231206	3.0	3	3
178.142586727215	3.0	3	3
178.24266683211792	3.0	3	3
178.34274693702085	3.0	3	3
178.44282704192378	3.0	3	3
178.5429071468267	3.0	3	3
178.64298725172964	3.0	3	3
178.74306735663257	3.0	3	3
178.84314746153552	3.0	3	3
178.94322756643845	3.0	3	3
179.04330767134138	3.0	3	3
179.1433877762443	3.0	3	3
179.24346788114724	3.0	3	3
179.34354798605017	3.0	3	3
179.4436280909531	3.0	3	3
179.54370819585603	3.0	3	3
179.64378830075896	3.0	3	3
179.74386840566189	3.0	3	3
179.84394851056481	3.0	3	3
179.94402861546774	3.0	3	3
180.04410872037067	3.0	3	3
180.1441888252736	3.0	3	3
180.24426893017653	3.0	3	3
180.34434903507946	3.0	3	3
180.4444291399824	3.0	3	3
180.54450924488532	3.0	3	3
180.64458934978825	3.0	3	3
180.74466945469118	3.0	3	3
180.8447495595941	3.0	3	3
180.94482966449704	3.0	3	3
181.04490976939996	3.0	3	3
181.1449898743029	3.0	3	3
181.24506997920582	3.0	3	3
181.34515008410875	3.0	3	3
181.44523018901168	3.0	3	3
181.5453102939146	3.0	3	3
181.64539039881754	3.0	3	3
181.74547050372047	3.0	3	3
181.8455506086234	3.0	3	3
181.94563071352633	3.0	3	3
182.04571081842926	3.0	3	3
182.14579092333219	3.0	3	3
182.24587102823511	3.0	3	3
182.34595113313804	3.0	3	3
182.44603123804097	2.0	2	2
182.5461113429439	2.0	2	2
182.64619144784683	2.0	2	2
182.74627155274976	2.0	2	2
182.8463516576527	1.0	1	1
182.94643176255562	1.0	1	1
183.04651186745855	1.0	1	1
183.14659197236148	1.0	1	1
183.2466720772644	1.0	1	1
183.34675218216734	1.0	1	1
183.44683228707027	1.0	1	1
183.54691239197322	1.0	1	1
183.64699249687615	1.0	1	1
183.74707260177908	1.0	1	1
183.847152706682	1.0	1	1
