time	diversity	m_div	M_div
0.0	2.0	2	2
0.10006679806253321	2.0	2	2
0.20013359612506643	2.0	2	2
0.30020039418759964	2.0	2	2
0.40026719225013285	2.0	2	2
0.500333990312666	2.0	2	2
0.6004007883751993	2.0	2	2
0.7004675864377325	2.0	2	2
0.8005343845002657	2.0	2	2
0.9006011825627989	1.0	1	1
1.000667980625332	1.0	1	1
1.1007347786878654	1.0	1	1
1.2008015767503986	1.0	1	1
1.3008683748129317	1.0	1	1
1.400935172875465	1.0	1	1
1.5010019709379983	1.0	1	1
1.6010687690005314	1.0	1	1
1.7011355670630646	1.0	1	1
1.8012023651255977	1.0	1	1
1.901269163188131	1.0	1	1
2.001335961250664	1.0	1	1
2.1014027593131974	1.0	1	1
2.201469557375731	1.0	1	1
2.3015363554382637	1.0	1	1
2.401603153500797	2.0	2	2
2.5016699515633305	2.0	2	2
2.6017367496258634	2.0	2	2
2.701803547688397	2.0	2	2
2.80187034575093	3.0	3	3
2.901937143813463	3.0	3	3
3.0020039418759965	3.0	3	3
3.1020707399385294	3.0	3	3
3.202137538001063	3.0	3	3
3.302204336063596	3.0	3	3
3.402271134126129	3.0	3	3
3.5023379321886625	3.0	3	3
3.6024047302511955	3.0	3	3
3.702471528313729	3.0	3	3
3.802538326376262	3.0	3	3
3.902605124438795	3.0	3	3
4.002671922501328	3.0	3	3
4.1027387205638615	3.0	3	3
4.202805518626395	3.0	3	3
4.302872316688928	3.0	3	3
4.402939114751462	3.0	3	3
4.503005912813995	3.0	3	3
4.6030727108765275	3.0	3	3
4.703139508939061	3.0	3	3
4.803206307001594	3.0	3	3
4.903273105064128	3.0	3	3
5.003339903126661	3.0	3	3
5.1034067011891935	3.0	3	3
5.203473499251727	3.0	3	3
5.30354029731426	3.0	3	3
5.403607095376794	3.0	3	3
5.503673893439327	3.0	3	3
5.60374069150186	3.0	3	3
5.703807489564393	3.0	3	3
5.803874287626926	3.0	3	3
5.90394108568946	3.0	3	3
6.004007883751993	3.0	3	3
6.104074681814526	3.0	3	3
6.204141479877059	3.0	3	3
6.304208277939592	3.0	3	3
6.404275076002126	3.0	3	3
6.504341874064659	3.0	3	3
6.604408672127192	3.0	3	3
6.704475470189725	3.0	3	3
6.804542268252258	3.0	3	3
6.904609066314792	3.0	3	3
7.004675864377325	3.0	3	3
7.104742662439858	3.0	3	3
7.204809460502391	3.0	3	3
7.304876258564924	3.0	3	3
7.404943056627458	3.0	3	3
7.505009854689991	3.0	3	3
7.605076652752524	3.0	3	3
7.705143450815058	3.0	3	3
7.80521024887759	3.0	3	3
7.905277046940124	3.0	3	3
8.005343845002656	3.0	3	3
8.10541064306519	3.0	3	3
8.205477441127723	3.0	3	3
8.305544239190256	3.0	3	3
8.40561103725279	3.0	3	3
8.505677835315323	3.0	3	3
8.605744633377856	3.0	3	3
8.70581143144039	4.0	4	4
8.805878229502923	4.0	4	4
8.905945027565457	4.0	4	4
9.00601182562799	4.0	4	4
9.106078623690522	4.0	4	4
9.206145421753055	4.0	4	4
9.306212219815588	4.0	4	4
9.406279017878122	4.0	4	4
9.506345815940655	4.0	4	4
9.606412614003188	4.0	4	4
9.706479412065722	4.0	4	4
9.806546210128255	4.0	4	4
9.906613008190789	4.0	4	4
10.006679806253322	4.0	4	4
10.106746604315855	4.0	4	4
10.206813402378387	4.0	4	4
10.30688020044092	4.0	4	4
10.406946998503454	4.0	4	4
10.507013796565987	4.0	4	4
10.60708059462852	4.0	4	4
10.707147392691054	4.0	4	4
10.807214190753587	4.0	4	4
10.90728098881612	4.0	4	4
11.007347786878654	4.0	4	4
11.107414584941187	4.0	4	4
11.20748138300372	4.0	4	4
11.307548181066252	4.0	4	4
11.407614979128786	4.0	4	4
11.50768177719132	4.0	4	4
11.607748575253853	4.0	4	4
11.707815373316386	4.0	4	4
11.80788217137892	4.0	4	4
11.907948969441453	4.0	4	4
12.008015767503986	4.0	4	4
12.10808256556652	4.0	4	4
12.208149363629053	4.0	4	4
12.308216161691584	4.0	4	4
12.408282959754118	4.0	4	4
12.508349757816651	4.0	4	4
12.608416555879185	4.0	4	4
12.708483353941718	4.0	4	4
12.808550152004251	5.0	5	5
12.908616950066785	5.0	5	5
13.008683748129318	5.0	5	5
13.108750546191851	5.0	5	5
13.208817344254385	5.0	5	5
13.308884142316918	5.0	5	5
13.40895094037945	5.0	5	5
13.509017738441983	5.0	5	5
13.609084536504517	5.0	5	5
13.70915133456705	5.0	5	5
13.809218132629583	5.0	5	5
13.909284930692117	5.0	5	5
14.00935172875465	5.0	5	5
14.109418526817183	5.0	5	5
14.209485324879717	5.0	5	5
14.30955212294225	5.0	5	5
14.409618921004782	5.0	5	5
14.509685719067315	5.0	5	5
14.609752517129849	5.0	5	5
14.709819315192382	5.0	5	5
14.809886113254915	5.0	5	5
14.909952911317449	5.0	5	5
15.010019709379982	5.0	5	5
15.110086507442515	5.0	5	5
15.210153305505049	5.0	5	5
15.310220103567582	5.0	5	5
15.410286901630116	5.0	5	5
15.510353699692647	5.0	5	5
15.61042049775518	5.0	5	5
15.710487295817714	5.0	5	5
15.810554093880247	5.0	5	5
15.91062089194278	5.0	5	5
16.010687690005312	5.0	5	5
16.110754488067847	5.0	5	5
16.21082128613038	5.0	5	5
16.310888084192914	5.0	5	5
16.410954882255446	5.0	5	5
16.51102168031798	5.0	5	5
16.611088478380513	5.0	5	5
16.711155276443048	5.0	5	5
16.81122207450558	5.0	5	5
16.911288872568115	5.0	5	5
17.011355670630646	5.0	5	5
17.111422468693178	5.0	5	5
17.211489266755713	5.0	5	5
17.311556064818244	5.0	5	5
17.41162286288078	5.0	5	5
17.51168966094331	5.0	5	5
17.611756459005846	5.0	5	5
17.711823257068378	5.0	5	5
17.811890055130913	5.0	5	5
17.911956853193445	5.0	5	5
18.01202365125598	5.0	5	5
18.11209044931851	5.0	5	5
18.212157247381043	5.0	5	5
18.31222404544358	5.0	5	5
18.41229084350611	5.0	5	5
18.512357641568645	5.0	5	5
18.612424439631177	5.0	5	5
18.712491237693712	5.0	5	5
18.812558035756243	5.0	5	5
18.91262483381878	5.0	5	5
19.01269163188131	5.0	5	5
19.112758429943845	5.0	5	5
19.212825228006377	5.0	5	5
19.31289202606891	5.0	5	5
19.412958824131444	4.0	4	4
19.513025622193975	4.0	4	4
19.61309242025651	4.0	4	4
19.713159218319042	4.0	4	4
19.813226016381577	4.0	4	4
19.91329281444411	4.0	4	4
20.013359612506644	4.0	4	4
20.113426410569176	4.0	4	4
20.21349320863171	4.0	4	4
20.313560006694242	4.0	4	4
20.413626804756774	4.0	4	4
20.51369360281931	4.0	4	4
20.61376040088184	4.0	4	4
20.713827198944376	4.0	4	4
20.813893997006907	4.0	4	4
20.913960795069443	4.0	4	4
21.014027593131974	4.0	4	4
21.11409439119451	4.0	4	4
21.21416118925704	4.0	4	4
21.314227987319576	4.0	4	4
21.414294785382108	4.0	4	4
21.51436158344464	4.0	4	4
21.614428381507174	4.0	4	4
21.714495179569706	4.0	4	4
21.81456197763224	4.0	4	4
21.914628775694773	3.0	3	3
22.014695573757308	3.0	3	3
22.11476237181984	3.0	3	3
22.214829169882375	3.0	3	3
22.314895967944906	3.0	3	3
22.41496276600744	3.0	3	3
22.515029564069973	3.0	3	3
22.615096362132505	3.0	3	3
22.71516316019504	3.0	3	3
22.81522995825757	3.0	3	3
22.915296756320107	3.0	3	3
23.01536355438264	3.0	3	3
23.115430352445173	3.0	3	3
23.215497150507705	3.0	3	3
23.31556394857024	3.0	3	3
23.41563074663277	3.0	3	3
23.515697544695303	2.0	2	2
23.61576434275784	2.0	2	2
23.71583114082037	2.0	2	2
23.815897938882905	2.0	2	2
23.915964736945437	2.0	2	2
24.016031535007972	2.0	2	2
24.116098333070504	2.0	2	2
24.21616513113304	2.0	2	2
24.31623192919557	2.0	2	2
24.416298727258106	2.0	2	2
24.516365525320637	2.0	2	2
24.61643232338317	2.0	2	2
24.716499121445704	2.0	2	2
24.816565919508236	2.0	2	2
24.91663271757077	2.0	2	2
25.016699515633302	2.0	2	2
25.116766313695837	2.0	2	2
25.21683311175837	2.0	2	2
25.316899909820904	2.0	2	2
25.416966707883436	2.0	2	2
25.51703350594597	2.0	2	2
25.617100304008503	2.0	2	2
25.717167102071034	2.0	2	2
25.81723390013357	2.0	2	2
25.9173006981961	2.0	2	2
26.017367496258636	2.0	2	2
26.117434294321168	2.0	2	2
26.217501092383703	2.0	2	2
26.317567890446234	2.0	2	2
26.41763468850877	2.0	2	2
26.5177014865713	2.0	2	2
26.617768284633836	2.0	2	2
26.717835082696368	1.0	1	1
26.8179018807589	1.0	1	1
26.917968678821435	1.0	1	1
27.018035476883966	1.0	1	1
27.1181022749465	1.0	1	1
27.218169073009033	1.0	1	1
27.31823587107157	1.0	1	1
27.4183026691341	1.0	1	1
27.518369467196635	1.0	1	1
27.618436265259167	1.0	1	1
27.7185030633217	1.0	1	1
27.818569861384233	1.0	1	1
27.918636659446765	1.0	1	1
28.0187034575093	1.0	1	1
28.11877025557183	1.0	1	1
28.218837053634367	1.0	1	1
28.3189038516969	1.0	1	1
28.418970649759434	1.0	1	1
28.519037447821965	1.0	1	1
28.6191042458845	1.0	1	1
28.719171043947032	1.0	1	1
28.819237842009564	1.0	1	1
28.9193046400721	1.0	1	1
29.01937143813463	1.0	1	1
29.119438236197166	1.0	1	1
29.219505034259697	1.0	1	1
29.319571832322232	1.0	1	1
29.419638630384764	1.0	1	1
29.5197054284473	1.0	1	1
29.61977222650983	1.0	1	1
29.719839024572366	1.0	1	1
29.819905822634897	1.0	1	1
29.91997262069743	1.0	1	1
30.020039418759964	1.0	1	1
30.120106216822496	1.0	1	1
30.22017301488503	1.0	1	1
30.320239812947563	1.0	1	1
30.420306611010098	1.0	1	1
30.52037340907263	1.0	1	1
30.620440207135164	1.0	1	1
30.720507005197696	1.0	1	1
30.82057380326023	1.0	1	1
30.920640601322763	1.0	1	1
31.020707399385294	1.0	1	1
31.12077419744783	1.0	1	1
31.22084099551036	1.0	1	1
31.320907793572896	1.0	1	1
31.420974591635428	1.0	1	1
31.521041389697963	1.0	1	1
31.621108187760495	1.0	1	1
31.72117498582303	1.0	1	1
31.82124178388556	1.0	1	1
31.921308581948097	1.0	1	1
32.021375380010625	1.0	1	1
32.12144217807316	1.0	1	1
32.221508976135695	1.0	1	1
32.32157577419823	1.0	1	1
32.42164257226076	1.0	1	1
32.52170937032329	1.0	1	1
32.62177616838583	1.0	1	1
32.721842966448364	1.0	1	1
32.82190976451089	1.0	1	1
32.92197656257343	1.0	1	1
33.02204336063596	1.0	1	1
33.12211015869849	1.0	1	1
33.222176956761025	1.0	1	1
33.32224375482356	1.0	1	1
33.422310552886096	1.0	1	1
33.522377350948624	1.0	1	1
33.62244414901116	1.0	1	1
33.722510947073694	1.0	1	1
33.82257774513623	0.0	0	0
33.92264454319876	0.0	0	0
34.02271134126129	0.0	0	0
34.12277813932383	0.0	0	0
34.222844937386355	0.0	0	0
34.32291173544889	1.0	1	1
34.422978533511426	1.0	1	1
34.52304533157396	1.0	1	1
34.62311212963649	1.0	1	1
34.723178927699024	1.0	1	1
34.82324572576156	1.0	1	1
34.923312523824094	1.0	1	1
35.02337932188662	1.0	1	1
35.12344611994916	1.0	1	1
35.22351291801169	1.0	1	1
35.32357971607422	1.0	1	1
35.423646514136756	1.0	1	1
35.52371331219929	1.0	1	1
35.623780110261826	1.0	1	1
35.723846908324354	1.0	1	1
35.82391370638689	1.0	1	1
35.923980504449425	1.0	1	1
36.02404730251196	1.0	1	1
36.12411410057449	1.0	1	1
36.22418089863702	1.0	1	1
36.32424769669956	1.0	1	1
36.424314494762086	1.0	1	1
36.52438129282462	1.0	1	1
36.62444809088716	1.0	1	1
36.72451488894969	1.0	1	1
36.82458168701222	1.0	1	1
36.924648485074755	1.0	1	1
37.02471528313729	1.0	1	1
37.124782081199825	1.0	1	1
37.22484887926235	1.0	1	1
37.32491567732489	2.0	2	2
37.424982475387424	2.0	2	2
37.52504927344995	2.0	2	2
37.62511607151249	2.0	2	2
37.72518286957502	2.0	2	2
37.82524966763756	3.0	3	3
37.925316465700085	3.0	3	3
38.02538326376262	3.0	3	3
38.125450061825156	4.0	4	4
38.22551685988769	4.0	4	4
38.32558365795022	5.0	5	5
38.425650456012754	6.0	6	6
38.52571725407529	6.0	6	6
38.62578405213782	6.0	6	6
38.72585085020035	6.0	6	6
38.82591764826289	6.0	6	6
38.92598444632542	6.0	6	6
39.02605124438795	6.0	6	6
39.126118042450486	6.0	6	6
39.22618484051302	6.0	6	6
39.326251638575556	6.0	6	6
39.426318436638084	7.0	7	7
39.52638523470062	8.0	8	8
39.626452032763154	8.0	8	8
39.72651883082568	9.0	9	9
39.82658562888822	9.0	9	9
39.92665242695075	9.0	9	9
40.02671922501329	9.0	9	9
40.126786023075816	9.0	9	9
40.22685282113835	9.0	9	9
40.326919619200886	9.0	9	9
40.42698641726342	9.0	9	9
40.52705321532595	9.0	9	9
40.627120013388485	10.0	10	10
40.72718681145102	11.0	11	11
40.82725360951355	11.0	11	11
40.92732040757608	11.0	11	11
41.02738720563862	11.0	11	11
41.12745400370115	11.0	11	11
41.22752080176368	12.0	12	12
41.32758759982622	12.0	12	12
41.42765439788875	12.0	12	12
41.52772119595129	12.0	12	12
41.627787994013815	12.0	12	12
41.72785479207635	12.0	12	12
41.827921590138885	12.0	12	12
41.92798838820141	13.0	13	13
42.02805518626395	13.0	13	13
42.128121984326484	13.0	13	13
42.22818878238902	13.0	13	13
42.32825558045155	13.0	13	13
42.42832237851408	13.0	13	13
42.52838917657662	13.0	13	13
42.62845597463915	13.0	13	13
42.72852277270168	13.0	13	13
42.828589570764215	13.0	13	13
42.92865636882675	13.0	13	13
43.02872316688928	13.0	13	13
43.128789964951814	13.0	13	13
43.22885676301435	13.0	13	13
43.328923561076884	13.0	13	13
43.42899035913941	13.0	13	13
43.52905715720195	13.0	13	13
43.62912395526448	13.0	13	13
43.72919075332702	13.0	13	13
43.829257551389546	13.0	13	13
43.92932434945208	13.0	13	13
44.029391147514616	12.0	12	12
44.129457945577144	12.0	12	12
44.22952474363968	12.0	12	12
44.329591541702214	12.0	12	12
44.42965833976475	12.0	12	12
44.52972513782728	12.0	12	12
44.62979193588981	11.0	11	11
44.72985873395235	11.0	11	11
44.82992553201488	11.0	11	11
44.92999233007741	11.0	11	11
45.030059128139946	11.0	11	11
45.13012592620248	12.0	12	12
45.23019272426501	12.0	12	12
45.330259522327545	12.0	12	12
45.43032632039008	12.0	12	12
45.530393118452615	12.0	12	12
45.63045991651514	12.0	12	12
45.73052671457768	12.0	12	12
45.83059351264021	12.0	12	12
45.93066031070274	12.0	12	12
46.03072710876528	12.0	12	12
46.13079390682781	12.0	12	12
46.23086070489035	13.0	13	13
46.330927502952875	13.0	13	13
46.43099430101541	13.0	13	13
46.531061099077945	13.0	13	13
46.63112789714048	13.0	13	13
46.73119469520301	13.0	13	13
46.83126149326554	13.0	13	13
46.93132829132808	13.0	13	13
47.03139508939061	13.0	13	13
47.13146188745314	14.0	14	14
47.23152868551568	14.0	14	14
47.33159548357821	14.0	14	14
47.43166228164074	14.0	14	14
47.531729079703275	14.0	14	14
47.63179587776581	14.0	14	14
47.731862675828346	14.0	14	14
47.831929473890874	14.0	14	14
47.93199627195341	14.0	14	14
48.032063070015944	14.0	14	14
48.13212986807847	15.0	15	15
48.23219666614101	15.0	15	15
48.33226346420354	15.0	15	15
48.43233026226608	15.0	15	15
48.532397060328606	15.0	15	15
48.63246385839114	16.0	16	16
48.732530656453676	16.0	16	16
48.83259745451621	17.0	17	17
48.93266425257874	17.0	17	17
49.032731050641274	16.0	16	16
49.13279784870381	16.0	16	16
49.23286464676634	16.0	16	16
49.33293144482887	16.0	16	16
49.43299824289141	17.0	17	17
49.53306504095394	17.0	17	17
49.63313183901647	17.0	17	17
49.733198637079006	17.0	17	17
49.83326543514154	17.0	17	17
49.93333223320408	17.0	17	17
50.033399031266605	17.0	17	17
50.13346582932914	17.0	17	17
50.233532627391675	16.0	16	16
50.3335994254542	16.0	16	16
50.43366622351674	16.0	16	16
50.53373302157927	17.0	17	17
50.63379981964181	17.0	17	17
50.73386661770434	17.0	17	17
50.83393341576687	17.0	17	17
50.93400021382941	16.0	16	16
51.03406701189194	16.0	16	16
51.13413380995447	15.0	15	15
51.234200608017005	15.0	15	15
51.33426740607954	15.0	15	15
51.43433420414207	15.0	15	15
51.5344010022046	14.0	14	14
51.63446780026714	14.0	14	14
51.734534598329674	14.0	14	14
51.8346013963922	15.0	15	15
51.93466819445474	15.0	15	15
52.03473499251727	15.0	15	15
52.13480179057981	15.0	15	15
52.234868588642335	15.0	15	15
52.33493538670487	15.0	15	15
52.435002184767406	15.0	15	15
52.535068982829934	15.0	15	15
52.63513578089247	15.0	15	15
52.735202578955004	15.0	15	15
52.83526937701754	15.0	15	15
52.93533617508007	15.0	15	15
53.0354029731426	15.0	15	15
53.13546977120514	14.0	14	14
53.23553656926767	14.0	14	14
53.3356033673302	14.0	14	14
53.435670165392736	14.0	14	14
53.53573696345527	14.0	14	14
53.6358037615178	14.0	14	14
53.735870559580334	14.0	14	14
53.83593735764287	14.0	14	14
53.936004155705405	14.0	14	14
54.03607095376793	14.0	14	14
54.13613775183047	14.0	14	14
54.236204549893	14.0	14	14
54.33627134795554	13.0	13	13
54.436338146018066	12.0	12	12
54.5364049440806	12.0	12	12
54.63647174214314	13.0	13	13
54.736538540205665	12.0	12	12
54.8366053382682	12.0	12	12
54.936672136330735	11.0	11	11
55.03673893439327	11.0	11	11
55.1368057324558	12.0	12	12
55.23687253051833	12.0	12	12
55.33693932858087	12.0	12	12
55.4370061266434	11.0	11	11
55.53707292470593	12.0	12	12
55.63713972276847	12.0	12	12
55.737206520831	12.0	12	12
55.83727331889353	12.0	12	12
55.937340116956065	11.0	11	11
56.0374069150186	11.0	11	11
56.137473713081135	10.0	10	10
56.23754051114366	9.0	9	9
56.3376073092062	9.0	9	9
56.437674107268734	9.0	9	9
56.53774090533127	9.0	9	9
56.6378077033938	8.0	8	8
56.73787450145633	8.0	8	8
56.83794129951887	8.0	8	8
56.938008097581395	7.0	7	7
57.03807489564393	5.0	5	5
57.138141693706466	4.0	4	4
57.238208491769	4.0	4	4
57.33827528983153	4.0	4	4
57.438342087894064	5.0	5	5
57.5384088859566	7.0	7	7
57.63847568401913	8.0	8	8
57.73854248208166	9.0	9	9
57.8386092801442	9.0	9	9
57.93867607820673	9.0	9	9
58.03874287626926	9.0	9	9
58.138809674331796	9.0	9	9
58.23887647239433	9.0	9	9
58.338943270456866	10.0	10	10
58.439010068519394	10.0	10	10
58.53907686658193	10.0	10	10
58.639143664644465	10.0	10	10
58.73921046270699	12.0	12	12
58.83927726076953	11.0	11	11
58.93934405883206	10.0	10	10
59.0394108568946	8.0	8	8
59.139477654957126	9.0	9	9
59.23954445301966	9.0	9	9
59.3396112510822	9.0	9	9
59.43967804914473	9.0	9	9
59.53974484720726	9.0	9	9
59.639811645269795	8.0	8	8
59.73987844333233	8.0	8	8
59.83994524139486	8.0	8	8
59.94001203945739	8.0	8	8
60.04007883751993	7.0	7	7
60.14014563558246	6.0	6	6
60.24021243364499	5.0	5	5
60.34027923170753	5.0	5	5
60.44034602977006	5.0	5	5
60.5404128278326	5.0	5	5
60.640479625895125	5.0	5	5
60.74054642395766	5.0	5	5
60.840613222020195	5.0	5	5
60.94068002008272	5.0	5	5
61.04074681814526	5.0	5	5
61.140813616207794	6.0	6	6
61.24088041427033	6.0	6	6
61.34094721233286	6.0	6	6
61.44101401039539	6.0	6	6
61.54108080845793	6.0	6	6
61.64114760652046	6.0	6	6
61.74121440458299	6.0	6	6
61.841281202645526	6.0	6	6
61.94134800070806	5.0	5	5
62.04141479877059	5.0	5	5
62.141481596833124	6.0	6	6
62.24154839489566	7.0	7	7
62.341615192958194	7.0	7	7
62.44168199102072	7.0	7	7
62.54174878908326	7.0	7	7
62.64181558714579	7.0	7	7
62.74188238520833	8.0	8	8
62.841949183270856	8.0	8	8
62.94201598133339	8.0	8	8
63.042082779395926	8.0	8	8
63.142149577458454	8.0	8	8
63.24221637552099	8.0	8	8
63.342283173583525	8.0	8	8
63.44234997164606	8.0	8	8
63.54241676970859	7.0	7	7
63.64248356777112	7.0	7	7
63.74255036583366	7.0	7	7
63.84261716389619	7.0	7	7
63.94268396195872	7.0	7	7
64.04275076002125	7.0	7	7
64.14281755808379	7.0	7	7
64.24288435614632	7.0	7	7
64.34295115420886	6.0	6	6
64.44301795227139	6.0	6	6
64.54308475033392	6.0	6	6
64.64315154839646	6.0	6	6
64.74321834645899	6.0	6	6
64.84328514452152	6.0	6	6
64.94335194258406	6.0	6	6
65.04341874064659	6.0	6	6
65.14348553870911	7.0	7	7
65.24355233677166	6.0	6	6
65.34361913483419	7.0	7	7
65.44368593289673	8.0	8	8
65.54375273095926	9.0	9	9
65.64381952902178	10.0	10	10
65.74388632708433	11.0	11	11
65.84395312514685	11.0	11	11
65.94401992320938	13.0	13	13
66.04408672127192	15.0	15	15
66.14415351933445	16.0	16	16
66.24422031739698	17.0	17	17
66.34428711545952	16.0	16	16
66.44435391352205	17.0	17	17
66.54442071158459	18.0	18	18
66.64448750964712	21.0	21	21
66.74455430770965	21.0	21	21
66.84462110577219	21.0	21	21
66.94468790383472	21.0	21	21
67.04475470189725	21.0	21	21
67.14482149995979	21.0	21	21
67.24488829802232	20.0	20	20
67.34495509608485	19.0	19	19
67.44502189414739	19.0	19	19
67.54508869220992	19.0	19	19
67.64515549027246	18.0	18	18
67.74522228833499	19.0	19	19
67.84528908639751	19.0	19	19
67.94535588446006	19.0	19	19
68.04542268252258	19.0	19	19
68.14548948058511	19.0	19	19
68.24555627864765	18.0	18	18
68.34562307671018	17.0	17	17
68.44568987477271	16.0	16	16
68.54575667283525	16.0	16	16
68.64582347089778	16.0	16	16
68.74589026896032	16.0	16	16
68.84595706702285	16.0	16	16
68.94602386508538	16.0	16	16
69.04609066314792	16.0	16	16
69.14615746121045	16.0	16	16
69.24622425927298	16.0	16	16
69.34629105733552	16.0	16	16
69.44635785539805	16.0	16	16
69.54642465346058	16.0	16	16
69.64649145152312	16.0	16	16
69.74655824958565	16.0	16	16
69.84662504764819	16.0	16	16
69.94669184571072	16.0	16	16
70.04675864377325	16.0	16	16
70.14682544183579	16.0	16	16
70.24689223989832	15.0	15	15
70.34695903796084	16.0	16	16
70.44702583602339	17.0	17	17
70.54709263408591	16.0	16	16
70.64715943214844	17.0	17	17
70.74722623021098	16.0	16	16
70.84729302827351	17.0	17	17
70.94735982633605	17.0	17	17
71.04742662439858	17.0	17	17
71.14749342246111	17.0	17	17
71.24756022052365	16.0	16	16
71.34762701858618	16.0	16	16
71.44769381664871	16.0	16	16
71.54776061471125	17.0	17	17
71.64782741277378	17.0	17	17
71.74789421083631	18.0	18	18
71.84796100889885	17.0	17	17
71.94802780696138	17.0	17	17
72.04809460502392	16.0	16	16
72.14816140308645	19.0	19	19
72.24822820114898	18.0	18	18
72.34829499921152	19.0	19	19
72.44836179727405	19.0	19	19
72.54842859533657	19.0	19	19
72.64849539339912	19.0	19	19
72.74856219146164	19.0	19	19
72.84862898952417	18.0	18	18
72.94869578758671	18.0	18	18
73.04876258564924	17.0	17	17
73.14882938371179	16.0	16	16
73.24889618177431	16.0	16	16
73.34896297983684	16.0	16	16
73.44902977789938	16.0	16	16
73.54909657596191	17.0	17	17
73.64916337402444	17.0	17	17
73.74923017208698	17.0	17	17
73.84929697014951	17.0	17	17
73.94936376821204	17.0	17	17
74.04943056627458	17.0	17	17
74.14949736433711	17.0	17	17
74.24956416239965	17.0	17	17
74.34963096046218	17.0	17	17
74.4496977585247	16.0	16	16
74.54976455658725	16.0	16	16
74.64983135464978	16.0	16	16
74.7498981527123	16.0	16	16
74.84996495077485	16.0	16	16
74.95003174883738	16.0	16	16
75.0500985468999	16.0	16	16
75.15016534496245	16.0	16	16
75.25023214302497	16.0	16	16
75.35029894108752	16.0	16	16
75.45036573915004	16.0	16	16
75.55043253721257	15.0	15	15
75.65049933527511	15.0	15	15
75.75056613333764	15.0	15	15
75.85063293140017	15.0	15	15
75.95069972946271	15.0	15	15
76.05076652752524	15.0	15	15
76.15083332558777	15.0	15	15
76.25090012365031	14.0	14	14
76.35096692171284	14.0	14	14
76.45103371977538	14.0	14	14
76.55110051783791	14.0	14	14
76.65116731590044	14.0	14	14
76.75123411396298	13.0	13	13
76.85130091202551	13.0	13	13
76.95136771008804	13.0	13	13
77.05143450815058	13.0	13	13
77.1515013062131	13.0	13	13
77.25156810427563	13.0	13	13
77.35163490233818	13.0	13	13
77.4517017004007	13.0	13	13
77.55176849846325	13.0	13	13
77.65183529652577	13.0	13	13
77.7519020945883	13.0	13	13
77.85196889265085	12.0	12	12
77.95203569071337	12.0	12	12
78.0521024887759	12.0	12	12
78.15216928683844	12.0	12	12
78.25223608490097	12.0	12	12
78.3523028829635	12.0	12	12
78.45236968102604	12.0	12	12
78.55243647908857	12.0	12	12
78.65250327715111	12.0	12	12
78.75257007521364	12.0	12	12
78.85263687327617	12.0	12	12
78.95270367133871	12.0	12	12
79.05277046940124	12.0	12	12
79.15283726746377	12.0	12	12
79.25290406552631	12.0	12	12
79.35297086358884	12.0	12	12
79.45303766165136	12.0	12	12
79.55310445971391	12.0	12	12
79.65317125777644	12.0	12	12
79.75323805583898	12.0	12	12
79.8533048539015	12.0	12	12
79.95337165196403	12.0	12	12
80.05343845002658	12.0	12	12
80.1535052480891	12.0	12	12
80.25357204615163	13.0	13	13
80.35363884421417	13.0	13	13
80.4537056422767	13.0	13	13
80.55377244033923	13.0	13	13
80.65383923840177	12.0	12	12
80.7539060364643	12.0	12	12
80.85397283452684	12.0	12	12
80.95403963258937	12.0	12	12
81.0541064306519	11.0	11	11
81.15417322871444	11.0	11	11
81.25424002677697	11.0	11	11
81.3543068248395	11.0	11	11
81.45437362290204	11.0	11	11
81.55444042096457	11.0	11	11
81.6545072190271	11.0	11	11
81.75457401708964	11.0	11	11
81.85464081515217	11.0	11	11
81.95470761321471	11.0	11	11
82.05477441127724	11.0	11	11
82.15484120933976	11.0	11	11
82.2549080074023	11.0	11	11
82.35497480546483	11.0	11	11
82.45504160352736	11.0	11	11
82.5551084015899	11.0	11	11
82.65517519965243	12.0	12	12
82.75524199771496	12.0	12	12
82.8553087957775	12.0	12	12
82.95537559384003	12.0	12	12
83.05544239190257	10.0	10	10
83.1555091899651	10.0	10	10
83.25557598802763	10.0	10	10
83.35564278609017	10.0	10	10
83.4557095841527	10.0	10	10
83.55577638221523	10.0	10	10
83.65584318027777	10.0	10	10
83.7559099783403	9.0	9	9
83.85597677640283	8.0	8	8
83.95604357446537	8.0	8	8
84.0561103725279	9.0	9	9
84.15617717059044	8.0	8	8
84.25624396865297	8.0	8	8
84.3563107667155	8.0	8	8
84.45637756477804	9.0	9	9
84.55644436284057	10.0	10	10
84.6565111609031	10.0	10	10
84.75657795896564	11.0	11	11
84.85664475702816	11.0	11	11
84.95671155509069	11.0	11	11
85.05677835315323	12.0	12	12
85.15684515121576	12.0	12	12
85.2569119492783	12.0	12	12
85.35697874734083	12.0	12	12
85.45704554540336	11.0	11	11
85.5571123434659	11.0	11	11
85.65717914152843	11.0	11	11
85.75724593959096	11.0	11	11
85.8573127376535	11.0	11	11
85.95737953571603	10.0	10	10
86.05744633377856	9.0	9	9
86.1575131318411	9.0	9	9
86.25757992990363	7.0	7	7
86.35764672796617	7.0	7	7
86.4577135260287	7.0	7	7
86.55778032409123	6.0	6	6
86.65784712215377	5.0	5	5
86.7579139202163	5.0	5	5
86.85798071827882	5.0	5	5
86.95804751634137	5.0	5	5
87.0581143144039	5.0	5	5
87.15818111246642	5.0	5	5
87.25824791052897	5.0	5	5
87.3583147085915	5.0	5	5
87.45838150665404	5.0	5	5
87.55844830471656	5.0	5	5
87.65851510277909	5.0	5	5
87.75858190084163	5.0	5	5
87.85864869890416	5.0	5	5
87.95871549696669	5.0	5	5
88.05878229502923	5.0	5	5
88.15884909309176	6.0	6	6
88.25891589115429	6.0	6	6
88.35898268921683	6.0	6	6
88.45904948727936	6.0	6	6
88.5591162853419	6.0	6	6
88.65918308340443	6.0	6	6
88.75924988146696	6.0	6	6
88.8593166795295	6.0	6	6
88.95938347759203	6.0	6	6
89.05945027565456	6.0	6	6
89.1595170737171	6.0	6	6
89.25958387177963	7.0	7	7
89.35965066984215	7.0	7	7
89.4597174679047	6.0	6	6
89.55978426596722	6.0	6	6
89.65985106402977	6.0	6	6
89.7599178620923	6.0	6	6
89.85998466015482	6.0	6	6
89.96005145821736	6.0	6	6
90.06011825627989	7.0	7	7
90.16018505434242	8.0	8	8
90.26025185240496	8.0	8	8
90.36031865046749	8.0	8	8
90.46038544853002	7.0	7	7
90.56045224659256	7.0	7	7
90.66051904465509	7.0	7	7
90.76058584271762	7.0	7	7
90.86065264078016	7.0	7	7
90.96071943884269	7.0	7	7
91.06078623690523	7.0	7	7
91.16085303496776	7.0	7	7
91.26091983303029	6.0	6	6
91.36098663109283	6.0	6	6
91.46105342915536	6.0	6	6
91.56112022721788	6.0	6	6
91.66118702528043	6.0	6	6
91.76125382334295	6.0	6	6
91.86132062140548	6.0	6	6
91.96138741946802	6.0	6	6
92.06145421753055	6.0	6	6
92.1615210155931	6.0	6	6
92.26158781365562	6.0	6	6
92.36165461171815	6.0	6	6
92.4617214097807	6.0	6	6
92.56178820784322	6.0	6	6
92.66185500590575	6.0	6	6
92.76192180396829	7.0	7	7
92.86198860203082	6.0	6	6
92.96205540009335	6.0	6	6
93.06212219815589	6.0	6	6
93.16218899621842	6.0	6	6
93.26225579428096	6.0	6	6
93.36232259234349	5.0	5	5
93.46238939040602	6.0	6	6
93.56245618846856	6.0	6	6
93.66252298653109	6.0	6	6
93.76258978459362	8.0	8	8
93.86265658265616	8.0	8	8
93.96272338071869	7.0	7	7
94.06279017878121	6.0	6	6
94.16285697684376	7.0	7	7
94.26292377490628	7.0	7	7
94.36299057296883	7.0	7	7
94.46305737103135	7.0	7	7
94.56312416909388	7.0	7	7
94.66319096715642	7.0	7	7
94.76325776521895	6.0	6	6
94.86332456328148	5.0	5	5
94.96339136134402	5.0	5	5
95.06345815940655	4.0	4	4
95.16352495746908	5.0	5	5
95.26359175553162	5.0	5	5
95.36365855359415	5.0	5	5
95.46372535165669	4.0	4	4
95.56379214971922	4.0	4	4
95.66385894778175	5.0	5	5
95.76392574584429	5.0	5	5
95.86399254390682	6.0	6	6
95.96405934196935	6.0	6	6
96.06412614003189	6.0	6	6
96.16419293809442	6.0	6	6
96.26425973615694	6.0	6	6
96.36432653421949	5.0	5	5
96.46439333228201	5.0	5	5
96.56446013034456	5.0	5	5
96.66452692840708	5.0	5	5
96.76459372646961	5.0	5	5
96.86466052453216	5.0	5	5
96.96472732259468	5.0	5	5
97.06479412065721	5.0	5	5
97.16486091871975	5.0	5	5
97.26492771678228	5.0	5	5
97.36499451484481	5.0	5	5
97.46506131290735	5.0	5	5
97.56512811096988	5.0	5	5
97.66519490903242	5.0	5	5
97.76526170709495	5.0	5	5
97.86532850515748	5.0	5	5
97.96539530322002	5.0	5	5
98.06546210128255	5.0	5	5
98.16552889934508	5.0	5	5
98.26559569740762	5.0	5	5
98.36566249547015	5.0	5	5
98.46572929353268	5.0	5	5
98.56579609159522	5.0	5	5
98.66586288965775	5.0	5	5
98.76592968772029	5.0	5	5
98.86599648578282	5.0	5	5
98.96606328384534	6.0	6	6
99.06613008190789	6.0	6	6
99.16619687997041	6.0	6	6
99.26626367803294	6.0	6	6
99.36633047609548	6.0	6	6
99.46639727415801	6.0	6	6
99.56646407222054	6.0	6	6
99.66653087028308	6.0	6	6
99.76659766834561	6.0	6	6
99.86666446640815	5.0	5	5
99.96673126447068	6.0	6	6
100.06679806253321	6.0	6	6
100.16686486059575	6.0	6	6
100.26693165865828	5.0	5	5
100.36699845672081	5.0	5	5
100.46706525478335	4.0	4	4
100.56713205284588	4.0	4	4
100.6671988509084	4.0	4	4
100.76726564897095	4.0	4	4
100.86733244703348	4.0	4	4
100.96739924509602	4.0	4	4
101.06746604315855	4.0	4	4
101.16753284122107	5.0	5	5
101.26759963928362	5.0	5	5
101.36766643734614	5.0	5	5
101.46773323540867	5.0	5	5
101.56780003347122	5.0	5	5
101.66786683153374	5.0	5	5
101.76793362959627	5.0	5	5
101.86800042765881	5.0	5	5
101.96806722572134	5.0	5	5
102.06813402378388	5.0	5	5
102.16820082184641	5.0	5	5
102.26826761990894	5.0	5	5
102.36833441797148	5.0	5	5
102.46840121603401	5.0	5	5
102.56846801409654	5.0	5	5
102.66853481215908	5.0	5	5
102.76860161022161	5.0	5	5
102.86866840828414	5.0	5	5
102.96873520634668	5.0	5	5
103.0688020044092	5.0	5	5
103.16886880247175	4.0	4	4
103.26893560053428	4.0	4	4
103.3690023985968	4.0	4	4
103.46906919665935	4.0	4	4
103.56913599472188	4.0	4	4
103.6692027927844	4.0	4	4
103.76926959084695	4.0	4	4
103.86933638890947	4.0	4	4
103.969403186972	4.0	4	4
104.06946998503454	4.0	4	4
104.16953678309707	4.0	4	4
104.26960358115961	4.0	4	4
104.36967037922214	4.0	4	4
104.46973717728467	4.0	4	4
104.56980397534721	4.0	4	4
104.66987077340974	4.0	4	4
104.76993757147227	4.0	4	4
104.87000436953481	4.0	4	4
104.97007116759734	4.0	4	4
105.07013796565987	4.0	4	4
105.17020476372241	4.0	4	4
105.27027156178494	4.0	4	4
105.37033835984748	4.0	4	4
105.47040515791001	4.0	4	4
105.57047195597254	4.0	4	4
105.67053875403508	4.0	4	4
105.7706055520976	4.0	4	4
105.87067235016013	4.0	4	4
105.97073914822268	4.0	4	4
106.0708059462852	4.0	4	4
106.17087274434773	4.0	4	4
106.27093954241028	4.0	4	4
106.3710063404728	4.0	4	4
106.47107313853535	4.0	4	4
106.57113993659787	4.0	4	4
106.6712067346604	4.0	4	4
106.77127353272294	4.0	4	4
106.87134033078547	4.0	4	4
106.971407128848	4.0	4	4
107.07147392691054	4.0	4	4
107.17154072497307	4.0	4	4
107.2716075230356	4.0	4	4
107.37167432109814	4.0	4	4
107.47174111916067	4.0	4	4
107.57180791722321	4.0	4	4
107.67187471528574	4.0	4	4
107.77194151334827	4.0	4	4
107.87200831141081	4.0	4	4
107.97207510947334	4.0	4	4
108.07214190753587	4.0	4	4
108.17220870559841	4.0	4	4
108.27227550366094	3.0	3	3
108.37234230172346	3.0	3	3
108.472409099786	3.0	3	3
108.57247589784853	3.0	3	3
108.67254269591108	3.0	3	3
108.7726094939736	3.0	3	3
108.87267629203613	3.0	3	3
108.97274309009867	3.0	3	3
109.0728098881612	3.0	3	3
109.17287668622373	3.0	3	3
109.27294348428627	3.0	3	3
109.3730102823488	3.0	3	3
109.47307708041133	3.0	3	3
109.57314387847387	3.0	3	3
109.6732106765364	3.0	3	3
109.77327747459894	3.0	3	3
109.87334427266147	3.0	3	3
109.973411070724	3.0	3	3
110.07347786878654	3.0	3	3
110.17354466684907	3.0	3	3
110.2736114649116	3.0	3	3
110.37367826297414	3.0	3	3
110.47374506103667	3.0	3	3
110.5738118590992	3.0	3	3
110.67387865716174	3.0	3	3
110.77394545522426	3.0	3	3
110.8740122532868	3.0	3	3
110.97407905134934	3.0	3	3
111.07414584941186	3.0	3	3
111.1742126474744	3.0	3	3
111.27427944553693	3.0	3	3
111.37434624359946	3.0	3	3
111.474413041662	3.0	3	3
111.57447983972453	3.0	3	3
111.67454663778706	3.0	3	3
111.7746134358496	3.0	3	3
111.87468023391213	3.0	3	3
111.97474703197467	3.0	3	3
112.0748138300372	3.0	3	3
112.17488062809973	3.0	3	3
112.27494742616227	3.0	3	3
112.3750142242248	3.0	3	3
112.47508102228733	3.0	3	3
112.57514782034987	3.0	3	3
112.6752146184124	2.0	2	2
112.77528141647493	2.0	2	2
112.87534821453747	2.0	2	2
112.9754150126	2.0	2	2
113.07548181066254	2.0	2	2
113.17554860872507	2.0	2	2
113.2756154067876	2.0	2	2
113.37568220485014	2.0	2	2
113.47574900291266	2.0	2	2
113.57581580097519	2.0	2	2
113.67588259903773	2.0	2	2
113.77594939710026	2.0	2	2
113.87601619516279	2.0	2	2
113.97608299322533	1.0	1	1
114.07614979128786	1.0	1	1
114.1762165893504	1.0	1	1
114.27628338741293	1.0	1	1
114.37635018547546	0.0	0	0
114.476416983538	0.0	0	0
114.57648378160053	0.0	0	0
114.67655057966306	0.0	0	0
114.7766173777256	0.0	0	0
114.87668417578813	0.0	0	0
114.97675097385066	0.0	0	0
115.0768177719132	1.0	1	1
115.17688456997573	1.0	1	1
115.27695136803825	1.0	1	1
115.3770181661008	1.0	1	1
115.47708496416332	1.0	1	1
115.57715176222587	1.0	1	1
115.6772185602884	1.0	1	1
115.77728535835092	1.0	1	1
115.87735215641347	1.0	1	1
115.977418954476	1.0	1	1
116.07748575253852	1.0	1	1
116.17755255060106	1.0	1	1
116.27761934866359	1.0	1	1
116.37768614672612	1.0	1	1
116.47775294478866	1.0	1	1
116.57781974285119	1.0	1	1
116.67788654091373	1.0	1	1
116.77795333897626	1.0	1	1
116.87802013703879	1.0	1	1
116.97808693510133	1.0	1	1
117.07815373316386	1.0	1	1
117.17822053122639	0.0	0	0
117.27828732928893	0.0	0	0
117.37835412735146	0.0	0	0
117.47842092541399	0.0	0	0
117.57848772347653	0.0	0	0
117.67855452153906	0.0	0	0
117.7786213196016	0.0	0	0
117.87868811766413	0.0	0	0
117.97875491572665	0.0	0	0
118.0788217137892	0.0	0	0
118.17888851185172	0.0	0	0
118.27895530991425	0.0	0	0
118.3790221079768	0.0	0	0
118.47908890603932	0.0	0	0
118.57915570410185	0.0	0	0
118.6792225021644	0.0	0	0
118.77928930022692	0.0	0	0
118.87935609828946	0.0	0	0
118.97942289635199	0.0	0	0
119.07948969441452	0.0	0	0
119.17955649247706	0.0	0	0
119.27962329053959	0.0	0	0
119.37969008860212	0.0	0	0
119.47975688666466	0.0	0	0
119.57982368472719	0.0	0	0
119.67989048278972	0.0	0	0
119.77995728085226	0.0	0	0
119.88002407891479	0.0	0	0
119.98009087697733	0.0	0	0
120.08015767503986	0.0	0	0
120.18022447310238	0.0	0	0
120.28029127116493	0.0	0	0
120.38035806922746	0.0	0	0
120.48042486728998	0.0	0	0
120.58049166535253	0.0	0	0
120.68055846341505	0.0	0	0
120.78062526147758	0.0	0	0
120.88069205954012	0.0	0	0
120.98075885760265	0.0	0	0
121.0808256556652	0.0	0	0
121.18089245372772	0.0	0	0
121.28095925179025	0.0	0	0
121.38102604985279	0.0	0	0
121.48109284791532	0.0	0	0
121.58115964597785	0.0	0	0
121.68122644404039	0.0	0	0
121.78129324210292	0.0	0	0
121.88136004016545	0.0	0	0
121.98142683822799	0.0	0	0
122.08149363629052	0.0	0	0
122.18156043435306	0.0	0	0
122.28162723241559	0.0	0	0
122.38169403047812	0.0	0	0
122.48176082854066	0.0	0	0
122.58182762660319	0.0	0	0
122.68189442466571	0.0	0	0
122.78196122272826	0.0	0	0
122.88202802079078	0.0	0	0
122.98209481885331	0.0	0	0
123.08216161691585	0.0	0	0
123.18222841497838	0.0	0	0
123.28229521304092	0.0	0	0
123.38236201110345	0.0	0	0
123.48242880916598	0.0	0	0
123.58249560722852	0.0	0	0
123.68256240529105	0.0	0	0
123.78262920335358	0.0	0	0
123.88269600141612	0.0	0	0
123.98276279947865	0.0	0	0
124.08282959754118	0.0	0	0
124.18289639560372	0.0	0	0
124.28296319366625	0.0	0	0
124.38302999172879	0.0	0	0
124.48309678979132	0.0	0	0
124.58316358785385	0.0	0	0
124.68323038591639	0.0	0	0
124.78329718397892	0.0	0	0
124.88336398204144	0.0	0	0
124.98343078010399	0.0	0	0
125.08349757816652	0.0	0	0
125.18356437622904	0.0	0	0
125.28363117429159	0.0	0	0
125.38369797235411	0.0	0	0
125.48376477041666	0.0	0	0
125.58383156847918	0.0	0	0
125.68389836654171	0.0	0	0
125.78396516460425	0.0	0	0
125.88403196266678	0.0	0	0
125.98409876072931	0.0	0	0
126.08416555879185	0.0	0	0
126.18423235685438	0.0	0	0
126.28429915491691	0.0	0	0
126.38436595297945	0.0	0	0
126.48443275104198	0.0	0	0
126.58449954910452	0.0	0	0
126.68456634716705	0.0	0	0
126.78463314522958	0.0	0	0
126.88469994329212	1.0	1	1
126.98476674135465	1.0	1	1
127.08483353941718	1.0	1	1
127.18490033747972	1.0	1	1
127.28496713554225	1.0	1	1
127.38503393360477	1.0	1	1
127.48510073166732	1.0	1	1
127.58516752972984	2.0	2	2
127.68523432779239	3.0	3	3
127.78530112585491	3.0	3	3
127.88536792391744	3.0	3	3
127.98543472197998	3.0	3	3
128.0855015200425	3.0	3	3
128.18556831810506	4.0	4	4
128.28563511616758	4.0	4	4
128.3857019142301	4.0	4	4
128.48576871229264	4.0	4	4
128.58583551035517	4.0	4	4
128.68590230841772	4.0	4	4
128.78596910648025	4.0	4	4
128.88603590454278	3.0	3	3
128.9861027026053	3.0	3	3
129.08616950066784	3.0	3	3
129.18623629873036	3.0	3	3
129.28630309679292	3.0	3	3
129.38636989485545	3.0	3	3
129.48643669291798	3.0	3	3
129.5865034909805	3.0	3	3
129.68657028904303	2.0	2	2
129.7866370871056	2.0	2	2
129.88670388516812	2.0	2	2
129.98677068323065	2.0	2	2
130.08683748129317	1.0	1	1
130.1869042793557	1.0	1	1
130.28697107741823	1.0	1	1
130.3870378754808	1.0	1	1
130.4871046735433	1.0	1	1
130.58717147160584	1.0	1	1
130.68723826966837	1.0	1	1
130.7873050677309	1.0	1	1
130.88737186579345	1.0	1	1
130.98743866385598	1.0	1	1
131.0875054619185	1.0	1	1
131.18757225998104	1.0	1	1
131.28763905804357	1.0	1	1
131.3877058561061	1.0	1	1
131.48777265416865	1.0	1	1
131.58783945223118	1.0	1	1
131.6879062502937	1.0	1	1
131.78797304835624	1.0	1	1
131.88803984641876	1.0	1	1
131.98810664448132	1.0	1	1
132.08817344254385	1.0	1	1
132.18824024060638	1.0	1	1
132.2883070386689	1.0	1	1
132.38837383673143	1.0	1	1
132.48844063479396	1.0	1	1
132.58850743285652	1.0	1	1
132.68857423091904	1.0	1	1
132.78864102898157	1.0	1	1
132.8887078270441	1.0	1	1
132.98877462510663	1.0	1	1
133.08884142316919	1.0	1	1
133.1889082212317	1.0	1	1
133.28897501929424	1.0	1	1
133.38904181735677	1.0	1	1
133.4891086154193	1.0	1	1
133.58917541348183	1.0	1	1
133.68924221154438	1.0	1	1
133.7893090096069	1.0	1	1
133.88937580766944	1.0	1	1
133.98944260573197	1.0	1	1
134.0895094037945	1.0	1	1
134.18957620185705	1.0	1	1
134.28964299991958	1.0	1	1
134.3897097979821	1.0	1	1
134.48977659604463	1.0	1	1
134.58984339410716	1.0	1	1
134.6899101921697	1.0	1	1
134.78997699023225	1.0	1	1
134.89004378829478	1.0	1	1
134.9901105863573	1.0	1	1
135.09017738441983	1.0	1	1
135.19024418248236	1.0	1	1
135.29031098054492	1.0	1	1
135.39037777860744	2.0	2	2
135.49044457666997	3.0	3	3
135.5905113747325	3.0	3	3
135.69057817279503	2.0	2	2
135.79064497085756	2.0	2	2
135.8907117689201	2.0	2	2
135.99077856698264	2.0	2	2
136.09084536504517	3.0	3	3
136.1909121631077	3.0	3	3
136.29097896117023	3.0	3	3
136.39104575923278	3.0	3	3
136.4911125572953	3.0	3	3
136.59117935535784	3.0	3	3
136.69124615342037	3.0	3	3
136.7913129514829	3.0	3	3
136.89137974954542	3.0	3	3
136.99144654760798	3.0	3	3
137.0915133456705	3.0	3	3
137.19158014373303	3.0	3	3
137.29164694179556	3.0	3	3
137.3917137398581	2.0	2	2
137.49178053792065	2.0	2	2
137.59184733598318	2.0	2	2
137.6919141340457	2.0	2	2
137.79198093210823	2.0	2	2
137.89204773017076	2.0	2	2
137.9921145282333	2.0	2	2
138.09218132629584	1.0	1	1
138.19224812435837	1.0	1	1
138.2923149224209	1.0	1	1
138.39238172048343	2.0	2	2
138.49244851854596	2.0	2	2
138.5925153166085	2.0	2	2
138.69258211467104	2.0	2	2
138.79264891273357	2.0	2	2
138.8927157107961	2.0	2	2
138.99278250885862	2.0	2	2
139.09284930692115	2.0	2	2
139.1929161049837	2.0	2	2
139.29298290304624	2.0	2	2
139.39304970110877	2.0	2	2
139.4931164991713	1.0	1	1
139.59318329723382	1.0	1	1
139.69325009529638	1.0	1	1
139.7933168933589	1.0	1	1
139.89338369142143	1.0	1	1
139.99345048948396	1.0	1	1
140.0935172875465	1.0	1	1
140.19358408560902	1.0	1	1
140.29365088367157	1.0	1	1
140.3937176817341	0.0	0	0
140.49378447979663	0.0	0	0
140.59385127785916	0.0	0	0
140.6939180759217	0.0	0	0
140.79398487398424	0.0	0	0
140.89405167204677	1.0	1	1
140.9941184701093	1.0	1	1
141.09418526817183	1.0	1	1
141.19425206623436	1.0	1	1
141.29431886429688	1.0	1	1
141.39438566235944	1.0	1	1
141.49445246042197	1.0	1	1
141.5945192584845	1.0	1	1
141.69458605654702	1.0	1	1
141.79465285460955	1.0	1	1
141.8947196526721	1.0	1	1
141.99478645073464	1.0	1	1
142.09485324879716	1.0	1	1
142.1949200468597	1.0	1	1
142.29498684492222	1.0	1	1
142.39505364298475	1.0	1	1
142.4951204410473	1.0	1	1
142.59518723910983	1.0	1	1
142.69525403717236	1.0	1	1
142.7953208352349	1.0	1	1
142.89538763329742	1.0	1	1
142.99545443135997	1.0	1	1
143.0955212294225	1.0	1	1
143.19558802748503	1.0	1	1
143.29565482554756	1.0	1	1
143.3957216236101	1.0	1	1
143.49578842167261	1.0	1	1
143.59585521973517	1.0	1	1
143.6959220177977	1.0	1	1
143.79598881586023	1.0	1	1
143.89605561392275	1.0	1	1
143.99612241198528	1.0	1	1
144.09618921004784	1.0	1	1
144.19625600811037	1.0	1	1
144.2963228061729	1.0	1	1
144.39638960423542	2.0	2	2
144.49645640229795	2.0	2	2
144.59652320036048	2.0	2	2
144.69658999842304	2.0	2	2
144.79665679648556	2.0	2	2
144.8967235945481	2.0	2	2
144.99679039261062	2.0	2	2
145.09685719067315	2.0	2	2
145.1969239887357	2.0	2	2
145.29699078679823	2.0	2	2
145.39705758486076	2.0	2	2
145.4971243829233	2.0	2	2
145.59719118098582	2.0	2	2
145.69725797904835	2.0	2	2
145.7973247771109	2.0	2	2
145.89739157517343	2.0	2	2
145.99745837323596	2.0	2	2
146.09752517129849	2.0	2	2
146.197591969361	2.0	2	2
146.29765876742357	2.0	2	2
146.3977255654861	2.0	2	2
146.49779236354863	2.0	2	2
146.59785916161115	2.0	2	2
146.69792595967368	2.0	2	2
146.7979927577362	2.0	2	2
146.89805955579877	2.0	2	2
146.9981263538613	2.0	2	2
147.09819315192382	2.0	2	2
147.19825994998635	2.0	2	2
147.29832674804888	2.0	2	2
147.39839354611144	2.0	2	2
147.49846034417396	2.0	2	2
147.5985271422365	2.0	2	2
147.69859394029902	2.0	2	2
147.79866073836155	2.0	2	2
147.89872753642408	2.0	2	2
147.99879433448663	2.0	2	2
148.09886113254916	2.0	2	2
148.1989279306117	2.0	2	2
148.29899472867422	2.0	2	2
148.39906152673674	2.0	2	2
148.4991283247993	2.0	2	2
148.59919512286183	2.0	2	2
148.69926192092436	2.0	2	2
148.79932871898689	2.0	2	2
148.8993955170494	2.0	2	2
148.99946231511194	2.0	2	2
149.0995291131745	2.0	2	2
149.19959591123703	2.0	2	2
149.29966270929955	2.0	2	2
149.39972950736208	2.0	2	2
149.4997963054246	2.0	2	2
149.59986310348717	2.0	2	2
149.6999299015497	2.0	2	2
149.79999669961222	2.0	2	2
149.90006349767475	2.0	2	2
150.00013029573728	2.0	2	2
150.1001970937998	3.0	3	3
150.20026389186236	3.0	3	3
150.3003306899249	3.0	3	3
150.40039748798742	3.0	3	3
150.50046428604995	3.0	3	3
150.60053108411248	3.0	3	3
150.70059788217503	3.0	3	3
150.80066468023756	3.0	3	3
150.9007314783001	3.0	3	3
151.00079827636262	3.0	3	3
151.10086507442514	3.0	3	3
151.20093187248767	3.0	3	3
151.30099867055023	3.0	3	3
151.40106546861276	3.0	3	3
151.50113226667528	3.0	3	3
151.6011990647378	3.0	3	3
151.70126586280034	3.0	3	3
151.8013326608629	3.0	3	3
151.90139945892543	3.0	3	3
152.00146625698795	3.0	3	3
152.10153305505048	3.0	3	3
152.201599853113	3.0	3	3
152.30166665117554	2.0	2	2
152.4017334492381	2.0	2	2
152.50180024730062	2.0	2	2
152.60186704536315	2.0	2	2
152.70193384342568	2.0	2	2
152.8020006414882	2.0	2	2
152.90206743955076	2.0	2	2
153.0021342376133	2.0	2	2
153.10220103567582	2.0	2	2
153.20226783373835	2.0	2	2
153.30233463180087	2.0	2	2
153.4024014298634	2.0	2	2
153.50246822792596	2.0	2	2
153.6025350259885	2.0	2	2
153.70260182405102	2.0	2	2
153.80266862211354	2.0	2	2
153.90273542017607	2.0	2	2
154.00280221823863	2.0	2	2
154.10286901630116	2.0	2	2
154.20293581436368	2.0	2	2
154.3030026124262	2.0	2	2
154.40306941048874	2.0	2	2
154.50313620855127	2.0	2	2
154.60320300661382	2.0	2	2
154.70326980467635	2.0	2	2
154.80333660273888	2.0	2	2
154.9034034008014	2.0	2	2
155.00347019886394	2.0	2	2
155.1035369969265	2.0	2	2
155.20360379498902	2.0	2	2
155.30367059305155	2.0	2	2
155.40373739111408	2.0	2	2
155.5038041891766	2.0	2	2
155.60387098723913	2.0	2	2
155.7039377853017	2.0	2	2
155.80400458336422	2.0	2	2
155.90407138142675	2.0	2	2
156.00413817948927	2.0	2	2
156.1042049775518	2.0	2	2
156.20427177561436	2.0	2	2
156.3043385736769	1.0	1	1
156.40440537173941	1.0	1	1
156.50447216980194	0.0	0	0
156.60453896786447	0.0	0	0
156.704605765927	0.0	0	0
156.80467256398956	0.0	0	0
156.90473936205208	0.0	0	0
157.0048061601146	0.0	0	0
157.10487295817714	0.0	0	0
157.20493975623967	1.0	1	1
157.30500655430222	1.0	1	1
157.40507335236475	1.0	1	1
157.50514015042728	1.0	1	1
157.6052069484898	1.0	1	1
157.70527374655234	1.0	1	1
157.80534054461486	1.0	1	1
157.90540734267742	1.0	1	1
158.00547414073995	1.0	1	1
158.10554093880248	1.0	1	1
158.205607736865	1.0	1	1
158.30567453492753	1.0	1	1
158.4057413329901	1.0	1	1
158.50580813105262	1.0	1	1
158.60587492911515	1.0	1	1
158.70594172717767	1.0	1	1
158.8060085252402	1.0	1	1
158.90607532330273	1.0	1	1
159.0061421213653	1.0	1	1
159.10620891942781	1.0	1	1
159.20627571749034	1.0	1	1
159.30634251555287	1.0	1	1
159.4064093136154	1.0	1	1
159.50647611167796	1.0	1	1
159.60654290974048	1.0	1	1
159.706609707803	1.0	1	1
159.80667650586554	1.0	1	1
159.90674330392807	1.0	1	1
160.0068101019906	1.0	1	1
160.10687690005315	1.0	1	1
160.20694369811568	1.0	1	1
160.3070104961782	1.0	1	1
160.40707729424074	1.0	1	1
160.50714409230326	1.0	1	1
160.60721089036582	1.0	1	1
160.70727768842835	1.0	1	1
160.80734448649088	1.0	1	1
160.9074112845534	1.0	1	1
161.00747808261593	1.0	1	1
161.10754488067846	1.0	1	1
161.20761167874102	1.0	1	1
161.30767847680355	1.0	1	1
161.40774527486607	1.0	1	1
161.5078120729286	1.0	1	1
161.60787887099113	1.0	1	1
161.7079456690537	1.0	1	1
161.8080124671162	1.0	1	1
161.90807926517874	1.0	1	1
162.00814606324127	1.0	1	1
162.1082128613038	2.0	2	2
162.20827965936633	2.0	2	2
162.30834645742888	2.0	2	2
162.4084132554914	2.0	2	2
162.50848005355394	2.0	2	2
162.60854685161647	2.0	2	2
162.708613649679	3.0	3	3
162.80868044774155	3.0	3	3
162.90874724580408	3.0	3	3
163.0088140438666	3.0	3	3
163.10888084192914	3.0	3	3
163.20894763999166	3.0	3	3
163.3090144380542	3.0	3	3
163.40908123611675	3.0	3	3
163.50914803417928	3.0	3	3
163.6092148322418	3.0	3	3
163.70928163030433	3.0	3	3
163.80934842836686	3.0	3	3
163.90941522642942	3.0	3	3
164.00948202449194	3.0	3	3
164.10954882255447	3.0	3	3
164.209615620617	3.0	3	3
164.30968241867953	4.0	4	4
164.40974921674206	4.0	4	4
164.5098160148046	5.0	5	5
164.60988281286714	5.0	5	5
164.70994961092967	5.0	5	5
164.8100164089922	5.0	5	5
164.91008320705473	5.0	5	5
165.01015000511728	5.0	5	5
165.1102168031798	5.0	5	5
165.21028360124234	5.0	5	5
165.31035039930487	7.0	7	7
165.4104171973674	7.0	7	7
165.51048399542992	7.0	7	7
165.61055079349248	7.0	7	7
165.710617591555	7.0	7	7
165.81068438961753	7.0	7	7
165.91075118768006	7.0	7	7
166.0108179857426	7.0	7	7
166.11088478380515	7.0	7	7
166.21095158186768	7.0	7	7
166.3110183799302	7.0	7	7
166.41108517799273	6.0	6	6
166.51115197605526	6.0	6	6
166.6112187741178	5.0	5	5
166.71128557218034	5.0	5	5
166.81135237024287	5.0	5	5
166.9114191683054	6.0	6	6
167.01148596636793	8.0	8	8
167.11155276443046	7.0	7	7
167.211619562493	6.0	6	6
167.31168636055554	5.0	5	5
167.41175315861807	5.0	5	5
167.5118199566806	4.0	4	4
167.61188675474313	4.0	4	4
167.71195355280565	4.0	4	4
167.8120203508682	4.0	4	4
167.91208714893074	4.0	4	4
168.01215394699327	4.0	4	4
168.1122207450558	4.0	4	4
168.21228754311832	4.0	4	4
168.31235434118088	4.0	4	4
168.4124211392434	4.0	4	4
168.51248793730593	4.0	4	4
168.61255473536846	4.0	4	4
168.712621533431	4.0	4	4
168.81268833149352	4.0	4	4
168.91275512955607	4.0	4	4
169.0128219276186	4.0	4	4
169.11288872568113	4.0	4	4
169.21295552374366	3.0	3	3
169.3130223218062	2.0	2	2
169.41308911986874	2.0	2	2
169.51315591793127	2.0	2	2
169.6132227159938	2.0	2	2
169.71328951405633	2.0	2	2
169.81335631211886	2.0	2	2
169.91342311018138	2.0	2	2
170.01348990824394	2.0	2	2
170.11355670630647	2.0	2	2
170.213623504369	2.0	2	2
170.31369030243152	2.0	2	2
170.41375710049405	2.0	2	2
170.5138238985566	3.0	3	3
170.61389069661914	3.0	3	3
170.71395749468167	3.0	3	3
170.8140242927442	3.0	3	3
170.91409109080672	3.0	3	3
171.01415788886925	3.0	3	3
171.1142246869318	3.0	3	3
171.21429148499433	3.0	3	3
171.31435828305686	3.0	3	3
171.4144250811194	3.0	3	3
171.51449187918192	3.0	3	3
171.61455867724447	3.0	3	3
171.714625475307	3.0	3	3
171.81469227336953	4.0	4	4
171.91475907143206	4.0	4	4
172.0148258694946	4.0	4	4
172.11489266755711	4.0	4	4
172.21495946561967	4.0	4	4
172.3150262636822	4.0	4	4
172.41509306174473	4.0	4	4
172.51515985980726	4.0	4	4
172.61522665786978	4.0	4	4
172.71529345593234	4.0	4	4
172.81536025399487	4.0	4	4
172.9154270520574	4.0	4	4
173.01549385011992	4.0	4	4
173.11556064818245	4.0	4	4
173.21562744624498	4.0	4	4
173.31569424430754	4.0	4	4
173.41576104237006	4.0	4	4
173.5158278404326	4.0	4	4
173.61589463849512	4.0	4	4
173.71596143655765	4.0	4	4
173.8160282346202	4.0	4	4
173.91609503268273	4.0	4	4
174.01616183074526	4.0	4	4
174.1162286288078	4.0	4	4
174.21629542687032	4.0	4	4
174.31636222493285	5.0	5	5
174.4164290229954	5.0	5	5
174.51649582105793	5.0	5	5
174.61656261912046	5.0	5	5
174.716629417183	5.0	5	5
174.8166962152455	5.0	5	5
174.91676301330807	5.0	5	5
175.0168298113706	5.0	5	5
175.11689660943313	5.0	5	5
175.21696340749565	5.0	5	5
175.31703020555818	5.0	5	5
175.4170970036207	5.0	5	5
175.51716380168327	4.0	4	4
175.6172305997458	4.0	4	4
175.71729739780832	4.0	4	4
175.81736419587085	4.0	4	4
175.91743099393338	4.0	4	4
176.01749779199594	4.0	4	4
176.11756459005846	4.0	4	4
176.217631388121	4.0	4	4
176.31769818618352	4.0	4	4
176.41776498424605	4.0	4	4
176.51783178230858	4.0	4	4
176.61789858037113	4.0	4	4
176.71796537843366	4.0	4	4
176.8180321764962	4.0	4	4
176.91809897455872	4.0	4	4
177.01816577262124	4.0	4	4
177.1182325706838	3.0	3	3
177.21829936874633	3.0	3	3
177.31836616680886	3.0	3	3
177.41843296487139	3.0	3	3
177.5184997629339	3.0	3	3
177.61856656099644	3.0	3	3
177.718633359059	3.0	3	3
177.81870015712153	3.0	3	3
177.91876695518405	3.0	3	3
178.01883375324658	3.0	3	3
178.1189005513091	3.0	3	3
178.21896734937167	3.0	3	3
178.3190341474342	3.0	3	3
178.41910094549672	3.0	3	3
178.51916774355925	3.0	3	3
178.61923454162178	3.0	3	3
178.7193013396843	3.0	3	3
178.81936813774686	2.0	2	2
178.9194349358094	2.0	2	2
179.01950173387192	2.0	2	2
179.11956853193445	2.0	2	2
179.21963532999698	2.0	2	2
179.31970212805953	2.0	2	2
179.41976892612206	2.0	2	2
179.5198357241846	2.0	2	2
179.61990252224712	2.0	2	2
179.71996932030964	2.0	2	2
179.82003611837217	2.0	2	2
179.92010291643473	2.0	2	2
180.02016971449726	2.0	2	2
180.12023651255979	2.0	2	2
180.2203033106223	2.0	2	2
180.32037010868484	2.0	2	2
180.42043690674737	2.0	2	2
180.52050370480993	2.0	2	2
180.62057050287245	2.0	2	2
180.72063730093498	2.0	2	2
180.8207040989975	2.0	2	2
180.92077089706004	2.0	2	2
181.0208376951226	2.0	2	2
181.12090449318512	2.0	2	2
181.22097129124765	2.0	2	2
181.32103808931018	2.0	2	2
181.4211048873727	2.0	2	2
181.52117168543523	2.0	2	2
181.6212384834978	2.0	2	2
181.72130528156032	2.0	2	2
181.82137207962285	2.0	2	2
181.92143887768538	2.0	2	2
182.0215056757479	2.0	2	2
182.12157247381046	2.0	2	2
182.221639271873	2.0	2	2
182.32170606993552	2.0	2	2
182.42177286799804	2.0	2	2
182.52183966606057	2.0	2	2
182.6219064641231	2.0	2	2
182.72197326218566	2.0	2	2
182.82204006024818	2.0	2	2
182.9221068583107	2.0	2	2
183.02217365637324	2.0	2	2
183.12224045443577	2.0	2	2
183.22230725249833	2.0	2	2
183.32237405056085	2.0	2	2
183.42244084862338	2.0	2	2
183.5225076466859	2.0	2	2
183.62257444474844	2.0	2	2
183.72264124281097	2.0	2	2
183.82270804087352	2.0	2	2
183.92277483893605	2.0	2	2
184.02284163699858	2.0	2	2
184.1229084350611	2.0	2	2
184.22297523312363	2.0	2	2
184.3230420311862	2.0	2	2
184.42310882924872	2.0	2	2
184.52317562731125	2.0	2	2
184.62324242537377	2.0	2	2
184.7233092234363	2.0	2	2
184.82337602149883	2.0	2	2
184.9234428195614	1.0	1	1
