time	diversity	m_div	M_div
0.0	2.0	2	2
0.10007752937803702	2.0	2	2
0.20015505875607403	2.0	2	2
0.300232588134111	2.0	2	2
0.40031011751214807	2.0	2	2
0.5003876468901851	2.0	2	2
0.600465176268222	2.0	2	2
0.7005427056462591	2.0	2	2
0.8006202350242961	2.0	2	2
0.9006977644023332	2.0	2	2
1.0007752937803702	1.0	1	1
1.1008528231584072	1.0	1	1
1.200930352536444	1.0	1	1
1.3010078819144812	1.0	1	1
1.4010854112925182	1.0	1	1
1.5011629406705553	1.0	1	1
1.6012404700485923	1.0	1	1
1.7013179994266292	1.0	1	1
1.8013955288046664	1.0	1	1
1.9014730581827033	1.0	1	1
2.0015505875607404	1.0	1	1
2.101628116938777	1.0	1	1
2.2017056463168143	2.0	2	2
2.3017831756948515	2.0	2	2
2.401860705072888	2.0	2	2
2.5019382344509253	2.0	2	2
2.6020157638289625	2.0	2	2
2.7020932932069996	3.0	3	3
2.8021708225850364	3.0	3	3
2.9022483519630735	3.0	3	3
3.0023258813411107	3.0	3	3
3.1024034107191474	3.0	3	3
3.2024809400971845	3.0	3	3
3.3025584694752217	3.0	3	3
3.4026359988532584	3.0	3	3
3.5027135282312956	3.0	3	3
3.6027910576093327	3.0	3	3
3.7028685869873694	3.0	3	3
3.8029461163654066	3.0	3	3
3.9030236457434437	3.0	3	3
4.003101175121481	3.0	3	3
4.103178704499518	3.0	3	3
4.203256233877554	3.0	3	3
4.3033337632555915	3.0	3	3
4.403411292633629	3.0	3	3
4.503488822011666	3.0	3	3
4.603566351389703	3.0	3	3
4.70364388076774	3.0	3	3
4.803721410145776	3.0	3	3
4.9037989395238135	3.0	3	3
5.003876468901851	3.0	3	3
5.103953998279888	3.0	3	3
5.204031527657925	3.0	3	3
5.304109057035962	3.0	3	3
5.404186586413999	3.0	3	3
5.504264115792036	3.0	3	3
5.604341645170073	3.0	3	3
5.70441917454811	3.0	3	3
5.804496703926147	3.0	3	3
5.904574233304184	3.0	3	3
6.004651762682221	3.0	3	3
6.104729292060258	3.0	3	3
6.204806821438295	3.0	3	3
6.304884350816332	3.0	3	3
6.404961880194369	3.0	3	3
6.505039409572406	3.0	3	3
6.605116938950443	3.0	3	3
6.7051944683284805	3.0	3	3
6.805271997706517	3.0	3	3
6.905349527084554	3.0	3	3
7.005427056462591	3.0	3	3
7.105504585840628	3.0	3	3
7.205582115218665	3.0	3	3
7.305659644596703	3.0	3	3
7.405737173974739	3.0	3	3
7.505814703352776	3.0	3	3
7.605892232730813	3.0	3	3
7.70596976210885	3.0	3	3
7.8060472914868875	3.0	3	3
7.906124820864925	3.0	3	3
8.006202350242962	3.0	3	3
8.106279879620999	3.0	3	3
8.206357408999036	3.0	3	3
8.306434938377073	3.0	3	3
8.406512467755109	3.0	3	3
8.506589997133146	3.0	3	3
8.606667526511183	3.0	3	3
8.70674505588922	3.0	3	3
8.806822585267257	3.0	3	3
8.906900114645294	3.0	3	3
9.006977644023332	3.0	3	3
9.107055173401369	3.0	3	3
9.207132702779406	3.0	3	3
9.307210232157443	3.0	3	3
9.40728776153548	3.0	3	3
9.507365290913517	3.0	3	3
9.607442820291553	3.0	3	3
9.70752034966959	3.0	3	3
9.807597879047627	3.0	3	3
9.907675408425664	3.0	3	3
10.007752937803701	3.0	3	3
10.107830467181738	3.0	3	3
10.207907996559776	3.0	3	3
10.307985525937813	3.0	3	3
10.40806305531585	3.0	3	3
10.508140584693887	3.0	3	3
10.608218114071924	3.0	3	3
10.708295643449961	3.0	3	3
10.808373172827999	3.0	3	3
10.908450702206034	3.0	3	3
11.008528231584071	3.0	3	3
11.108605760962108	3.0	3	3
11.208683290340145	3.0	3	3
11.308760819718183	3.0	3	3
11.40883834909622	3.0	3	3
11.508915878474257	3.0	3	3
11.608993407852294	3.0	3	3
11.709070937230331	3.0	3	3
11.809148466608368	3.0	3	3
11.909225995986406	3.0	3	3
12.009303525364443	3.0	3	3
12.10938105474248	3.0	3	3
12.209458584120515	3.0	3	3
12.309536113498552	3.0	3	3
12.40961364287659	3.0	3	3
12.509691172254627	3.0	3	3
12.609768701632664	3.0	3	3
12.709846231010701	4.0	4	4
12.809923760388738	4.0	4	4
12.910001289766775	4.0	4	4
13.010078819144812	4.0	4	4
13.11015634852285	4.0	4	4
13.210233877900887	4.0	4	4
13.310311407278924	4.0	4	4
13.410388936656961	4.0	4	4
13.510466466034996	4.0	4	4
13.610543995413034	4.0	4	4
13.71062152479107	4.0	4	4
13.810699054169108	4.0	4	4
13.910776583547145	4.0	4	4
14.010854112925182	4.0	4	4
14.11093164230322	4.0	4	4
14.211009171681257	4.0	4	4
14.311086701059294	4.0	4	4
14.41116423043733	4.0	4	4
14.511241759815368	4.0	4	4
14.611319289193405	4.0	4	4
14.711396818571442	4.0	4	4
14.811474347949478	4.0	4	4
14.911551877327515	4.0	4	4
15.011629406705552	4.0	4	4
15.11170693608359	4.0	4	4
15.211784465461626	4.0	4	4
15.311861994839663	4.0	4	4
15.4119395242177	4.0	4	4
15.512017053595738	4.0	4	4
15.612094582973775	4.0	4	4
15.712172112351812	4.0	4	4
15.81224964172985	4.0	4	4
15.912327171107886	4.0	4	4
16.012404700485924	4.0	4	4
16.11248222986396	4.0	4	4
16.212559759241998	4.0	4	4
16.312637288620035	4.0	4	4
16.412714817998072	4.0	4	4
16.51279234737611	4.0	4	4
16.612869876754147	4.0	4	4
16.71294740613218	4.0	4	4
16.813024935510217	4.0	4	4
16.913102464888254	4.0	4	4
17.01317999426629	4.0	4	4
17.11325752364433	4.0	4	4
17.213335053022366	4.0	4	4
17.313412582400403	4.0	4	4
17.41349011177844	4.0	4	4
17.513567641156477	4.0	4	4
17.613645170534515	4.0	4	4
17.71372269991255	5.0	5	5
17.81380022929059	5.0	5	5
17.913877758668626	5.0	5	5
18.013955288046663	5.0	5	5
18.1140328174247	5.0	5	5
18.214110346802737	5.0	5	5
18.314187876180775	5.0	5	5
18.41426540555881	5.0	5	5
18.51434293493685	5.0	5	5
18.614420464314886	5.0	5	5
18.714497993692923	5.0	5	5
18.81457552307096	5.0	5	5
18.914653052448998	5.0	5	5
19.014730581827035	5.0	5	5
19.114808111205072	5.0	5	5
19.214885640583105	5.0	5	5
19.314963169961143	5.0	5	5
19.41504069933918	5.0	5	5
19.515118228717217	5.0	5	5
19.615195758095254	5.0	5	5
19.71527328747329	5.0	5	5
19.81535081685133	5.0	5	5
19.915428346229366	5.0	5	5
20.015505875607403	5.0	5	5
20.11558340498544	5.0	5	5
20.215660934363477	5.0	5	5
20.315738463741514	5.0	5	5
20.41581599311955	5.0	5	5
20.51589352249759	5.0	5	5
20.615971051875626	5.0	5	5
20.716048581253663	5.0	5	5
20.8161261106317	5.0	5	5
20.916203640009737	5.0	5	5
21.016281169387774	5.0	5	5
21.11635869876581	4.0	4	4
21.21643622814385	4.0	4	4
21.316513757521886	4.0	4	4
21.416591286899923	4.0	4	4
21.51666881627796	4.0	4	4
21.616746345655997	4.0	4	4
21.716823875034034	4.0	4	4
21.816901404412068	4.0	4	4
21.916978933790105	4.0	4	4
22.017056463168142	4.0	4	4
22.11713399254618	4.0	4	4
22.217211521924217	4.0	4	4
22.317289051302254	4.0	4	4
22.41736658068029	4.0	4	4
22.517444110058328	4.0	4	4
22.617521639436365	3.0	3	3
22.717599168814402	2.0	2	2
22.81767669819244	2.0	2	2
22.917754227570477	2.0	2	2
23.017831756948514	2.0	2	2
23.11790928632655	2.0	2	2
23.217986815704588	2.0	2	2
23.318064345082625	2.0	2	2
23.418141874460662	2.0	2	2
23.5182194038387	2.0	2	2
23.618296933216737	2.0	2	2
23.718374462594774	2.0	2	2
23.81845199197281	2.0	2	2
23.918529521350848	2.0	2	2
24.018607050728885	2.0	2	2
24.118684580106923	2.0	2	2
24.21876210948496	2.0	2	2
24.318839638862997	2.0	2	2
24.41891716824103	2.0	2	2
24.518994697619068	2.0	2	2
24.619072226997105	2.0	2	2
24.719149756375142	2.0	2	2
24.81922728575318	2.0	2	2
24.919304815131216	2.0	2	2
25.019382344509253	2.0	2	2
25.11945987388729	2.0	2	2
25.219537403265328	2.0	2	2
25.319614932643365	2.0	2	2
25.419692462021402	2.0	2	2
25.51976999139944	2.0	2	2
25.619847520777476	2.0	2	2
25.719925050155513	2.0	2	2
25.82000257953355	2.0	2	2
25.920080108911588	2.0	2	2
26.020157638289625	2.0	2	2
26.120235167667662	2.0	2	2
26.2203126970457	2.0	2	2
26.320390226423736	2.0	2	2
26.420467755801774	2.0	2	2
26.52054528517981	2.0	2	2
26.620622814557848	2.0	2	2
26.720700343935885	2.0	2	2
26.820777873313922	2.0	2	2
26.920855402691956	2.0	2	2
27.020932932069993	2.0	2	2
27.12101046144803	2.0	2	2
27.221087990826067	2.0	2	2
27.321165520204104	2.0	2	2
27.42124304958214	2.0	2	2
27.52132057896018	2.0	2	2
27.621398108338216	2.0	2	2
27.721475637716253	2.0	2	2
27.82155316709429	2.0	2	2
27.921630696472327	2.0	2	2
28.021708225850364	2.0	2	2
28.1217857552284	2.0	2	2
28.22186328460644	2.0	2	2
28.321940813984476	2.0	2	2
28.422018343362513	1.0	1	1
28.52209587274055	1.0	1	1
28.622173402118587	0.0	0	0
28.722250931496625	0.0	0	0
28.82232846087466	0.0	0	0
28.9224059902527	0.0	0	0
29.022483519630736	0.0	0	0
29.122561049008773	0.0	0	0
29.22263857838681	0.0	0	0
29.322716107764847	0.0	0	0
29.422793637142885	0.0	0	0
29.52287116652092	0.0	0	0
29.622948695898955	0.0	0	0
29.723026225276993	0.0	0	0
29.82310375465503	0.0	0	0
29.923181284033067	0.0	0	0
30.023258813411104	0.0	0	0
30.12333634278914	0.0	0	0
30.22341387216718	0.0	0	0
30.323491401545215	0.0	0	0
30.423568930923253	0.0	0	0
30.52364646030129	0.0	0	0
30.623723989679327	0.0	0	0
30.723801519057364	0.0	0	0
30.8238790484354	0.0	0	0
30.92395657781344	0.0	0	0
31.024034107191476	0.0	0	0
31.124111636569513	0.0	0	0
31.22418916594755	0.0	0	0
31.324266695325587	0.0	0	0
31.424344224703624	0.0	0	0
31.52442175408166	0.0	0	0
31.6244992834597	0.0	0	0
31.724576812837736	0.0	0	0
31.824654342215773	0.0	0	0
31.92473187159381	0.0	0	0
32.02480940097185	0.0	0	0
32.12488693034988	0.0	0	0
32.22496445972792	0.0	0	0
32.325041989105955	0.0	0	0
32.425119518483996	0.0	0	0
32.52519704786203	0.0	0	0
32.62527457724007	0.0	0	0
32.725352106618104	0.0	0	0
32.825429635996144	0.0	0	0
32.92550716537418	0.0	0	0
33.02558469475222	0.0	0	0
33.12566222413025	0.0	0	0
33.22573975350829	0.0	0	0
33.32581728288633	0.0	0	0
33.42589481226436	0.0	0	0
33.5259723416424	0.0	0	0
33.626049871020435	0.0	0	0
33.726127400398475	1.0	1	1
33.82620492977651	1.0	1	1
33.92628245915455	1.0	1	1
34.02635998853258	1.0	1	1
34.126437517910624	1.0	1	1
34.22651504728866	1.0	1	1
34.3265925766667	1.0	1	1
34.42667010604473	1.0	1	1
34.52674763542277	1.0	1	1
34.626825164800806	1.0	1	1
34.72690269417885	1.0	1	1
34.82698022355688	1.0	1	1
34.92705775293492	1.0	1	1
35.027135282312955	1.0	1	1
35.127212811690995	1.0	1	1
35.22729034106903	1.0	1	1
35.32736787044707	1.0	1	1
35.4274453998251	1.0	1	1
35.527522929203144	1.0	1	1
35.62760045858118	1.0	1	1
35.72767798795922	1.0	1	1
35.82775551733725	1.0	1	1
35.927833046715286	1.0	1	1
36.027910576093326	1.0	1	1
36.12798810547136	1.0	1	1
36.2280656348494	1.0	1	1
36.328143164227434	1.0	1	1
36.428220693605475	1.0	1	1
36.52829822298351	1.0	1	1
36.62837575236155	1.0	1	1
36.72845328173958	1.0	1	1
36.82853081111762	1.0	1	1
36.92860834049566	1.0	1	1
37.0286858698737	1.0	1	1
37.12876339925173	1.0	1	1
37.22884092862977	2.0	2	2
37.328918458007806	3.0	3	3
37.428995987385846	4.0	4	4
37.52907351676388	5.0	5	5
37.62915104614192	5.0	5	5
37.729228575519954	5.0	5	5
37.829306104897995	5.0	5	5
37.92938363427603	5.0	5	5
38.02946116365407	5.0	5	5
38.1295386930321	5.0	5	5
38.229616222410144	5.0	5	5
38.32969375178818	5.0	5	5
38.42977128116621	6.0	6	6
38.52984881054425	6.0	6	6
38.629926339922285	6.0	6	6
38.730003869300326	6.0	6	6
38.83008139867836	6.0	6	6
38.9301589280564	6.0	6	6
39.030236457434434	7.0	7	7
39.130313986812475	7.0	7	7
39.23039151619051	8.0	8	8
39.33046904556855	9.0	9	9
39.43054657494658	9.0	9	9
39.53062410432462	10.0	10	10
39.63070163370266	10.0	10	10
39.7307791630807	9.0	9	9
39.83085669245873	9.0	9	9
39.93093422183677	9.0	9	9
40.031011751214805	10.0	10	10
40.131089280592846	10.0	10	10
40.23116680997088	11.0	11	11
40.33124433934892	11.0	11	11
40.431321868726954	11.0	11	11
40.531399398104995	11.0	11	11
40.63147692748303	11.0	11	11
40.73155445686107	11.0	11	11
40.8316319862391	11.0	11	11
40.93170951561714	11.0	11	11
41.03178704499518	11.0	11	11
41.13186457437321	11.0	11	11
41.23194210375125	11.0	11	11
41.332019633129285	11.0	11	11
41.432097162507326	11.0	11	11
41.53217469188536	11.0	11	11
41.6322522212634	11.0	11	11
41.73232975064143	11.0	11	11
41.832407280019474	11.0	11	11
41.93248480939751	11.0	11	11
42.03256233877555	11.0	11	11
42.13263986815358	11.0	11	11
42.23271739753162	11.0	11	11
42.332794926909656	11.0	11	11
42.4328724562877	11.0	11	11
42.53294998566573	11.0	11	11
42.63302751504377	11.0	11	11
42.733105044421805	11.0	11	11
42.833182573799846	11.0	11	11
42.93326010317788	12.0	12	12
43.03333763255592	12.0	12	12
43.133415161933954	12.0	12	12
43.233492691311994	12.0	12	12
43.33357022069003	12.0	12	12
43.43364775006807	12.0	12	12
43.5337252794461	12.0	12	12
43.633802808824136	12.0	12	12
43.73388033820218	12.0	12	12
43.83395786758021	12.0	12	12
43.93403539695825	12.0	12	12
44.034112926336284	12.0	12	12
44.134190455714325	12.0	12	12
44.23426798509236	12.0	12	12
44.3343455144704	12.0	12	12
44.43442304384843	13.0	13	13
44.534500573226474	13.0	13	13
44.63457810260451	13.0	13	13
44.73465563198255	13.0	13	13
44.83473316136058	13.0	13	13
44.93481069073862	13.0	13	13
45.034888220116656	13.0	13	13
45.1349657494947	13.0	13	13
45.23504327887273	13.0	13	13
45.33512080825077	13.0	13	13
45.435198337628805	14.0	14	14
45.535275867006845	15.0	15	15
45.63535339638488	15.0	15	15
45.73543092576292	15.0	15	15
45.83550845514095	15.0	15	15
45.935585984518994	15.0	15	15
46.03566351389703	15.0	15	15
46.13574104327506	15.0	15	15
46.2358185726531	15.0	15	15
46.335896102031136	15.0	15	15
46.435973631409176	15.0	15	15
46.53605116078721	15.0	15	15
46.63612869016525	15.0	15	15
46.736206219543284	15.0	15	15
46.836283748921325	16.0	16	16
46.93636127829936	16.0	16	16
47.0364388076774	16.0	16	16
47.13651633705543	16.0	16	16
47.23659386643347	16.0	16	16
47.33667139581151	16.0	16	16
47.43674892518955	16.0	16	16
47.53682645456758	16.0	16	16
47.63690398394562	16.0	16	16
47.736981513323656	16.0	16	16
47.837059042701696	16.0	16	16
47.93713657207973	15.0	15	15
48.03721410145777	15.0	15	15
48.137291630835804	15.0	15	15
48.237369160213845	15.0	15	15
48.33744668959188	15.0	15	15
48.43752421896992	15.0	15	15
48.53760174834795	15.0	15	15
48.637679277725994	14.0	14	14
48.73775680710403	14.0	14	14
48.83783433648206	14.0	14	14
48.9379118658601	14.0	14	14
49.037989395238135	14.0	14	14
49.138066924616176	14.0	14	14
49.23814445399421	14.0	14	14
49.33822198337225	14.0	14	14
49.438299512750284	14.0	14	14
49.538377042128324	14.0	14	14
49.63845457150636	15.0	15	15
49.7385321008844	15.0	15	15
49.83860963026243	15.0	15	15
49.93868715964047	14.0	14	14
50.03876468901851	14.0	14	14
50.13884221839655	14.0	14	14
50.23891974777458	14.0	14	14
50.33899727715262	14.0	14	14
50.439074806530655	15.0	15	15
50.539152335908696	16.0	16	16
50.63922986528673	16.0	16	16
50.73930739466477	16.0	16	16
50.839384924042804	16.0	16	16
50.939462453420845	16.0	16	16
51.03953998279888	16.0	16	16
51.13961751217692	16.0	16	16
51.23969504155495	16.0	16	16
51.339772570932986	16.0	16	16
51.43985010031103	16.0	16	16
51.53992762968906	15.0	15	15
51.6400051590671	16.0	16	16
51.740082688445135	17.0	17	17
51.840160217823176	17.0	17	17
51.94023774720121	17.0	17	17
52.04031527657925	16.0	16	16
52.14039280595728	16.0	16	16
52.240470335335324	16.0	16	16
52.34054786471336	16.0	16	16
52.4406253940914	16.0	16	16
52.54070292346943	16.0	16	16
52.64078045284747	16.0	16	16
52.740857982225506	16.0	16	16
52.84093551160355	16.0	16	16
52.94101304098158	16.0	16	16
53.04109057035962	16.0	16	16
53.141168099737655	16.0	16	16
53.241245629115696	16.0	16	16
53.34132315849373	15.0	15	15
53.44140068787177	15.0	15	15
53.541478217249804	15.0	15	15
53.641555746627844	15.0	15	15
53.74163327600588	14.0	14	14
53.84171080538391	14.0	14	14
53.94178833476195	13.0	13	13
54.041865864139986	13.0	13	13
54.14194339351803	13.0	13	13
54.24202092289606	13.0	13	13
54.3420984522741	13.0	13	13
54.442175981652134	13.0	13	13
54.542253511030175	13.0	13	13
54.64233104040821	13.0	13	13
54.74240856978625	13.0	13	13
54.84248609916428	13.0	13	13
54.942563628542324	13.0	13	13
55.04264115792036	11.0	11	11
55.1427186872984	11.0	11	11
55.24279621667643	12.0	12	12
55.34287374605447	12.0	12	12
55.442951275432506	10.0	10	10
55.54302880481055	10.0	10	10
55.64310633418858	10.0	10	10
55.74318386356662	9.0	9	9
55.843261392944655	9.0	9	9
55.943338922322695	10.0	10	10
56.04341645170073	10.0	10	10
56.14349398107877	10.0	10	10
56.2435715104568	10.0	10	10
56.343649039834844	10.0	10	10
56.44372656921288	10.0	10	10
56.54380409859091	11.0	11	11
56.64388162796895	11.0	11	11
56.743959157346985	11.0	11	11
56.844036686725026	12.0	12	12
56.94411421610306	10.0	10	10
57.0441917454811	10.0	10	10
57.144269274859134	10.0	10	10
57.244346804237175	10.0	10	10
57.34442433361521	9.0	9	9
57.44450186299325	9.0	9	9
57.54457939237128	9.0	9	9
57.64465692174932	7.0	7	7
57.74473445112736	7.0	7	7
57.8448119805054	6.0	6	6
57.94488950988343	6.0	6	6
58.04496703926147	6.0	6	6
58.145044568639506	5.0	5	5
58.245122098017546	5.0	5	5
58.34519962739558	6.0	6	6
58.44527715677362	6.0	6	6
58.545354686151654	6.0	6	6
58.645432215529695	6.0	6	6
58.74550974490773	6.0	6	6
58.84558727428577	6.0	6	6
58.9456648036638	6.0	6	6
59.04574233304184	6.0	6	6
59.14581986241988	6.0	6	6
59.24589739179791	6.0	6	6
59.34597492117595	6.0	6	6
59.446052450553985	6.0	6	6
59.546129979932026	5.0	5	5
59.64620750931006	5.0	5	5
59.7462850386881	5.0	5	5
59.846362568066134	5.0	5	5
59.946440097444174	4.0	4	4
60.04651762682221	4.0	4	4
60.14659515620025	3.0	3	3
60.24667268557828	3.0	3	3
60.34675021495632	3.0	3	3
60.44682774433436	3.0	3	3
60.5469052737124	3.0	3	3
60.64698280309043	4.0	4	4
60.74706033246847	5.0	5	5
60.847137861846505	5.0	5	5
60.947215391224546	6.0	6	6
61.04729292060258	6.0	6	6
61.14737044998062	6.0	6	6
61.247447979358654	6.0	6	6
61.347525508736695	6.0	6	6
61.44760303811473	6.0	6	6
61.54768056749276	6.0	6	6
61.6477580968708	6.0	6	6
61.747835626248836	6.0	6	6
61.84791315562688	6.0	6	6
61.94799068500491	6.0	6	6
62.04806821438295	6.0	6	6
62.148145743760985	6.0	6	6
62.248223273139025	6.0	6	6
62.34830080251706	7.0	7	7
62.4483783318951	6.0	6	6
62.54845586127313	6.0	6	6
62.648533390651174	6.0	6	6
62.74861092002921	7.0	7	7
62.84868844940725	7.0	7	7
62.94876597878528	7.0	7	7
63.04884350816332	7.0	7	7
63.148921037541356	7.0	7	7
63.2489985669194	7.0	7	7
63.34907609629743	7.0	7	7
63.44915362567547	7.0	7	7
63.549231155053505	8.0	8	8
63.649308684431546	8.0	8	8
63.74938621380958	8.0	8	8
63.84946374318762	8.0	8	8
63.949541272565654	8.0	8	8
64.0496188019437	8.0	8	8
64.14969633132172	8.0	8	8
64.24977386069976	8.0	8	8
64.3498513900778	8.0	8	8
64.44992891945584	8.0	8	8
64.55000644883387	8.0	8	8
64.65008397821191	8.0	8	8
64.75016150758995	7.0	7	7
64.85023903696799	7.0	7	7
64.95031656634602	7.0	7	7
65.05039409572406	6.0	6	6
65.1504716251021	6.0	6	6
65.25054915448014	7.0	7	7
65.35062668385817	7.0	7	7
65.45070421323621	8.0	8	8
65.55078174261425	8.0	8	8
65.65085927199229	8.0	8	8
65.75093680137032	9.0	9	9
65.85101433074836	9.0	9	9
65.9510918601264	11.0	11	11
66.05116938950444	11.0	11	11
66.15124691888246	11.0	11	11
66.2513244482605	12.0	12	12
66.35140197763855	11.0	11	11
66.45147950701659	13.0	13	13
66.55155703639461	15.0	15	15
66.65163456577265	14.0	14	14
66.7517120951507	14.0	14	14
66.85178962452872	14.0	14	14
66.95186715390676	14.0	14	14
67.0519446832848	15.0	15	15
67.15202221266284	14.0	14	14
67.25209974204087	14.0	14	14
67.35217727141891	14.0	14	14
67.45225480079695	14.0	14	14
67.55233233017499	14.0	14	14
67.65240985955302	14.0	14	14
67.75248738893106	14.0	14	14
67.8525649183091	14.0	14	14
67.95264244768714	15.0	15	15
68.05271997706517	15.0	15	15
68.1527975064432	15.0	15	15
68.25287503582125	15.0	15	15
68.35295256519929	16.0	16	16
68.45303009457731	16.0	16	16
68.55310762395536	17.0	17	17
68.6531851533334	17.0	17	17
68.75326268271144	17.0	17	17
68.85334021208946	18.0	18	18
68.9534177414675	18.0	18	18
69.05349527084554	19.0	19	19
69.15357280022359	20.0	20	20
69.25365032960161	20.0	20	20
69.35372785897965	20.0	20	20
69.4538053883577	20.0	20	20
69.55388291773572	21.0	21	21
69.65396044711376	20.0	20	20
69.7540379764918	19.0	19	19
69.85411550586984	20.0	20	20
69.95419303524787	19.0	19	19
70.05427056462591	19.0	19	19
70.15434809400395	19.0	19	19
70.25442562338199	19.0	19	19
70.35450315276002	19.0	19	19
70.45458068213806	20.0	20	20
70.5546582115161	19.0	19	19
70.65473574089414	19.0	19	19
70.75481327027217	19.0	19	19
70.8548907996502	19.0	19	19
70.95496832902825	19.0	19	19
71.05504585840629	19.0	19	19
71.15512338778431	18.0	18	18
71.25520091716236	17.0	17	17
71.3552784465404	17.0	17	17
71.45535597591844	17.0	17	17
71.55543350529646	17.0	17	17
71.6555110346745	16.0	16	16
71.75558856405254	16.0	16	16
71.85566609343057	15.0	15	15
71.95574362280861	15.0	15	15
72.05582115218665	15.0	15	15
72.1558986815647	14.0	14	14
72.25597621094272	14.0	14	14
72.35605374032076	16.0	16	16
72.4561312696988	16.0	16	16
72.55620879907684	15.0	15	15
72.65628632845487	15.0	15	15
72.75636385783291	15.0	15	15
72.85644138721095	14.0	14	14
72.95651891658899	14.0	14	14
73.05659644596702	14.0	14	14
73.15667397534506	14.0	14	14
73.2567515047231	15.0	15	15
73.35682903410114	14.0	14	14
73.45690656347917	14.0	14	14
73.5569840928572	14.0	14	14
73.65706162223525	14.0	14	14
73.75713915161329	14.0	14	14
73.85721668099131	14.0	14	14
73.95729421036935	15.0	15	15
74.0573717397474	15.0	15	15
74.15744926912544	15.0	15	15
74.25752679850346	15.0	15	15
74.3576043278815	15.0	15	15
74.45768185725954	15.0	15	15
74.55775938663757	15.0	15	15
74.65783691601561	15.0	15	15
74.75791444539365	15.0	15	15
74.85799197477169	15.0	15	15
74.95806950414972	15.0	15	15
75.05814703352776	15.0	15	15
75.1582245629058	15.0	15	15
75.25830209228384	15.0	15	15
75.35837962166187	15.0	15	15
75.45845715103991	16.0	16	16
75.55853468041795	16.0	16	16
75.65861220979599	16.0	16	16
75.75868973917402	16.0	16	16
75.85876726855206	16.0	16	16
75.9588447979301	16.0	16	16
76.05892232730814	16.0	16	16
76.15899985668617	16.0	16	16
76.2590773860642	16.0	16	16
76.35915491544225	16.0	16	16
76.45923244482029	16.0	16	16
76.55930997419831	16.0	16	16
76.65938750357635	16.0	16	16
76.7594650329544	15.0	15	15
76.85954256233242	15.0	15	15
76.95962009171046	15.0	15	15
77.0596976210885	15.0	15	15
77.15977515046654	15.0	15	15
77.25985267984457	15.0	15	15
77.35993020922261	15.0	15	15
77.46000773860065	15.0	15	15
77.56008526797869	14.0	14	14
77.66016279735672	13.0	13	13
77.76024032673476	13.0	13	13
77.8603178561128	13.0	13	13
77.96039538549084	13.0	13	13
78.06047291486887	13.0	13	13
78.16055044424691	13.0	13	13
78.26062797362495	13.0	13	13
78.36070550300299	13.0	13	13
78.46078303238102	13.0	13	13
78.56086056175906	13.0	13	13
78.6609380911371	13.0	13	13
78.76101562051514	13.0	13	13
78.86109314989316	13.0	13	13
78.9611706792712	13.0	13	13
79.06124820864925	13.0	13	13
79.16132573802729	13.0	13	13
79.26140326740531	13.0	13	13
79.36148079678335	13.0	13	13
79.4615583261614	13.0	13	13
79.56163585553942	13.0	13	13
79.66171338491746	13.0	13	13
79.7617909142955	13.0	13	13
79.86186844367354	13.0	13	13
79.96194597305157	13.0	13	13
80.06202350242961	13.0	13	13
80.16210103180765	13.0	13	13
80.26217856118569	13.0	13	13
80.36225609056372	13.0	13	13
80.46233361994176	13.0	13	13
80.5624111493198	13.0	13	13
80.66248867869784	13.0	13	13
80.76256620807587	14.0	14	14
80.86264373745391	14.0	14	14
80.96272126683195	14.0	14	14
81.06279879620999	13.0	13	13
81.16287632558802	13.0	13	13
81.26295385496606	13.0	13	13
81.3630313843441	13.0	13	13
81.46310891372214	13.0	13	13
81.56318644310016	13.0	13	13
81.6632639724782	13.0	13	13
81.76334150185625	13.0	13	13
81.86341903123429	13.0	13	13
81.96349656061231	12.0	12	12
82.06357408999035	13.0	13	13
82.1636516193684	11.0	11	11
82.26372914874642	11.0	11	11
82.36380667812446	11.0	11	11
82.4638842075025	10.0	10	10
82.56396173688054	10.0	10	10
82.66403926625857	10.0	10	10
82.76411679563661	10.0	10	10
82.86419432501465	10.0	10	10
82.96427185439269	10.0	10	10
83.06434938377072	10.0	10	10
83.16442691314876	10.0	10	10
83.2645044425268	11.0	11	11
83.36458197190484	11.0	11	11
83.46465950128287	10.0	10	10
83.56473703066091	11.0	11	11
83.66481456003895	11.0	11	11
83.76489208941699	11.0	11	11
83.86496961879502	11.0	11	11
83.96504714817306	11.0	11	11
84.0651246775511	11.0	11	11
84.16520220692914	11.0	11	11
84.26527973630716	11.0	11	11
84.3653572656852	11.0	11	11
84.46543479506325	11.0	11	11
84.56551232444127	10.0	10	10
84.66558985381931	10.0	10	10
84.76566738319735	9.0	9	9
84.8657449125754	9.0	9	9
84.96582244195342	10.0	10	10
85.06589997133146	10.0	10	10
85.1659775007095	8.0	8	8
85.26605503008754	8.0	8	8
85.36613255946557	8.0	8	8
85.46621008884361	7.0	7	7
85.56628761822165	7.0	7	7
85.66636514759969	7.0	7	7
85.76644267697772	7.0	7	7
85.86652020635576	7.0	7	7
85.9665977357338	7.0	7	7
86.06667526511184	7.0	7	7
86.16675279448987	6.0	6	6
86.26683032386791	6.0	6	6
86.36690785324595	4.0	4	4
86.46698538262399	4.0	4	4
86.56706291200202	4.0	4	4
86.66714044138006	4.0	4	4
86.7672179707581	4.0	4	4
86.86729550013614	4.0	4	4
86.96737302951416	4.0	4	4
87.0674505588922	4.0	4	4
87.16752808827025	4.0	4	4
87.26760561764827	4.0	4	4
87.36768314702631	4.0	4	4
87.46776067640435	5.0	5	5
87.5678382057824	5.0	5	5
87.66791573516042	5.0	5	5
87.76799326453846	5.0	5	5
87.8680707939165	5.0	5	5
87.96814832329454	5.0	5	5
88.06822585267257	5.0	5	5
88.16830338205061	5.0	5	5
88.26838091142865	5.0	5	5
88.36845844080669	5.0	5	5
88.46853597018472	5.0	5	5
88.56861349956276	6.0	6	6
88.6686910289408	5.0	5	5
88.76876855831884	5.0	5	5
88.86884608769687	5.0	5	5
88.9689236170749	5.0	5	5
89.06900114645295	5.0	5	5
89.16907867583099	5.0	5	5
89.26915620520901	5.0	5	5
89.36923373458706	5.0	5	5
89.4693112639651	5.0	5	5
89.56938879334314	6.0	6	6
89.66946632272116	6.0	6	6
89.7695438520992	7.0	7	7
89.86962138147724	8.0	8	8
89.96969891085527	8.0	8	8
90.06977644023331	8.0	8	8
90.16985396961135	8.0	8	8
90.2699314989894	8.0	8	8
90.37000902836742	8.0	8	8
90.47008655774546	7.0	7	7
90.5701640871235	6.0	6	6
90.67024161650154	6.0	6	6
90.77031914587957	6.0	6	6
90.87039667525761	6.0	6	6
90.97047420463565	5.0	5	5
91.07055173401369	5.0	5	5
91.17062926339172	5.0	5	5
91.27070679276976	5.0	5	5
91.3707843221478	5.0	5	5
91.47086185152584	5.0	5	5
91.57093938090387	5.0	5	5
91.6710169102819	5.0	5	5
91.77109443965995	5.0	5	5
91.87117196903799	5.0	5	5
91.97124949841601	5.0	5	5
92.07132702779406	5.0	5	5
92.1714045571721	6.0	6	6
92.27148208655012	6.0	6	6
92.37155961592816	6.0	6	6
92.4716371453062	6.0	6	6
92.57171467468424	6.0	6	6
92.67179220406227	6.0	6	6
92.77186973344031	6.0	6	6
92.87194726281835	5.0	5	5
92.9720247921964	4.0	4	4
93.07210232157442	4.0	4	4
93.17217985095246	4.0	4	4
93.2722573803305	4.0	4	4
93.37233490970854	5.0	5	5
93.47241243908657	5.0	5	5
93.57248996846461	5.0	5	5
93.67256749784265	5.0	5	5
93.77264502722069	6.0	6	6
93.87272255659872	6.0	6	6
93.97280008597676	5.0	5	5
94.0728776153548	5.0	5	5
94.17295514473284	5.0	5	5
94.27303267411087	5.0	5	5
94.3731102034889	5.0	5	5
94.47318773286695	6.0	6	6
94.57326526224499	5.0	5	5
94.67334279162301	5.0	5	5
94.77342032100105	5.0	5	5
94.8734978503791	5.0	5	5
94.97357537975712	6.0	6	6
95.07365290913516	7.0	7	7
95.1737304385132	7.0	7	7
95.27380796789124	7.0	7	7
95.37388549726927	7.0	7	7
95.47396302664731	7.0	7	7
95.57404055602535	7.0	7	7
95.67411808540339	6.0	6	6
95.77419561478142	7.0	7	7
95.87427314415946	8.0	8	8
95.9743506735375	7.0	7	7
96.07442820291554	7.0	7	7
96.17450573229357	7.0	7	7
96.27458326167161	5.0	5	5
96.37466079104965	5.0	5	5
96.47473832042769	5.0	5	5
96.57481584980572	5.0	5	5
96.67489337918376	5.0	5	5
96.7749709085618	5.0	5	5
96.87504843793984	5.0	5	5
96.97512596731787	5.0	5	5
97.0752034966959	5.0	5	5
97.17528102607395	5.0	5	5
97.27535855545199	5.0	5	5
97.37543608483001	5.0	5	5
97.47551361420805	5.0	5	5
97.5755911435861	5.0	5	5
97.67566867296412	5.0	5	5
97.77574620234216	5.0	5	5
97.8758237317202	5.0	5	5
97.97590126109824	5.0	5	5
98.07597879047627	5.0	5	5
98.17605631985431	5.0	5	5
98.27613384923235	5.0	5	5
98.37621137861039	6.0	6	6
98.47628890798842	6.0	6	6
98.57636643736646	6.0	6	6
98.6764439667445	6.0	6	6
98.77652149612254	6.0	6	6
98.87659902550057	7.0	7	7
98.97667655487861	7.0	7	7
99.07675408425665	7.0	7	7
99.17683161363469	7.0	7	7
99.27690914301272	7.0	7	7
99.37698667239076	7.0	7	7
99.4770642017688	7.0	7	7
99.57714173114684	7.0	7	7
99.67721926052486	7.0	7	7
99.7772967899029	6.0	6	6
99.87737431928095	6.0	6	6
99.97745184865897	7.0	7	7
100.07752937803701	7.0	7	7
100.17760690741505	8.0	8	8
100.2776844367931	8.0	8	8
100.37776196617112	8.0	8	8
100.47783949554916	7.0	7	7
100.5779170249272	6.0	6	6
100.67799455430524	6.0	6	6
100.77807208368327	6.0	6	6
100.87814961306131	6.0	6	6
100.97822714243935	6.0	6	6
101.07830467181739	6.0	6	6
101.17838220119542	6.0	6	6
101.27845973057346	6.0	6	6
101.3785372599515	6.0	6	6
101.47861478932954	5.0	5	5
101.57869231870757	5.0	5	5
101.67876984808561	5.0	5	5
101.77884737746365	5.0	5	5
101.87892490684169	5.0	5	5
101.97900243621972	5.0	5	5
102.07907996559776	5.0	5	5
102.1791574949758	4.0	4	4
102.27923502435384	4.0	4	4
102.37931255373186	4.0	4	4
102.4793900831099	4.0	4	4
102.57946761248795	4.0	4	4
102.67954514186597	4.0	4	4
102.77962267124401	4.0	4	4
102.87970020062205	4.0	4	4
102.9797777300001	4.0	4	4
103.07985525937812	4.0	4	4
103.17993278875616	4.0	4	4
103.2800103181342	4.0	4	4
103.38008784751224	4.0	4	4
103.48016537689027	4.0	4	4
103.58024290626831	4.0	4	4
103.68032043564635	4.0	4	4
103.78039796502439	4.0	4	4
103.88047549440242	4.0	4	4
103.98055302378046	4.0	4	4
104.0806305531585	4.0	4	4
104.18070808253654	4.0	4	4
104.28078561191457	4.0	4	4
104.38086314129261	4.0	4	4
104.48094067067065	4.0	4	4
104.58101820004869	4.0	4	4
104.68109572942672	4.0	4	4
104.78117325880476	4.0	4	4
104.8812507881828	4.0	4	4
104.98132831756084	4.0	4	4
105.08140584693886	4.0	4	4
105.1814833763169	4.0	4	4
105.28156090569495	4.0	4	4
105.38163843507297	4.0	4	4
105.48171596445101	4.0	4	4
105.58179349382905	4.0	4	4
105.6818710232071	4.0	4	4
105.78194855258512	4.0	4	4
105.88202608196316	4.0	4	4
105.9821036113412	4.0	4	4
106.08218114071924	5.0	5	5
106.18225867009727	5.0	5	5
106.28233619947531	5.0	5	5
106.38241372885335	5.0	5	5
106.48249125823139	5.0	5	5
106.58256878760942	5.0	5	5
106.68264631698746	4.0	4	4
106.7827238463655	4.0	4	4
106.88280137574354	4.0	4	4
106.98287890512157	4.0	4	4
107.08295643449961	4.0	4	4
107.18303396387765	4.0	4	4
107.28311149325569	4.0	4	4
107.38318902263372	4.0	4	4
107.48326655201176	4.0	4	4
107.5833440813898	4.0	4	4
107.68342161076782	4.0	4	4
107.78349914014586	4.0	4	4
107.8835766695239	4.0	4	4
107.98365419890195	4.0	4	4
108.08373172827997	4.0	4	4
108.18380925765801	4.0	4	4
108.28388678703605	4.0	4	4
108.3839643164141	4.0	4	4
108.48404184579212	3.0	3	3
108.58411937517016	3.0	3	3
108.6841969045482	3.0	3	3
108.78427443392624	3.0	3	3
108.88435196330427	3.0	3	3
108.98442949268231	3.0	3	3
109.08450702206035	3.0	3	3
109.18458455143839	3.0	3	3
109.28466208081642	3.0	3	3
109.38473961019446	3.0	3	3
109.4848171395725	3.0	3	3
109.58489466895054	3.0	3	3
109.68497219832857	3.0	3	3
109.7850497277066	3.0	3	3
109.88512725708465	3.0	3	3
109.98520478646269	3.0	3	3
110.08528231584071	3.0	3	3
110.18535984521876	3.0	3	3
110.2854373745968	3.0	3	3
110.38551490397482	3.0	3	3
110.48559243335286	3.0	3	3
110.5856699627309	3.0	3	3
110.68574749210894	3.0	3	3
110.78582502148697	3.0	3	3
110.88590255086501	3.0	3	3
110.98598008024305	3.0	3	3
111.0860576096211	3.0	3	3
111.18613513899912	3.0	3	3
111.28621266837716	3.0	3	3
111.3862901977552	3.0	3	3
111.48636772713324	3.0	3	3
111.58644525651127	3.0	3	3
111.68652278588931	3.0	3	3
111.78660031526735	3.0	3	3
111.88667784464539	3.0	3	3
111.98675537402342	3.0	3	3
112.08683290340146	3.0	3	3
112.1869104327795	3.0	3	3
112.28698796215754	3.0	3	3
112.38706549153557	2.0	2	2
112.4871430209136	2.0	2	2
112.58722055029165	2.0	2	2
112.68729807966969	2.0	2	2
112.78737560904771	2.0	2	2
112.88745313842576	2.0	2	2
112.9875306678038	2.0	2	2
113.08760819718182	2.0	2	2
113.18768572655986	2.0	2	2
113.2877632559379	2.0	2	2
113.38784078531594	2.0	2	2
113.48791831469397	2.0	2	2
113.58799584407201	2.0	2	2
113.68807337345005	2.0	2	2
113.7881509028281	2.0	2	2
113.88822843220612	0.0	0	0
113.98830596158416	0.0	0	0
114.0883834909622	0.0	0	0
114.18846102034024	0.0	0	0
114.28853854971827	0.0	0	0
114.38861607909631	0.0	0	0
114.48869360847435	0.0	0	0
114.58877113785239	0.0	0	0
114.68884866723042	0.0	0	0
114.78892619660846	0.0	0	0
114.8890037259865	0.0	0	0
114.98908125536454	0.0	0	0
115.08915878474257	0.0	0	0
115.1892363141206	0.0	0	0
115.28931384349865	0.0	0	0
115.38939137287667	0.0	0	0
115.48946890225471	0.0	0	0
115.58954643163275	0.0	0	0
115.6896239610108	0.0	0	0
115.78970149038882	0.0	0	0
115.88977901976686	0.0	0	0
115.9898565491449	0.0	0	0
116.08993407852294	0.0	0	0
116.19001160790097	0.0	0	0
116.29008913727901	0.0	0	0
116.39016666665705	0.0	0	0
116.49024419603509	0.0	0	0
116.59032172541312	0.0	0	0
116.69039925479116	0.0	0	0
116.7904767841692	0.0	0	0
116.89055431354724	0.0	0	0
116.99063184292527	0.0	0	0
117.09070937230331	0.0	0	0
117.19078690168135	0.0	0	0
117.29086443105939	0.0	0	0
117.39094196043742	0.0	0	0
117.49101948981546	0.0	0	0
117.5910970191935	0.0	0	0
117.69117454857154	0.0	0	0
117.79125207794957	0.0	0	0
117.8913296073276	0.0	0	0
117.99140713670565	0.0	0	0
118.09148466608367	0.0	0	0
118.19156219546171	0.0	0	0
118.29163972483975	1.0	1	1
118.3917172542178	1.0	1	1
118.49179478359582	1.0	1	1
118.59187231297386	1.0	1	1
118.6919498423519	1.0	1	1
118.79202737172994	1.0	1	1
118.89210490110797	1.0	1	1
118.99218243048601	1.0	1	1
119.09225995986405	1.0	1	1
119.19233748924209	1.0	1	1
119.29241501862012	1.0	1	1
119.39249254799816	1.0	1	1
119.4925700773762	1.0	1	1
119.59264760675424	1.0	1	1
119.69272513613227	1.0	1	1
119.79280266551031	1.0	1	1
119.89288019488835	1.0	1	1
119.99295772426639	1.0	1	1
120.09303525364442	1.0	1	1
120.19311278302246	0.0	0	0
120.2931903124005	0.0	0	0
120.39326784177854	0.0	0	0
120.49334537115656	0.0	0	0
120.5934229005346	0.0	0	0
120.69350042991265	0.0	0	0
120.79357795929067	0.0	0	0
120.89365548866871	0.0	0	0
120.99373301804675	0.0	0	0
121.0938105474248	0.0	0	0
121.19388807680282	0.0	0	0
121.29396560618086	0.0	0	0
121.3940431355589	0.0	0	0
121.49412066493694	0.0	0	0
121.59419819431497	0.0	0	0
121.69427572369301	0.0	0	0
121.79435325307105	0.0	0	0
121.89443078244909	0.0	0	0
121.99450831182712	0.0	0	0
122.09458584120516	0.0	0	0
122.1946633705832	0.0	0	0
122.29474089996124	0.0	0	0
122.39481842933927	0.0	0	0
122.49489595871731	0.0	0	0
122.59497348809535	0.0	0	0
122.69505101747339	0.0	0	0
122.79512854685142	0.0	0	0
122.89520607622946	0.0	0	0
122.9952836056075	0.0	0	0
123.09536113498552	0.0	0	0
123.19543866436356	0.0	0	0
123.2955161937416	0.0	0	0
123.39559372311965	0.0	0	0
123.49567125249767	0.0	0	0
123.59574878187571	0.0	0	0
123.69582631125375	0.0	0	0
123.7959038406318	0.0	0	0
123.89598137000982	0.0	0	0
123.99605889938786	0.0	0	0
124.0961364287659	0.0	0	0
124.19621395814394	0.0	0	0
124.29629148752197	0.0	0	0
124.39636901690001	0.0	0	0
124.49644654627805	0.0	0	0
124.59652407565609	0.0	0	0
124.69660160503412	0.0	0	0
124.79667913441216	0.0	0	0
124.8967566637902	0.0	0	0
124.99683419316824	0.0	0	0
125.09691172254627	0.0	0	0
125.19698925192431	0.0	0	0
125.29706678130235	0.0	0	0
125.39714431068039	0.0	0	0
125.49722184005842	0.0	0	0
125.59729936943646	0.0	0	0
125.6973768988145	0.0	0	0
125.79745442819252	0.0	0	0
125.89753195757056	0.0	0	0
125.9976094869486	1.0	1	1
126.09768701632665	1.0	1	1
126.19776454570467	1.0	1	1
126.29784207508271	1.0	1	1
126.39791960446075	1.0	1	1
126.4979971338388	1.0	1	1
126.59807466321682	1.0	1	1
126.69815219259486	1.0	1	1
126.7982297219729	1.0	1	1
126.89830725135094	1.0	1	1
126.99838478072897	1.0	1	1
127.09846231010701	1.0	1	1
127.19853983948505	2.0	2	2
127.29861736886309	2.0	2	2
127.39869489824112	2.0	2	2
127.49877242761916	2.0	2	2
127.5988499569972	2.0	2	2
127.69892748637524	2.0	2	2
127.79900501575327	2.0	2	2
127.89908254513131	3.0	3	3
127.99916007450935	3.0	3	3
128.0992376038874	3.0	3	3
128.19931513326543	3.0	3	3
128.29939266264344	3.0	3	3
128.39947019202148	3.0	3	3
128.49954772139952	3.0	3	3
128.59962525077756	3.0	3	3
128.6997027801556	3.0	3	3
128.79978030953365	3.0	3	3
128.8998578389117	3.0	3	3
128.99993536828973	2.0	2	2
129.10001289766774	2.0	2	2
129.20009042704578	2.0	2	2
129.30016795642382	2.0	2	2
129.40024548580186	2.0	2	2
129.5003230151799	2.0	2	2
129.60040054455794	2.0	2	2
129.70047807393598	2.0	2	2
129.80055560331402	2.0	2	2
129.90063313269204	2.0	2	2
130.00071066207008	2.0	2	2
130.10078819144812	2.0	2	2
130.20086572082616	2.0	2	2
130.3009432502042	2.0	2	2
130.40102077958224	2.0	2	2
130.50109830896028	2.0	2	2
130.60117583833832	2.0	2	2
130.70125336771633	2.0	2	2
130.80133089709437	2.0	2	2
130.90140842647241	2.0	2	2
131.00148595585046	2.0	2	2
131.1015634852285	2.0	2	2
131.20164101460654	2.0	2	2
131.30171854398458	2.0	2	2
131.4017960733626	2.0	2	2
131.50187360274063	2.0	2	2
131.60195113211867	2.0	2	2
131.7020286614967	2.0	2	2
131.80210619087475	1.0	1	1
131.9021837202528	1.0	1	1
132.00226124963083	1.0	1	1
132.10233877900887	1.0	1	1
132.2024163083869	1.0	1	1
132.30249383776493	1.0	1	1
132.40257136714297	1.0	1	1
132.502648896521	1.0	1	1
132.60272642589905	1.0	1	1
132.7028039552771	1.0	1	1
132.80288148465513	1.0	1	1
132.90295901403317	1.0	1	1
133.00303654341118	1.0	1	1
133.10311407278923	1.0	1	1
133.20319160216727	1.0	1	1
133.3032691315453	1.0	1	1
133.40334666092335	1.0	1	1
133.5034241903014	1.0	1	1
133.60350171967943	1.0	1	1
133.70357924905744	1.0	1	1
133.80365677843548	1.0	1	1
133.90373430781352	1.0	1	1
134.00381183719156	1.0	1	1
134.1038893665696	1.0	1	1
134.20396689594764	1.0	1	1
134.30404442532569	1.0	1	1
134.40412195470373	1.0	1	1
134.50419948408174	1.0	1	1
134.60427701345978	1.0	1	1
134.70435454283782	2.0	2	2
134.80443207221586	2.0	2	2
134.9045096015939	2.0	2	2
135.00458713097194	2.0	2	2
135.10466466034998	2.0	2	2
135.20474218972802	2.0	2	2
135.30481971910604	2.0	2	2
135.40489724848408	3.0	3	3
135.50497477786212	3.0	3	3
135.60505230724016	3.0	3	3
135.7051298366182	3.0	3	3
135.80520736599624	3.0	3	3
135.90528489537428	3.0	3	3
136.0053624247523	3.0	3	3
136.10543995413033	3.0	3	3
136.20551748350837	3.0	3	3
136.3055950128864	3.0	3	3
136.40567254226445	2.0	2	2
136.5057500716425	2.0	2	2
136.60582760102054	2.0	2	2
136.70590513039858	2.0	2	2
136.8059826597766	2.0	2	2
136.90606018915463	2.0	2	2
137.00613771853267	2.0	2	2
137.1062152479107	3.0	3	3
137.20629277728875	2.0	2	2
137.3063703066668	2.0	2	2
137.40644783604483	2.0	2	2
137.50652536542287	2.0	2	2
137.6066028948009	2.0	2	2
137.70668042417893	2.0	2	2
137.80675795355697	2.0	2	2
137.906835482935	2.0	2	2
138.00691301231305	1.0	1	1
138.1069905416911	1.0	1	1
138.20706807106913	1.0	1	1
138.30714560044717	2.0	2	2
138.40722312982518	2.0	2	2
138.50730065920322	2.0	2	2
138.60737818858127	2.0	2	2
138.7074557179593	2.0	2	2
138.80753324733735	2.0	2	2
138.9076107767154	2.0	2	2
139.00768830609343	1.0	1	1
139.10776583547144	1.0	1	1
139.20784336484948	1.0	1	1
139.30792089422752	1.0	1	1
139.40799842360556	1.0	1	1
139.5080759529836	1.0	1	1
139.60815348236164	1.0	1	1
139.70823101173968	1.0	1	1
139.80830854111773	1.0	1	1
139.90838607049574	1.0	1	1
140.00846359987378	1.0	1	1
140.10854112925182	1.0	1	1
140.20861865862986	1.0	1	1
140.3086961880079	1.0	1	1
140.40877371738594	1.0	1	1
140.50885124676398	1.0	1	1
140.60892877614202	1.0	1	1
140.70900630552003	1.0	1	1
140.80908383489808	1.0	1	1
140.90916136427612	1.0	1	1
141.00923889365416	1.0	1	1
141.1093164230322	1.0	1	1
141.20939395241024	1.0	1	1
141.30947148178828	1.0	1	1
141.4095490111663	1.0	1	1
141.50962654054433	1.0	1	1
141.60970406992237	1.0	1	1
141.7097815993004	1.0	1	1
141.80985912867845	1.0	1	1
141.9099366580565	1.0	1	1
142.01001418743454	1.0	1	1
142.11009171681258	1.0	1	1
142.2101692461906	1.0	1	1
142.31024677556863	1.0	1	1
142.41032430494667	1.0	1	1
142.5104018343247	1.0	1	1
142.61047936370275	1.0	1	1
142.7105568930808	1.0	1	1
142.81063442245883	1.0	1	1
142.91071195183687	1.0	1	1
143.01078948121489	1.0	1	1
143.11086701059293	1.0	1	1
143.21094453997097	1.0	1	1
143.311022069349	1.0	1	1
143.41109959872705	2.0	2	2
143.5111771281051	2.0	2	2
143.61125465748313	2.0	2	2
143.71133218686114	2.0	2	2
143.81140971623918	2.0	2	2
143.91148724561722	2.0	2	2
144.01156477499526	2.0	2	2
144.1116423043733	2.0	2	2
144.21171983375135	2.0	2	2
144.3117973631294	2.0	2	2
144.41187489250743	2.0	2	2
144.51195242188544	2.0	2	2
144.61202995126348	2.0	2	2
144.71210748064152	2.0	2	2
144.81218501001956	2.0	2	2
144.9122625393976	2.0	2	2
145.01234006877564	2.0	2	2
145.11241759815368	2.0	2	2
145.21249512753172	2.0	2	2
145.31257265690974	2.0	2	2
145.41265018628778	2.0	2	2
145.51272771566582	2.0	2	2
145.61280524504386	2.0	2	2
145.7128827744219	2.0	2	2
145.81296030379994	2.0	2	2
145.91303783317798	2.0	2	2
146.01311536255602	2.0	2	2
146.11319289193403	2.0	2	2
146.21327042131207	2.0	2	2
146.31334795069012	2.0	2	2
146.41342548006816	2.0	2	2
146.5135030094462	2.0	2	2
146.61358053882424	2.0	2	2
146.71365806820228	2.0	2	2
146.8137355975803	2.0	2	2
146.91381312695833	2.0	2	2
147.01389065633637	2.0	2	2
147.1139681857144	2.0	2	2
147.21404571509245	2.0	2	2
147.3141232444705	2.0	2	2
147.41420077384853	2.0	2	2
147.51427830322658	2.0	2	2
147.6143558326046	2.0	2	2
147.71443336198263	2.0	2	2
147.81451089136067	2.0	2	2
147.9145884207387	2.0	2	2
148.01466595011675	2.0	2	2
148.1147434794948	2.0	2	2
148.21482100887283	2.0	2	2
148.31489853825087	2.0	2	2
148.41497606762888	2.0	2	2
148.51505359700693	2.0	2	2
148.61513112638497	2.0	2	2
148.715208655763	2.0	2	2
148.81528618514105	2.0	2	2
148.9153637145191	2.0	2	2
149.01544124389713	2.0	2	2
149.11551877327514	2.0	2	2
149.21559630265318	2.0	2	2
149.31567383203122	2.0	2	2
149.41575136140926	2.0	2	2
149.5158288907873	2.0	2	2
149.61590642016535	2.0	2	2
149.71598394954339	3.0	3	3
149.81606147892143	3.0	3	3
149.91613900829944	3.0	3	3
150.01621653767748	3.0	3	3
150.11629406705552	3.0	3	3
150.21637159643356	3.0	3	3
150.3164491258116	3.0	3	3
150.41652665518964	3.0	3	3
150.51660418456768	3.0	3	3
150.61668171394572	3.0	3	3
150.71675924332374	3.0	3	3
150.81683677270178	3.0	3	3
150.91691430207982	3.0	3	3
151.01699183145786	3.0	3	3
151.1170693608359	3.0	3	3
151.21714689021394	3.0	3	3
151.31722441959198	2.0	2	2
151.41730194897	2.0	2	2
151.51737947834803	2.0	2	2
151.61745700772607	2.0	2	2
151.71753453710411	2.0	2	2
151.81761206648216	2.0	2	2
151.9176895958602	2.0	2	2
152.01776712523824	2.0	2	2
152.11784465461628	2.0	2	2
152.2179221839943	2.0	2	2
152.31799971337233	2.0	2	2
152.41807724275037	2.0	2	2
152.5181547721284	2.0	2	2
152.61823230150645	2.0	2	2
152.7183098308845	2.0	2	2
152.81838736026253	2.0	2	2
152.91846488964057	2.0	2	2
153.0185424190186	2.0	2	2
153.11861994839663	2.0	2	2
153.21869747777467	2.0	2	2
153.3187750071527	2.0	2	2
153.41885253653075	2.0	2	2
153.5189300659088	2.0	2	2
153.61900759528683	2.0	2	2
153.71908512466484	2.0	2	2
153.81916265404288	2.0	2	2
153.91924018342092	2.0	2	2
154.01931771279897	2.0	2	2
154.119395242177	2.0	2	2
154.21947277155505	2.0	2	2
154.3195503009331	2.0	2	2
154.41962783031113	2.0	2	2
154.51970535968914	2.0	2	2
154.61978288906718	2.0	2	2
154.71986041844522	2.0	2	2
154.81993794782326	2.0	2	2
154.9200154772013	2.0	2	2
155.02009300657934	2.0	2	2
155.12017053595739	2.0	2	2
155.22024806533543	2.0	2	2
155.32032559471344	2.0	2	2
155.42040312409148	2.0	2	2
155.52048065346952	2.0	2	2
155.62055818284756	2.0	2	2
155.7206357122256	2.0	2	2
155.82071324160364	2.0	2	2
155.92079077098168	1.0	1	1
156.02086830035972	1.0	1	1
156.12094582973774	1.0	1	1
156.22102335911578	1.0	1	1
156.32110088849382	0.0	0	0
156.42117841787186	0.0	0	0
156.5212559472499	0.0	0	0
156.62133347662794	0.0	0	0
156.72141100600598	0.0	0	0
156.821488535384	0.0	0	0
156.92156606476203	0.0	0	0
157.02164359414007	0.0	0	0
157.1217211235181	0.0	0	0
157.22179865289615	0.0	0	0
157.3218761822742	0.0	0	0
157.42195371165224	0.0	0	0
157.52203124103028	0.0	0	0
157.6221087704083	0.0	0	0
157.72218629978633	0.0	0	0
157.82226382916437	0.0	0	0
157.9223413585424	0.0	0	0
158.02241888792045	0.0	0	0
158.1224964172985	0.0	0	0
158.22257394667653	0.0	0	0
158.32265147605457	0.0	0	0
158.4227290054326	0.0	0	0
158.52280653481063	0.0	0	0
158.62288406418867	0.0	0	0
158.7229615935667	0.0	0	0
158.82303912294475	0.0	0	0
158.9231166523228	0.0	0	0
159.02319418170083	0.0	0	0
159.12327171107884	0.0	0	0
159.22334924045688	0.0	0	0
159.32342676983492	0.0	0	0
159.42350429921296	0.0	0	0
159.523581828591	0.0	0	0
159.62365935796905	0.0	0	0
159.7237368873471	0.0	0	0
159.82381441672513	0.0	0	0
159.92389194610314	0.0	0	0
160.02396947548118	0.0	0	0
160.12404700485922	0.0	0	0
160.22412453423726	0.0	0	0
160.3242020636153	0.0	0	0
160.42427959299334	0.0	0	0
160.52435712237138	0.0	0	0
160.62443465174943	0.0	0	0
160.72451218112744	0.0	0	0
160.82458971050548	0.0	0	0
160.92466723988352	0.0	0	0
161.02474476926156	0.0	0	0
161.1248222986396	0.0	0	0
161.22489982801764	0.0	0	0
161.32497735739568	0.0	0	0
161.4250548867737	0.0	0	0
161.52513241615173	1.0	1	1
161.62520994552978	1.0	1	1
161.72528747490782	1.0	1	1
161.82536500428586	1.0	1	1
161.9254425336639	1.0	1	1
162.02552006304194	1.0	1	1
162.12559759241998	1.0	1	1
162.225675121798	1.0	1	1
162.32575265117603	1.0	1	1
162.42583018055407	1.0	1	1
162.5259077099321	2.0	2	2
162.62598523931015	2.0	2	2
162.7260627686882	2.0	2	2
162.82614029806624	2.0	2	2
162.92621782744428	2.0	2	2
163.0262953568223	2.0	2	2
163.12637288620033	2.0	2	2
163.22645041557837	2.0	2	2
163.3265279449564	3.0	3	3
163.42660547433445	3.0	3	3
163.5266830037125	4.0	4	4
163.62676053309053	4.0	4	4
163.72683806246857	5.0	5	5
163.82691559184659	5.0	5	5
163.92699312122463	5.0	5	5
164.02707065060267	5.0	5	5
164.1271481799807	5.0	5	5
164.22722570935875	4.0	4	4
164.3273032387368	4.0	4	4
164.42738076811483	5.0	5	5
164.52745829749284	5.0	5	5
164.62753582687088	5.0	5	5
164.72761335624892	5.0	5	5
164.82769088562696	5.0	5	5
164.927768415005	5.0	5	5
165.02784594438305	5.0	5	5
165.1279234737611	5.0	5	5
165.22800100313913	4.0	4	4
165.32807853251714	4.0	4	4
165.42815606189518	2.0	2	2
165.52823359127322	2.0	2	2
165.62831112065126	2.0	2	2
165.7283886500293	2.0	2	2
165.82846617940734	2.0	2	2
165.92854370878538	2.0	2	2
166.02862123816342	2.0	2	2
166.12869876754144	2.0	2	2
166.22877629691948	2.0	2	2
166.32885382629752	2.0	2	2
166.42893135567556	2.0	2	2
166.5290088850536	2.0	2	2
166.62908641443164	3.0	3	3
166.72916394380968	3.0	3	3
166.8292414731877	4.0	4	4
166.92931900256573	5.0	5	5
167.02939653194377	5.0	5	5
167.12947406132182	5.0	5	5
167.22955159069986	5.0	5	5
167.3296291200779	5.0	5	5
167.42970664945594	5.0	5	5
167.52978417883398	5.0	5	5
167.629861708212	5.0	5	5
167.72993923759003	5.0	5	5
167.83001676696807	5.0	5	5
167.9300942963461	5.0	5	5
168.03017182572415	5.0	5	5
168.1302493551022	5.0	5	5
168.23032688448023	5.0	5	5
168.33040441385828	4.0	4	4
168.4304819432363	4.0	4	4
168.53055947261433	3.0	3	3
168.63063700199237	2.0	2	2
168.7307145313704	2.0	2	2
168.83079206074845	2.0	2	2
168.9308695901265	2.0	2	2
169.03094711950453	2.0	2	2
169.13102464888254	2.0	2	2
169.23110217826058	2.0	2	2
169.33117970763863	2.0	2	2
169.43125723701667	2.0	2	2
169.5313347663947	2.0	2	2
169.63141229577275	2.0	2	2
169.7314898251508	2.0	2	2
169.83156735452883	2.0	2	2
169.93164488390684	2.0	2	2
170.03172241328488	2.0	2	2
170.13179994266292	2.0	2	2
170.23187747204096	2.0	2	2
170.331955001419	2.0	2	2
170.43203253079704	2.0	2	2
170.53211006017509	2.0	2	2
170.63218758955313	2.0	2	2
170.73226511893114	2.0	2	2
170.83234264830918	2.0	2	2
170.93242017768722	2.0	2	2
171.03249770706526	2.0	2	2
171.1325752364433	2.0	2	2
171.23265276582134	2.0	2	2
171.33273029519938	2.0	2	2
171.43280782457742	2.0	2	2
171.53288535395544	2.0	2	2
171.63296288333348	2.0	2	2
171.73304041271152	2.0	2	2
171.83311794208956	2.0	2	2
171.9331954714676	2.0	2	2
172.03327300084564	2.0	2	2
172.13335053022368	2.0	2	2
172.2334280596017	3.0	3	3
172.33350558897973	3.0	3	3
172.43358311835777	3.0	3	3
172.53366064773581	3.0	3	3
172.63373817711386	3.0	3	3
172.7338157064919	3.0	3	3
172.83389323586994	3.0	3	3
172.93397076524798	3.0	3	3
173.034048294626	3.0	3	3
173.13412582400403	3.0	3	3
173.23420335338207	3.0	3	3
173.3342808827601	3.0	3	3
173.43435841213815	3.0	3	3
173.5344359415162	3.0	3	3
173.63451347089423	3.0	3	3
173.73459100027227	3.0	3	3
173.8346685296503	3.0	3	3
173.93474605902833	3.0	3	3
174.03482358840637	3.0	3	3
174.1349011177844	3.0	3	3
174.23497864716245	3.0	3	3
174.3350561765405	3.0	3	3
174.43513370591853	3.0	3	3
174.53521123529654	3.0	3	3
174.63528876467458	3.0	3	3
174.73536629405262	3.0	3	3
174.83544382343067	3.0	3	3
174.9355213528087	3.0	3	3
175.03559888218675	3.0	3	3
175.1356764115648	3.0	3	3
175.23575394094283	3.0	3	3
175.33583147032084	3.0	3	3
175.43590899969888	3.0	3	3
175.53598652907692	3.0	3	3
175.63606405845496	3.0	3	3
175.736141587833	3.0	3	3
175.83621911721104	3.0	3	3
175.93629664658908	3.0	3	3
176.03637417596713	3.0	3	3
176.13645170534514	3.0	3	3
176.23652923472318	3.0	3	3
176.33660676410122	3.0	3	3
176.43668429347926	3.0	3	3
176.5367618228573	3.0	3	3
176.63683935223534	3.0	3	3
176.73691688161338	3.0	3	3
176.8369944109914	3.0	3	3
176.93707194036944	3.0	3	3
177.03714946974748	3.0	3	3
177.13722699912552	3.0	3	3
177.23730452850356	3.0	3	3
177.3373820578816	3.0	3	3
177.43745958725964	3.0	3	3
177.53753711663768	3.0	3	3
177.6376146460157	3.0	3	3
177.73769217539373	3.0	3	3
177.83776970477177	3.0	3	3
177.9378472341498	3.0	3	3
178.03792476352785	3.0	3	3
178.1380022929059	2.0	2	2
178.23807982228394	2.0	2	2
178.33815735166198	2.0	2	2
178.43823488104	1.0	1	1
178.53831241041803	1.0	1	1
178.63838993979607	1.0	1	1
178.7384674691741	1.0	1	1
178.83854499855215	1.0	1	1
178.9386225279302	2.0	2	2
179.03870005730823	2.0	2	2
179.13877758668627	2.0	2	2
179.2388551160643	2.0	2	2
179.33893264544233	2.0	2	2
179.43901017482037	2.0	2	2
179.5390877041984	2.0	2	2
179.63916523357645	2.0	2	2
179.7392427629545	2.0	2	2
179.83932029233253	1.0	1	1
179.93939782171054	1.0	1	1
180.03947535108858	1.0	1	1
180.13955288046662	1.0	1	1
180.23963040984466	1.0	1	1
180.3397079392227	1.0	1	1
180.43978546860075	1.0	1	1
180.5398629979788	1.0	1	1
180.63994052735683	1.0	1	1
180.74001805673484	1.0	1	1
180.84009558611288	1.0	1	1
180.94017311549092	1.0	1	1
181.04025064486896	1.0	1	1
181.140328174247	1.0	1	1
181.24040570362504	1.0	1	1
181.34048323300308	1.0	1	1
181.44056076238112	1.0	1	1
181.54063829175914	1.0	1	1
181.64071582113718	1.0	1	1
181.74079335051522	1.0	1	1
181.84087087989326	1.0	1	1
181.9409484092713	1.0	1	1
182.04102593864934	1.0	1	1
182.14110346802738	1.0	1	1
182.2411809974054	1.0	1	1
182.34125852678343	1.0	1	1
182.44133605616148	1.0	1	1
182.54141358553952	1.0	1	1
182.64149111491756	1.0	1	1
182.7415686442956	1.0	1	1
