time	diversity	m_div	M_div
0.0	2.0	2	2
0.10007841098568755	2.0	2	2
0.2001568219713751	2.0	2	2
0.30023523295706267	2.0	2	2
0.4003136439427502	2.0	2	2
0.5003920549284377	2.0	2	2
0.6004704659141253	2.0	2	2
0.7005488768998128	2.0	2	2
0.8006272878855004	2.0	2	2
0.900705698871188	1.0	1	1
1.0007841098568755	1.0	1	1
1.100862520842563	1.0	1	1
1.2009409318282507	1.0	1	1
1.3010193428139383	1.0	1	1
1.4010977537996256	1.0	1	1
1.5011761647853132	1.0	1	1
1.6012545757710008	1.0	1	1
1.7013329867566884	1.0	1	1
1.801411397742376	1.0	1	1
1.9014898087280634	1.0	1	1
2.001568219713751	1.0	1	1
2.1016466306994386	1.0	1	1
2.201725041685126	1.0	1	1
2.3018034526708138	1.0	1	1
2.4018818636565014	1.0	1	1
2.501960274642189	1.0	1	1
2.6020386856278765	1.0	1	1
2.7021170966135637	1.0	1	1
2.8021955075992513	2.0	2	2
2.902273918584939	2.0	2	2
3.0023523295706265	3.0	3	3
3.102430740556314	3.0	3	3
3.2025091515420017	3.0	3	3
3.3025875625276893	3.0	3	3
3.402665973513377	3.0	3	3
3.5027443844990644	3.0	3	3
3.602822795484752	3.0	3	3
3.7029012064704396	3.0	3	3
3.802979617456127	3.0	3	3
3.9030580284418144	3.0	3	3
4.003136439427502	3.0	3	3
4.10321485041319	3.0	3	3
4.203293261398877	3.0	3	3
4.303371672384564	3.0	3	3
4.403450083370252	3.0	3	3
4.5035284943559395	3.0	3	3
4.6036069053416275	3.0	3	3
4.703685316327315	3.0	3	3
4.803763727313003	3.0	3	3
4.90384213829869	3.0	3	3
5.003920549284378	3.0	3	3
5.103998960270065	3.0	3	3
5.204077371255753	3.0	3	3
5.30415578224144	3.0	3	3
5.404234193227127	3.0	3	3
5.504312604212815	3.0	3	3
5.604391015198503	3.0	3	3
5.704469426184191	3.0	3	3
5.804547837169878	3.0	3	3
5.904626248155566	3.0	3	3
6.004704659141253	3.0	3	3
6.104783070126941	3.0	3	3
6.204861481112628	3.0	3	3
6.304939892098316	3.0	3	3
6.405018303084003	3.0	3	3
6.5050967140696905	3.0	3	3
6.6051751250553785	3.0	3	3
6.705253536041066	3.0	3	3
6.805331947026754	3.0	3	3
6.905410358012441	3.0	3	3
7.005488768998129	3.0	3	3
7.105567179983816	3.0	3	3
7.205645590969504	3.0	3	3
7.305724001955191	3.0	3	3
7.405802412940879	3.0	3	3
7.505880823926566	3.0	3	3
7.605959234912254	3.0	3	3
7.706037645897942	3.0	3	3
7.806116056883629	3.0	3	3
7.906194467869317	3.0	3	3
8.006272878855004	3.0	3	3
8.106351289840692	3.0	3	3
8.20642970082638	3.0	3	3
8.306508111812066	3.0	3	3
8.406586522797754	3.0	3	3
8.506664933783442	3.0	3	3
8.606743344769129	3.0	3	3
8.706821755754817	3.0	3	3
8.806900166740505	3.0	3	3
8.906978577726193	3.0	3	3
9.007056988711879	3.0	3	3
9.107135399697567	3.0	3	3
9.207213810683255	3.0	3	3
9.307292221668943	3.0	3	3
9.40737063265463	3.0	3	3
9.507449043640317	3.0	3	3
9.607527454626005	3.0	3	3
9.707605865611692	3.0	3	3
9.80768427659738	3.0	3	3
9.907762687583068	3.0	3	3
10.007841098568756	3.0	3	3
10.107919509554442	3.0	3	3
10.20799792054013	3.0	3	3
10.308076331525818	4.0	4	4
10.408154742511506	4.0	4	4
10.508233153497192	4.0	4	4
10.60831156448288	4.0	4	4
10.708389975468569	4.0	4	4
10.808468386454255	4.0	4	4
10.908546797439943	4.0	4	4
11.00862520842563	4.0	4	4
11.108703619411319	4.0	4	4
11.208782030397005	4.0	4	4
11.308860441382693	4.0	4	4
11.408938852368381	4.0	4	4
11.50901726335407	4.0	4	4
11.609095674339756	4.0	4	4
11.709174085325444	4.0	4	4
11.809252496311132	4.0	4	4
11.909330907296818	4.0	4	4
12.009409318282506	4.0	4	4
12.109487729268194	4.0	4	4
12.209566140253882	4.0	4	4
12.309644551239568	4.0	4	4
12.409722962225256	4.0	4	4
12.509801373210944	4.0	4	4
12.609879784196632	4.0	4	4
12.709958195182319	4.0	4	4
12.810036606168007	4.0	4	4
12.910115017153695	4.0	4	4
13.010193428139381	4.0	4	4
13.110271839125069	4.0	4	4
13.210350250110757	4.0	4	4
13.310428661096445	4.0	4	4
13.410507072082131	4.0	4	4
13.51058548306782	4.0	4	4
13.610663894053507	4.0	4	4
13.710742305039195	4.0	4	4
13.810820716024882	4.0	4	4
13.91089912701057	4.0	4	4
14.010977537996258	4.0	4	4
14.111055948981944	4.0	4	4
14.211134359967632	4.0	4	4
14.31121277095332	4.0	4	4
14.411291181939008	4.0	4	4
14.511369592924694	4.0	4	4
14.611448003910382	4.0	4	4
14.71152641489607	4.0	4	4
14.811604825881759	4.0	4	4
14.911683236867445	4.0	4	4
15.011761647853133	4.0	4	4
15.11184005883882	4.0	4	4
15.211918469824507	4.0	4	4
15.311996880810195	4.0	4	4
15.412075291795883	4.0	4	4
15.512153702781571	4.0	4	4
15.612232113767258	4.0	4	4
15.712310524752946	4.0	4	4
15.812388935738634	4.0	4	4
15.912467346724322	4.0	4	4
16.012545757710008	5.0	5	5
16.112624168695696	5.0	5	5
16.212702579681384	5.0	5	5
16.312780990667072	5.0	5	5
16.41285940165276	5.0	5	5
16.512937812638445	5.0	5	5
16.613016223624133	5.0	5	5
16.71309463460982	5.0	5	5
16.81317304559551	5.0	5	5
16.913251456581197	5.0	5	5
17.013329867566885	5.0	5	5
17.113408278552573	5.0	5	5
17.213486689538257	5.0	5	5
17.313565100523945	5.0	5	5
17.413643511509633	5.0	5	5
17.51372192249532	5.0	5	5
17.61380033348101	5.0	5	5
17.713878744466697	5.0	5	5
17.813957155452385	5.0	5	5
17.914035566438073	5.0	5	5
18.014113977423758	5.0	5	5
18.114192388409446	5.0	5	5
18.214270799395134	5.0	5	5
18.314349210380822	5.0	5	5
18.41442762136651	5.0	5	5
18.514506032352198	5.0	5	5
18.614584443337886	5.0	5	5
18.71466285432357	5.0	5	5
18.81474126530926	5.0	5	5
18.914819676294947	5.0	5	5
19.014898087280635	5.0	5	5
19.114976498266323	5.0	5	5
19.21505490925201	5.0	5	5
19.3151333202377	5.0	5	5
19.415211731223383	5.0	5	5
19.51529014220907	5.0	5	5
19.61536855319476	5.0	5	5
19.715446964180448	5.0	5	5
19.815525375166136	5.0	5	5
19.915603786151824	5.0	5	5
20.01568219713751	5.0	5	5
20.1157606081232	5.0	5	5
20.215839019108884	5.0	5	5
20.315917430094572	5.0	5	5
20.41599584108026	5.0	5	5
20.51607425206595	5.0	5	5
20.616152663051636	4.0	4	4
20.716231074037324	4.0	4	4
20.816309485023012	4.0	4	4
20.916387896008697	4.0	4	4
21.016466306994385	4.0	4	4
21.116544717980073	4.0	4	4
21.21662312896576	4.0	4	4
21.31670153995145	4.0	4	4
21.416779950937137	4.0	4	4
21.516858361922825	4.0	4	4
21.61693677290851	4.0	4	4
21.717015183894198	4.0	4	4
21.817093594879886	4.0	4	4
21.917172005865574	3.0	3	3
22.01725041685126	3.0	3	3
22.11732882783695	3.0	3	3
22.217407238822638	3.0	3	3
22.317485649808326	3.0	3	3
22.41756406079401	3.0	3	3
22.5176424717797	3.0	3	3
22.617720882765386	2.0	2	2
22.717799293751074	2.0	2	2
22.817877704736762	2.0	2	2
22.91795611572245	2.0	2	2
23.01803452670814	2.0	2	2
23.118112937693823	2.0	2	2
23.21819134867951	2.0	2	2
23.3182697596652	2.0	2	2
23.418348170650887	2.0	2	2
23.518426581636575	1.0	1	1
23.618504992622263	1.0	1	1
23.71858340360795	1.0	1	1
23.818661814593636	1.0	1	1
23.918740225579324	1.0	1	1
24.018818636565012	1.0	1	1
24.1188970475507	1.0	1	1
24.218975458536388	1.0	1	1
24.319053869522076	1.0	1	1
24.419132280507764	1.0	1	1
24.519210691493452	1.0	1	1
24.619289102479136	1.0	1	1
24.719367513464825	1.0	1	1
24.819445924450513	1.0	1	1
24.9195243354362	1.0	1	1
25.01960274642189	1.0	1	1
25.119681157407577	1.0	1	1
25.219759568393265	1.0	1	1
25.31983797937895	1.0	1	1
25.419916390364637	1.0	1	1
25.519994801350325	1.0	1	1
25.620073212336013	1.0	1	1
25.7201516233217	1.0	1	1
25.82023003430739	1.0	1	1
25.920308445293077	1.0	1	1
26.020386856278762	1.0	1	1
26.12046526726445	1.0	1	1
26.220543678250138	1.0	1	1
26.320622089235826	1.0	1	1
26.420700500221514	1.0	1	1
26.520778911207202	1.0	1	1
26.62085732219289	1.0	1	1
26.720935733178575	1.0	1	1
26.821014144164263	1.0	1	1
26.92109255514995	1.0	1	1
27.02117096613564	1.0	1	1
27.121249377121327	1.0	1	1
27.221327788107015	1.0	1	1
27.321406199092703	1.0	1	1
27.42148461007839	1.0	1	1
27.521563021064075	1.0	1	1
27.621641432049763	1.0	1	1
27.72171984303545	1.0	1	1
27.82179825402114	1.0	1	1
27.921876665006828	1.0	1	1
28.021955075992516	1.0	1	1
28.122033486978204	1.0	1	1
28.222111897963888	1.0	1	1
28.322190308949576	1.0	1	1
28.422268719935264	1.0	1	1
28.522347130920952	1.0	1	1
28.62242554190664	1.0	1	1
28.72250395289233	1.0	1	1
28.822582363878016	1.0	1	1
28.9226607748637	1.0	1	1
29.02273918584939	1.0	1	1
29.122817596835077	1.0	1	1
29.222896007820765	1.0	1	1
29.322974418806453	1.0	1	1
29.42305282979214	1.0	1	1
29.52313124077783	1.0	1	1
29.623209651763517	1.0	1	1
29.7232880627492	1.0	1	1
29.82336647373489	1.0	1	1
29.923444884720578	1.0	1	1
30.023523295706266	1.0	1	1
30.123601706691954	1.0	1	1
30.22368011767764	1.0	1	1
30.32375852866333	1.0	1	1
30.423836939649014	1.0	1	1
30.523915350634702	1.0	1	1
30.62399376162039	1.0	1	1
30.72407217260608	1.0	1	1
30.824150583591766	1.0	1	1
30.924228994577454	1.0	1	1
31.024307405563142	1.0	1	1
31.124385816548827	1.0	1	1
31.224464227534515	1.0	1	1
31.324542638520203	1.0	1	1
31.42462104950589	1.0	1	1
31.52469946049158	1.0	1	1
31.624777871477267	1.0	1	1
31.724856282462955	1.0	1	1
31.824934693448643	1.0	1	1
31.925013104434328	1.0	1	1
32.025091515420016	1.0	1	1
32.125169926405704	1.0	1	1
32.22524833739139	1.0	1	1
32.32532674837708	1.0	1	1
32.42540515936277	1.0	1	1
32.525483570348456	1.0	1	1
32.625561981334144	1.0	1	1
32.72564039231983	1.0	1	1
32.82571880330552	1.0	1	1
32.92579721429121	1.0	1	1
33.02587562527689	1.0	1	1
33.12595403626258	1.0	1	1
33.226032447248265	1.0	1	1
33.32611085823395	1.0	1	1
33.42618926921964	1.0	1	1
33.52626768020533	1.0	1	1
33.62634609119102	1.0	1	1
33.726424502176705	1.0	1	1
33.82650291316239	1.0	1	1
33.92658132414808	1.0	1	1
34.02665973513377	1.0	1	1
34.12673814611946	2.0	2	2
34.226816557105145	2.0	2	2
34.32689496809083	1.0	1	1
34.426973379076514	1.0	1	1
34.5270517900622	1.0	1	1
34.62713020104789	1.0	1	1
34.72720861203358	1.0	1	1
34.82728702301927	1.0	1	1
34.927365434004955	1.0	1	1
35.02744384499064	1.0	1	1
35.12752225597633	1.0	1	1
35.22760066696202	1.0	1	1
35.32767907794771	1.0	1	1
35.427757488933395	1.0	1	1
35.52783589991908	1.0	1	1
35.62791431090477	1.0	1	1
35.72799272189046	1.0	1	1
35.82807113287615	1.0	1	1
35.92814954386183	1.0	1	1
36.028227954847516	1.0	1	1
36.128306365833204	1.0	1	1
36.22838477681889	1.0	1	1
36.32846318780458	1.0	1	1
36.42854159879027	1.0	1	1
36.528620009775956	1.0	1	1
36.628698420761644	1.0	1	1
36.72877683174733	1.0	1	1
36.82885524273302	1.0	1	1
36.92893365371871	1.0	1	1
37.029012064704396	1.0	1	1
37.129090475690084	1.0	1	1
37.22916888667577	1.0	1	1
37.32924729766146	1.0	1	1
37.42932570864714	1.0	1	1
37.52940411963283	1.0	1	1
37.62948253061852	1.0	1	1
37.729560941604205	2.0	2	2
37.82963935258989	2.0	2	2
37.92971776357558	2.0	2	2
38.02979617456127	3.0	3	3
38.12987458554696	3.0	3	3
38.229952996532646	3.0	3	3
38.330031407518334	3.0	3	3
38.43010981850402	3.0	3	3
38.53018822948971	3.0	3	3
38.6302666404754	3.0	3	3
38.730345051461086	3.0	3	3
38.83042346244677	4.0	4	4
38.930501873432455	4.0	4	4
39.03058028441814	4.0	4	4
39.13065869540383	4.0	4	4
39.23073710638952	6.0	6	6
39.33081551737521	8.0	8	8
39.430893928360895	9.0	9	9
39.53097233934658	9.0	9	9
39.63105075033227	9.0	9	9
39.73112916131796	9.0	9	9
39.83120757230365	9.0	9	9
39.931285983289335	10.0	10	10
40.03136439427502	10.0	10	10
40.13144280526071	11.0	11	11
40.2315212162464	11.0	11	11
40.33159962723208	11.0	11	11
40.43167803821777	11.0	11	11
40.531756449203456	11.0	11	11
40.631834860189144	11.0	11	11
40.73191327117483	11.0	11	11
40.83199168216052	11.0	11	11
40.93207009314621	11.0	11	11
41.0321485041319	11.0	11	11
41.132226915117585	11.0	11	11
41.23230532610327	11.0	11	11
41.33238373708896	11.0	11	11
41.43246214807465	11.0	11	11
41.53254055906034	11.0	11	11
41.632618970046025	11.0	11	11
41.732697381031706	11.0	11	11
41.832775792017394	11.0	11	11
41.93285420300308	11.0	11	11
42.03293261398877	11.0	11	11
42.13301102497446	11.0	11	11
42.233089435960146	11.0	11	11
42.333167846945834	11.0	11	11
42.43324625793152	11.0	11	11
42.53332466891721	11.0	11	11
42.6334030799029	11.0	11	11
42.733481490888586	11.0	11	11
42.833559901874274	11.0	11	11
42.93363831285996	11.0	11	11
43.03371672384565	11.0	11	11
43.13379513483134	11.0	11	11
43.23387354581702	11.0	11	11
43.33395195680271	11.0	11	11
43.434030367788395	11.0	11	11
43.53410877877408	11.0	11	11
43.63418718975977	11.0	11	11
43.73426560074546	11.0	11	11
43.83434401173115	11.0	11	11
43.934422422716835	11.0	11	11
44.03450083370252	11.0	11	11
44.13457924468821	11.0	11	11
44.2346576556739	11.0	11	11
44.33473606665959	11.0	11	11
44.434814477645276	11.0	11	11
44.534892888630964	10.0	10	10
44.63497129961665	10.0	10	10
44.73504971060233	10.0	10	10
44.83512812158802	10.0	10	10
44.93520653257371	10.0	10	10
45.0352849435594	10.0	10	10
45.135363354545085	10.0	10	10
45.23544176553077	10.0	10	10
45.33552017651646	10.0	10	10
45.43559858750215	10.0	10	10
45.53567699848784	12.0	12	12
45.635755409473525	12.0	12	12
45.73583382045921	12.0	12	12
45.8359122314449	13.0	13	13
45.93599064243059	13.0	13	13
46.03606905341628	13.0	13	13
46.13614746440196	14.0	14	14
46.236225875387646	14.0	14	14
46.336304286373334	15.0	15	15
46.43638269735902	15.0	15	15
46.53646110834471	15.0	15	15
46.6365395193304	15.0	15	15
46.736617930316086	15.0	15	15
46.836696341301774	15.0	15	15
46.93677475228746	15.0	15	15
47.03685316327315	15.0	15	15
47.13693157425884	15.0	15	15
47.237009985244526	15.0	15	15
47.337088396230214	15.0	15	15
47.4371668072159	15.0	15	15
47.53724521820159	15.0	15	15
47.63732362918727	16.0	16	16
47.73740204017296	16.0	16	16
47.83748045115865	16.0	16	16
47.937558862144336	16.0	16	16
48.037637273130024	16.0	16	16
48.13771568411571	16.0	16	16
48.2377940951014	17.0	17	17
48.33787250608709	17.0	17	17
48.437950917072776	17.0	17	17
48.538029328058464	17.0	17	17
48.63810773904415	17.0	17	17
48.73818615002984	17.0	17	17
48.83826456101553	17.0	17	17
48.938342972001216	17.0	17	17
49.038421382986904	18.0	18	18
49.138499793972585	18.0	18	18
49.23857820495827	18.0	18	18
49.33865661594396	17.0	17	17
49.43873502692965	17.0	17	17
49.53881343791534	18.0	18	18
49.638891848901025	18.0	18	18
49.73897025988671	18.0	18	18
49.8390486708724	18.0	18	18
49.93912708185809	17.0	17	17
50.03920549284378	17.0	17	17
50.139283903829465	17.0	17	17
50.23936231481515	17.0	17	17
50.33944072580084	17.0	17	17
50.43951913678653	17.0	17	17
50.53959754777221	17.0	17	17
50.6396759587579	17.0	17	17
50.739754369743586	17.0	17	17
50.839832780729274	17.0	17	17
50.93991119171496	17.0	17	17
51.03998960270065	17.0	17	17
51.14006801368634	16.0	16	16
51.24014642467203	16.0	16	16
51.340224835657715	16.0	16	16
51.4403032466434	16.0	16	16
51.54038165762909	16.0	16	16
51.64046006861478	16.0	16	16
51.74053847960047	16.0	16	16
51.840616890586155	16.0	16	16
51.94069530157184	16.0	16	16
52.040773712557524	16.0	16	16
52.14085212354321	16.0	16	16
52.2409305345289	16.0	16	16
52.34100894551459	16.0	16	16
52.441087356500276	17.0	17	17
52.541165767485964	17.0	17	17
52.64124417847165	17.0	17	17
52.74132258945734	17.0	17	17
52.84140100044303	17.0	17	17
52.941479411428716	17.0	17	17
53.041557822414404	17.0	17	17
53.14163623340009	17.0	17	17
53.24171464438578	17.0	17	17
53.34179305537147	15.0	15	15
53.44187146635715	14.0	14	14
53.54194987734284	14.0	14	14
53.642028288328525	14.0	14	14
53.74210669931421	14.0	14	14
53.8421851102999	14.0	14	14
53.94226352128559	14.0	14	14
54.04234193227128	14.0	14	14
54.142420343256966	13.0	13	13
54.24249875424265	14.0	14	14
54.34257716522834	14.0	14	14
54.44265557621403	14.0	14	14
54.54273398719972	14.0	14	14
54.642812398185406	14.0	14	14
54.742890809171094	14.0	14	14
54.84296922015678	15.0	15	15
54.94304763114246	15.0	15	15
55.04312604212815	15.0	15	15
55.14320445311384	15.0	15	15
55.24328286409953	16.0	16	16
55.343361275085215	16.0	16	16
55.4434396860709	16.0	16	16
55.54351809705659	16.0	16	16
55.64359650804228	16.0	16	16
55.74367491902797	15.0	15	15
55.843753330013655	16.0	16	16
55.94383174099934	17.0	17	17
56.04391015198503	16.0	16	16
56.14398856297072	15.0	15	15
56.24406697395641	15.0	15	15
56.344145384942095	15.0	15	15
56.444223795927776	14.0	14	14
56.544302206913464	14.0	14	14
56.64438061789915	14.0	14	14
56.74445902888484	14.0	14	14
56.84453743987053	13.0	13	13
56.944615850856216	11.0	11	11
57.044694261841904	9.0	9	9
57.14477267282759	10.0	10	10
57.24485108381328	11.0	11	11
57.34492949479897	11.0	11	11
57.44500790578466	10.0	10	10
57.545086316770345	9.0	9	9
57.64516472775603	8.0	8	8
57.74524313874172	7.0	7	7
57.8453215497274	7.0	7	7
57.94539996071309	7.0	7	7
58.04547837169878	7.0	7	7
58.145556782684466	7.0	7	7
58.245635193670154	7.0	7	7
58.34571360465584	8.0	8	8
58.44579201564153	8.0	8	8
58.54587042662722	7.0	7	7
58.645948837612906	6.0	6	6
58.746027248598594	6.0	6	6
58.84610565958428	8.0	8	8
58.94618407056997	8.0	8	8
59.04626248155566	8.0	8	8
59.146340892541346	8.0	8	8
59.246419303527034	8.0	8	8
59.346497714512715	9.0	9	9
59.4465761254984	9.0	9	9
59.54665453648409	9.0	9	9
59.64673294746978	8.0	8	8
59.74681135845547	8.0	8	8
59.846889769441155	8.0	8	8
59.94696818042684	7.0	7	7
60.04704659141253	6.0	6	6
60.14712500239822	5.0	5	5
60.24720341338391	5.0	5	5
60.347281824369595	5.0	5	5
60.44736023535528	5.0	5	5
60.54743864634097	5.0	5	5
60.64751705732666	5.0	5	5
60.74759546831235	5.0	5	5
60.84767387929803	5.0	5	5
60.94775229028372	6.0	6	6
61.047830701269405	6.0	6	6
61.14790911225509	6.0	6	6
61.24798752324078	6.0	6	6
61.34806593422647	6.0	6	6
61.44814434521216	6.0	6	6
61.548222756197845	6.0	6	6
61.64830116718353	6.0	6	6
61.74837957816922	6.0	6	6
61.84845798915491	6.0	6	6
61.9485364001406	6.0	6	6
62.048614811126285	6.0	6	6
62.14869322211197	6.0	6	6
62.248771633097654	6.0	6	6
62.34885004408334	7.0	7	7
62.44892845506903	7.0	7	7
62.54900686605472	7.0	7	7
62.649085277040406	7.0	7	7
62.749163688026094	7.0	7	7
62.84924209901178	7.0	7	7
62.94932050999747	7.0	7	7
63.04939892098316	7.0	7	7
63.149477331968846	7.0	7	7
63.249555742954534	7.0	7	7
63.34963415394022	7.0	7	7
63.44971256492591	7.0	7	7
63.5497909759116	7.0	7	7
63.64986938689729	8.0	8	8
63.74994779788297	8.0	8	8
63.850026208868655	8.0	8	8
63.95010461985434	8.0	8	8
64.05018303084003	8.0	8	8
64.15026144182572	8.0	8	8
64.25033985281141	8.0	8	8
64.3504182637971	7.0	7	7
64.45049667478278	7.0	7	7
64.55057508576847	7.0	7	7
64.65065349675416	7.0	7	7
64.75073190773985	7.0	7	7
64.85081031872554	7.0	7	7
64.95088872971122	6.0	6	6
65.05096714069691	6.0	6	6
65.1510455516826	6.0	6	6
65.25112396266829	6.0	6	6
65.35120237365398	6.0	6	6
65.45128078463966	6.0	6	6
65.55135919562535	8.0	8	8
65.65143760661104	9.0	9	9
65.75151601759673	10.0	10	10
65.85159442858242	10.0	10	10
65.95167283956809	11.0	11	11
66.05175125055378	12.0	12	12
66.15182966153947	13.0	13	13
66.25190807252515	12.0	12	12
66.35198648351084	12.0	12	12
66.45206489449653	12.0	12	12
66.55214330548222	12.0	12	12
66.6522217164679	12.0	12	12
66.7523001274536	12.0	12	12
66.85237853843928	12.0	12	12
66.95245694942497	14.0	14	14
67.05253536041066	15.0	15	15
67.15261377139635	17.0	17	17
67.25269218238203	17.0	17	17
67.35277059336772	17.0	17	17
67.45284900435341	16.0	16	16
67.5529274153391	16.0	16	16
67.65300582632479	16.0	16	16
67.75308423731047	16.0	16	16
67.85316264829616	16.0	16	16
67.95324105928185	16.0	16	16
68.05331947026754	16.0	16	16
68.15339788125323	16.0	16	16
68.25347629223891	17.0	17	17
68.3535547032246	17.0	17	17
68.45363311421029	17.0	17	17
68.55371152519598	17.0	17	17
68.65378993618167	17.0	17	17
68.75386834716736	17.0	17	17
68.85394675815303	16.0	16	16
68.95402516913872	15.0	15	15
69.0541035801244	16.0	16	16
69.1541819911101	16.0	16	16
69.25426040209578	17.0	17	17
69.35433881308147	17.0	17	17
69.45441722406716	18.0	18	18
69.55449563505285	19.0	19	19
69.65457404603853	19.0	19	19
69.75465245702422	19.0	19	19
69.85473086800991	20.0	20	20
69.9548092789956	21.0	21	21
70.05488768998129	21.0	21	21
70.15496610096697	21.0	21	21
70.25504451195266	21.0	21	21
70.35512292293835	21.0	21	21
70.45520133392404	20.0	20	20
70.55527974490973	19.0	19	19
70.65535815589541	19.0	19	19
70.7554365668811	18.0	18	18
70.85551497786679	18.0	18	18
70.95559338885248	18.0	18	18
71.05567179983817	16.0	16	16
71.15575021082385	16.0	16	16
71.25582862180954	16.0	16	16
71.35590703279523	15.0	15	15
71.45598544378092	16.0	16	16
71.5560638547666	17.0	17	17
71.6561422657523	16.0	16	16
71.75622067673797	17.0	17	17
71.85629908772366	18.0	18	18
71.95637749870934	17.0	17	17
72.05645590969503	16.0	16	16
72.15653432068072	15.0	15	15
72.25661273166641	15.0	15	15
72.3566911426521	14.0	14	14
72.45676955363778	14.0	14	14
72.55684796462347	14.0	14	14
72.65692637560916	14.0	14	14
72.75700478659485	15.0	15	15
72.85708319758054	14.0	14	14
72.95716160856622	14.0	14	14
73.05724001955191	14.0	14	14
73.1573184305376	14.0	14	14
73.25739684152329	13.0	13	13
73.35747525250898	13.0	13	13
73.45755366349466	13.0	13	13
73.55763207448035	12.0	12	12
73.65771048546604	12.0	12	12
73.75778889645173	12.0	12	12
73.85786730743742	12.0	12	12
73.9579457184231	12.0	12	12
74.05802412940879	12.0	12	12
74.15810254039448	12.0	12	12
74.25818095138017	12.0	12	12
74.35825936236586	12.0	12	12
74.45833777335154	12.0	12	12
74.55841618433723	12.0	12	12
74.65849459532292	12.0	12	12
74.7585730063086	12.0	12	12
74.85865141729428	13.0	13	13
74.95872982827997	13.0	13	13
75.05880823926566	14.0	14	14
75.15888665025135	14.0	14	14
75.25896506123703	14.0	14	14
75.35904347222272	14.0	14	14
75.45912188320841	14.0	14	14
75.5592002941941	14.0	14	14
75.65927870517979	14.0	14	14
75.75935711616548	14.0	14	14
75.85943552715116	14.0	14	14
75.95951393813685	14.0	14	14
76.05959234912254	14.0	14	14
76.15967076010823	14.0	14	14
76.25974917109392	13.0	13	13
76.3598275820796	13.0	13	13
76.45990599306529	13.0	13	13
76.55998440405098	13.0	13	13
76.66006281503667	13.0	13	13
76.76014122602236	13.0	13	13
76.86021963700804	13.0	13	13
76.96029804799373	12.0	12	12
77.06037645897942	12.0	12	12
77.16045486996511	12.0	12	12
77.2605332809508	12.0	12	12
77.36061169193648	12.0	12	12
77.46069010292217	12.0	12	12
77.56076851390786	11.0	11	11
77.66084692489353	11.0	11	11
77.76092533587922	11.0	11	11
77.86100374686491	11.0	11	11
77.9610821578506	11.0	11	11
78.06116056883629	11.0	11	11
78.16123897982197	11.0	11	11
78.26131739080766	11.0	11	11
78.36139580179335	11.0	11	11
78.46147421277904	11.0	11	11
78.56155262376473	11.0	11	11
78.66163103475041	11.0	11	11
78.7617094457361	11.0	11	11
78.86178785672179	11.0	11	11
78.96186626770748	11.0	11	11
79.06194467869317	11.0	11	11
79.16202308967885	11.0	11	11
79.26210150066454	11.0	11	11
79.36217991165023	11.0	11	11
79.46225832263592	11.0	11	11
79.5623367336216	11.0	11	11
79.6624151446073	11.0	11	11
79.76249355559298	11.0	11	11
79.86257196657867	11.0	11	11
79.96265037756436	11.0	11	11
80.06272878855005	11.0	11	11
80.16280719953573	11.0	11	11
80.26288561052142	11.0	11	11
80.36296402150711	12.0	12	12
80.4630424324928	12.0	12	12
80.56312084347847	12.0	12	12
80.66319925446416	12.0	12	12
80.76327766544985	12.0	12	12
80.86335607643554	12.0	12	12
80.96343448742122	12.0	12	12
81.06351289840691	12.0	12	12
81.1635913093926	11.0	11	11
81.26366972037829	11.0	11	11
81.36374813136398	11.0	11	11
81.46382654234966	11.0	11	11
81.56390495333535	11.0	11	11
81.66398336432104	11.0	11	11
81.76406177530673	11.0	11	11
81.86414018629242	11.0	11	11
81.9642185972781	11.0	11	11
82.0642970082638	11.0	11	11
82.16437541924948	11.0	11	11
82.26445383023517	11.0	11	11
82.36453224122086	11.0	11	11
82.46461065220655	10.0	10	10
82.56468906319223	10.0	10	10
82.66476747417792	10.0	10	10
82.76484588516361	10.0	10	10
82.8649242961493	10.0	10	10
82.96500270713499	10.0	10	10
83.06508111812067	10.0	10	10
83.16515952910636	10.0	10	10
83.26523794009205	10.0	10	10
83.36531635107774	10.0	10	10
83.46539476206341	10.0	10	10
83.5654731730491	11.0	11	11
83.66555158403479	11.0	11	11
83.76562999502048	11.0	11	11
83.86570840600616	12.0	12	12
83.96578681699185	14.0	14	14
84.06586522797754	13.0	13	13
84.16594363896323	13.0	13	13
84.26602204994892	13.0	13	13
84.3661004609346	12.0	12	12
84.46617887192029	13.0	13	13
84.56625728290598	13.0	13	13
84.66633569389167	12.0	12	12
84.76641410487736	12.0	12	12
84.86649251586304	12.0	12	12
84.96657092684873	13.0	13	13
85.06664933783442	13.0	13	13
85.16672774882011	13.0	13	13
85.2668061598058	13.0	13	13
85.36688457079148	11.0	11	11
85.46696298177717	9.0	9	9
85.56704139276286	9.0	9	9
85.66711980374855	9.0	9	9
85.76719821473424	9.0	9	9
85.86727662571992	9.0	9	9
85.96735503670561	8.0	8	8
86.0674334476913	8.0	8	8
86.16751185867699	8.0	8	8
86.26759026966268	7.0	7	7
86.36766868064836	6.0	6	6
86.46774709163404	6.0	6	6
86.56782550261973	5.0	5	5
86.66790391360541	5.0	5	5
86.7679823245911	5.0	5	5
86.86806073557679	5.0	5	5
86.96813914656248	6.0	6	6
87.06821755754817	6.0	6	6
87.16829596853385	6.0	6	6
87.26837437951954	6.0	6	6
87.36845279050523	6.0	6	6
87.46853120149092	6.0	6	6
87.5686096124766	6.0	6	6
87.6686880234623	6.0	6	6
87.76876643444798	6.0	6	6
87.86884484543367	6.0	6	6
87.96892325641936	6.0	6	6
88.06900166740505	6.0	6	6
88.16908007839073	6.0	6	6
88.26915848937642	6.0	6	6
88.36923690036211	6.0	6	6
88.4693153113478	6.0	6	6
88.56939372233349	6.0	6	6
88.66947213331918	6.0	6	6
88.76955054430486	6.0	6	6
88.86962895529055	6.0	6	6
88.96970736627624	6.0	6	6
89.06978577726193	6.0	6	6
89.16986418824762	6.0	6	6
89.2699425992333	7.0	7	7
89.37002101021898	7.0	7	7
89.47009942120467	7.0	7	7
89.57017783219035	7.0	7	7
89.67025624317604	7.0	7	7
89.77033465416173	7.0	7	7
89.87041306514742	7.0	7	7
89.9704914761331	7.0	7	7
90.0705698871188	7.0	7	7
90.17064829810448	7.0	7	7
90.27072670909017	7.0	7	7
90.37080512007586	7.0	7	7
90.47088353106155	7.0	7	7
90.57096194204723	7.0	7	7
90.67104035303292	8.0	8	8
90.77111876401861	7.0	7	7
90.8711971750043	7.0	7	7
90.97127558598999	6.0	6	6
91.07135399697567	6.0	6	6
91.17143240796136	6.0	6	6
91.27151081894705	6.0	6	6
91.37158922993274	6.0	6	6
91.47166764091843	6.0	6	6
91.57174605190411	7.0	7	7
91.6718244628898	8.0	8	8
91.77190287387549	7.0	7	7
91.87198128486118	7.0	7	7
91.97205969584687	7.0	7	7
92.07213810683255	7.0	7	7
92.17221651781824	7.0	7	7
92.27229492880392	7.0	7	7
92.3723733397896	7.0	7	7
92.47245175077529	7.0	7	7
92.57253016176098	7.0	7	7
92.67260857274667	5.0	5	5
92.77268698373236	4.0	4	4
92.87276539471804	4.0	4	4
92.97284380570373	4.0	4	4
93.07292221668942	4.0	4	4
93.17300062767511	4.0	4	4
93.2730790386608	4.0	4	4
93.37315744964648	4.0	4	4
93.47323586063217	4.0	4	4
93.57331427161786	4.0	4	4
93.67339268260355	4.0	4	4
93.77347109358924	4.0	4	4
93.87354950457492	4.0	4	4
93.97362791556061	3.0	3	3
94.0737063265463	5.0	5	5
94.17378473753199	5.0	5	5
94.27386314851768	5.0	5	5
94.37394155950336	6.0	6	6
94.47401997048905	6.0	6	6
94.57409838147474	6.0	6	6
94.67417679246043	6.0	6	6
94.77425520344612	6.0	6	6
94.8743336144318	7.0	7	7
94.9744120254175	7.0	7	7
95.07449043640318	7.0	7	7
95.17456884738885	7.0	7	7
95.27464725837454	6.0	6	6
95.37472566936023	6.0	6	6
95.47480408034592	6.0	6	6
95.5748824913316	6.0	6	6
95.6749609023173	6.0	6	6
95.77503931330298	7.0	7	7
95.87511772428867	7.0	7	7
95.97519613527436	6.0	6	6
96.07527454626005	6.0	6	6
96.17535295724574	6.0	6	6
96.27543136823142	6.0	6	6
96.37550977921711	5.0	5	5
96.4755881902028	5.0	5	5
96.57566660118849	6.0	6	6
96.67574501217418	6.0	6	6
96.77582342315986	6.0	6	6
96.87590183414555	6.0	6	6
96.97598024513124	6.0	6	6
97.07605865611693	6.0	6	6
97.17613706710262	6.0	6	6
97.2762154780883	6.0	6	6
97.37629388907399	6.0	6	6
97.47637230005968	6.0	6	6
97.57645071104537	6.0	6	6
97.67652912203106	5.0	5	5
97.77660753301674	5.0	5	5
97.87668594400243	5.0	5	5
97.97676435498812	5.0	5	5
98.07684276597381	5.0	5	5
98.17692117695948	5.0	5	5
98.27699958794517	5.0	5	5
98.37707799893086	5.0	5	5
98.47715640991655	6.0	6	6
98.57723482090223	6.0	6	6
98.67731323188792	6.0	6	6
98.77739164287361	6.0	6	6
98.8774700538593	6.0	6	6
98.97754846484499	6.0	6	6
99.07762687583067	6.0	6	6
99.17770528681636	6.0	6	6
99.27778369780205	5.0	5	5
99.37786210878774	5.0	5	5
99.47794051977343	6.0	6	6
99.57801893075911	7.0	7	7
99.6780973417448	7.0	7	7
99.77817575273049	6.0	6	6
99.87825416371618	7.0	7	7
99.97833257470187	7.0	7	7
100.07841098568755	7.0	7	7
100.17848939667324	7.0	7	7
100.27856780765893	7.0	7	7
100.37864621864462	7.0	7	7
100.4787246296303	7.0	7	7
100.578803040616	7.0	7	7
100.67888145160168	6.0	6	6
100.77895986258737	6.0	6	6
100.87903827357306	6.0	6	6
100.97911668455875	6.0	6	6
101.07919509554442	5.0	5	5
101.17927350653011	5.0	5	5
101.2793519175158	5.0	5	5
101.37943032850148	5.0	5	5
101.47950873948717	5.0	5	5
101.57958715047286	5.0	5	5
101.67966556145855	5.0	5	5
101.77974397244424	5.0	5	5
101.87982238342993	5.0	5	5
101.97990079441561	5.0	5	5
102.0799792054013	5.0	5	5
102.18005761638699	5.0	5	5
102.28013602737268	5.0	5	5
102.38021443835837	5.0	5	5
102.48029284934405	5.0	5	5
102.58037126032974	5.0	5	5
102.68044967131543	5.0	5	5
102.78052808230112	5.0	5	5
102.8806064932868	5.0	5	5
102.9806849042725	5.0	5	5
103.08076331525818	5.0	5	5
103.18084172624387	5.0	5	5
103.28092013722956	5.0	5	5
103.38099854821525	5.0	5	5
103.48107695920093	5.0	5	5
103.58115537018662	5.0	5	5
103.68123378117231	5.0	5	5
103.781312192158	5.0	5	5
103.88139060314369	5.0	5	5
103.98146901412936	5.0	5	5
104.08154742511505	5.0	5	5
104.18162583610074	5.0	5	5
104.28170424708642	5.0	5	5
104.38178265807211	5.0	5	5
104.4818610690578	5.0	5	5
104.58193948004349	5.0	5	5
104.68201789102918	5.0	5	5
104.78209630201486	5.0	5	5
104.88217471300055	5.0	5	5
104.98225312398624	5.0	5	5
105.08233153497193	5.0	5	5
105.18240994595762	5.0	5	5
105.2824883569433	5.0	5	5
105.38256676792899	5.0	5	5
105.48264517891468	5.0	5	5
105.58272358990037	5.0	5	5
105.68280200088606	5.0	5	5
105.78288041187174	5.0	5	5
105.88295882285743	5.0	5	5
105.98303723384312	5.0	5	5
106.08311564482881	5.0	5	5
106.1831940558145	5.0	5	5
106.28327246680018	5.0	5	5
106.38335087778587	5.0	5	5
106.48342928877156	5.0	5	5
106.58350769975725	5.0	5	5
106.68358611074294	5.0	5	5
106.78366452172862	5.0	5	5
106.8837429327143	5.0	5	5
106.98382134369999	5.0	5	5
107.08389975468567	5.0	5	5
107.18397816567136	4.0	4	4
107.28405657665705	4.0	4	4
107.38413498764274	4.0	4	4
107.48421339862843	4.0	4	4
107.58429180961411	4.0	4	4
107.6843702205998	4.0	4	4
107.78444863158549	3.0	3	3
107.88452704257118	3.0	3	3
107.98460545355687	3.0	3	3
108.08468386454255	3.0	3	3
108.18476227552824	3.0	3	3
108.28484068651393	3.0	3	3
108.38491909749962	3.0	3	3
108.4849975084853	3.0	3	3
108.585075919471	3.0	3	3
108.68515433045668	3.0	3	3
108.78523274144237	3.0	3	3
108.88531115242806	3.0	3	3
108.98538956341375	3.0	3	3
109.08546797439944	3.0	3	3
109.18554638538512	3.0	3	3
109.28562479637081	3.0	3	3
109.3857032073565	3.0	3	3
109.48578161834219	3.0	3	3
109.58586002932788	3.0	3	3
109.68593844031356	3.0	3	3
109.78601685129925	3.0	3	3
109.88609526228493	3.0	3	3
109.98617367327061	3.0	3	3
110.0862520842563	3.0	3	3
110.18633049524199	3.0	3	3
110.28640890622768	3.0	3	3
110.38648731721337	3.0	3	3
110.48656572819905	3.0	3	3
110.58664413918474	3.0	3	3
110.68672255017043	3.0	3	3
110.78680096115612	3.0	3	3
110.8868793721418	3.0	3	3
110.9869577831275	3.0	3	3
111.08703619411318	3.0	3	3
111.18711460509887	3.0	3	3
111.28719301608456	3.0	3	3
111.38727142707025	3.0	3	3
111.48734983805593	3.0	3	3
111.58742824904162	3.0	3	3
111.68750666002731	3.0	3	3
111.787585071013	3.0	3	3
111.88766348199869	3.0	3	3
111.98774189298437	3.0	3	3
112.08782030397006	3.0	3	3
112.18789871495575	3.0	3	3
112.28797712594144	3.0	3	3
112.38805553692713	3.0	3	3
112.48813394791281	3.0	3	3
112.5882123588985	2.0	2	2
112.68829076988419	2.0	2	2
112.78836918086986	2.0	2	2
112.88844759185555	2.0	2	2
112.98852600284124	2.0	2	2
113.08860441382693	2.0	2	2
113.18868282481262	2.0	2	2
113.2887612357983	2.0	2	2
113.38883964678399	2.0	2	2
113.48891805776968	2.0	2	2
113.58899646875537	2.0	2	2
113.68907487974106	2.0	2	2
113.78915329072674	2.0	2	2
113.88923170171243	1.0	1	1
113.98931011269812	1.0	1	1
114.08938852368381	0.0	0	0
114.1894669346695	0.0	0	0
114.28954534565518	0.0	0	0
114.38962375664087	0.0	0	0
114.48970216762656	0.0	0	0
114.58978057861225	0.0	0	0
114.68985898959794	0.0	0	0
114.78993740058363	0.0	0	0
114.89001581156931	0.0	0	0
114.990094222555	0.0	0	0
115.09017263354069	0.0	0	0
115.19025104452638	0.0	0	0
115.29032945551207	0.0	0	0
115.39040786649775	0.0	0	0
115.49048627748344	0.0	0	0
115.59056468846913	0.0	0	0
115.6906430994548	0.0	0	0
115.79072151044049	0.0	0	0
115.89079992142618	0.0	0	0
115.99087833241187	0.0	0	0
116.09095674339756	0.0	0	0
116.19103515438324	0.0	0	0
116.29111356536893	0.0	0	0
116.39119197635462	0.0	0	0
116.49127038734031	0.0	0	0
116.591348798326	0.0	0	0
116.69142720931168	0.0	0	0
116.79150562029737	0.0	0	0
116.89158403128306	0.0	0	0
116.99166244226875	0.0	0	0
117.09174085325444	0.0	0	0
117.19181926424012	0.0	0	0
117.29189767522581	0.0	0	0
117.3919760862115	0.0	0	0
117.49205449719719	0.0	0	0
117.59213290818288	0.0	0	0
117.69221131916856	0.0	0	0
117.79228973015425	0.0	0	0
117.89236814113994	0.0	0	0
117.99244655212563	0.0	0	0
118.09252496311132	0.0	0	0
118.192603374097	0.0	0	0
118.29268178508269	0.0	0	0
118.39276019606838	0.0	0	0
118.49283860705407	0.0	0	0
118.59291701803974	0.0	0	0
118.69299542902543	0.0	0	0
118.79307384001112	0.0	0	0
118.8931522509968	0.0	0	0
118.9932306619825	0.0	0	0
119.09330907296818	0.0	0	0
119.19338748395387	0.0	0	0
119.29346589493956	0.0	0	0
119.39354430592525	0.0	0	0
119.49362271691093	0.0	0	0
119.59370112789662	0.0	0	0
119.69377953888231	0.0	0	0
119.793857949868	0.0	0	0
119.89393636085369	0.0	0	0
119.99401477183937	0.0	0	0
120.09409318282506	0.0	0	0
120.19417159381075	0.0	0	0
120.29425000479644	0.0	0	0
120.39432841578213	0.0	0	0
120.49440682676781	0.0	0	0
120.5944852377535	0.0	0	0
120.69456364873919	0.0	0	0
120.79464205972488	0.0	0	0
120.89472047071057	0.0	0	0
120.99479888169625	0.0	0	0
121.09487729268194	0.0	0	0
121.19495570366763	0.0	0	0
121.29503411465332	0.0	0	0
121.39511252563901	0.0	0	0
121.4951909366247	0.0	0	0
121.59526934761037	0.0	0	0
121.69534775859606	0.0	0	0
121.79542616958175	0.0	0	0
121.89550458056743	0.0	0	0
121.99558299155312	0.0	0	0
122.09566140253881	0.0	0	0
122.1957398135245	0.0	0	0
122.29581822451019	0.0	0	0
122.39589663549587	0.0	0	0
122.49597504648156	0.0	0	0
122.59605345746725	0.0	0	0
122.69613186845294	0.0	0	0
122.79621027943863	0.0	0	0
122.89628869042431	0.0	0	0
122.99636710141	0.0	0	0
123.09644551239569	0.0	0	0
123.19652392338138	0.0	0	0
123.29660233436707	1.0	1	1
123.39668074535275	1.0	1	1
123.49675915633844	1.0	1	1
123.59683756732413	1.0	1	1
123.69691597830982	1.0	1	1
123.7969943892955	1.0	1	1
123.8970728002812	1.0	1	1
123.99715121126688	1.0	1	1
124.09722962225257	1.0	1	1
124.19730803323826	1.0	1	1
124.29738644422395	1.0	1	1
124.39746485520963	1.0	1	1
124.49754326619531	1.0	1	1
124.597621677181	1.0	1	1
124.69770008816668	1.0	1	1
124.79777849915237	1.0	1	1
124.89785691013806	1.0	1	1
124.99793532112375	1.0	1	1
125.09801373210944	1.0	1	1
125.19809214309512	1.0	1	1
125.29817055408081	1.0	1	1
125.3982489650665	1.0	1	1
125.49832737605219	1.0	1	1
125.59840578703788	1.0	1	1
125.69848419802356	0.0	0	0
125.79856260900925	0.0	0	0
125.89864101999494	0.0	0	0
125.99871943098063	0.0	0	0
126.09879784196632	0.0	0	0
126.198876252952	0.0	0	0
126.29895466393769	0.0	0	0
126.39903307492338	0.0	0	0
126.49911148590907	1.0	1	1
126.59918989689476	1.0	1	1
126.69926830788044	1.0	1	1
126.79934671886613	1.0	1	1
126.89942512985182	1.0	1	1
126.99950354083751	1.0	1	1
127.0995819518232	2.0	2	2
127.19966036280888	2.0	2	2
127.29973877379457	2.0	2	2
127.39981718478025	2.0	2	2
127.49989559576593	2.0	2	2
127.59997400675162	3.0	3	3
127.70005241773731	3.0	3	3
127.800130828723	3.0	3	3
127.90020923970869	3.0	3	3
128.0002876506944	3.0	3	3
128.10036606168006	3.0	3	3
128.20044447266577	3.0	3	3
128.30052288365144	3.0	3	3
128.40060129463714	3.0	3	3
128.50067970562282	3.0	3	3
128.60075811660852	3.0	3	3
128.7008365275942	3.0	3	3
128.8009149385799	3.0	3	3
128.90099334956557	3.0	3	3
129.00107176055124	3.0	3	3
129.10115017153694	3.0	3	3
129.20122858252262	3.0	3	3
129.30130699350832	3.0	3	3
129.401385404494	3.0	3	3
129.5014638154797	3.0	3	3
129.60154222646537	3.0	3	3
129.70162063745107	3.0	3	3
129.80169904843675	2.0	2	2
129.90177745942245	2.0	2	2
130.00185587040812	2.0	2	2
130.10193428139382	2.0	2	2
130.2020126923795	2.0	2	2
130.3020911033652	2.0	2	2
130.40216951435087	2.0	2	2
130.50224792533658	2.0	2	2
130.60232633632225	2.0	2	2
130.70240474730795	2.0	2	2
130.80248315829363	2.0	2	2
130.90256156927933	2.0	2	2
131.002639980265	2.0	2	2
131.1027183912507	2.0	2	2
131.20279680223638	2.0	2	2
131.30287521322208	2.0	2	2
131.40295362420775	2.0	2	2
131.50303203519346	1.0	1	1
131.60311044617913	1.0	1	1
131.70318885716483	1.0	1	1
131.8032672681505	1.0	1	1
131.90334567913618	1.0	1	1
132.00342409012188	1.0	1	1
132.10350250110756	1.0	1	1
132.20358091209326	1.0	1	1
132.30365932307893	1.0	1	1
132.40373773406463	1.0	1	1
132.5038161450503	1.0	1	1
132.603894556036	1.0	1	1
132.70397296702168	1.0	1	1
132.8040513780074	1.0	1	1
132.90412978899306	1.0	1	1
133.00420819997876	1.0	1	1
133.10428661096444	1.0	1	1
133.20436502195014	0.0	0	0
133.3044434329358	0.0	0	0
133.40452184392151	0.0	0	0
133.5046002549072	0.0	0	0
133.6046786658929	1.0	1	1
133.70475707687856	1.0	1	1
133.80483548786427	1.0	1	1
133.90491389884994	1.0	1	1
134.00499230983564	1.0	1	1
134.10507072082132	1.0	1	1
134.20514913180702	1.0	1	1
134.3052275427927	1.0	1	1
134.4053059537784	1.0	1	1
134.50538436476407	1.0	1	1
134.60546277574977	1.0	1	1
134.70554118673545	2.0	2	2
134.80561959772112	2.0	2	2
134.90569800870682	2.0	2	2
135.0057764196925	2.0	2	2
135.1058548306782	2.0	2	2
135.20593324166387	2.0	2	2
135.30601165264957	2.0	2	2
135.40609006363525	2.0	2	2
135.50616847462095	2.0	2	2
135.60624688560662	3.0	3	3
135.70632529659233	3.0	3	3
135.806403707578	3.0	3	3
135.9064821185637	3.0	3	3
136.00656052954938	3.0	3	3
136.10663894053508	3.0	3	3
136.20671735152075	3.0	3	3
136.30679576250645	3.0	3	3
136.40687417349213	3.0	3	3
136.50695258447783	3.0	3	3
136.6070309954635	3.0	3	3
136.7071094064492	3.0	3	3
136.80718781743488	3.0	3	3
136.90726622842058	3.0	3	3
137.00734463940626	2.0	2	2
137.10742305039196	2.0	2	2
137.20750146137763	2.0	2	2
137.30757987236333	2.0	2	2
137.407658283349	2.0	2	2
137.5077366943347	2.0	2	2
137.60781510532038	2.0	2	2
137.70789351630606	2.0	2	2
137.80797192729176	2.0	2	2
137.90805033827743	2.0	2	2
138.00812874926314	1.0	1	1
138.1082071602488	2.0	2	2
138.2082855712345	2.0	2	2
138.3083639822202	2.0	2	2
138.4084423932059	2.0	2	2
138.50852080419156	2.0	2	2
138.60859921517726	2.0	2	2
138.70867762616294	3.0	3	3
138.80875603714864	3.0	3	3
138.90883444813431	3.0	3	3
139.00891285912002	3.0	3	3
139.1089912701057	3.0	3	3
139.2090696810914	3.0	3	3
139.30914809207707	3.0	3	3
139.40922650306277	3.0	3	3
139.50930491404844	3.0	3	3
139.60938332503414	3.0	3	3
139.70946173601982	3.0	3	3
139.80954014700552	3.0	3	3
139.9096185579912	3.0	3	3
140.0096969689769	3.0	3	3
140.10977537996257	3.0	3	3
140.20985379094827	3.0	3	3
140.30993220193395	2.0	2	2
140.41001061291965	2.0	2	2
140.51008902390532	2.0	2	2
140.610167434891	2.0	2	2
140.7102458458767	2.0	2	2
140.81032425686237	2.0	2	2
140.91040266784807	2.0	2	2
141.01048107883375	2.0	2	2
141.11055948981945	2.0	2	2
141.21063790080512	2.0	2	2
141.31071631179083	1.0	1	1
141.4107947227765	1.0	1	1
141.5108731337622	1.0	1	1
141.61095154474788	1.0	1	1
141.71102995573358	1.0	1	1
141.81110836671925	1.0	1	1
141.91118677770496	1.0	1	1
142.01126518869063	1.0	1	1
142.11134359967633	1.0	1	1
142.211422010662	1.0	1	1
142.3115004216477	1.0	1	1
142.41157883263338	1.0	1	1
142.51165724361908	1.0	1	1
142.61173565460476	1.0	1	1
142.71181406559046	1.0	1	1
142.81189247657613	1.0	1	1
142.91197088756184	1.0	1	1
143.0120492985475	1.0	1	1
143.1121277095332	1.0	1	1
143.21220612051889	1.0	1	1
143.3122845315046	1.0	1	1
143.41236294249026	1.0	1	1
143.51244135347594	1.0	1	1
143.61251976446164	1.0	1	1
143.7125981754473	1.0	1	1
143.812676586433	1.0	1	1
143.9127549974187	1.0	1	1
144.0128334084044	1.0	1	1
144.11291181939006	1.0	1	1
144.21299023037577	1.0	1	1
144.31306864136144	1.0	1	1
144.41314705234714	1.0	1	1
144.51322546333282	1.0	1	1
144.61330387431852	1.0	1	1
144.7133822853042	1.0	1	1
144.8134606962899	1.0	1	1
144.91353910727557	1.0	1	1
145.01361751826127	1.0	1	1
145.11369592924694	1.0	1	1
145.21377434023265	1.0	1	1
145.31385275121832	1.0	1	1
145.41393116220402	1.0	1	1
145.5140095731897	1.0	1	1
145.6140879841754	1.0	1	1
145.71416639516107	1.0	1	1
145.81424480614677	1.0	1	1
145.91432321713245	2.0	2	2
146.01440162811815	2.0	2	2
146.11448003910382	2.0	2	2
146.21455845008953	2.0	2	2
146.3146368610752	2.0	2	2
146.41471527206087	2.0	2	2
146.51479368304658	2.0	2	2
146.61487209403225	2.0	2	2
146.71495050501795	2.0	2	2
146.81502891600363	2.0	2	2
146.91510732698933	2.0	2	2
147.015185737975	2.0	2	2
147.1152641489607	2.0	2	2
147.21534255994638	2.0	2	2
147.31542097093208	2.0	2	2
147.41549938191775	2.0	2	2
147.51557779290346	2.0	2	2
147.61565620388913	2.0	2	2
147.71573461487483	2.0	2	2
147.8158130258605	2.0	2	2
147.9158914368462	2.0	2	2
148.01596984783188	2.0	2	2
148.11604825881759	2.0	2	2
148.21612666980326	2.0	2	2
148.31620508078896	2.0	2	2
148.41628349177464	2.0	2	2
148.51636190276034	2.0	2	2
148.616440313746	2.0	2	2
148.7165187247317	2.0	2	2
148.8165971357174	2.0	2	2
148.9166755467031	2.0	2	2
149.01675395768876	2.0	2	2
149.11683236867447	2.0	2	2
149.21691077966014	2.0	2	2
149.31698919064584	2.0	2	2
149.41706760163152	2.0	2	2
149.5171460126172	2.0	2	2
149.6172244236029	2.0	2	2
149.71730283458857	3.0	3	3
149.81738124557427	3.0	3	3
149.91745965655994	3.0	3	3
150.01753806754564	3.0	3	3
150.11761647853132	3.0	3	3
150.21769488951702	3.0	3	3
150.3177733005027	3.0	3	3
150.4178517114884	3.0	3	3
150.51793012247407	3.0	3	3
150.61800853345977	3.0	3	3
150.71808694444545	3.0	3	3
150.81816535543115	3.0	3	3
150.91824376641682	3.0	3	3
151.01832217740252	3.0	3	3
151.1184005883882	3.0	3	3
151.2184789993739	3.0	3	3
151.31855741035957	3.0	3	3
151.41863582134528	2.0	2	2
151.51871423233095	2.0	2	2
151.61879264331665	2.0	2	2
151.71887105430233	2.0	2	2
151.81894946528803	2.0	2	2
151.9190278762737	2.0	2	2
152.0191062872594	2.0	2	2
152.11918469824508	2.0	2	2
152.21926310923078	2.0	2	2
152.31934152021645	2.0	2	2
152.41941993120213	2.0	2	2
152.51949834218783	2.0	2	2
152.6195767531735	2.0	2	2
152.7196551641592	2.0	2	2
152.81973357514488	2.0	2	2
152.91981198613058	2.0	2	2
153.01989039711626	2.0	2	2
153.11996880810196	2.0	2	2
153.22004721908763	2.0	2	2
153.32012563007333	2.0	2	2
153.420204041059	2.0	2	2
153.5202824520447	2.0	2	2
153.62036086303038	2.0	2	2
153.7204392740161	2.0	2	2
153.82051768500176	2.0	2	2
153.92059609598746	2.0	2	2
154.02067450697314	2.0	2	2
154.12075291795884	1.0	1	1
154.2208313289445	1.0	1	1
154.32090973993022	1.0	1	1
154.4209881509159	1.0	1	1
154.5210665619016	1.0	1	1
154.62114497288727	1.0	1	1
154.72122338387297	1.0	1	1
154.82130179485864	1.0	1	1
154.92138020584434	1.0	1	1
155.02145861683002	1.0	1	1
155.12153702781572	1.0	1	1
155.2216154388014	1.0	1	1
155.32169384978707	1.0	1	1
155.42177226077277	1.0	1	1
155.52185067175844	1.0	1	1
155.62192908274415	1.0	1	1
155.72200749372982	1.0	1	1
155.82208590471552	1.0	1	1
155.9221643157012	1.0	1	1
156.0222427266869	1.0	1	1
156.12232113767257	1.0	1	1
156.22239954865827	1.0	1	1
156.32247795964395	1.0	1	1
156.42255637062965	0.0	0	0
156.52263478161532	0.0	0	0
156.62271319260103	0.0	0	0
156.7227916035867	0.0	0	0
156.8228700145724	0.0	0	0
156.92294842555808	0.0	0	0
157.02302683654378	0.0	0	0
157.12310524752945	0.0	0	0
157.22318365851515	0.0	0	0
157.32326206950083	0.0	0	0
157.42334048048653	0.0	0	0
157.5234188914722	0.0	0	0
157.6234973024579	0.0	0	0
157.72357571344358	0.0	0	0
157.82365412442928	0.0	0	0
157.92373253541496	0.0	0	0
158.02381094640066	0.0	0	0
158.12388935738633	0.0	0	0
158.223967768372	0.0	0	0
158.3240461793577	0.0	0	0
158.42412459034338	0.0	0	0
158.52420300132908	0.0	0	0
158.62428141231476	0.0	0	0
158.72435982330046	0.0	0	0
158.82443823428613	0.0	0	0
158.92451664527184	0.0	0	0
159.0245950562575	0.0	0	0
159.1246734672432	0.0	0	0
159.2247518782289	0.0	0	0
159.3248302892146	0.0	0	0
159.42490870020026	0.0	0	0
159.52498711118596	0.0	0	0
159.62506552217164	0.0	0	0
159.72514393315734	0.0	0	0
159.82522234414301	0.0	0	0
159.92530075512872	0.0	0	0
160.0253791661144	0.0	0	0
160.1254575771001	0.0	0	0
160.22553598808577	0.0	0	0
160.32561439907147	0.0	0	0
160.42569281005714	0.0	0	0
160.52577122104285	0.0	0	0
160.62584963202852	0.0	0	0
160.72592804301422	0.0	0	0
160.8260064539999	0.0	0	0
160.9260848649856	0.0	0	0
161.02616327597127	0.0	0	0
161.12624168695694	0.0	0	0
161.22632009794265	0.0	0	0
161.32639850892832	0.0	0	0
161.42647691991402	0.0	0	0
161.5265553308997	1.0	1	1
161.6266337418854	1.0	1	1
161.72671215287107	1.0	1	1
161.82679056385678	1.0	1	1
161.92686897484245	1.0	1	1
162.02694738582815	2.0	2	2
162.12702579681383	2.0	2	2
162.22710420779953	2.0	2	2
162.3271826187852	2.0	2	2
162.4272610297709	2.0	2	2
162.52733944075658	3.0	3	3
162.62741785174228	3.0	3	3
162.72749626272795	3.0	3	3
162.82757467371366	3.0	3	3
162.92765308469933	3.0	3	3
163.02773149568503	3.0	3	3
163.1278099066707	4.0	4	4
163.2278883176564	4.0	4	4
163.32796672864208	4.0	4	4
163.42804513962778	4.0	4	4
163.52812355061346	4.0	4	4
163.62820196159916	4.0	4	4
163.72828037258483	5.0	5	5
163.82835878357054	5.0	5	5
163.9284371945562	5.0	5	5
164.02851560554188	5.0	5	5
164.1285940165276	5.0	5	5
164.22867242751326	5.0	5	5
164.32875083849896	5.0	5	5
164.42882924948464	5.0	5	5
164.52890766047034	5.0	5	5
164.628986071456	5.0	5	5
164.72906448244171	5.0	5	5
164.8291428934274	4.0	4	4
164.9292213044131	4.0	4	4
165.02929971539876	4.0	4	4
165.12937812638447	4.0	4	4
165.22945653737014	4.0	4	4
165.32953494835584	4.0	4	4
165.42961335934152	4.0	4	4
165.52969177032722	4.0	4	4
165.6297701813129	4.0	4	4
165.7298485922986	4.0	4	4
165.82992700328427	4.0	4	4
165.93000541426997	3.0	3	3
166.03008382525564	2.0	2	2
166.13016223624135	3.0	3	3
166.23024064722702	3.0	3	3
166.33031905821272	3.0	3	3
166.4303974691984	3.0	3	3
166.5304758801841	3.0	3	3
166.63055429116977	4.0	4	4
166.73063270215548	4.0	4	4
166.83071111314115	4.0	4	4
166.93078952412682	5.0	5	5
167.03086793511252	5.0	5	5
167.1309463460982	5.0	5	5
167.2310247570839	5.0	5	5
167.33110316806957	5.0	5	5
167.43118157905528	4.0	4	4
167.53125999004095	4.0	4	4
167.63133840102665	4.0	4	4
167.73141681201233	4.0	4	4
167.83149522299803	4.0	4	4
167.9315736339837	3.0	3	3
168.0316520449694	3.0	3	3
168.13173045595508	3.0	3	3
168.23180886694078	3.0	3	3
168.33188727792646	3.0	3	3
168.43196568891216	2.0	2	2
168.53204409989783	2.0	2	2
168.63212251088353	2.0	2	2
168.7322009218692	1.0	1	1
168.8322793328549	1.0	1	1
168.93235774384058	1.0	1	1
169.03243615482629	2.0	2	2
169.13251456581196	2.0	2	2
169.23259297679766	2.0	2	2
169.33267138778334	2.0	2	2
169.43274979876904	2.0	2	2
169.5328282097547	2.0	2	2
169.6329066207404	2.0	2	2
169.7329850317261	2.0	2	2
169.83306344271176	2.0	2	2
169.93314185369746	2.0	2	2
170.03322026468314	2.0	2	2
170.13329867566884	3.0	3	3
170.2333770866545	3.0	3	3
170.33345549764022	3.0	3	3
170.4335339086259	3.0	3	3
170.5336123196116	3.0	3	3
170.63369073059727	3.0	3	3
170.73376914158297	3.0	3	3
170.83384755256864	3.0	3	3
170.93392596355434	3.0	3	3
171.03400437454002	3.0	3	3
171.13408278552572	3.0	3	3
171.2341611965114	3.0	3	3
171.3342396074971	3.0	3	3
171.43431801848277	3.0	3	3
171.53439642946847	4.0	4	4
171.63447484045415	4.0	4	4
171.73455325143985	4.0	4	4
171.83463166242552	4.0	4	4
171.93471007341122	3.0	3	3
172.0347884843969	3.0	3	3
172.1348668953826	3.0	3	3
172.23494530636827	3.0	3	3
172.33502371735398	3.0	3	3
172.43510212833965	3.0	3	3
172.53518053932535	3.0	3	3
172.63525895031103	3.0	3	3
172.73533736129673	3.0	3	3
172.8354157722824	3.0	3	3
172.93549418326808	3.0	3	3
173.03557259425378	3.0	3	3
173.13565100523945	3.0	3	3
173.23572941622515	3.0	3	3
173.33580782721083	3.0	3	3
173.43588623819653	3.0	3	3
173.5359646491822	3.0	3	3
173.6360430601679	3.0	3	3
173.73612147115358	3.0	3	3
173.83619988213928	3.0	3	3
173.93627829312496	3.0	3	3
174.03635670411066	3.0	3	3
174.13643511509633	3.0	3	3
174.23651352608204	3.0	3	3
174.3365919370677	3.0	3	3
174.4366703480534	3.0	3	3
174.53674875903909	3.0	3	3
174.6368271700248	3.0	3	3
174.73690558101046	3.0	3	3
174.83698399199616	3.0	3	3
174.93706240298184	3.0	3	3
175.03714081396754	3.0	3	3
175.1372192249532	3.0	3	3
175.23729763593892	3.0	3	3
175.3373760469246	3.0	3	3
175.4374544579103	3.0	3	3
175.53753286889597	3.0	3	3
175.63761127988167	3.0	3	3
175.73768969086734	3.0	3	3
175.83776810185302	3.0	3	3
175.93784651283872	3.0	3	3
176.0379249238244	3.0	3	3
176.1380033348101	3.0	3	3
176.23808174579577	3.0	3	3
176.33816015678147	3.0	3	3
176.43823856776714	3.0	3	3
176.53831697875285	3.0	3	3
176.63839538973852	3.0	3	3
176.73847380072422	3.0	3	3
176.8385522117099	3.0	3	3
176.9386306226956	3.0	3	3
177.03870903368127	3.0	3	3
177.13878744466697	3.0	3	3
177.23886585565265	3.0	3	3
177.33894426663835	3.0	3	3
177.43902267762402	3.0	3	3
177.53910108860973	4.0	4	4
177.6391794995954	4.0	4	4
177.7392579105811	4.0	4	4
177.83933632156678	4.0	4	4
177.93941473255248	4.0	4	4
178.03949314353815	4.0	4	4
178.13957155452385	4.0	4	4
178.23964996550953	4.0	4	4
178.33972837649523	4.0	4	4
178.4398067874809	4.0	4	4
178.5398851984666	4.0	4	4
178.63996360945228	4.0	4	4
178.74004202043795	3.0	3	3
178.84012043142366	3.0	3	3
178.94019884240933	3.0	3	3
179.04027725339503	3.0	3	3
179.1403556643807	3.0	3	3
179.2404340753664	3.0	3	3
179.34051248635208	3.0	3	3
179.44059089733778	3.0	3	3
179.54066930832346	3.0	3	3
179.64074771930916	3.0	3	3
179.74082613029483	3.0	3	3
179.84090454128054	3.0	3	3
179.9409829522662	3.0	3	3
180.0410613632519	3.0	3	3
180.1411397742376	3.0	3	3
180.2412181852233	3.0	3	3
180.34129659620896	3.0	3	3
180.44137500719467	3.0	3	3
180.54145341818034	3.0	3	3
180.64153182916604	3.0	3	3
180.74161024015172	3.0	3	3
180.84168865113742	3.0	3	3
180.9417670621231	3.0	3	3
181.0418454731088	3.0	3	3
181.14192388409447	3.0	3	3
181.24200229508017	3.0	3	3
181.34208070606584	3.0	3	3
181.44215911705155	3.0	3	3
181.54223752803722	2.0	2	2
181.6423159390229	1.0	1	1
181.7423943500086	1.0	1	1
