time	diversity	m_div	M_div
0.0	2.0	2	2
0.10009164953260133	2.0	2	2
0.20018329906520266	2.0	2	2
0.300274948597804	2.0	2	2
0.4003665981304053	2.0	2	2
0.5004582476630066	2.0	2	2
0.600549897195608	2.0	2	2
0.7006415467282093	2.0	2	2
0.8007331962608106	2.0	2	2
0.9008248457934119	1.0	1	1
1.0009164953260132	1.0	1	1
1.1010081448586146	1.0	1	1
1.201099794391216	1.0	1	1
1.3011914439238172	1.0	1	1
1.4012830934564187	1.0	1	1
1.5013747429890199	1.0	1	1
1.6014663925216213	1.0	1	1
1.7015580420542227	1.0	1	1
1.8016496915868239	1.0	1	1
1.9017413411194253	2.0	2	2
2.0018329906520265	2.0	2	2
2.101924640184628	2.0	2	2
2.2020162897172293	2.0	2	2
2.3021079392498307	2.0	2	2
2.402199588782432	2.0	2	2
2.502291238315033	2.0	2	2
2.6023828878476345	2.0	2	2
2.702474537380236	2.0	2	2
2.8025661869128373	2.0	2	2
2.9026578364454387	2.0	2	2
3.0027494859780397	2.0	2	2
3.102841135510641	2.0	2	2
3.2029327850432425	3.0	3	3
3.303024434575844	3.0	3	3
3.4031160841084453	3.0	3	3
3.5032077336410463	3.0	3	3
3.6032993831736477	3.0	3	3
3.703391032706249	3.0	3	3
3.8034826822388506	4.0	4	4
3.903574331771452	4.0	4	4
4.003665981304053	4.0	4	4
4.103757630836655	4.0	4	4
4.203849280369256	4.0	4	4
4.303940929901857	4.0	4	4
4.404032579434459	4.0	4	4
4.5041242289670596	4.0	4	4
4.604215878499661	4.0	4	4
4.704307528032262	4.0	4	4
4.804399177564864	4.0	4	4
4.904490827097465	4.0	4	4
5.004582476630066	4.0	4	4
5.104674126162668	4.0	4	4
5.204765775695269	4.0	4	4
5.304857425227871	4.0	4	4
5.404949074760472	4.0	4	4
5.505040724293073	4.0	4	4
5.605132373825675	4.0	4	4
5.705224023358276	4.0	4	4
5.8053156728908775	4.0	4	4
5.905407322423478	4.0	4	4
6.005498971956079	4.0	4	4
6.105590621488681	4.0	4	4
6.205682271021282	4.0	4	4
6.305773920553884	4.0	4	4
6.405865570086485	4.0	4	4
6.505957219619086	4.0	4	4
6.606048869151688	4.0	4	4
6.706140518684289	4.0	4	4
6.806232168216891	4.0	4	4
6.906323817749492	4.0	4	4
7.006415467282093	4.0	4	4
7.1065071168146945	4.0	4	4
7.2065987663472955	4.0	4	4
7.306690415879897	4.0	4	4
7.406782065412498	4.0	4	4
7.506873714945099	4.0	4	4
7.606965364477701	4.0	4	4
7.707057014010302	4.0	4	4
7.807148663542904	4.0	4	4
7.907240313075505	4.0	4	4
8.007331962608106	4.0	4	4
8.107423612140707	4.0	4	4
8.20751526167331	4.0	4	4
8.30760691120591	4.0	4	4
8.407698560738512	4.0	4	4
8.507790210271112	4.0	4	4
8.607881859803713	4.0	4	4
8.707973509336316	4.0	4	4
8.808065158868917	4.0	4	4
8.908156808401518	4.0	4	4
9.008248457934119	4.0	4	4
9.10834010746672	4.0	4	4
9.208431756999323	4.0	4	4
9.308523406531924	4.0	4	4
9.408615056064525	4.0	4	4
9.508706705597126	4.0	4	4
9.608798355129728	4.0	4	4
9.70889000466233	4.0	4	4
9.80898165419493	4.0	4	4
9.909073303727531	4.0	4	4
10.009164953260132	4.0	4	4
10.109256602792735	4.0	4	4
10.209348252325336	4.0	4	4
10.309439901857937	4.0	4	4
10.409531551390538	4.0	4	4
10.509623200923139	4.0	4	4
10.609714850455742	4.0	4	4
10.709806499988343	4.0	4	4
10.809898149520944	4.0	4	4
10.909989799053545	4.0	4	4
11.010081448586146	4.0	4	4
11.110173098118748	4.0	4	4
11.21026474765135	4.0	4	4
11.31035639718395	4.0	4	4
11.410448046716551	4.0	4	4
11.510539696249152	4.0	4	4
11.610631345781755	4.0	4	4
11.710722995314356	4.0	4	4
11.810814644846957	4.0	4	4
11.910906294379558	4.0	4	4
12.010997943912159	4.0	4	4
12.111089593444762	4.0	4	4
12.211181242977363	4.0	4	4
12.311272892509963	4.0	4	4
12.411364542042564	4.0	4	4
12.511456191575165	4.0	4	4
12.611547841107768	4.0	4	4
12.71163949064037	4.0	4	4
12.81173114017297	4.0	4	4
12.911822789705571	4.0	4	4
13.011914439238172	4.0	4	4
13.112006088770775	4.0	4	4
13.212097738303376	4.0	4	4
13.312189387835977	4.0	4	4
13.412281037368578	4.0	4	4
13.512372686901179	4.0	4	4
13.612464336433781	4.0	4	4
13.712555985966382	4.0	4	4
13.812647635498983	4.0	4	4
13.912739285031584	4.0	4	4
14.012830934564185	4.0	4	4
14.112922584096788	4.0	4	4
14.213014233629389	4.0	4	4
14.31310588316199	4.0	4	4
14.413197532694591	4.0	4	4
14.513289182227192	5.0	5	5
14.613380831759795	5.0	5	5
14.713472481292396	5.0	5	5
14.813564130824997	5.0	5	5
14.913655780357598	5.0	5	5
15.013747429890199	5.0	5	5
15.113839079422801	5.0	5	5
15.213930728955402	5.0	5	5
15.314022378488003	5.0	5	5
15.414114028020604	5.0	5	5
15.514205677553205	5.0	5	5
15.614297327085808	5.0	5	5
15.714388976618409	5.0	5	5
15.81448062615101	5.0	5	5
15.91457227568361	5.0	5	5
16.01466392521621	5.0	5	5
16.114755574748813	5.0	5	5
16.214847224281414	5.0	5	5
16.314938873814018	5.0	5	5
16.41503052334662	5.0	5	5
16.51512217287922	5.0	5	5
16.61521382241182	5.0	5	5
16.715305471944422	5.0	5	5
16.815397121477023	5.0	5	5
16.915488771009624	5.0	5	5
17.015580420542225	5.0	5	5
17.115672070074826	5.0	5	5
17.215763719607427	5.0	5	5
17.31585536914003	5.0	5	5
17.415947018672632	5.0	5	5
17.516038668205233	5.0	5	5
17.616130317737834	5.0	5	5
17.716221967270435	5.0	5	5
17.816313616803036	5.0	5	5
17.916405266335637	5.0	5	5
18.016496915868238	5.0	5	5
18.11658856540084	5.0	5	5
18.21668021493344	5.0	5	5
18.316771864466045	5.0	5	5
18.416863513998646	5.0	5	5
18.516955163531247	5.0	5	5
18.617046813063848	5.0	5	5
18.71713846259645	5.0	5	5
18.81723011212905	5.0	5	5
18.91732176166165	5.0	5	5
19.01741341119425	5.0	5	5
19.117505060726852	5.0	5	5
19.217596710259457	5.0	5	5
19.317688359792058	5.0	5	5
19.41778000932466	5.0	5	5
19.51787165885726	5.0	5	5
19.61796330838986	5.0	5	5
19.71805495792246	5.0	5	5
19.818146607455063	5.0	5	5
19.918238256987664	5.0	5	5
20.018329906520265	5.0	5	5
20.118421556052866	5.0	5	5
20.21851320558547	5.0	5	5
20.31860485511807	5.0	5	5
20.418696504650672	5.0	5	5
20.518788154183273	4.0	4	4
20.618879803715874	4.0	4	4
20.718971453248475	4.0	4	4
20.819063102781076	4.0	4	4
20.919154752313677	4.0	4	4
21.019246401846278	4.0	4	4
21.11933805137888	4.0	4	4
21.219429700911483	4.0	4	4
21.319521350444084	4.0	4	4
21.419612999976685	4.0	4	4
21.519704649509286	4.0	4	4
21.619796299041887	2.0	2	2
21.71988794857449	2.0	2	2
21.81997959810709	2.0	2	2
21.92007124763969	2.0	2	2
22.02016289717229	2.0	2	2
22.120254546704892	2.0	2	2
22.220346196237497	2.0	2	2
22.320437845770098	2.0	2	2
22.4205294953027	2.0	2	2
22.5206211448353	2.0	2	2
22.6207127943679	2.0	2	2
22.7208044439005	2.0	2	2
22.820896093433102	2.0	2	2
22.920987742965703	2.0	2	2
23.021079392498304	2.0	2	2
23.121171042030905	2.0	2	2
23.22126269156351	2.0	2	2
23.32135434109611	2.0	2	2
23.421445990628712	2.0	2	2
23.521537640161313	2.0	2	2
23.621629289693914	2.0	2	2
23.721720939226515	2.0	2	2
23.821812588759116	2.0	2	2
23.921904238291717	2.0	2	2
24.021995887824318	2.0	2	2
24.12208753735692	2.0	2	2
24.222179186889523	2.0	2	2
24.322270836422124	2.0	2	2
24.422362485954725	2.0	2	2
24.522454135487326	2.0	2	2
24.622545785019927	2.0	2	2
24.722637434552528	2.0	2	2
24.82272908408513	2.0	2	2
24.92282073361773	2.0	2	2
25.02291238315033	2.0	2	2
25.123004032682932	2.0	2	2
25.223095682215536	2.0	2	2
25.323187331748137	2.0	2	2
25.42327898128074	2.0	2	2
25.52337063081334	2.0	2	2
25.62346228034594	1.0	1	1
25.72355392987854	1.0	1	1
25.823645579411142	1.0	1	1
25.923737228943743	0.0	0	0
26.023828878476344	0.0	0	0
26.12392052800895	0.0	0	0
26.22401217754155	0.0	0	0
26.32410382707415	0.0	0	0
26.42419547660675	0.0	0	0
26.524287126139352	0.0	0	0
26.624378775671953	0.0	0	0
26.724470425204554	0.0	0	0
26.824562074737155	0.0	0	0
26.924653724269756	0.0	0	0
27.024745373802357	0.0	0	0
27.124837023334962	0.0	0	0
27.224928672867563	0.0	0	0
27.325020322400164	0.0	0	0
27.425111971932765	0.0	0	0
27.525203621465366	0.0	0	0
27.625295270997967	0.0	0	0
27.725386920530568	0.0	0	0
27.82547857006317	0.0	0	0
27.92557021959577	0.0	0	0
28.02566186912837	0.0	0	0
28.125753518660975	0.0	0	0
28.225845168193576	0.0	0	0
28.325936817726177	0.0	0	0
28.426028467258778	0.0	0	0
28.52612011679138	0.0	0	0
28.62621176632398	0.0	0	0
28.72630341585658	0.0	0	0
28.826395065389182	0.0	0	0
28.926486714921783	0.0	0	0
29.026578364454384	0.0	0	0
29.12667001398699	0.0	0	0
29.22676166351959	0.0	0	0
29.32685331305219	0.0	0	0
29.42694496258479	0.0	0	0
29.527036612117392	0.0	0	0
29.627128261649993	0.0	0	0
29.727219911182594	0.0	0	0
29.827311560715195	0.0	0	0
29.927403210247796	0.0	0	0
30.027494859780397	0.0	0	0
30.127586509313	0.0	0	0
30.227678158845602	0.0	0	0
30.327769808378203	0.0	0	0
30.427861457910804	0.0	0	0
30.527953107443405	0.0	0	0
30.628044756976006	0.0	0	0
30.728136406508607	0.0	0	0
30.82822805604121	0.0	0	0
30.92831970557381	0.0	0	0
31.02841135510641	0.0	0	0
31.128503004639015	0.0	0	0
31.228594654171616	0.0	0	0
31.328686303704217	0.0	0	0
31.428777953236818	0.0	0	0
31.52886960276942	0.0	0	0
31.62896125230202	0.0	0	0
31.72905290183462	0.0	0	0
31.82914455136722	0.0	0	0
31.929236200899823	0.0	0	0
32.02932785043242	0.0	0	0
32.129419499965024	0.0	0	0
32.229511149497625	0.0	0	0
32.329602799030226	0.0	0	0
32.42969444856283	0.0	0	0
32.529786098095435	0.0	0	0
32.629877747628036	0.0	0	0
32.72996939716064	0.0	0	0
32.83006104669324	0.0	0	0
32.93015269622584	0.0	0	0
33.03024434575844	0.0	0	0
33.13033599529104	0.0	0	0
33.23042764482364	0.0	0	0
33.33051929435624	0.0	0	0
33.430610943888844	0.0	0	0
33.530702593421445	0.0	0	0
33.630794242954046	0.0	0	0
33.73088589248665	0.0	0	0
33.83097754201925	0.0	0	0
33.93106919155185	0.0	0	0
34.03116084108445	0.0	0	0
34.13125249061705	0.0	0	0
34.23134414014965	0.0	0	0
34.33143578968225	1.0	1	1
34.431527439214854	1.0	1	1
34.53161908874746	1.0	1	1
34.63171073828006	1.0	1	1
34.731802387812664	1.0	1	1
34.831894037345265	1.0	1	1
34.931985686877866	1.0	1	1
35.03207733641047	1.0	1	1
35.13216898594307	1.0	1	1
35.23226063547567	1.0	1	1
35.33235228500827	1.0	1	1
35.43244393454087	1.0	1	1
35.53253558407347	1.0	1	1
35.63262723360607	1.0	1	1
35.73271888313867	1.0	1	1
35.832810532671274	1.0	1	1
35.932902182203875	1.0	1	1
36.032993831736476	1.0	1	1
36.13308548126908	1.0	1	1
36.23317713080168	1.0	1	1
36.33326878033428	1.0	1	1
36.43336042986688	1.0	1	1
36.53345207939949	1.0	1	1
36.63354372893209	1.0	1	1
36.73363537846469	1.0	1	1
36.83372702799729	1.0	1	1
36.93381867752989	1.0	1	1
37.03391032706249	1.0	1	1
37.134001976595094	1.0	1	1
37.234093626127695	1.0	1	1
37.334185275660296	1.0	1	1
37.4342769251929	1.0	1	1
37.5343685747255	1.0	1	1
37.6344602242581	1.0	1	1
37.7345518737907	2.0	2	2
37.8346435233233	2.0	2	2
37.9347351728559	3.0	3	3
38.0348268223885	3.0	3	3
38.134918471921104	3.0	3	3
38.235010121453705	3.0	3	3
38.335101770986306	3.0	3	3
38.435193420518914	3.0	3	3
38.535285070051515	3.0	3	3
38.635376719584116	4.0	4	4
38.73546836911672	4.0	4	4
38.83556001864932	4.0	4	4
38.93565166818192	4.0	4	4
39.03574331771452	4.0	4	4
39.13583496724712	4.0	4	4
39.23592661677972	6.0	6	6
39.33601826631232	7.0	7	7
39.43610991584492	7.0	7	7
39.536201565377525	8.0	8	8
39.636293214910125	10.0	10	10
39.736384864442726	9.0	9	9
39.83647651397533	9.0	9	9
39.93656816350793	9.0	9	9
40.03665981304053	9.0	9	9
40.13675146257313	9.0	9	9
40.23684311210573	9.0	9	9
40.33693476163833	9.0	9	9
40.43702641117094	9.0	9	9
40.53711806070354	9.0	9	9
40.63720971023614	9.0	9	9
40.73730135976874	9.0	9	9
40.837393009301344	9.0	9	9
40.937484658833945	10.0	10	10
41.037576308366546	10.0	10	10
41.13766795789915	10.0	10	10
41.23775960743175	10.0	10	10
41.33785125696435	10.0	10	10
41.43794290649695	10.0	10	10
41.53803455602955	10.0	10	10
41.63812620556215	10.0	10	10
41.73821785509475	10.0	10	10
41.838309504627354	10.0	10	10
41.938401154159955	10.0	10	10
42.038492803692556	10.0	10	10
42.13858445322516	10.0	10	10
42.23867610275776	10.0	10	10
42.33876775229036	10.0	10	10
42.43885940182297	10.0	10	10
42.53895105135557	10.0	10	10
42.63904270088817	10.0	10	10
42.73913435042077	11.0	11	11
42.83922599995337	11.0	11	11
42.93931764948597	11.0	11	11
43.03940929901857	11.0	11	11
43.139500948551174	11.0	11	11
43.239592598083775	11.0	11	11
43.339684247616376	11.0	11	11
43.43977589714898	11.0	11	11
43.53986754668158	11.0	11	11
43.63995919621418	11.0	11	11
43.74005084574678	11.0	11	11
43.84014249527938	11.0	11	11
43.94023414481198	11.0	11	11
44.04032579434458	11.0	11	11
44.14041744387718	11.0	11	11
44.240509093409784	11.0	11	11
44.340600742942385	11.0	11	11
44.44069239247499	11.0	11	11
44.540784042007594	11.0	11	11
44.640875691540195	11.0	11	11
44.740967341072796	11.0	11	11
44.8410589906054	11.0	11	11
44.941150640138	11.0	11	11
45.0412422896706	11.0	11	11
45.1413339392032	11.0	11	11
45.2414255887358	11.0	11	11
45.3415172382684	11.0	11	11
45.441608887801	11.0	11	11
45.541700537333604	11.0	11	11
45.641792186866205	11.0	11	11
45.741883836398806	11.0	11	11
45.84197548593141	11.0	11	11
45.94206713546401	12.0	12	12
46.04215878499661	12.0	12	12
46.14225043452921	12.0	12	12
46.24234208406181	12.0	12	12
46.34243373359442	12.0	12	12
46.44252538312702	12.0	12	12
46.54261703265962	12.0	12	12
46.64270868219222	12.0	12	12
46.74280033172482	12.0	12	12
46.842891981257424	12.0	12	12
46.942983630790025	12.0	12	12
47.043075280322626	12.0	12	12
47.14316692985523	12.0	12	12
47.24325857938783	12.0	12	12
47.34335022892043	14.0	14	14
47.44344187845303	14.0	14	14
47.54353352798563	14.0	14	14
47.64362517751823	14.0	14	14
47.74371682705083	14.0	14	14
47.84380847658343	15.0	15	15
47.943900126116034	15.0	15	15
48.043991775648635	15.0	15	15
48.144083425181236	16.0	16	16
48.24417507471384	16.0	16	16
48.344266724246445	16.0	16	16
48.444358373779046	16.0	16	16
48.54445002331165	16.0	16	16
48.64454167284425	16.0	16	16
48.74463332237685	17.0	17	17
48.84472497190945	17.0	17	17
48.94481662144205	17.0	17	17
49.04490827097465	17.0	17	17
49.14499992050725	18.0	18	18
49.245091570039854	18.0	18	18
49.345183219572455	18.0	18	18
49.445274869105056	18.0	18	18
49.54536651863766	18.0	18	18
49.64545816817026	18.0	18	18
49.74554981770286	18.0	18	18
49.84564146723546	17.0	17	17
49.94573311676806	17.0	17	17
50.04582476630066	17.0	17	17
50.14591641583326	16.0	16	16
50.246008065365864	16.0	16	16
50.34609971489847	16.0	16	16
50.44619136443107	16.0	16	16
50.546283013963674	14.0	14	14
50.646374663496275	13.0	13	13
50.746466313028876	13.0	13	13
50.84655796256148	14.0	14	14
50.94664961209408	15.0	15	15
51.04674126162668	15.0	15	15
51.14683291115928	14.0	14	14
51.24692456069188	14.0	14	14
51.34701621022448	14.0	14	14
51.44710785975708	14.0	14	14
51.54719950928968	14.0	14	14
51.647291158822284	14.0	14	14
51.747382808354885	14.0	14	14
51.847474457887486	14.0	14	14
51.94756610742009	15.0	15	15
52.04765775695269	15.0	15	15
52.14774940648529	15.0	15	15
52.2478410560179	15.0	15	15
52.3479327055505	15.0	15	15
52.4480243550831	15.0	15	15
52.5481160046157	15.0	15	15
52.6482076541483	15.0	15	15
52.7482993036809	15.0	15	15
52.8483909532135	15.0	15	15
52.948482602746104	15.0	15	15
53.048574252278705	14.0	14	14
53.148665901811306	14.0	14	14
53.24875755134391	14.0	14	14
53.34884920087651	12.0	12	12
53.44894085040911	12.0	12	12
53.54903249994171	12.0	12	12
53.64912414947431	12.0	12	12
53.74921579900691	12.0	12	12
53.84930744853951	12.0	12	12
53.949399098072114	11.0	11	11
54.049490747604715	11.0	11	11
54.149582397137316	10.0	10	10
54.249674046669924	10.0	10	10
54.349765696202525	10.0	10	10
54.449857345735126	10.0	10	10
54.54994899526773	10.0	10	10
54.65004064480033	10.0	10	10
54.75013229433293	10.0	10	10
54.85022394386553	11.0	11	11
54.95031559339813	11.0	11	11
55.05040724293073	10.0	10	10
55.15049889246333	11.0	11	11
55.25059054199593	11.0	11	11
55.350682191528534	11.0	11	11
55.450773841061135	11.0	11	11
55.550865490593736	11.0	11	11
55.65095714012634	11.0	11	11
55.75104878965894	11.0	11	11
55.85114043919154	11.0	11	11
55.95123208872414	11.0	11	11
56.05132373825674	13.0	13	13
56.15141538778934	13.0	13	13
56.25150703732195	15.0	15	15
56.35159868685455	15.0	15	15
56.45169033638715	15.0	15	15
56.55178198591975	15.0	15	15
56.651873635452354	14.0	14	14
56.751965284984955	13.0	13	13
56.852056934517556	13.0	13	13
56.95214858405016	12.0	12	12
57.05224023358276	13.0	13	13
57.15233188311536	13.0	13	13
57.25242353264796	13.0	13	13
57.35251518218056	9.0	9	9
57.45260683171316	9.0	9	9
57.55269848124576	7.0	7	7
57.652790130778364	6.0	6	6
57.752881780310965	5.0	5	5
57.852973429843566	5.0	5	5
57.95306507937617	5.0	5	5
58.05315672890877	5.0	5	5
58.153248378441376	5.0	5	5
58.25334002797398	5.0	5	5
58.35343167750658	5.0	5	5
58.45352332703918	5.0	5	5
58.55361497657178	6.0	6	6
58.65370662610438	6.0	6	6
58.75379827563698	6.0	6	6
58.85388992516958	6.0	6	6
58.95398157470218	5.0	5	5
59.054073224234784	4.0	4	4
59.154164873767385	5.0	5	5
59.254256523299986	5.0	5	5
59.35434817283259	5.0	5	5
59.45443982236519	5.0	5	5
59.55453147189779	5.0	5	5
59.65462312143039	5.0	5	5
59.75471477096299	5.0	5	5
59.85480642049559	6.0	6	6
59.95489807002819	6.0	6	6
60.054989719560794	6.0	6	6
60.1550813690934	5.0	5	5
60.255173018626	5.0	5	5
60.355264668158604	5.0	5	5
60.455356317691205	5.0	5	5
60.555447967223806	5.0	5	5
60.65553961675641	5.0	5	5
60.75563126628901	5.0	5	5
60.85572291582161	5.0	5	5
60.95581456535421	5.0	5	5
61.05590621488681	6.0	6	6
61.15599786441941	6.0	6	6
61.25608951395201	6.0	6	6
61.356181163484614	5.0	5	5
61.456272813017215	5.0	5	5
61.556364462549816	5.0	5	5
61.65645611208242	5.0	5	5
61.75654776161502	5.0	5	5
61.85663941114762	5.0	5	5
61.95673106068022	5.0	5	5
62.05682271021282	5.0	5	5
62.15691435974543	5.0	5	5
62.25700600927803	5.0	5	5
62.35709765881063	5.0	5	5
62.45718930834323	5.0	5	5
62.55728095787583	5.0	5	5
62.65737260740843	5.0	5	5
62.757464256941034	5.0	5	5
62.857555906473635	6.0	6	6
62.957647556006236	6.0	6	6
63.05773920553884	6.0	6	6
63.15783085507144	7.0	7	7
63.25792250460404	7.0	7	7
63.35801415413664	7.0	7	7
63.45810580366924	8.0	8	8
63.55819745320184	7.0	7	7
63.65828910273444	7.0	7	7
63.758380752267044	7.0	7	7
63.858472401799645	7.0	7	7
63.958564051332246	6.0	6	6
64.05865570086485	6.0	6	6
64.15874735039745	6.0	6	6
64.25883899993005	6.0	6	6
64.35893064946265	6.0	6	6
64.45902229899525	5.0	5	5
64.55911394852785	5.0	5	5
64.65920559806045	5.0	5	5
64.75929724759305	5.0	5	5
64.85938889712565	5.0	5	5
64.95948054665826	5.0	5	5
65.05957219619087	5.0	5	5
65.15966384572347	5.0	5	5
65.25975549525607	5.0	5	5
65.35984714478867	7.0	7	7
65.45993879432127	8.0	8	8
65.56003044385388	9.0	9	9
65.66012209338648	9.0	9	9
65.76021374291908	11.0	11	11
65.86030539245168	14.0	14	14
65.96039704198428	15.0	15	15
66.06048869151688	15.0	15	15
66.16058034104948	15.0	15	15
66.26067199058208	15.0	15	15
66.36076364011468	15.0	15	15
66.46085528964728	16.0	16	16
66.56094693917989	16.0	16	16
66.66103858871249	17.0	17	17
66.76113023824509	16.0	16	16
66.86122188777769	16.0	16	16
66.96131353731029	17.0	17	17
67.06140518684289	17.0	17	17
67.16149683637549	17.0	17	17
67.26158848590809	17.0	17	17
67.3616801354407	17.0	17	17
67.4617717849733	16.0	16	16
67.5618634345059	18.0	18	18
67.6619550840385	18.0	18	18
67.7620467335711	19.0	19	19
67.8621383831037	19.0	19	19
67.9622300326363	19.0	19	19
68.0623216821689	19.0	19	19
68.1624133317015	19.0	19	19
68.2625049812341	19.0	19	19
68.3625966307667	19.0	19	19
68.4626882802993	19.0	19	19
68.5627799298319	19.0	19	19
68.6628715793645	19.0	19	19
68.7629632288971	19.0	19	19
68.86305487842971	20.0	20	20
68.96314652796231	20.0	20	20
69.06323817749492	19.0	19	19
69.16332982702752	17.0	17	17
69.26342147656013	17.0	17	17
69.36351312609273	16.0	16	16
69.46360477562533	16.0	16	16
69.56369642515793	16.0	16	16
69.66378807469053	16.0	16	16
69.76387972422313	16.0	16	16
69.86397137375573	16.0	16	16
69.96406302328833	16.0	16	16
70.06415467282093	15.0	15	15
70.16424632235353	16.0	16	16
70.26433797188614	15.0	15	15
70.36442962141874	15.0	15	15
70.46452127095134	15.0	15	15
70.56461292048394	15.0	15	15
70.66470457001654	16.0	16	16
70.76479621954914	17.0	17	17
70.86488786908174	16.0	16	16
70.96497951861434	16.0	16	16
71.06507116814694	16.0	16	16
71.16516281767954	16.0	16	16
71.26525446721215	16.0	16	16
71.36534611674475	16.0	16	16
71.46543776627735	16.0	16	16
71.56552941580995	16.0	16	16
71.66562106534255	16.0	16	16
71.76571271487515	16.0	16	16
71.86580436440775	15.0	15	15
71.96589601394035	14.0	14	14
72.06598766347295	14.0	14	14
72.16607931300555	14.0	14	14
72.26617096253815	13.0	13	13
72.36626261207076	12.0	12	12
72.46635426160336	12.0	12	12
72.56644591113596	12.0	12	12
72.66653756066856	12.0	12	12
72.76662921020116	12.0	12	12
72.86672085973376	12.0	12	12
72.96681250926638	12.0	12	12
73.06690415879898	13.0	13	13
73.16699580833158	13.0	13	13
73.26708745786418	13.0	13	13
73.36717910739678	12.0	12	12
73.46727075692938	13.0	13	13
73.56736240646198	13.0	13	13
73.66745405599458	13.0	13	13
73.76754570552718	14.0	14	14
73.86763735505978	15.0	15	15
73.96772900459239	15.0	15	15
74.06782065412499	15.0	15	15
74.16791230365759	15.0	15	15
74.26800395319019	15.0	15	15
74.36809560272279	15.0	15	15
74.46818725225539	15.0	15	15
74.56827890178799	15.0	15	15
74.66837055132059	15.0	15	15
74.7684622008532	15.0	15	15
74.8685538503858	15.0	15	15
74.9686454999184	15.0	15	15
75.068737149451	15.0	15	15
75.1688287989836	15.0	15	15
75.2689204485162	15.0	15	15
75.3690120980488	15.0	15	15
75.4691037475814	15.0	15	15
75.569195397114	14.0	14	14
75.6692870466466	14.0	14	14
75.7693786961792	14.0	14	14
75.8694703457118	14.0	14	14
75.9695619952444	14.0	14	14
76.069653644777	14.0	14	14
76.1697452943096	14.0	14	14
76.26983694384221	14.0	14	14
76.36992859337481	14.0	14	14
76.47002024290741	14.0	14	14
76.57011189244001	14.0	14	14
76.67020354197261	14.0	14	14
76.77029519150521	14.0	14	14
76.87038684103783	14.0	14	14
76.97047849057043	15.0	15	15
77.07057014010303	15.0	15	15
77.17066178963563	15.0	15	15
77.27075343916823	15.0	15	15
77.37084508870083	15.0	15	15
77.47093673823343	15.0	15	15
77.57102838776603	15.0	15	15
77.67112003729864	14.0	14	14
77.77121168683124	13.0	13	13
77.87130333636384	13.0	13	13
77.97139498589644	13.0	13	13
78.07148663542904	13.0	13	13
78.17157828496164	13.0	13	13
78.27166993449424	13.0	13	13
78.37176158402684	13.0	13	13
78.47185323355944	13.0	13	13
78.57194488309204	13.0	13	13
78.67203653262465	13.0	13	13
78.77212818215725	12.0	12	12
78.87221983168985	12.0	12	12
78.97231148122245	12.0	12	12
79.07240313075505	12.0	12	12
79.17249478028765	12.0	12	12
79.27258642982025	12.0	12	12
79.37267807935285	12.0	12	12
79.47276972888545	12.0	12	12
79.57286137841805	11.0	11	11
79.67295302795065	11.0	11	11
79.77304467748326	10.0	10	10
79.87313632701586	10.0	10	10
79.97322797654846	11.0	11	11
80.07331962608106	11.0	11	11
80.17341127561366	11.0	11	11
80.27350292514626	11.0	11	11
80.37359457467886	11.0	11	11
80.47368622421146	11.0	11	11
80.57377787374406	11.0	11	11
80.67386952327666	11.0	11	11
80.77396117280927	11.0	11	11
80.87405282234188	11.0	11	11
80.97414447187448	11.0	11	11
81.07423612140708	11.0	11	11
81.17432777093968	11.0	11	11
81.27441942047228	11.0	11	11
81.37451107000489	11.0	11	11
81.47460271953749	11.0	11	11
81.57469436907009	11.0	11	11
81.67478601860269	10.0	10	10
81.77487766813529	10.0	10	10
81.87496931766789	10.0	10	10
81.97506096720049	10.0	10	10
82.07515261673309	10.0	10	10
82.1752442662657	10.0	10	10
82.2753359157983	10.0	10	10
82.3754275653309	10.0	10	10
82.4755192148635	11.0	11	11
82.5756108643961	11.0	11	11
82.6757025139287	11.0	11	11
82.7757941634613	11.0	11	11
82.8758858129939	11.0	11	11
82.9759774625265	11.0	11	11
83.0760691120591	11.0	11	11
83.1761607615917	10.0	10	10
83.2762524111243	12.0	12	12
83.3763440606569	12.0	12	12
83.4764357101895	12.0	12	12
83.5765273597221	12.0	12	12
83.67661900925471	12.0	12	12
83.77671065878731	12.0	12	12
83.87680230831991	12.0	12	12
83.97689395785251	12.0	12	12
84.07698560738511	11.0	11	11
84.17707725691771	12.0	12	12
84.27716890645031	12.0	12	12
84.37726055598291	12.0	12	12
84.47735220551552	12.0	12	12
84.57744385504812	12.0	12	12
84.67753550458072	12.0	12	12
84.77762715411333	10.0	10	10
84.87771880364593	10.0	10	10
84.97781045317853	11.0	11	11
85.07790210271114	11.0	11	11
85.17799375224374	11.0	11	11
85.27808540177634	11.0	11	11
85.37817705130894	11.0	11	11
85.47826870084154	10.0	10	10
85.57836035037414	10.0	10	10
85.67845199990674	9.0	9	9
85.77854364943934	9.0	9	9
85.87863529897194	9.0	9	9
85.97872694850454	9.0	9	9
86.07881859803715	9.0	9	9
86.17891024756975	9.0	9	9
86.27900189710235	9.0	9	9
86.37909354663495	7.0	7	7
86.47918519616755	6.0	6	6
86.57927684570015	7.0	7	7
86.67936849523275	7.0	7	7
86.77946014476535	7.0	7	7
86.87955179429795	7.0	7	7
86.97964344383055	6.0	6	6
87.07973509336315	6.0	6	6
87.17982674289576	6.0	6	6
87.27991839242836	6.0	6	6
87.38001004196096	6.0	6	6
87.48010169149356	6.0	6	6
87.58019334102616	6.0	6	6
87.68028499055876	6.0	6	6
87.78037664009136	6.0	6	6
87.88046828962396	6.0	6	6
87.98055993915656	6.0	6	6
88.08065158868916	6.0	6	6
88.18074323822177	6.0	6	6
88.28083488775437	6.0	6	6
88.38092653728697	6.0	6	6
88.48101818681957	6.0	6	6
88.58110983635217	6.0	6	6
88.68120148588477	6.0	6	6
88.78129313541739	6.0	6	6
88.88138478494999	6.0	6	6
88.98147643448259	6.0	6	6
89.08156808401519	6.0	6	6
89.18165973354779	6.0	6	6
89.28175138308039	6.0	6	6
89.38184303261299	6.0	6	6
89.48193468214559	6.0	6	6
89.5820263316782	6.0	6	6
89.6821179812108	7.0	7	7
89.7822096307434	7.0	7	7
89.882301280276	7.0	7	7
89.9823929298086	7.0	7	7
90.0824845793412	7.0	7	7
90.1825762288738	7.0	7	7
90.2826678784064	8.0	8	8
90.382759527939	9.0	9	9
90.4828511774716	9.0	9	9
90.5829428270042	9.0	9	9
90.6830344765368	9.0	9	9
90.7831261260694	9.0	9	9
90.883217775602	8.0	8	8
90.9833094251346	8.0	8	8
91.08340107466721	8.0	8	8
91.18349272419981	7.0	7	7
91.28358437373241	6.0	6	6
91.38367602326501	6.0	6	6
91.48376767279761	6.0	6	6
91.58385932233021	6.0	6	6
91.68395097186281	6.0	6	6
91.78404262139541	6.0	6	6
91.88413427092802	6.0	6	6
91.98422592046062	7.0	7	7
92.08431756999322	7.0	7	7
92.18440921952582	7.0	7	7
92.28450086905842	7.0	7	7
92.38459251859102	7.0	7	7
92.48468416812362	7.0	7	7
92.58477581765622	7.0	7	7
92.68486746718884	7.0	7	7
92.78495911672144	7.0	7	7
92.88505076625404	7.0	7	7
92.98514241578664	5.0	5	5
93.08523406531924	5.0	5	5
93.18532571485184	5.0	5	5
93.28541736438444	5.0	5	5
93.38550901391704	5.0	5	5
93.48560066344965	4.0	4	4
93.58569231298225	4.0	4	4
93.68578396251485	4.0	4	4
93.78587561204745	5.0	5	5
93.88596726158005	5.0	5	5
93.98605891111265	6.0	6	6
94.08615056064525	6.0	6	6
94.18624221017785	6.0	6	6
94.28633385971045	6.0	6	6
94.38642550924305	6.0	6	6
94.48651715877565	6.0	6	6
94.58660880830826	6.0	6	6
94.68670045784086	5.0	5	5
94.78679210737346	5.0	5	5
94.88688375690606	5.0	5	5
94.98697540643866	3.0	3	3
95.08706705597126	3.0	3	3
95.18715870550386	3.0	3	3
95.28725035503646	4.0	4	4
95.38734200456906	4.0	4	4
95.48743365410166	4.0	4	4
95.58752530363427	4.0	4	4
95.68761695316687	4.0	4	4
95.78770860269947	4.0	4	4
95.88780025223207	5.0	5	5
95.98789190176467	6.0	6	6
96.08798355129727	6.0	6	6
96.18807520082987	6.0	6	6
96.28816685036247	6.0	6	6
96.38825849989507	5.0	5	5
96.48835014942767	5.0	5	5
96.58844179896029	5.0	5	5
96.68853344849289	5.0	5	5
96.78862509802549	5.0	5	5
96.88871674755809	5.0	5	5
96.9888083970907	5.0	5	5
97.0889000466233	4.0	4	4
97.1889916961559	4.0	4	4
97.2890833456885	3.0	3	3
97.3891749952211	5.0	5	5
97.4892666447537	5.0	5	5
97.5893582942863	5.0	5	5
97.6894499438189	5.0	5	5
97.7895415933515	5.0	5	5
97.8896332428841	5.0	5	5
97.9897248924167	5.0	5	5
98.0898165419493	5.0	5	5
98.1899081914819	5.0	5	5
98.2899998410145	5.0	5	5
98.3900914905471	6.0	6	6
98.49018314007971	5.0	5	5
98.59027478961231	5.0	5	5
98.69036643914491	5.0	5	5
98.79045808867751	5.0	5	5
98.89054973821011	5.0	5	5
98.99064138774271	5.0	5	5
99.09073303727531	5.0	5	5
99.19082468680791	5.0	5	5
99.29091633634052	4.0	4	4
99.39100798587312	4.0	4	4
99.49109963540572	4.0	4	4
99.59119128493832	3.0	3	3
99.69128293447092	3.0	3	3
99.79137458400352	3.0	3	3
99.89146623353612	3.0	3	3
99.99155788306872	3.0	3	3
100.09164953260132	3.0	3	3
100.19174118213392	3.0	3	3
100.29183283166653	3.0	3	3
100.39192448119913	3.0	3	3
100.49201613073173	3.0	3	3
100.59210778026434	3.0	3	3
100.69219942979694	4.0	4	4
100.79229107932954	4.0	4	4
100.89238272886215	4.0	4	4
100.99247437839475	4.0	4	4
101.09256602792735	4.0	4	4
101.19265767745995	4.0	4	4
101.29274932699255	4.0	4	4
101.39284097652515	4.0	4	4
101.49293262605775	4.0	4	4
101.59302427559035	4.0	4	4
101.69311592512295	4.0	4	4
101.79320757465555	4.0	4	4
101.89329922418815	4.0	4	4
101.99339087372076	4.0	4	4
102.09348252325336	3.0	3	3
102.19357417278596	3.0	3	3
102.29366582231856	3.0	3	3
102.39375747185116	3.0	3	3
102.49384912138376	3.0	3	3
102.59394077091636	3.0	3	3
102.69403242044896	3.0	3	3
102.79412406998156	3.0	3	3
102.89421571951416	3.0	3	3
102.99430736904677	3.0	3	3
103.09439901857937	3.0	3	3
103.19449066811197	3.0	3	3
103.29458231764457	3.0	3	3
103.39467396717717	3.0	3	3
103.49476561670977	3.0	3	3
103.59485726624237	3.0	3	3
103.69494891577497	3.0	3	3
103.79504056530757	3.0	3	3
103.89513221484017	3.0	3	3
103.99522386437278	4.0	4	4
104.09531551390538	4.0	4	4
104.19540716343798	4.0	4	4
104.29549881297058	4.0	4	4
104.39559046250318	4.0	4	4
104.4956821120358	4.0	4	4
104.5957737615684	4.0	4	4
104.695865411101	4.0	4	4
104.7959570606336	4.0	4	4
104.8960487101662	4.0	4	4
104.9961403596988	4.0	4	4
105.0962320092314	4.0	4	4
105.196323658764	4.0	4	4
105.2964153082966	4.0	4	4
105.3965069578292	4.0	4	4
105.4965986073618	4.0	4	4
105.5966902568944	4.0	4	4
105.696781906427	4.0	4	4
105.7968735559596	4.0	4	4
105.89696520549221	4.0	4	4
105.99705685502481	4.0	4	4
106.09714850455741	4.0	4	4
106.19724015409001	4.0	4	4
106.29733180362261	4.0	4	4
106.39742345315521	4.0	4	4
106.49751510268781	4.0	4	4
106.59760675222041	4.0	4	4
106.69769840175302	4.0	4	4
106.79779005128562	4.0	4	4
106.89788170081822	4.0	4	4
106.99797335035082	4.0	4	4
107.09806499988342	4.0	4	4
107.19815664941602	4.0	4	4
107.29824829894862	4.0	4	4
107.39833994848122	4.0	4	4
107.49843159801382	4.0	4	4
107.59852324754642	4.0	4	4
107.69861489707903	4.0	4	4
107.79870654661163	4.0	4	4
107.89879819614423	4.0	4	4
107.99888984567683	4.0	4	4
108.09898149520943	4.0	4	4
108.19907314474203	4.0	4	4
108.29916479427463	4.0	4	4
108.39925644380723	4.0	4	4
108.49934809333985	4.0	4	4
108.59943974287245	4.0	4	4
108.69953139240505	4.0	4	4
108.79962304193765	4.0	4	4
108.89971469147025	4.0	4	4
108.99980634100285	3.0	3	3
109.09989799053545	3.0	3	3
109.19998964006805	3.0	3	3
109.30008128960066	3.0	3	3
109.40017293913326	3.0	3	3
109.50026458866586	3.0	3	3
109.60035623819846	3.0	3	3
109.70044788773106	3.0	3	3
109.80053953726366	3.0	3	3
109.90063118679626	3.0	3	3
110.00072283632886	3.0	3	3
110.10081448586146	3.0	3	3
110.20090613539406	3.0	3	3
110.30099778492666	3.0	3	3
110.40108943445927	3.0	3	3
110.50118108399187	3.0	3	3
110.60127273352447	3.0	3	3
110.70136438305707	3.0	3	3
110.80145603258967	3.0	3	3
110.90154768212227	3.0	3	3
111.00163933165487	3.0	3	3
111.10173098118747	3.0	3	3
111.20182263072007	3.0	3	3
111.30191428025267	3.0	3	3
111.40200592978528	3.0	3	3
111.50209757931788	3.0	3	3
111.60218922885048	3.0	3	3
111.70228087838308	3.0	3	3
111.80237252791568	3.0	3	3
111.90246417744828	3.0	3	3
112.00255582698088	3.0	3	3
112.10264747651348	3.0	3	3
112.20273912604608	3.0	3	3
112.30283077557868	2.0	2	2
112.4029224251113	2.0	2	2
112.5030140746439	2.0	2	2
112.6031057241765	2.0	2	2
112.7031973737091	2.0	2	2
112.8032890232417	2.0	2	2
112.9033806727743	2.0	2	2
113.0034723223069	2.0	2	2
113.1035639718395	2.0	2	2
113.2036556213721	2.0	2	2
113.30374727090471	2.0	2	2
113.40383892043731	2.0	2	2
113.50393056996991	2.0	2	2
113.60402221950251	2.0	2	2
113.70411386903511	2.0	2	2
113.80420551856771	2.0	2	2
113.90429716810031	2.0	2	2
114.00438881763291	1.0	1	1
114.10448046716552	1.0	1	1
114.20457211669812	1.0	1	1
114.30466376623072	1.0	1	1
114.40475541576332	1.0	1	1
114.50484706529592	1.0	1	1
114.60493871482852	0.0	0	0
114.70503036436112	0.0	0	0
114.80512201389372	0.0	0	0
114.90521366342632	0.0	0	0
115.00530531295892	0.0	0	0
115.10539696249153	0.0	0	0
115.20548861202413	0.0	0	0
115.30558026155673	0.0	0	0
115.40567191108933	0.0	0	0
115.50576356062193	0.0	0	0
115.60585521015453	0.0	0	0
115.70594685968713	0.0	0	0
115.80603850921973	0.0	0	0
115.90613015875233	0.0	0	0
116.00622180828493	0.0	0	0
116.10631345781754	0.0	0	0
116.20640510735014	0.0	0	0
116.30649675688275	0.0	0	0
116.40658840641535	0.0	0	0
116.50668005594795	0.0	0	0
116.60677170548055	0.0	0	0
116.70686335501316	0.0	0	0
116.80695500454576	0.0	0	0
116.90704665407836	0.0	0	0
117.00713830361096	0.0	0	0
117.10722995314356	0.0	0	0
117.20732160267616	0.0	0	0
117.30741325220876	0.0	0	0
117.40750490174136	0.0	0	0
117.50759655127396	0.0	0	0
117.60768820080656	0.0	0	0
117.70777985033916	0.0	0	0
117.80787149987177	0.0	0	0
117.90796314940437	0.0	0	0
118.00805479893697	0.0	0	0
118.10814644846957	0.0	0	0
118.20823809800217	0.0	0	0
118.30832974753477	0.0	0	0
118.40842139706737	0.0	0	0
118.50851304659997	0.0	0	0
118.60860469613257	0.0	0	0
118.70869634566517	1.0	1	1
118.80878799519778	1.0	1	1
118.90887964473038	1.0	1	1
119.00897129426298	1.0	1	1
119.10906294379558	1.0	1	1
119.20915459332818	1.0	1	1
119.30924624286078	1.0	1	1
119.40933789239338	1.0	1	1
119.50942954192598	1.0	1	1
119.60952119145858	1.0	1	1
119.70961284099118	1.0	1	1
119.80970449052379	1.0	1	1
119.90979614005639	1.0	1	1
120.00988778958899	1.0	1	1
120.10997943912159	1.0	1	1
120.21007108865419	1.0	1	1
120.3101627381868	1.0	1	1
120.4102543877194	1.0	1	1
120.510346037252	0.0	0	0
120.6104376867846	0.0	0	0
120.71052933631721	0.0	0	0
120.81062098584981	0.0	0	0
120.91071263538241	0.0	0	0
121.01080428491501	0.0	0	0
121.11089593444761	0.0	0	0
121.21098758398021	0.0	0	0
121.31107923351281	0.0	0	0
121.41117088304541	0.0	0	0
121.51126253257802	0.0	0	0
121.61135418211062	0.0	0	0
121.71144583164322	0.0	0	0
121.81153748117582	0.0	0	0
121.91162913070842	0.0	0	0
122.01172078024102	0.0	0	0
122.11181242977362	0.0	0	0
122.21190407930622	0.0	0	0
122.31199572883882	0.0	0	0
122.41208737837142	0.0	0	0
122.51217902790403	0.0	0	0
122.61227067743663	0.0	0	0
122.71236232696923	0.0	0	0
122.81245397650183	0.0	0	0
122.91254562603443	0.0	0	0
123.01263727556703	0.0	0	0
123.11272892509963	0.0	0	0
123.21282057463223	0.0	0	0
123.31291222416483	0.0	0	0
123.41300387369743	0.0	0	0
123.51309552323004	0.0	0	0
123.61318717276264	0.0	0	0
123.71327882229524	0.0	0	0
123.81337047182784	0.0	0	0
123.91346212136044	0.0	0	0
124.01355377089304	0.0	0	0
124.11364542042564	0.0	0	0
124.21373706995826	0.0	0	0
124.31382871949086	0.0	0	0
124.41392036902346	0.0	0	0
124.51401201855606	0.0	0	0
124.61410366808866	0.0	0	0
124.71419531762126	0.0	0	0
124.81428696715386	0.0	0	0
124.91437861668646	0.0	0	0
125.01447026621906	0.0	0	0
125.11456191575166	0.0	0	0
125.21465356528427	0.0	0	0
125.31474521481687	0.0	0	0
125.41483686434947	0.0	0	0
125.51492851388207	0.0	0	0
125.61502016341467	0.0	0	0
125.71511181294727	0.0	0	0
125.81520346247987	0.0	0	0
125.91529511201247	0.0	0	0
126.01538676154507	0.0	0	0
126.11547841107767	0.0	0	0
126.21557006061028	0.0	0	0
126.31566171014288	0.0	0	0
126.41575335967548	0.0	0	0
126.51584500920808	0.0	0	0
126.61593665874068	1.0	1	1
126.71602830827328	1.0	1	1
126.81611995780588	1.0	1	1
126.91621160733848	1.0	1	1
127.01630325687108	1.0	1	1
127.11639490640368	1.0	1	1
127.21648655593629	1.0	1	1
127.31657820546889	1.0	1	1
127.41666985500149	1.0	1	1
127.51676150453409	1.0	1	1
127.61685315406669	1.0	1	1
127.71694480359929	2.0	2	2
127.81703645313189	2.0	2	2
127.91712810266449	2.0	2	2
128.0172197521971	2.0	2	2
128.1173114017297	2.0	2	2
128.2174030512623	2.0	2	2
128.3174947007949	2.0	2	2
128.4175863503275	3.0	3	3
128.5176779998601	2.0	2	2
128.6177696493927	2.0	2	2
128.7178612989253	2.0	2	2
128.8179529484579	2.0	2	2
128.9180445979905	2.0	2	2
129.0181362475231	3.0	3	3
129.1182278970557	3.0	3	3
129.2183195465883	3.0	3	3
129.3184111961209	3.0	3	3
129.4185028456535	3.0	3	3
129.5185944951861	3.0	3	3
129.6186861447187	2.0	2	2
129.7187777942513	2.0	2	2
129.8188694437839	2.0	2	2
129.9189610933165	2.0	2	2
130.0190527428491	2.0	2	2
130.11914439238174	2.0	2	2
130.21923604191434	2.0	2	2
130.31932769144694	2.0	2	2
130.41941934097954	2.0	2	2
130.51951099051215	2.0	2	2
130.61960264004475	2.0	2	2
130.71969428957735	2.0	2	2
130.81978593910995	2.0	2	2
130.91987758864255	1.0	1	1
131.01996923817515	1.0	1	1
131.12006088770775	1.0	1	1
131.22015253724035	1.0	1	1
131.32024418677295	1.0	1	1
131.42033583630555	1.0	1	1
131.52042748583816	1.0	1	1
131.62051913537076	1.0	1	1
131.72061078490336	1.0	1	1
131.82070243443596	1.0	1	1
131.92079408396856	1.0	1	1
132.02088573350116	1.0	1	1
132.12097738303376	1.0	1	1
132.22106903256636	1.0	1	1
132.32116068209896	1.0	1	1
132.42125233163156	1.0	1	1
132.52134398116416	1.0	1	1
132.62143563069677	1.0	1	1
132.72152728022937	1.0	1	1
132.82161892976197	1.0	1	1
132.92171057929457	1.0	1	1
133.02180222882717	1.0	1	1
133.12189387835977	1.0	1	1
133.22198552789237	1.0	1	1
133.32207717742497	1.0	1	1
133.42216882695757	1.0	1	1
133.52226047649017	1.0	1	1
133.62235212602278	1.0	1	1
133.72244377555538	1.0	1	1
133.82253542508798	1.0	1	1
133.92262707462058	1.0	1	1
134.02271872415318	1.0	1	1
134.12281037368578	2.0	2	2
134.22290202321838	2.0	2	2
134.32299367275098	2.0	2	2
134.42308532228358	2.0	2	2
134.52317697181618	2.0	2	2
134.62326862134879	2.0	2	2
134.7233602708814	2.0	2	2
134.823451920414	2.0	2	2
134.9235435699466	2.0	2	2
135.0236352194792	2.0	2	2
135.1237268690118	2.0	2	2
135.2238185185444	2.0	2	2
135.323910168077	2.0	2	2
135.4240018176096	2.0	2	2
135.5240934671422	2.0	2	2
135.6241851166748	2.0	2	2
135.7242767662074	2.0	2	2
135.82436841574	2.0	2	2
135.9244600652726	2.0	2	2
136.0245517148052	2.0	2	2
136.1246433643378	2.0	2	2
136.2247350138704	2.0	2	2
136.324826663403	3.0	3	3
136.4249183129356	3.0	3	3
136.5250099624682	3.0	3	3
136.6251016120008	3.0	3	3
136.7251932615334	3.0	3	3
136.825284911066	3.0	3	3
136.9253765605986	3.0	3	3
137.0254682101312	3.0	3	3
137.1255598596638	4.0	4	4
137.2256515091964	4.0	4	4
137.325743158729	3.0	3	3
137.4258348082616	3.0	3	3
137.5259264577942	3.0	3	3
137.62601810732681	3.0	3	3
137.72610975685942	2.0	2	2
137.82620140639202	2.0	2	2
137.92629305592462	2.0	2	2
138.02638470545725	2.0	2	2
138.12647635498985	2.0	2	2
138.22656800452245	2.0	2	2
138.32665965405505	1.0	1	1
138.42675130358765	1.0	1	1
138.52684295312025	1.0	1	1
138.62693460265285	1.0	1	1
138.72702625218545	1.0	1	1
138.82711790171805	1.0	1	1
138.92720955125066	0.0	0	0
139.02730120078326	0.0	0	0
139.12739285031586	0.0	0	0
139.22748449984846	0.0	0	0
139.32757614938106	0.0	0	0
139.42766779891366	0.0	0	0
139.52775944844626	0.0	0	0
139.62785109797886	0.0	0	0
139.72794274751146	0.0	0	0
139.82803439704406	0.0	0	0
139.92812604657666	0.0	0	0
140.02821769610927	0.0	0	0
140.12830934564187	0.0	0	0
140.22840099517447	0.0	0	0
140.32849264470707	0.0	0	0
140.42858429423967	0.0	0	0
140.52867594377227	0.0	0	0
140.62876759330487	0.0	0	0
140.72885924283747	0.0	0	0
140.82895089237007	0.0	0	0
140.92904254190267	0.0	0	0
141.02913419143528	0.0	0	0
141.12922584096788	0.0	0	0
141.22931749050048	0.0	0	0
141.32940914003308	0.0	0	0
141.42950078956568	0.0	0	0
141.52959243909828	0.0	0	0
141.62968408863088	0.0	0	0
141.72977573816348	0.0	0	0
141.82986738769608	0.0	0	0
141.92995903722868	0.0	0	0
142.03005068676129	0.0	0	0
142.1301423362939	0.0	0	0
142.2302339858265	0.0	0	0
142.3303256353591	0.0	0	0
142.4304172848917	0.0	0	0
142.5305089344243	0.0	0	0
142.6306005839569	0.0	0	0
142.7306922334895	0.0	0	0
142.8307838830221	0.0	0	0
142.9308755325547	0.0	0	0
143.0309671820873	0.0	0	0
143.1310588316199	0.0	0	0
143.2311504811525	0.0	0	0
143.3312421306851	0.0	0	0
143.4313337802177	0.0	0	0
143.5314254297503	0.0	0	0
143.6315170792829	1.0	1	1
143.7316087288155	1.0	1	1
143.8317003783481	1.0	1	1
143.9317920278807	1.0	1	1
144.0318836774133	1.0	1	1
144.1319753269459	1.0	1	1
144.2320669764785	1.0	1	1
144.3321586260111	1.0	1	1
144.4322502755437	1.0	1	1
144.5323419250763	1.0	1	1
144.6324335746089	1.0	1	1
144.7325252241415	1.0	1	1
144.8326168736741	1.0	1	1
144.9327085232067	1.0	1	1
145.03280017273931	1.0	1	1
145.13289182227192	1.0	1	1
145.23298347180452	1.0	1	1
145.33307512133712	1.0	1	1
145.43316677086972	1.0	1	1
145.53325842040232	1.0	1	1
145.63335006993492	1.0	1	1
145.73344171946752	1.0	1	1
145.83353336900012	1.0	1	1
145.93362501853275	2.0	2	2
146.03371666806535	2.0	2	2
146.13380831759795	2.0	2	2
146.23389996713055	2.0	2	2
146.33399161666316	2.0	2	2
146.43408326619576	2.0	2	2
146.53417491572836	2.0	2	2
146.63426656526096	2.0	2	2
146.73435821479356	2.0	2	2
146.83444986432616	2.0	2	2
146.93454151385876	2.0	2	2
147.03463316339136	2.0	2	2
147.13472481292396	2.0	2	2
147.23481646245656	2.0	2	2
147.33490811198917	2.0	2	2
147.43499976152177	2.0	2	2
147.53509141105437	2.0	2	2
147.63518306058697	2.0	2	2
147.73527471011957	2.0	2	2
147.83536635965217	2.0	2	2
147.93545800918477	2.0	2	2
148.03554965871737	2.0	2	2
148.13564130824997	2.0	2	2
148.23573295778257	2.0	2	2
148.33582460731517	2.0	2	2
148.43591625684778	2.0	2	2
148.53600790638038	2.0	2	2
148.63609955591298	2.0	2	2
148.73619120544558	2.0	2	2
148.83628285497818	2.0	2	2
148.93637450451078	2.0	2	2
149.03646615404338	2.0	2	2
149.13655780357598	2.0	2	2
149.23664945310858	2.0	2	2
149.33674110264118	2.0	2	2
149.43683275217379	2.0	2	2
149.5369244017064	2.0	2	2
149.637016051239	2.0	2	2
149.7371077007716	2.0	2	2
149.8371993503042	2.0	2	2
149.9372909998368	2.0	2	2
150.0373826493694	2.0	2	2
150.137474298902	2.0	2	2
150.2375659484346	2.0	2	2
150.3376575979672	2.0	2	2
150.4377492474998	2.0	2	2
150.5378408970324	2.0	2	2
150.637932546565	2.0	2	2
150.7380241960976	2.0	2	2
150.8381158456302	2.0	2	2
150.9382074951628	3.0	3	3
151.0382991446954	3.0	3	3
151.138390794228	3.0	3	3
151.2384824437606	3.0	3	3
151.3385740932932	3.0	3	3
151.4386657428258	3.0	3	3
151.5387573923584	3.0	3	3
151.638849041891	3.0	3	3
151.7389406914236	3.0	3	3
151.8390323409562	3.0	3	3
151.9391239904888	3.0	3	3
152.0392156400214	3.0	3	3
152.139307289554	3.0	3	3
152.2393989390866	3.0	3	3
152.3394905886192	3.0	3	3
152.43958223815181	3.0	3	3
152.53967388768442	3.0	3	3
152.63976553721702	3.0	3	3
152.73985718674962	3.0	3	3
152.83994883628222	3.0	3	3
152.94004048581482	3.0	3	3
153.04013213534742	3.0	3	3
153.14022378488002	2.0	2	2
153.24031543441262	2.0	2	2
153.34040708394522	2.0	2	2
153.44049873347782	2.0	2	2
153.54059038301043	2.0	2	2
153.64068203254303	2.0	2	2
153.74077368207566	2.0	2	2
153.84086533160826	1.0	1	1
153.94095698114086	0.0	0	0
154.04104863067346	0.0	0	0
154.14114028020606	0.0	0	0
154.24123192973866	0.0	0	0
154.34132357927126	0.0	0	0
154.44141522880386	0.0	0	0
154.54150687833646	0.0	0	0
154.64159852786906	0.0	0	0
154.74169017740167	0.0	0	0
154.84178182693427	0.0	0	0
154.94187347646687	0.0	0	0
155.04196512599947	0.0	0	0
155.14205677553207	0.0	0	0
155.24214842506467	0.0	0	0
155.34224007459727	0.0	0	0
155.44233172412987	0.0	0	0
155.54242337366247	0.0	0	0
155.64251502319507	0.0	0	0
155.74260667272767	0.0	0	0
155.84269832226028	0.0	0	0
155.94278997179288	0.0	0	0
156.04288162132548	0.0	0	0
156.14297327085808	0.0	0	0
156.24306492039068	0.0	0	0
156.34315656992328	0.0	0	0
156.44324821945588	0.0	0	0
156.54333986898848	0.0	0	0
156.64343151852108	0.0	0	0
156.74352316805368	0.0	0	0
156.84361481758629	0.0	0	0
156.9437064671189	0.0	0	0
157.0437981166515	0.0	0	0
157.1438897661841	0.0	0	0
157.2439814157167	0.0	0	0
157.3440730652493	0.0	0	0
157.4441647147819	0.0	0	0
157.5442563643145	0.0	0	0
157.6443480138471	0.0	0	0
157.7444396633797	0.0	0	0
157.8445313129123	0.0	0	0
157.9446229624449	0.0	0	0
158.0447146119775	0.0	0	0
158.1448062615101	0.0	0	0
158.2448979110427	0.0	0	0
158.3449895605753	0.0	0	0
158.4450812101079	0.0	0	0
158.5451728596405	0.0	0	0
158.6452645091731	0.0	0	0
158.7453561587057	0.0	0	0
158.8454478082383	0.0	0	0
158.9455394577709	0.0	0	0
159.0456311073035	0.0	0	0
159.1457227568361	0.0	0	0
159.2458144063687	0.0	0	0
159.3459060559013	0.0	0	0
159.4459977054339	0.0	0	0
159.5460893549665	0.0	0	0
159.6461810044991	0.0	0	0
159.7462726540317	0.0	0	0
159.84636430356431	0.0	0	0
159.94645595309692	0.0	0	0
160.04654760262952	0.0	0	0
160.14663925216212	0.0	0	0
160.24673090169472	0.0	0	0
160.34682255122732	0.0	0	0
160.44691420075992	0.0	0	0
160.54700585029252	0.0	0	0
160.64709749982512	1.0	1	1
160.74718914935772	1.0	1	1
160.84728079889032	1.0	1	1
160.94737244842293	1.0	1	1
161.04746409795553	1.0	1	1
161.14755574748813	1.0	1	1
161.24764739702073	1.0	1	1
161.34773904655333	1.0	1	1
161.44783069608593	1.0	1	1
161.54792234561853	1.0	1	1
161.64801399515116	1.0	1	1
161.74810564468376	1.0	1	1
161.84819729421636	1.0	1	1
161.94828894374896	1.0	1	1
162.04838059328156	1.0	1	1
162.14847224281417	1.0	1	1
162.24856389234677	1.0	1	1
162.34865554187937	2.0	2	2
162.44874719141197	3.0	3	3
162.54883884094457	3.0	3	3
162.64893049047717	3.0	3	3
162.74902214000977	3.0	3	3
162.84911378954237	3.0	3	3
162.94920543907497	3.0	3	3
163.04929708860757	3.0	3	3
163.14938873814017	4.0	4	4
163.24948038767278	4.0	4	4
163.34957203720538	4.0	4	4
163.44966368673798	4.0	4	4
163.54975533627058	4.0	4	4
163.64984698580318	4.0	4	4
163.74993863533578	4.0	4	4
163.85003028486838	4.0	4	4
163.95012193440098	4.0	4	4
164.05021358393358	5.0	5	5
164.15030523346618	6.0	6	6
164.25039688299879	6.0	6	6
164.3504885325314	5.0	5	5
164.450580182064	4.0	4	4
164.5506718315966	4.0	4	4
164.6507634811292	4.0	4	4
164.7508551306618	4.0	4	4
164.8509467801944	4.0	4	4
164.951038429727	4.0	4	4
165.0511300792596	3.0	3	3
165.1512217287922	3.0	3	3
165.2513133783248	3.0	3	3
165.3514050278574	3.0	3	3
165.45149667739	3.0	3	3
165.5515883269226	3.0	3	3
165.6516799764552	4.0	4	4
165.7517716259878	3.0	3	3
165.8518632755204	4.0	4	4
165.951954925053	3.0	3	3
166.0520465745856	3.0	3	3
166.1521382241182	4.0	4	4
166.2522298736508	4.0	4	4
166.3523215231834	4.0	4	4
166.452413172716	4.0	4	4
166.5525048222486	4.0	4	4
166.6525964717812	5.0	5	5
166.7526881213138	5.0	5	5
166.8527797708464	5.0	5	5
166.952871420379	5.0	5	5
167.0529630699116	5.0	5	5
167.1530547194442	5.0	5	5
167.25314636897681	5.0	5	5
167.35323801850942	5.0	5	5
167.45332966804202	6.0	6	6
167.55342131757462	5.0	5	5
167.65351296710722	5.0	5	5
167.75360461663982	5.0	5	5
167.85369626617242	4.0	4	4
167.95378791570502	4.0	4	4
168.05387956523762	4.0	4	4
168.15397121477022	3.0	3	3
168.25406286430282	3.0	3	3
168.35415451383543	3.0	3	3
168.45424616336803	3.0	3	3
168.55433781290063	3.0	3	3
168.65442946243323	2.0	2	2
168.75452111196583	2.0	2	2
168.85461276149843	2.0	2	2
168.95470441103103	2.0	2	2
169.05479606056363	2.0	2	2
169.15488771009623	3.0	3	3
169.25497935962883	3.0	3	3
169.35507100916143	3.0	3	3
169.45516265869404	3.0	3	3
169.55525430822667	3.0	3	3
169.65534595775927	3.0	3	3
169.75543760729187	3.0	3	3
169.85552925682447	3.0	3	3
169.95562090635707	3.0	3	3
170.05571255588967	3.0	3	3
170.15580420542227	3.0	3	3
170.25589585495487	3.0	3	3
170.35598750448747	3.0	3	3
170.45607915402007	3.0	3	3
170.55617080355267	3.0	3	3
170.65626245308528	3.0	3	3
170.75635410261788	3.0	3	3
170.85644575215048	3.0	3	3
170.95653740168308	3.0	3	3
171.05662905121568	3.0	3	3
171.15672070074828	3.0	3	3
171.25681235028088	3.0	3	3
171.35690399981348	3.0	3	3
171.45699564934608	3.0	3	3
171.55708729887868	3.0	3	3
171.65717894841129	4.0	4	4
171.7572705979439	4.0	4	4
171.8573622474765	4.0	4	4
171.9574538970091	4.0	4	4
172.0575455465417	4.0	4	4
172.1576371960743	4.0	4	4
172.2577288456069	4.0	4	4
172.3578204951395	4.0	4	4
172.4579121446721	4.0	4	4
172.5580037942047	4.0	4	4
172.6580954437373	4.0	4	4
172.7581870932699	4.0	4	4
172.8582787428025	4.0	4	4
172.9583703923351	4.0	4	4
173.0584620418677	4.0	4	4
173.1585536914003	4.0	4	4
173.2586453409329	4.0	4	4
173.3587369904655	4.0	4	4
173.4588286399981	4.0	4	4
173.5589202895307	4.0	4	4
173.6590119390633	4.0	4	4
173.7591035885959	4.0	4	4
173.8591952381285	4.0	4	4
173.9592868876611	4.0	4	4
174.0593785371937	4.0	4	4
174.1594701867263	4.0	4	4
174.2595618362589	4.0	4	4
174.3596534857915	4.0	4	4
174.4597451353241	4.0	4	4
174.5598367848567	4.0	4	4
174.65992843438931	4.0	4	4
174.76002008392192	4.0	4	4
174.86011173345452	3.0	3	3
174.96020338298712	3.0	3	3
175.06029503251972	3.0	3	3
175.16038668205232	3.0	3	3
175.26047833158492	3.0	3	3
175.36056998111752	3.0	3	3
175.46066163065012	3.0	3	3
175.56075328018272	3.0	3	3
175.66084492971532	3.0	3	3
175.76093657924793	3.0	3	3
175.86102822878053	3.0	3	3
175.96111987831313	3.0	3	3
176.06121152784573	3.0	3	3
176.16130317737833	3.0	3	3
176.26139482691093	3.0	3	3
176.36148647644353	3.0	3	3
176.46157812597613	3.0	3	3
176.56166977550873	3.0	3	3
176.66176142504133	3.0	3	3
176.76185307457393	3.0	3	3
176.86194472410654	3.0	3	3
176.96203637363914	3.0	3	3
177.06212802317174	3.0	3	3
177.16221967270434	3.0	3	3
177.26231132223694	3.0	3	3
177.36240297176954	3.0	3	3
177.46249462130217	3.0	3	3
177.56258627083477	3.0	3	3
177.66267792036737	3.0	3	3
177.76276956989997	3.0	3	3
177.86286121943257	3.0	3	3
177.96295286896517	3.0	3	3
178.06304451849778	3.0	3	3
178.16313616803038	3.0	3	3
178.26322781756298	3.0	3	3
178.36331946709558	3.0	3	3
178.46341111662818	3.0	3	3
178.56350276616078	3.0	3	3
178.66359441569338	3.0	3	3
178.76368606522598	3.0	3	3
178.86377771475858	3.0	3	3
178.96386936429118	3.0	3	3
179.06396101382379	3.0	3	3
179.1640526633564	3.0	3	3
179.264144312889	3.0	3	3
179.3642359624216	3.0	3	3
179.4643276119542	3.0	3	3
179.5644192614868	3.0	3	3
179.6645109110194	3.0	3	3
179.764602560552	3.0	3	3
179.8646942100846	4.0	4	4
179.9647858596172	4.0	4	4
180.0648775091498	4.0	4	4
180.1649691586824	4.0	4	4
180.265060808215	4.0	4	4
180.3651524577476	4.0	4	4
180.4652441072802	4.0	4	4
180.5653357568128	4.0	4	4
180.6654274063454	4.0	4	4
180.765519055878	4.0	4	4
180.8656107054106	4.0	4	4
180.9657023549432	4.0	4	4
181.0657940044758	4.0	4	4
181.1658856540084	4.0	4	4
181.265977303541	4.0	4	4
181.3660689530736	4.0	4	4
181.4661606026062	4.0	4	4
181.5662522521388	4.0	4	4
181.6663439016714	4.0	4	4
181.766435551204	4.0	4	4
181.8665272007366	4.0	4	4
181.9666188502692	3.0	3	3
182.06671049980181	3.0	3	3
182.16680214933442	3.0	3	3
182.26689379886702	3.0	3	3
182.36698544839962	3.0	3	3
182.46707709793222	3.0	3	3
182.56716874746482	3.0	3	3
182.66726039699742	3.0	3	3
182.76735204653002	3.0	3	3
182.86744369606262	3.0	3	3
182.96753534559522	3.0	3	3
183.06762699512782	2.0	2	2
183.16771864466043	2.0	2	2
183.26781029419303	2.0	2	2
183.36790194372563	2.0	2	2
183.46799359325823	2.0	2	2
183.56808524279083	2.0	2	2
183.66817689232343	2.0	2	2
183.76826854185603	2.0	2	2
183.86836019138863	2.0	2	2
183.96845184092123	1.0	1	1
184.06854349045383	1.0	1	1
