time	diversity	m_div	M_div
0.0	2.0	2	2
0.10009273901224894	2.0	2	2
0.20018547802449788	2.0	2	2
0.30027821703674684	2.0	2	2
0.40037095604899575	2.0	2	2
0.5004636950612447	2.0	2	2
0.6005564340734937	2.0	2	2
0.7006491730857426	1.0	1	1
0.8007419120979915	1.0	1	1
0.9008346511102404	1.0	1	1
1.0009273901224893	1.0	1	1
1.1010201291347383	1.0	1	1
1.2011128681469874	1.0	1	1
1.3012056071592362	1.0	1	1
1.4012983461714852	1.0	1	1
1.501391085183734	1.0	1	1
1.601483824195983	1.0	1	1
1.701576563208232	1.0	1	1
1.8016693022204808	1.0	1	1
1.9017620412327298	1.0	1	1
2.0018547802449786	1.0	1	1
2.101947519257228	1.0	1	1
2.2020402582694767	1.0	1	1
2.3021329972817255	1.0	1	1
2.4022257362939747	1.0	1	1
2.5023184753062235	2.0	2	2
2.6024112143184723	2.0	2	2
2.702503953330721	2.0	2	2
2.8025966923429704	2.0	2	2
2.902689431355219	2.0	2	2
3.002782170367468	2.0	2	2
3.102874909379717	2.0	2	2
3.202967648391966	2.0	2	2
3.303060387404215	2.0	2	2
3.403153126416464	3.0	3	3
3.503245865428713	3.0	3	3
3.6033386044409617	3.0	3	3
3.703431343453211	3.0	3	3
3.8035240824654597	3.0	3	3
3.9036168214777085	3.0	3	3
4.003709560489957	3.0	3	3
4.103802299502206	3.0	3	3
4.203895038514456	3.0	3	3
4.303987777526705	3.0	3	3
4.404080516538953	3.0	3	3
4.504173255551202	3.0	3	3
4.604265994563451	3.0	3	3
4.7043587335757	3.0	3	3
4.8044514725879495	3.0	3	3
4.904544211600198	3.0	3	3
5.004636950612447	3.0	3	3
5.104729689624696	3.0	3	3
5.204822428636945	3.0	3	3
5.3049151676491935	3.0	3	3
5.405007906661442	3.0	3	3
5.505100645673692	3.0	3	3
5.605193384685941	3.0	3	3
5.7052861236981895	3.0	3	3
5.805378862710438	3.0	3	3
5.905471601722687	3.0	3	3
6.005564340734936	3.0	3	3
6.105657079747186	3.0	3	3
6.205749818759434	3.0	3	3
6.305842557771683	3.0	3	3
6.405935296783932	3.0	3	3
6.506028035796181	3.0	3	3
6.60612077480843	3.0	3	3
6.706213513820678	3.0	3	3
6.806306252832928	3.0	3	3
6.906398991845177	3.0	3	3
7.006491730857426	3.0	3	3
7.1065844698696745	3.0	3	3
7.206677208881923	3.0	3	3
7.306769947894172	3.0	3	3
7.406862686906422	3.0	3	3
7.506955425918671	3.0	3	3
7.607048164930919	3.0	3	3
7.707140903943168	3.0	3	3
7.807233642955417	3.0	3	3
7.907326381967666	3.0	3	3
8.007419120979915	3.0	3	3
8.107511859992163	3.0	3	3
8.207604599004412	3.0	3	3
8.307697338016661	3.0	3	3
8.407790077028912	3.0	3	3
8.50788281604116	3.0	3	3
8.60797555505341	3.0	3	3
8.708068294065658	3.0	3	3
8.808161033077907	3.0	3	3
8.908253772090156	3.0	3	3
9.008346511102404	3.0	3	3
9.108439250114653	3.0	3	3
9.208531989126902	3.0	3	3
9.30862472813915	3.0	3	3
9.4087174671514	3.0	3	3
9.508810206163648	3.0	3	3
9.608902945175899	3.0	3	3
9.708995684188148	4.0	4	4
9.809088423200397	4.0	4	4
9.909181162212645	4.0	4	4
10.009273901224894	4.0	4	4
10.109366640237143	4.0	4	4
10.209459379249392	4.0	4	4
10.30955211826164	4.0	4	4
10.40964485727389	4.0	4	4
10.509737596286138	4.0	4	4
10.609830335298387	4.0	4	4
10.709923074310636	4.0	4	4
10.810015813322885	4.0	4	4
10.910108552335135	4.0	4	4
11.010201291347384	4.0	4	4
11.110294030359633	4.0	4	4
11.210386769371881	4.0	4	4
11.31047950838413	4.0	4	4
11.410572247396379	4.0	4	4
11.510664986408628	4.0	4	4
11.610757725420877	4.0	4	4
11.710850464433125	4.0	4	4
11.810943203445374	4.0	4	4
11.911035942457623	4.0	4	4
12.011128681469872	4.0	4	4
12.11122142048212	4.0	4	4
12.211314159494371	4.0	4	4
12.31140689850662	4.0	4	4
12.411499637518869	4.0	4	4
12.511592376531118	4.0	4	4
12.611685115543366	4.0	4	4
12.711777854555615	4.0	4	4
12.811870593567864	4.0	4	4
12.911963332580113	4.0	4	4
13.012056071592362	4.0	4	4
13.11214881060461	4.0	4	4
13.21224154961686	4.0	4	4
13.312334288629108	4.0	4	4
13.412427027641357	4.0	4	4
13.512519766653607	4.0	4	4
13.612612505665856	4.0	4	4
13.712705244678105	4.0	4	4
13.812797983690354	4.0	4	4
13.912890722702603	4.0	4	4
14.012983461714851	4.0	4	4
14.1130762007271	4.0	4	4
14.213168939739349	4.0	4	4
14.313261678751598	4.0	4	4
14.413354417763847	4.0	4	4
14.513447156776095	5.0	5	5
14.613539895788344	5.0	5	5
14.713632634800593	5.0	5	5
14.813725373812844	5.0	5	5
14.913818112825092	5.0	5	5
15.013910851837341	5.0	5	5
15.11400359084959	5.0	5	5
15.214096329861839	5.0	5	5
15.314189068874088	5.0	5	5
15.414281807886336	5.0	5	5
15.514374546898585	5.0	5	5
15.614467285910834	5.0	5	5
15.714560024923083	5.0	5	5
15.814652763935332	5.0	5	5
15.91474550294758	5.0	5	5
16.01483824195983	5.0	5	5
16.11493098097208	5.0	5	5
16.215023719984327	5.0	5	5
16.315116458996577	5.0	5	5
16.415209198008824	5.0	5	5
16.515301937021075	5.0	5	5
16.615394676033322	5.0	5	5
16.715487415045573	5.0	5	5
16.815580154057823	5.0	5	5
16.91567289307007	5.0	5	5
17.01576563208232	5.0	5	5
17.115858371094568	5.0	5	5
17.21595111010682	5.0	5	5
17.316043849119065	5.0	5	5
17.416136588131316	5.0	5	5
17.516229327143563	5.0	5	5
17.616322066155814	5.0	5	5
17.71641480516806	5.0	5	5
17.81650754418031	5.0	5	5
17.916600283192558	5.0	5	5
18.01669302220481	5.0	5	5
18.11678576121706	5.0	5	5
18.216878500229306	5.0	5	5
18.316971239241557	5.0	5	5
18.417063978253804	5.0	5	5
18.517156717266054	5.0	5	5
18.6172494562783	5.0	5	5
18.717342195290552	5.0	5	5
18.8174349343028	5.0	5	5
18.91752767331505	5.0	5	5
19.017620412327297	5.0	5	5
19.117713151339547	5.0	5	5
19.217805890351798	5.0	5	5
19.317898629364045	5.0	5	5
19.417991368376295	5.0	5	5
19.518084107388542	5.0	5	5
19.618176846400793	5.0	5	5
19.71826958541304	5.0	5	5
19.81836232442529	4.0	4	4
19.918455063437538	4.0	4	4
20.01854780244979	4.0	4	4
20.118640541462035	4.0	4	4
20.218733280474286	4.0	4	4
20.318826019486533	4.0	4	4
20.418918758498783	4.0	4	4
20.519011497511034	4.0	4	4
20.61910423652328	4.0	4	4
20.71919697553553	4.0	4	4
20.81928971454778	4.0	4	4
20.91938245356003	4.0	4	4
21.019475192572276	4.0	4	4
21.119567931584527	4.0	4	4
21.219660670596774	4.0	4	4
21.319753409609024	4.0	4	4
21.41984614862127	4.0	4	4
21.519938887633522	4.0	4	4
21.62003162664577	4.0	4	4
21.72012436565802	4.0	4	4
21.82021710467027	4.0	4	4
21.920309843682517	4.0	4	4
22.020402582694768	4.0	4	4
22.120495321707015	4.0	4	4
22.220588060719265	4.0	4	4
22.320680799731512	4.0	4	4
22.420773538743763	4.0	4	4
22.52086627775601	4.0	4	4
22.62095901676826	4.0	4	4
22.721051755780508	4.0	4	4
22.821144494792758	4.0	4	4
22.921237233805005	4.0	4	4
23.021329972817256	4.0	4	4
23.121422711829506	4.0	4	4
23.221515450841753	4.0	4	4
23.321608189854004	4.0	4	4
23.42170092886625	3.0	3	3
23.5217936678785	3.0	3	3
23.62188640689075	1.0	1	1
23.721979145903	1.0	1	1
23.822071884915246	1.0	1	1
23.922164623927497	1.0	1	1
24.022257362939744	1.0	1	1
24.122350101951994	1.0	1	1
24.22244284096424	1.0	1	1
24.322535579976492	1.0	1	1
24.422628318988743	1.0	1	1
24.52272105800099	1.0	1	1
24.62281379701324	1.0	1	1
24.722906536025487	1.0	1	1
24.822999275037738	1.0	1	1
24.923092014049985	1.0	1	1
25.023184753062235	1.0	1	1
25.123277492074482	1.0	1	1
25.223370231086733	1.0	1	1
25.32346297009898	1.0	1	1
25.42355570911123	1.0	1	1
25.523648448123478	1.0	1	1
25.623741187135728	1.0	1	1
25.72383392614798	1.0	1	1
25.823926665160226	1.0	1	1
25.924019404172476	1.0	1	1
26.024112143184723	1.0	1	1
26.124204882196974	1.0	1	1
26.22429762120922	1.0	1	1
26.32439036022147	1.0	1	1
26.42448309923372	1.0	1	1
26.52457583824597	1.0	1	1
26.624668577258216	1.0	1	1
26.724761316270467	1.0	1	1
26.824854055282714	1.0	1	1
26.924946794294964	1.0	1	1
27.025039533307215	1.0	1	1
27.125132272319462	1.0	1	1
27.225225011331712	1.0	1	1
27.32531775034396	1.0	1	1
27.42541048935621	1.0	1	1
27.525503228368457	1.0	1	1
27.625595967380708	1.0	1	1
27.725688706392955	1.0	1	1
27.825781445405205	1.0	1	1
27.925874184417452	1.0	1	1
28.025966923429703	1.0	1	1
28.12605966244195	1.0	1	1
28.2261524014542	1.0	1	1
28.32624514046645	1.0	1	1
28.426337879478698	1.0	1	1
28.52643061849095	1.0	1	1
28.626523357503196	1.0	1	1
28.726616096515446	1.0	1	1
28.826708835527693	1.0	1	1
28.926801574539944	1.0	1	1
29.02689431355219	1.0	1	1
29.12698705256444	1.0	1	1
29.22707979157669	1.0	1	1
29.32717253058894	1.0	1	1
29.427265269601186	1.0	1	1
29.527358008613437	1.0	1	1
29.627450747625687	1.0	1	1
29.727543486637934	1.0	1	1
29.827636225650185	1.0	1	1
29.927728964662432	1.0	1	1
30.027821703674682	1.0	1	1
30.12791444268693	1.0	1	1
30.22800718169918	1.0	1	1
30.328099920711427	1.0	1	1
30.428192659723678	1.0	1	1
30.528285398735925	1.0	1	1
30.628378137748175	1.0	1	1
30.728470876760422	1.0	1	1
30.828563615772673	1.0	1	1
30.928656354784923	1.0	1	1
31.02874909379717	1.0	1	1
31.12884183280942	1.0	1	1
31.228934571821668	1.0	1	1
31.32902731083392	1.0	1	1
31.429120049846166	1.0	1	1
31.529212788858416	1.0	1	1
31.629305527870663	1.0	1	1
31.729398266882914	1.0	1	1
31.82949100589516	1.0	1	1
31.92958374490741	1.0	1	1
32.02967648391966	1.0	1	1
32.12976922293191	1.0	1	1
32.22986196194416	1.0	1	1
32.32995470095641	1.0	1	1
32.430047439968654	1.0	1	1
32.53014017898091	1.0	1	1
32.630232917993155	1.0	1	1
32.7303256570054	1.0	1	1
32.83041839601765	1.0	1	1
32.9305111350299	1.0	1	1
33.03060387404215	1.0	1	1
33.1306966130544	1.0	1	1
33.230789352066644	1.0	1	1
33.3308820910789	1.0	1	1
33.430974830091145	1.0	1	1
33.53106756910339	1.0	1	1
33.631160308115646	1.0	1	1
33.73125304712789	1.0	1	1
33.83134578614014	1.0	1	1
33.93143852515239	1.0	1	1
34.03153126416464	1.0	1	1
34.13162400317689	1.0	1	1
34.231716742189136	2.0	2	2
34.33180948120138	2.0	2	2
34.43190222021364	2.0	2	2
34.531994959225884	2.0	2	2
34.63208769823813	2.0	2	2
34.732180437250385	2.0	2	2
34.83227317626263	2.0	2	2
34.93236591527488	2.0	2	2
35.032458654287126	2.0	2	2
35.13255139329938	2.0	2	2
35.23264413231163	2.0	2	2
35.332736871323874	2.0	2	2
35.43282961033612	2.0	2	2
35.532922349348375	2.0	2	2
35.63301508836062	2.0	2	2
35.73310782737287	2.0	2	2
35.833200566385116	2.0	2	2
35.93329330539737	2.0	2	2
36.03338604440962	2.0	2	2
36.133478783421864	2.0	2	2
36.23357152243412	2.0	2	2
36.333664261446366	2.0	2	2
36.43375700045861	2.0	2	2
36.53384973947086	2.0	2	2
36.633942478483114	2.0	2	2
36.73403521749536	2.0	2	2
36.83412795650761	2.0	2	2
36.934220695519855	2.0	2	2
37.03431343453211	2.0	2	2
37.134406173544356	2.0	2	2
37.2344989125566	2.0	2	2
37.33459165156886	2.0	2	2
37.434684390581104	2.0	2	2
37.53477712959335	2.0	2	2
37.6348698686056	3.0	3	3
37.73496260761785	4.0	4	4
37.8350553466301	4.0	4	4
37.935148085642346	4.0	4	4
38.03524082465459	4.0	4	4
38.13533356366685	4.0	4	4
38.235426302679095	4.0	4	4
38.33551904169134	4.0	4	4
38.435611780703596	4.0	4	4
38.53570451971584	4.0	4	4
38.63579725872809	4.0	4	4
38.73588999774034	5.0	5	5
38.83598273675259	4.0	4	4
38.93607547576484	4.0	4	4
39.036168214777085	5.0	5	5
39.13626095378933	5.0	5	5
39.236353692801586	5.0	5	5
39.33644643181383	6.0	6	6
39.43653917082608	8.0	8	8
39.53663190983833	9.0	9	9
39.63672464885058	10.0	10	10
39.73681738786283	10.0	10	10
39.836910126875075	10.0	10	10
39.93700286588733	10.0	10	10
40.03709560489958	10.0	10	10
40.13718834391182	10.0	10	10
40.23728108292407	11.0	11	11
40.337373821936325	11.0	11	11
40.43746656094857	11.0	11	11
40.53755929996082	11.0	11	11
40.637652038973066	11.0	11	11
40.73774477798532	11.0	11	11
40.83783751699757	11.0	11	11
40.937930256009814	11.0	11	11
41.03802299502207	11.0	11	11
41.138115734034315	11.0	11	11
41.23820847304656	11.0	11	11
41.33830121205881	11.0	11	11
41.43839395107106	11.0	11	11
41.53848669008331	11.0	11	11
41.63857942909556	11.0	11	11
41.738672168107804	11.0	11	11
41.83876490712006	11.0	11	11
41.938857646132305	11.0	11	11
42.03895038514455	11.0	11	11
42.1390431241568	11.0	11	11
42.239135863169054	11.0	11	11
42.3392286021813	11.0	11	11
42.43932134119355	11.0	11	11
42.5394140802058	11.0	11	11
42.63950681921805	11.0	11	11
42.739599558230296	11.0	11	11
42.83969229724254	11.0	11	11
42.9397850362548	11.0	11	11
43.039877775267044	11.0	11	11
43.13997051427929	11.0	11	11
43.24006325329154	11.0	11	11
43.34015599230379	11.0	11	11
43.44024873131604	11.0	11	11
43.540341470328286	11.0	11	11
43.64043420934054	11.0	11	11
43.74052694835279	11.0	11	11
43.840619687365034	11.0	11	11
43.94071242637728	11.0	11	11
44.040805165389536	11.0	11	11
44.14089790440178	11.0	11	11
44.24099064341403	11.0	11	11
44.34108338242628	11.0	11	11
44.44117612143853	11.0	11	11
44.54126886045078	11.0	11	11
44.641361599463025	11.0	11	11
44.74145433847527	11.0	11	11
44.841547077487526	11.0	11	11
44.94163981649977	11.0	11	11
45.04173255551202	11.0	11	11
45.141825294524274	10.0	10	10
45.24191803353652	10.0	10	10
45.34201077254877	10.0	10	10
45.442103511561015	10.0	10	10
45.54219625057327	10.0	10	10
45.642288989585516	10.0	10	10
45.74238172859776	10.0	10	10
45.84247446761001	10.0	10	10
45.942567206622265	10.0	10	10
46.04265994563451	11.0	11	11
46.14275268464676	12.0	12	12
46.24284542365901	13.0	13	13
46.34293816267126	13.0	13	13
46.44303090168351	13.0	13	13
46.543123640695754	13.0	13	13
46.64321637970801	13.0	13	13
46.743309118720255	14.0	14	14
46.8434018577325	14.0	14	14
46.94349459674475	14.0	14	14
47.043587335757	14.0	14	14
47.14368007476925	14.0	14	14
47.2437728137815	15.0	15	15
47.343865552793744	16.0	16	16
47.443958291806	17.0	17	17
47.544051030818245	16.0	16	16
47.64414376983049	16.0	16	16
47.74423650884275	17.0	17	17
47.84432924785499	17.0	17	17
47.94442198686724	17.0	17	17
48.04451472587949	17.0	17	17
48.14460746489174	17.0	17	17
48.24470020390399	17.0	17	17
48.344792942916236	17.0	17	17
48.44488568192848	17.0	17	17
48.54497842094074	17.0	17	17
48.645071159952984	17.0	17	17
48.74516389896523	17.0	17	17
48.845256637977485	17.0	17	17
48.94534937698973	17.0	17	17
49.04544211600198	17.0	17	17
49.145534855014226	17.0	17	17
49.24562759402648	17.0	17	17
49.34572033303873	17.0	17	17
49.445813072050974	17.0	17	17
49.54590581106322	17.0	17	17
49.645998550075475	17.0	17	17
49.74609128908772	17.0	17	17
49.84618402809997	16.0	16	16
49.94627676711222	16.0	16	16
50.04636950612447	16.0	16	16
50.14646224513672	15.0	15	15
50.246554984148965	15.0	15	15
50.34664772316122	15.0	15	15
50.446740462173466	15.0	15	15
50.54683320118571	15.0	15	15
50.64692594019796	15.0	15	15
50.747018679210214	15.0	15	15
50.84711141822246	16.0	16	16
50.94720415723471	16.0	16	16
51.047296896246955	16.0	16	16
51.14738963525921	16.0	16	16
51.247482374271456	16.0	16	16
51.3475751132837	16.0	16	16
51.44766785229596	16.0	16	16
51.547760591308204	16.0	16	16
51.64785333032045	16.0	16	16
51.7479460693327	16.0	16	16
51.84803880834495	16.0	16	16
51.9481315473572	16.0	16	16
52.04822428636945	16.0	16	16
52.148317025381694	16.0	16	16
52.24840976439395	16.0	16	16
52.348502503406195	16.0	16	16
52.44859524241844	16.0	16	16
52.548687981430696	16.0	16	16
52.64878072044294	16.0	16	16
52.74887345945519	16.0	16	16
52.84896619846744	16.0	16	16
52.94905893747969	16.0	16	16
53.04915167649194	16.0	16	16
53.149244415504185	16.0	16	16
53.24933715451643	16.0	16	16
53.349429893528686	15.0	15	15
53.44952263254093	14.0	14	14
53.54961537155318	14.0	14	14
53.64970811056543	14.0	14	14
53.74980084957768	14.0	14	14
53.84989358858993	14.0	14	14
53.949986327602176	13.0	13	13
54.05007906661443	13.0	13	13
54.15017180562668	13.0	13	13
54.250264544638924	13.0	13	13
54.35035728365117	14.0	14	14
54.450450022663425	14.0	14	14
54.55054276167567	14.0	14	14
54.65063550068792	14.0	14	14
54.750728239700166	14.0	14	14
54.85082097871242	14.0	14	14
54.95091371772467	14.0	14	14
55.051006456736914	12.0	12	12
55.15109919574917	12.0	12	12
55.251191934761415	11.0	11	11
55.35128467377366	12.0	12	12
55.45137741278591	12.0	12	12
55.55147015179816	12.0	12	12
55.65156289081041	12.0	12	12
55.75165562982266	11.0	11	11
55.851748368834905	11.0	11	11
55.95184110784716	12.0	12	12
56.051933846859406	12.0	12	12
56.15202658587165	12.0	12	12
56.2521193248839	11.0	11	11
56.352212063896154	11.0	11	11
56.4523048029084	11.0	11	11
56.55239754192065	12.0	12	12
56.6524902809329	12.0	12	12
56.75258301994515	10.0	10	10
56.852675758957396	8.0	8	8
56.95276849796964	8.0	8	8
57.0528612369819	8.0	8	8
57.152953975994144	8.0	8	8
57.25304671500639	9.0	9	9
57.35313945401864	7.0	7	7
57.45323219303089	8.0	8	8
57.55332493204314	8.0	8	8
57.65341767105539	8.0	8	8
57.75351041006764	8.0	8	8
57.85360314907989	9.0	9	9
57.953695888092135	8.0	8	8
58.05378862710438	8.0	8	8
58.153881366116636	9.0	9	9
58.25397410512888	9.0	9	9
58.35406684414113	9.0	9	9
58.45415958315338	9.0	9	9
58.55425232216563	9.0	9	9
58.65434506117788	8.0	8	8
58.754437800190125	7.0	7	7
58.85453053920237	6.0	6	6
58.954623278214626	6.0	6	6
59.05471601722687	6.0	6	6
59.15480875623912	6.0	6	6
59.254901495251374	4.0	4	4
59.35499423426362	3.0	3	3
59.45508697327587	4.0	4	4
59.555179712288115	4.0	4	4
59.65527245130037	4.0	4	4
59.75536519031262	5.0	5	5
59.855457929324864	5.0	5	5
59.95555066833711	5.0	5	5
60.055643407349365	5.0	5	5
60.15573614636161	5.0	5	5
60.25582888537386	5.0	5	5
60.35592162438611	5.0	5	5
60.45601436339836	5.0	5	5
60.55610710241061	5.0	5	5
60.656199841422854	4.0	4	4
60.75629258043511	4.0	4	4
60.856385319447355	5.0	5	5
60.9564780584596	5.0	5	5
61.05657079747185	6.0	6	6
61.1566635364841	6.0	6	6
61.25675627549635	6.0	6	6
61.3568490145086	6.0	6	6
61.456941753520844	6.0	6	6
61.5570344925331	6.0	6	6
61.657127231545346	5.0	5	5
61.75721997055759	5.0	5	5
61.85731270956985	5.0	5	5
61.957405448582094	5.0	5	5
62.05749818759434	5.0	5	5
62.15759092660659	5.0	5	5
62.25768366561884	6.0	6	6
62.35777640463109	6.0	6	6
62.457869143643336	7.0	7	7
62.55796188265558	7.0	7	7
62.65805462166784	7.0	7	7
62.758147360680084	7.0	7	7
62.85824009969233	7.0	7	7
62.958332838704585	7.0	7	7
63.05842557771683	7.0	7	7
63.15851831672908	7.0	7	7
63.258611055741326	6.0	6	6
63.35870379475358	6.0	6	6
63.45879653376583	7.0	7	7
63.558889272778075	7.0	7	7
63.65898201179032	7.0	7	7
63.759074750802576	7.0	7	7
63.85916748981482	7.0	7	7
63.95926022882707	7.0	7	7
64.05935296783932	7.0	7	7
64.15944570685157	6.0	6	6
64.25953844586383	6.0	6	6
64.35963118487606	6.0	6	6
64.45972392388832	6.0	6	6
64.55981666290056	6.0	6	6
64.65990940191281	6.0	6	6
64.76000214092507	6.0	6	6
64.86009487993731	6.0	6	6
64.96018761894956	6.0	6	6
65.06028035796182	6.0	6	6
65.16037309697406	6.0	6	6
65.26046583598631	6.0	6	6
65.36055857499856	6.0	6	6
65.4606513140108	5.0	5	5
65.56074405302306	7.0	7	7
65.6608367920353	9.0	9	9
65.76092953104755	9.0	9	9
65.8610222700598	11.0	11	11
65.96111500907205	11.0	11	11
66.0612077480843	11.0	11	11
66.16130048709655	11.0	11	11
66.2613932261088	13.0	13	13
66.36148596512105	14.0	14	14
66.46157870413329	14.0	14	14
66.56167144314554	15.0	15	15
66.6617641821578	15.0	15	15
66.76185692117004	16.0	16	16
66.86194966018229	16.0	16	16
66.96204239919454	16.0	16	16
67.06213513820678	17.0	17	17
67.16222787721904	16.0	16	16
67.26232061623129	16.0	16	16
67.36241335524353	16.0	16	16
67.46250609425579	16.0	16	16
67.56259883326803	17.0	17	17
67.66269157228028	17.0	17	17
67.76278431129253	17.0	17	17
67.86287705030477	17.0	17	17
67.96296978931703	16.0	16	16
68.06306252832928	16.0	16	16
68.16315526734152	16.0	16	16
68.26324800635378	17.0	17	17
68.36334074536603	18.0	18	18
68.46343348437827	18.0	18	18
68.56352622339053	18.0	18	18
68.66361896240277	18.0	18	18
68.76371170141502	18.0	18	18
68.86380444042727	17.0	17	17
68.96389717943951	17.0	17	17
69.06398991845177	17.0	17	17
69.16408265746402	17.0	17	17
69.26417539647626	16.0	16	16
69.36426813548852	16.0	16	16
69.46436087450077	16.0	16	16
69.56445361351301	15.0	15	15
69.66454635252526	15.0	15	15
69.7646390915375	15.0	15	15
69.86473183054976	14.0	14	14
69.96482456956201	14.0	14	14
70.06491730857425	15.0	15	15
70.1650100475865	14.0	14	14
70.26510278659876	14.0	14	14
70.365195525611	14.0	14	14
70.46528826462325	15.0	15	15
70.56538100363551	15.0	15	15
70.66547374264775	15.0	15	15
70.76556648166	14.0	14	14
70.86565922067224	14.0	14	14
70.9657519596845	14.0	14	14
71.06584469869675	12.0	12	12
71.16593743770899	12.0	12	12
71.26603017672124	12.0	12	12
71.3661229157335	12.0	12	12
71.46621565474574	12.0	12	12
71.56630839375799	12.0	12	12
71.66640113277023	13.0	13	13
71.76649387178249	14.0	14	14
71.86658661079474	14.0	14	14
71.96667934980698	14.0	14	14
72.06677208881923	15.0	15	15
72.16686482783149	15.0	15	15
72.26695756684373	14.0	14	14
72.36705030585598	14.0	14	14
72.46714304486824	14.0	14	14
72.56723578388048	13.0	13	13
72.66732852289273	13.0	13	13
72.76742126190497	13.0	13	13
72.86751400091723	13.0	13	13
72.96760673992948	13.0	13	13
73.06769947894172	14.0	14	14
73.16779221795397	14.0	14	14
73.26788495696623	14.0	14	14
73.36797769597847	14.0	14	14
73.46807043499072	14.0	14	14
73.56816317400298	14.0	14	14
73.66825591301522	14.0	14	14
73.76834865202747	13.0	13	13
73.86844139103971	13.0	13	13
73.96853413005196	13.0	13	13
74.06862686906422	13.0	13	13
74.16871960807646	14.0	14	14
74.26881234708871	14.0	14	14
74.36890508610097	14.0	14	14
74.4689978251132	14.0	14	14
74.56909056412546	14.0	14	14
74.66918330313771	14.0	14	14
74.76927604214995	14.0	14	14
74.86936878116221	14.0	14	14
74.96946152017445	14.0	14	14
75.0695542591867	14.0	14	14
75.16964699819896	14.0	14	14
75.2697397372112	14.0	14	14
75.36983247622345	14.0	14	14
75.4699252152357	15.0	15	15
75.57001795424794	15.0	15	15
75.6701106932602	15.0	15	15
75.77020343227245	15.0	15	15
75.87029617128469	15.0	15	15
75.97038891029695	15.0	15	15
76.07048164930919	15.0	15	15
76.17057438832144	15.0	15	15
76.2706671273337	15.0	15	15
76.37075986634594	15.0	15	15
76.47085260535819	15.0	15	15
76.57094534437044	14.0	14	14
76.67103808338268	14.0	14	14
76.77113082239494	14.0	14	14
76.87122356140719	14.0	14	14
76.97131630041943	14.0	14	14
77.07140903943169	14.0	14	14
77.17150177844393	14.0	14	14
77.27159451745618	14.0	14	14
77.37168725646843	13.0	13	13
77.47177999548067	13.0	13	13
77.57187273449293	13.0	13	13
77.67196547350518	13.0	13	13
77.77205821251742	13.0	13	13
77.87215095152968	13.0	13	13
77.97224369054192	13.0	13	13
78.07233642955417	13.0	13	13
78.17242916856642	13.0	13	13
78.27252190757866	13.0	13	13
78.37261464659092	13.0	13	13
78.47270738560317	13.0	13	13
78.57280012461541	13.0	13	13
78.67289286362767	13.0	13	13
78.77298560263992	13.0	13	13
78.87307834165216	13.0	13	13
78.97317108066441	13.0	13	13
79.07326381967665	13.0	13	13
79.17335655868891	13.0	13	13
79.27344929770116	13.0	13	13
79.3735420367134	13.0	13	13
79.47363477572566	13.0	13	13
79.57372751473791	13.0	13	13
79.67382025375015	13.0	13	13
79.7739129927624	12.0	12	12
79.87400573177466	12.0	12	12
79.9740984707869	12.0	12	12
80.07419120979915	12.0	12	12
80.1742839488114	13.0	13	13
80.27437668782365	13.0	13	13
80.3744694268359	13.0	13	13
80.47456216584814	13.0	13	13
80.5746549048604	13.0	13	13
80.67474764387265	12.0	12	12
80.77484038288489	12.0	12	12
80.87493312189714	12.0	12	12
80.9750258609094	12.0	12	12
81.07511859992164	12.0	12	12
81.17521133893389	12.0	12	12
81.27530407794613	13.0	13	13
81.37539681695839	13.0	13	13
81.47548955597064	13.0	13	13
81.57558229498288	13.0	13	13
81.67567503399513	13.0	13	13
81.77576777300739	13.0	13	13
81.87586051201963	13.0	13	13
81.97595325103188	13.0	13	13
82.07604599004414	13.0	13	13
82.17613872905638	13.0	13	13
82.27623146806863	13.0	13	13
82.37632420708087	13.0	13	13
82.47641694609312	13.0	13	13
82.57650968510538	13.0	13	13
82.67660242411762	13.0	13	13
82.77669516312987	11.0	11	11
82.87678790214213	10.0	10	10
82.97688064115437	10.0	10	10
83.07697338016662	10.0	10	10
83.17706611917886	10.0	10	10
83.27715885819111	10.0	10	10
83.37725159720337	10.0	10	10
83.47734433621561	10.0	10	10
83.57743707522786	10.0	10	10
83.67752981424012	11.0	11	11
83.77762255325236	11.0	11	11
83.87771529226461	11.0	11	11
83.97780803127687	11.0	11	11
84.0779007702891	12.0	12	12
84.17799350930136	12.0	12	12
84.2780862483136	12.0	12	12
84.37817898732585	12.0	12	12
84.47827172633811	12.0	12	12
84.57836446535035	11.0	11	11
84.6784572043626	11.0	11	11
84.77854994337486	11.0	11	11
84.8786426823871	12.0	12	12
84.97873542139935	12.0	12	12
85.0788281604116	13.0	13	13
85.17892089942384	12.0	12	12
85.2790136384361	12.0	12	12
85.37910637744834	12.0	12	12
85.47919911646059	12.0	12	12
85.57929185547285	10.0	10	10
85.67938459448509	10.0	10	10
85.77947733349734	9.0	9	9
85.8795700725096	8.0	8	8
85.97966281152183	8.0	8	8
86.07975555053409	8.0	8	8
86.17984828954634	8.0	8	8
86.27994102855858	8.0	8	8
86.38003376757084	7.0	7	7
86.48012650658308	7.0	7	7
86.58021924559533	7.0	7	7
86.68031198460758	6.0	6	6
86.78040472361982	6.0	6	6
86.88049746263208	6.0	6	6
86.98059020164433	5.0	5	5
87.08068294065657	5.0	5	5
87.18077567966883	5.0	5	5
87.28086841868108	5.0	5	5
87.38096115769332	5.0	5	5
87.48105389670557	6.0	6	6
87.58114663571781	6.0	6	6
87.68123937473007	6.0	6	6
87.78133211374232	6.0	6	6
87.88142485275456	6.0	6	6
87.98151759176682	6.0	6	6
88.08161033077907	6.0	6	6
88.18170306979131	6.0	6	6
88.28179580880357	6.0	6	6
88.3818885478158	6.0	6	6
88.48198128682806	5.0	5	5
88.58207402584031	5.0	5	5
88.68216676485255	5.0	5	5
88.78225950386481	5.0	5	5
88.88235224287706	5.0	5	5
88.9824449818893	5.0	5	5
89.08253772090156	5.0	5	5
89.18263045991381	5.0	5	5
89.28272319892605	5.0	5	5
89.3828159379383	5.0	5	5
89.48290867695054	4.0	4	4
89.5830014159628	5.0	5	5
89.68309415497505	6.0	6	6
89.78318689398729	6.0	6	6
89.88327963299955	6.0	6	6
89.9833723720118	6.0	6	6
90.08346511102404	6.0	6	6
90.1835578500363	6.0	6	6
90.28365058904855	6.0	6	6
90.38374332806079	6.0	6	6
90.48383606707304	7.0	7	7
90.58392880608528	7.0	7	7
90.68402154509754	7.0	7	7
90.78411428410979	7.0	7	7
90.88420702312203	7.0	7	7
90.98429976213428	7.0	7	7
91.08439250114654	7.0	7	7
91.18448524015878	7.0	7	7
91.28457797917103	7.0	7	7
91.38467071818329	7.0	7	7
91.48476345719553	6.0	6	6
91.58485619620778	6.0	6	6
91.68494893522002	6.0	6	6
91.78504167423227	6.0	6	6
91.88513441324453	6.0	6	6
91.98522715225677	6.0	6	6
92.08531989126902	6.0	6	6
92.18541263028128	6.0	6	6
92.28550536929352	6.0	6	6
92.38559810830577	6.0	6	6
92.48569084731803	6.0	6	6
92.58578358633027	6.0	6	6
92.68587632534252	5.0	5	5
92.78596906435476	5.0	5	5
92.88606180336701	4.0	4	4
92.98615454237927	4.0	4	4
93.08624728139151	4.0	4	4
93.18634002040376	4.0	4	4
93.28643275941602	4.0	4	4
93.38652549842826	3.0	3	3
93.48661823744051	4.0	4	4
93.58671097645276	5.0	5	5
93.686803715465	5.0	5	5
93.78689645447726	5.0	5	5
93.8869891934895	6.0	6	6
93.98708193250175	6.0	6	6
94.087174671514	6.0	6	6
94.18726741052625	6.0	6	6
94.2873601495385	7.0	7	7
94.38745288855075	7.0	7	7
94.487545627563	7.0	7	7
94.58763836657525	7.0	7	7
94.68773110558749	6.0	6	6
94.78782384459974	6.0	6	6
94.887916583612	6.0	6	6
94.98800932262424	7.0	7	7
95.08810206163649	7.0	7	7
95.18819480064874	8.0	8	8
95.28828753966098	8.0	8	8
95.38838027867324	8.0	8	8
95.4884730176855	8.0	8	8
95.58856575669773	8.0	8	8
95.68865849570999	8.0	8	8
95.78875123472223	7.0	7	7
95.88884397373448	7.0	7	7
95.98893671274674	6.0	6	6
96.08902945175898	5.0	5	5
96.18912219077123	4.0	4	4
96.28921492978348	4.0	4	4
96.38930766879572	3.0	3	3
96.48940040780798	3.0	3	3
96.58949314682023	3.0	3	3
96.68958588583247	3.0	3	3
96.78967862484473	3.0	3	3
96.88977136385697	3.0	3	3
96.98986410286922	3.0	3	3
97.08995684188147	3.0	3	3
97.19004958089371	3.0	3	3
97.29014231990597	3.0	3	3
97.39023505891822	4.0	4	4
97.49032779793046	4.0	4	4
97.59042053694272	4.0	4	4
97.69051327595497	4.0	4	4
97.79060601496721	4.0	4	4
97.89069875397946	4.0	4	4
97.9907914929917	4.0	4	4
98.09088423200396	4.0	4	4
98.19097697101621	4.0	4	4
98.29106971002845	4.0	4	4
98.3911624490407	4.0	4	4
98.49125518805296	4.0	4	4
98.5913479270652	3.0	3	3
98.69144066607745	4.0	4	4
98.79153340508971	4.0	4	4
98.89162614410195	4.0	4	4
98.9917188831142	4.0	4	4
99.09181162212644	4.0	4	4
99.1919043611387	4.0	4	4
99.29199710015095	4.0	4	4
99.39208983916319	5.0	5	5
99.49218257817544	5.0	5	5
99.5922753171877	5.0	5	5
99.69236805619994	5.0	5	5
99.7924607952122	5.0	5	5
99.89255353422443	5.0	5	5
99.99264627323669	5.0	5	5
100.09273901224894	5.0	5	5
100.19283175126118	5.0	5	5
100.29292449027344	5.0	5	5
100.39301722928569	5.0	5	5
100.49310996829793	5.0	5	5
100.59320270731018	5.0	5	5
100.69329544632244	5.0	5	5
100.79338818533468	5.0	5	5
100.89348092434693	4.0	4	4
100.99357366335917	4.0	4	4
101.09366640237143	3.0	3	3
101.19375914138368	3.0	3	3
101.29385188039592	3.0	3	3
101.39394461940817	4.0	4	4
101.49403735842043	4.0	4	4
101.59413009743267	4.0	4	4
101.69422283644492	4.0	4	4
101.79431557545718	4.0	4	4
101.89440831446942	4.0	4	4
101.99450105348167	4.0	4	4
102.09459379249391	4.0	4	4
102.19468653150616	4.0	4	4
102.29477927051842	4.0	4	4
102.39487200953066	4.0	4	4
102.49496474854291	4.0	4	4
102.59505748755517	4.0	4	4
102.6951502265674	4.0	4	4
102.79524296557966	4.0	4	4
102.89533570459191	4.0	4	4
102.99542844360415	4.0	4	4
103.09552118261641	4.0	4	4
103.19561392162865	4.0	4	4
103.2957066606409	4.0	4	4
103.39579939965316	4.0	4	4
103.4958921386654	4.0	4	4
103.59598487767765	4.0	4	4
103.6960776166899	4.0	4	4
103.79617035570215	4.0	4	4
103.8962630947144	4.0	4	4
103.99635583372665	4.0	4	4
104.0964485727389	4.0	4	4
104.19654131175115	4.0	4	4
104.29663405076339	4.0	4	4
104.39672678977564	4.0	4	4
104.4968195287879	4.0	4	4
104.59691226780014	4.0	4	4
104.69700500681239	4.0	4	4
104.79709774582464	4.0	4	4
104.89719048483688	4.0	4	4
104.99728322384914	4.0	4	4
105.09737596286139	5.0	5	5
105.19746870187363	5.0	5	5
105.29756144088589	5.0	5	5
105.39765417989813	5.0	5	5
105.49774691891038	5.0	5	5
105.59783965792263	5.0	5	5
105.69793239693487	5.0	5	5
105.79802513594713	5.0	5	5
105.89811787495938	5.0	5	5
105.99821061397162	5.0	5	5
106.09830335298388	5.0	5	5
106.19839609199612	5.0	5	5
106.29848883100837	5.0	5	5
106.39858157002062	5.0	5	5
106.49867430903286	5.0	5	5
106.59876704804512	4.0	4	4
106.69885978705737	4.0	4	4
106.79895252606961	4.0	4	4
106.89904526508187	4.0	4	4
106.99913800409412	4.0	4	4
107.09923074310636	4.0	4	4
107.19932348211861	4.0	4	4
107.29941622113085	4.0	4	4
107.39950896014311	4.0	4	4
107.49960169915536	4.0	4	4
107.5996944381676	4.0	4	4
107.69978717717986	4.0	4	4
107.79987991619211	4.0	4	4
107.89997265520435	4.0	4	4
108.0000653942166	4.0	4	4
108.10015813322886	4.0	4	4
108.2002508722411	4.0	4	4
108.30034361125335	4.0	4	4
108.4004363502656	4.0	4	4
108.50052908927785	4.0	4	4
108.6006218282901	4.0	4	4
108.70071456730234	4.0	4	4
108.8008073063146	4.0	4	4
108.90090004532685	4.0	4	4
109.00099278433909	4.0	4	4
109.10108552335134	4.0	4	4
109.2011782623636	4.0	4	4
109.30127100137584	4.0	4	4
109.40136374038809	4.0	4	4
109.50145647940033	4.0	4	4
109.60154921841259	4.0	4	4
109.70164195742484	4.0	4	4
109.80173469643708	4.0	4	4
109.90182743544933	4.0	4	4
110.00192017446159	4.0	4	4
110.10201291347383	4.0	4	4
110.20210565248608	4.0	4	4
110.30219839149834	4.0	4	4
110.40229113051058	4.0	4	4
110.50238386952283	4.0	4	4
110.60247660853507	3.0	3	3
110.70256934754732	3.0	3	3
110.80266208655958	3.0	3	3
110.90275482557182	3.0	3	3
111.00284756458407	3.0	3	3
111.10294030359633	3.0	3	3
111.20303304260857	3.0	3	3
111.30312578162082	3.0	3	3
111.40321852063306	3.0	3	3
111.50331125964532	3.0	3	3
111.60340399865757	3.0	3	3
111.70349673766981	3.0	3	3
111.80358947668206	3.0	3	3
111.90368221569432	3.0	3	3
112.00377495470656	3.0	3	3
112.10386769371881	3.0	3	3
112.20396043273107	3.0	3	3
112.3040531717433	3.0	3	3
112.40414591075556	3.0	3	3
112.5042386497678	3.0	3	3
112.60433138878005	3.0	3	3
112.70442412779231	3.0	3	3
112.80451686680455	3.0	3	3
112.9046096058168	3.0	3	3
113.00470234482906	3.0	3	3
113.1047950838413	3.0	3	3
113.20488782285355	3.0	3	3
113.3049805618658	3.0	3	3
113.40507330087804	3.0	3	3
113.5051660398903	3.0	3	3
113.60525877890254	3.0	3	3
113.70535151791479	3.0	3	3
113.80544425692705	3.0	3	3
113.90553699593929	3.0	3	3
114.00562973495154	3.0	3	3
114.1057224739638	2.0	2	2
114.20581521297603	2.0	2	2
114.30590795198829	1.0	1	1
114.40600069100054	0.0	0	0
114.50609343001278	0.0	0	0
114.60618616902504	0.0	0	0
114.70627890803728	0.0	0	0
114.80637164704953	0.0	0	0
114.90646438606178	0.0	0	0
115.00655712507402	0.0	0	0
115.10664986408628	0.0	0	0
115.20674260309853	0.0	0	0
115.30683534211077	0.0	0	0
115.40692808112303	0.0	0	0
115.50702082013528	0.0	0	0
115.60711355914752	0.0	0	0
115.70720629815978	0.0	0	0
115.80729903717202	0.0	0	0
115.90739177618427	0.0	0	0
116.00748451519652	0.0	0	0
116.10757725420876	0.0	0	0
116.20766999322102	0.0	0	0
116.30776273223327	0.0	0	0
116.40785547124551	0.0	0	0
116.50794821025777	0.0	0	0
116.60804094927002	0.0	0	0
116.70813368828226	0.0	0	0
116.80822642729451	0.0	0	0
116.90831916630675	0.0	0	0
117.00841190531901	0.0	0	0
117.10850464433126	0.0	0	0
117.2085973833435	0.0	0	0
117.30869012235576	0.0	0	0
117.40878286136801	0.0	0	0
117.50887560038025	0.0	0	0
117.6089683393925	0.0	0	0
117.70906107840474	0.0	0	0
117.809153817417	0.0	0	0
117.90924655642925	0.0	0	0
118.00933929544149	0.0	0	0
118.10943203445375	0.0	0	0
118.209524773466	0.0	0	0
118.30961751247824	0.0	0	0
118.4097102514905	0.0	0	0
118.50980299050275	0.0	0	0
118.60989572951499	0.0	0	0
118.70998846852724	0.0	0	0
118.81008120753948	0.0	0	0
118.91017394655174	0.0	0	0
119.01026668556399	0.0	0	0
119.11035942457623	0.0	0	0
119.21045216358849	0.0	0	0
119.31054490260074	0.0	0	0
119.41063764161298	0.0	0	0
119.51073038062523	0.0	0	0
119.61082311963749	0.0	0	0
119.71091585864973	0.0	0	0
119.81100859766198	0.0	0	0
119.91110133667422	0.0	0	0
120.01119407568648	0.0	0	0
120.11128681469873	0.0	0	0
120.21137955371097	0.0	0	0
120.31147229272322	0.0	0	0
120.41156503173548	0.0	0	0
120.51165777074772	0.0	0	0
120.61175050975997	0.0	0	0
120.71184324877223	0.0	0	0
120.81193598778447	0.0	0	0
120.91202872679672	0.0	0	0
121.01212146580896	0.0	0	0
121.11221420482121	0.0	0	0
121.21230694383347	1.0	1	1
121.31239968284571	1.0	1	1
121.41249242185796	1.0	1	1
121.51258516087022	1.0	1	1
121.61267789988246	1.0	1	1
121.71277063889471	1.0	1	1
121.81286337790696	1.0	1	1
121.9129561169192	1.0	1	1
122.01304885593146	1.0	1	1
122.1131415949437	1.0	1	1
122.21323433395595	1.0	1	1
122.3133270729682	1.0	1	1
122.41341981198045	1.0	1	1
122.5135125509927	1.0	1	1
122.61360529000495	1.0	1	1
122.7136980290172	1.0	1	1
122.81379076802945	1.0	1	1
122.91388350704169	1.0	1	1
123.01397624605394	1.0	1	1
123.1140689850662	0.0	0	0
123.21416172407844	0.0	0	0
123.31425446309069	0.0	0	0
123.41434720210295	0.0	0	0
123.51443994111519	0.0	0	0
123.61453268012744	0.0	0	0
123.7146254191397	0.0	0	0
123.81471815815193	0.0	0	0
123.91481089716419	0.0	0	0
124.01490363617643	0.0	0	0
124.11499637518868	0.0	0	0
124.21508911420094	0.0	0	0
124.31518185321318	0.0	0	0
124.41527459222543	0.0	0	0
124.51536733123768	0.0	0	0
124.61546007024992	0.0	0	0
124.71555280926218	0.0	0	0
124.81564554827443	0.0	0	0
124.91573828728667	0.0	0	0
125.01583102629893	0.0	0	0
125.11592376531117	0.0	0	0
125.21601650432342	0.0	0	0
125.31610924333567	0.0	0	0
125.41620198234791	0.0	0	0
125.51629472136017	0.0	0	0
125.61638746037242	0.0	0	0
125.71648019938466	0.0	0	0
125.81657293839692	0.0	0	0
125.91666567740917	0.0	0	0
126.01675841642141	0.0	0	0
126.11685115543366	0.0	0	0
126.2169438944459	0.0	0	0
126.31703663345816	1.0	1	1
126.41712937247041	1.0	1	1
126.51722211148265	1.0	1	1
126.6173148504949	1.0	1	1
126.71740758950716	1.0	1	1
126.8175003285194	1.0	1	1
126.91759306753166	1.0	1	1
127.01768580654391	1.0	1	1
127.11777854555615	1.0	1	1
127.2178712845684	1.0	1	1
127.31796402358064	1.0	1	1
127.4180567625929	1.0	1	1
127.51814950160515	1.0	1	1
127.61824224061739	2.0	2	2
127.71833497962965	2.0	2	2
127.8184277186419	2.0	2	2
127.91852045765414	2.0	2	2
128.0186131966664	2.0	2	2
128.11870593567863	2.0	2	2
128.2187986746909	2.0	2	2
128.31889141370314	2.0	2	2
128.41898415271538	2.0	2	2
128.51907689172765	3.0	3	3
128.6191696307399	3.0	3	3
128.71926236975213	3.0	3	3
128.81935510876437	3.0	3	3
128.91944784777664	3.0	3	3
129.01954058678888	3.0	3	3
129.11963332580112	3.0	3	3
129.2197260648134	4.0	4	4
129.31981880382563	4.0	4	4
129.41991154283787	4.0	4	4
129.52000428185013	3.0	3	3
129.62009702086237	3.0	3	3
129.72018975987461	3.0	3	3
129.82028249888688	3.0	3	3
129.92037523789912	3.0	3	3
130.02046797691136	3.0	3	3
130.12056071592363	3.0	3	3
130.22065345493587	3.0	3	3
130.3207461939481	3.0	3	3
130.42083893296038	3.0	3	3
130.52093167197262	3.0	3	3
130.62102441098486	2.0	2	2
130.72111714999713	2.0	2	2
130.82120988900937	2.0	2	2
130.9213026280216	2.0	2	2
131.02139536703385	2.0	2	2
131.12148810604612	2.0	2	2
131.22158084505836	2.0	2	2
131.3216735840706	1.0	1	1
131.42176632308286	1.0	1	1
131.5218590620951	1.0	1	1
131.62195180110734	1.0	1	1
131.7220445401196	1.0	1	1
131.82213727913185	1.0	1	1
131.9222300181441	1.0	1	1
132.02232275715636	1.0	1	1
132.1224154961686	1.0	1	1
132.22250823518084	1.0	1	1
132.3226009741931	1.0	1	1
132.42269371320535	1.0	1	1
132.5227864522176	1.0	1	1
132.62287919122986	1.0	1	1
132.7229719302421	1.0	1	1
132.82306466925434	1.0	1	1
132.92315740826658	1.0	1	1
133.02325014727884	1.0	1	1
133.12334288629108	1.0	1	1
133.22343562530332	1.0	1	1
133.3235283643156	1.0	1	1
133.42362110332783	1.0	1	1
133.52371384234007	1.0	1	1
133.62380658135234	1.0	1	1
133.72389932036458	1.0	1	1
133.82399205937682	1.0	1	1
133.9240847983891	1.0	1	1
134.02417753740133	1.0	1	1
134.12427027641357	1.0	1	1
134.22436301542584	2.0	2	2
134.32445575443808	2.0	2	2
134.42454849345032	2.0	2	2
134.52464123246259	3.0	3	3
134.62473397147483	4.0	4	4
134.72482671048706	4.0	4	4
134.82491944949933	4.0	4	4
134.92501218851157	4.0	4	4
135.0251049275238	4.0	4	4
135.12519766653605	4.0	4	4
135.22529040554832	4.0	4	4
135.32538314456056	4.0	4	4
135.4254758835728	4.0	4	4
135.52556862258507	4.0	4	4
135.6256613615973	4.0	4	4
135.72575410060955	4.0	4	4
135.82584683962182	4.0	4	4
135.92593957863406	4.0	4	4
136.0260323176463	3.0	3	3
136.12612505665857	3.0	3	3
136.2262177956708	3.0	3	3
136.32631053468305	3.0	3	3
136.4264032736953	3.0	3	3
136.52649601270755	3.0	3	3
136.6265887517198	3.0	3	3
136.72668149073206	1.0	1	1
136.8267742297443	0.0	0	0
136.92686696875654	0.0	0	0
137.02695970776878	0.0	0	0
137.12705244678105	0.0	0	0
137.2271451857933	0.0	0	0
137.32723792480553	0.0	0	0
137.4273306638178	0.0	0	0
137.52742340283004	0.0	0	0
137.62751614184228	0.0	0	0
137.72760888085455	0.0	0	0
137.8277016198668	0.0	0	0
137.92779435887903	0.0	0	0
138.0278870978913	1.0	1	1
138.12797983690353	1.0	1	1
138.22807257591577	1.0	1	1
138.32816531492804	1.0	1	1
138.42825805394028	1.0	1	1
138.52835079295252	1.0	1	1
138.6284435319648	1.0	1	1
138.72853627097703	1.0	1	1
138.82862900998927	1.0	1	1
138.92872174900154	1.0	1	1
139.02881448801378	1.0	1	1
139.12890722702602	1.0	1	1
139.22899996603826	1.0	1	1
139.32909270505053	1.0	1	1
139.42918544406277	1.0	1	1
139.529278183075	1.0	1	1
139.62937092208728	1.0	1	1
139.72946366109952	1.0	1	1
139.82955640011176	1.0	1	1
139.92964913912402	1.0	1	1
140.02974187813626	1.0	1	1
140.1298346171485	2.0	2	2
140.22992735616077	2.0	2	2
140.330020095173	1.0	1	1
140.43011283418525	1.0	1	1
140.53020557319752	1.0	1	1
140.63029831220976	1.0	1	1
140.730391051222	1.0	1	1
140.83048379023427	1.0	1	1
140.9305765292465	1.0	1	1
141.03066926825875	1.0	1	1
141.13076200727102	1.0	1	1
141.23085474628326	1.0	1	1
141.3309474852955	1.0	1	1
141.43104022430774	1.0	1	1
141.53113296332	1.0	1	1
141.63122570233224	1.0	1	1
141.73131844134448	1.0	1	1
141.83141118035675	1.0	1	1
141.931503919369	1.0	1	1
142.03159665838123	1.0	1	1
142.1316893973935	1.0	1	1
142.23178213640574	1.0	1	1
142.33187487541798	1.0	1	1
142.43196761443025	1.0	1	1
142.5320603534425	1.0	1	1
142.63215309245473	1.0	1	1
142.732245831467	1.0	1	1
142.83233857047924	1.0	1	1
142.93243130949148	1.0	1	1
143.03252404850375	1.0	1	1
143.13261678751599	1.0	1	1
143.23270952652823	1.0	1	1
143.33280226554047	1.0	1	1
143.43289500455273	1.0	1	1
143.53298774356497	2.0	2	2
143.6330804825772	2.0	2	2
143.73317322158948	2.0	2	2
143.83326596060172	2.0	2	2
143.93335869961396	2.0	2	2
144.03345143862623	2.0	2	2
144.13354417763847	2.0	2	2
144.2336369166507	2.0	2	2
144.33372965566298	2.0	2	2
144.43382239467522	2.0	2	2
144.53391513368746	2.0	2	2
144.63400787269973	2.0	2	2
144.73410061171197	2.0	2	2
144.8341933507242	2.0	2	2
144.93428608973647	2.0	2	2
145.03437882874871	2.0	2	2
145.13447156776095	2.0	2	2
145.23456430677322	2.0	2	2
145.33465704578546	2.0	2	2
145.4347497847977	2.0	2	2
145.53484252380994	2.0	2	2
145.6349352628222	2.0	2	2
145.73502800183445	2.0	2	2
145.8351207408467	2.0	2	2
145.93521347985896	2.0	2	2
146.0353062188712	2.0	2	2
146.13539895788344	2.0	2	2
146.2354916968957	2.0	2	2
146.33558443590795	2.0	2	2
146.4356771749202	2.0	2	2
146.53576991393246	2.0	2	2
146.6358626529447	2.0	2	2
146.73595539195694	2.0	2	2
146.8360481309692	2.0	2	2
146.93614086998144	2.0	2	2
147.03623360899368	2.0	2	2
147.13632634800595	2.0	2	2
147.2364190870182	2.0	2	2
147.33651182603043	2.0	2	2
147.4366045650427	2.0	2	2
147.53669730405494	2.0	2	2
147.63679004306718	2.0	2	2
147.73688278207942	2.0	2	2
147.8369755210917	2.0	2	2
147.93706826010393	2.0	2	2
148.03716099911617	2.0	2	2
148.13725373812844	2.0	2	2
148.23734647714068	2.0	2	2
148.33743921615292	2.0	2	2
148.43753195516518	2.0	2	2
148.53762469417742	2.0	2	2
148.63771743318966	2.0	2	2
148.73781017220193	3.0	3	3
148.83790291121417	3.0	3	3
148.9379956502264	3.0	3	3
149.03808838923868	3.0	3	3
149.13818112825092	3.0	3	3
149.23827386726316	3.0	3	3
149.33836660627543	3.0	3	3
149.43845934528767	3.0	3	3
149.5385520842999	3.0	3	3
149.63864482331215	3.0	3	3
149.73873756232442	3.0	3	3
149.83883030133666	3.0	3	3
149.9389230403489	3.0	3	3
150.03901577936116	3.0	3	3
150.1391085183734	3.0	3	3
150.23920125738564	3.0	3	3
150.3392939963979	3.0	3	3
150.43938673541015	3.0	3	3
150.5394794744224	3.0	3	3
150.63957221343466	3.0	3	3
150.7396649524469	3.0	3	3
150.83975769145914	3.0	3	3
150.9398504304714	2.0	2	2
151.03994316948365	2.0	2	2
151.1400359084959	2.0	2	2
151.24012864750816	2.0	2	2
151.3402213865204	2.0	2	2
151.44031412553264	2.0	2	2
151.5404068645449	2.0	2	2
151.64049960355715	2.0	2	2
151.74059234256939	2.0	2	2
151.84068508158163	2.0	2	2
151.9407778205939	2.0	2	2
152.04087055960613	2.0	2	2
152.14096329861837	2.0	2	2
152.24105603763064	2.0	2	2
152.34114877664288	2.0	2	2
152.44124151565512	2.0	2	2
152.5413342546674	2.0	2	2
152.64142699367963	2.0	2	2
152.74151973269187	2.0	2	2
152.84161247170414	2.0	2	2
152.94170521071638	2.0	2	2
153.04179794972862	2.0	2	2
153.1418906887409	2.0	2	2
153.24198342775313	2.0	2	2
153.34207616676537	2.0	2	2
153.44216890577763	2.0	2	2
153.54226164478987	2.0	2	2
153.64235438380211	2.0	2	2
153.74244712281438	2.0	2	2
153.84253986182662	2.0	2	2
153.94263260083886	2.0	2	2
154.0427253398511	2.0	2	2
154.14281807886337	2.0	2	2
154.2429108178756	2.0	2	2
154.34300355688785	2.0	2	2
154.44309629590012	2.0	2	2
154.54318903491236	2.0	2	2
154.6432817739246	2.0	2	2
154.74337451293687	2.0	2	2
154.8434672519491	1.0	1	1
154.94355999096135	1.0	1	1
155.04365272997362	1.0	1	1
155.14374546898586	1.0	1	1
155.2438382079981	1.0	1	1
155.34393094701036	1.0	1	1
155.4440236860226	1.0	1	1
155.54411642503484	1.0	1	1
155.6442091640471	1.0	1	1
155.74430190305935	1.0	1	1
155.8443946420716	1.0	1	1
155.94448738108383	1.0	1	1
156.0445801200961	1.0	1	1
156.14467285910834	0.0	0	0
156.24476559812058	0.0	0	0
156.34485833713285	0.0	0	0
156.4449510761451	0.0	0	0
156.54504381515733	0.0	0	0
156.6451365541696	0.0	0	0
156.74522929318184	0.0	0	0
156.84532203219408	0.0	0	0
156.94541477120634	0.0	0	0
157.04550751021858	0.0	0	0
157.14560024923082	0.0	0	0
157.2456929882431	0.0	0	0
157.34578572725533	0.0	0	0
157.44587846626757	0.0	0	0
157.54597120527984	0.0	0	0
157.64606394429208	0.0	0	0
157.74615668330432	0.0	0	0
157.8462494223166	0.0	0	0
157.94634216132883	1.0	1	1
158.04643490034107	1.0	1	1
158.1465276393533	1.0	1	1
158.24662037836558	1.0	1	1
158.34671311737782	1.0	1	1
158.44680585639006	1.0	1	1
158.54689859540233	1.0	1	1
158.64699133441457	1.0	1	1
158.7470840734268	1.0	1	1
158.84717681243907	1.0	1	1
158.9472695514513	1.0	1	1
159.04736229046355	1.0	1	1
159.14745502947582	1.0	1	1
159.24754776848806	1.0	1	1
159.3476405075003	1.0	1	1
159.44773324651257	1.0	1	1
159.5478259855248	1.0	1	1
159.64791872453705	1.0	1	1
159.74801146354932	1.0	1	1
159.84810420256156	1.0	1	1
159.9481969415738	1.0	1	1
160.04828968058604	1.0	1	1
160.1483824195983	1.0	1	1
160.24847515861055	1.0	1	1
160.3485678976228	1.0	1	1
160.44866063663505	1.0	1	1
160.5487533756473	1.0	1	1
160.64884611465953	1.0	1	1
160.7489388536718	1.0	1	1
160.84903159268404	1.0	1	1
160.94912433169628	1.0	1	1
161.04921707070855	1.0	1	1
161.1493098097208	1.0	1	1
161.24940254873303	1.0	1	1
161.3494952877453	1.0	1	1
161.44958802675754	1.0	1	1
161.54968076576978	1.0	1	1
161.64977350478205	1.0	1	1
161.7498662437943	1.0	1	1
161.84995898280653	1.0	1	1
161.9500517218188	1.0	1	1
162.05014446083104	1.0	1	1
162.15023719984327	1.0	1	1
162.25032993885551	1.0	1	1
162.35042267786778	1.0	1	1
162.45051541688002	1.0	1	1
162.55060815589226	3.0	3	3
162.65070089490453	3.0	3	3
162.75079363391677	3.0	3	3
162.850886372929	3.0	3	3
162.95097911194128	3.0	3	3
163.05107185095352	3.0	3	3
163.15116458996576	3.0	3	3
163.25125732897803	3.0	3	3
163.35135006799027	3.0	3	3
163.4514428070025	3.0	3	3
163.55153554601478	3.0	3	3
163.65162828502702	4.0	4	4
163.75172102403926	4.0	4	4
163.85181376305152	5.0	5	5
163.95190650206376	5.0	5	5
164.051999241076	5.0	5	5
164.15209198008827	6.0	6	6
164.2521847191005	6.0	6	6
164.35227745811275	6.0	6	6
164.452370197125	6.0	6	6
164.55246293613726	6.0	6	6
164.6525556751495	6.0	6	6
164.75264841416174	5.0	5	5
164.852741153174	4.0	4	4
164.95283389218625	4.0	4	4
165.0529266311985	4.0	4	4
165.15301937021076	4.0	4	4
165.253112109223	4.0	4	4
165.35320484823524	4.0	4	4
165.4532975872475	4.0	4	4
165.55339032625974	4.0	4	4
165.65348306527198	4.0	4	4
165.75357580428425	3.0	3	3
165.8536685432965	3.0	3	3
165.95376128230873	3.0	3	3
166.053854021321	3.0	3	3
166.15394676033324	3.0	3	3
166.25403949934548	3.0	3	3
166.35413223835772	3.0	3	3
166.45422497737	2.0	2	2
166.55431771638223	2.0	2	2
166.65441045539447	2.0	2	2
166.75450319440674	3.0	3	3
166.85459593341898	4.0	4	4
166.95468867243122	4.0	4	4
167.05478141144349	5.0	5	5
167.15487415045573	5.0	5	5
167.25496688946797	5.0	5	5
167.35505962848023	5.0	5	5
167.45515236749247	5.0	5	5
167.5552451065047	5.0	5	5
167.65533784551698	5.0	5	5
167.75543058452922	5.0	5	5
167.85552332354146	5.0	5	5
167.95561606255373	5.0	5	5
168.05570880156597	5.0	5	5
168.1558015405782	4.0	4	4
168.25589427959048	4.0	4	4
168.35598701860272	4.0	4	4
168.45607975761496	4.0	4	4
168.5561724966272	4.0	4	4
168.65626523563947	5.0	5	5
168.7563579746517	4.0	4	4
168.85645071366395	3.0	3	3
168.95654345267621	3.0	3	3
169.05663619168845	3.0	3	3
169.1567289307007	2.0	2	2
169.25682166971296	2.0	2	2
169.3569144087252	2.0	2	2
169.45700714773744	2.0	2	2
169.5570998867497	2.0	2	2
169.65719262576195	2.0	2	2
169.7572853647742	2.0	2	2
169.85737810378646	2.0	2	2
169.9574708427987	2.0	2	2
170.05756358181094	2.0	2	2
170.1576563208232	2.0	2	2
170.25774905983545	2.0	2	2
170.3578417988477	2.0	2	2
170.45793453785996	2.0	2	2
170.5580272768722	2.0	2	2
170.65812001588444	3.0	3	3
170.75821275489668	3.0	3	3
170.85830549390894	3.0	3	3
170.95839823292118	3.0	3	3
171.05849097193342	3.0	3	3
171.1585837109457	3.0	3	3
171.25867644995793	3.0	3	3
171.35876918897017	3.0	3	3
171.45886192798244	3.0	3	3
171.55895466699468	3.0	3	3
171.65904740600692	3.0	3	3
171.7591401450192	3.0	3	3
171.85923288403143	3.0	3	3
171.95932562304367	3.0	3	3
172.05941836205594	3.0	3	3
172.15951110106818	3.0	3	3
172.25960384008042	4.0	4	4
172.35969657909268	4.0	4	4
172.45978931810492	4.0	4	4
172.55988205711716	4.0	4	4
172.6599747961294	4.0	4	4
172.76006753514167	4.0	4	4
172.8601602741539	4.0	4	4
172.96025301316615	4.0	4	4
173.06034575217842	4.0	4	4
173.16043849119066	4.0	4	4
173.2605312302029	5.0	5	5
173.36062396921517	5.0	5	5
173.4607167082274	5.0	5	5
173.56080944723965	5.0	5	5
173.66090218625192	5.0	5	5
173.76099492526416	5.0	5	5
173.8610876642764	5.0	5	5
173.96118040328867	5.0	5	5
174.0612731423009	5.0	5	5
174.16136588131315	5.0	5	5
174.2614586203254	5.0	5	5
174.36155135933765	5.0	5	5
174.4616440983499	5.0	5	5
174.56173683736216	5.0	5	5
174.6618295763744	5.0	5	5
174.76192231538664	5.0	5	5
174.86201505439888	5.0	5	5
174.96210779341115	4.0	4	4
175.0622005324234	4.0	4	4
175.16229327143563	4.0	4	4
175.2623860104479	4.0	4	4
175.36247874946014	4.0	4	4
175.46257148847238	4.0	4	4
175.56266422748465	4.0	4	4
175.6627569664969	4.0	4	4
175.76284970550913	4.0	4	4
175.8629424445214	4.0	4	4
175.96303518353363	4.0	4	4
176.06312792254587	4.0	4	4
176.16322066155814	4.0	4	4
176.26331340057038	4.0	4	4
176.36340613958262	4.0	4	4
176.4634988785949	4.0	4	4
176.56359161760713	4.0	4	4
176.66368435661937	4.0	4	4
176.7637770956316	4.0	4	4
176.86386983464388	4.0	4	4
176.96396257365612	4.0	4	4
177.06405531266836	4.0	4	4
177.16414805168063	4.0	4	4
177.26424079069287	4.0	4	4
177.3643335297051	4.0	4	4
177.46442626871738	4.0	4	4
177.56451900772961	4.0	4	4
177.66461174674185	4.0	4	4
177.76470448575412	4.0	4	4
177.86479722476636	4.0	4	4
177.9648899637786	4.0	4	4
178.06498270279087	4.0	4	4
178.1650754418031	4.0	4	4
178.26516818081535	4.0	4	4
178.36526091982762	3.0	3	3
178.46535365883986	3.0	3	3
178.5654463978521	3.0	3	3
178.66553913686437	3.0	3	3
178.7656318758766	3.0	3	3
178.86572461488885	3.0	3	3
178.9658173539011	3.0	3	3
179.06591009291336	3.0	3	3
179.1660028319256	3.0	3	3
179.26609557093784	3.0	3	3
179.3661883099501	3.0	3	3
179.46628104896234	3.0	3	3
179.56637378797458	3.0	3	3
179.66646652698685	3.0	3	3
179.7665592659991	3.0	3	3
179.86665200501133	3.0	3	3
179.9667447440236	3.0	3	3
180.06683748303584	3.0	3	3
180.16693022204808	3.0	3	3
180.26702296106035	3.0	3	3
180.3671157000726	3.0	3	3
180.46720843908483	3.0	3	3
180.5673011780971	3.0	3	3
180.66739391710934	3.0	3	3
180.76748665612158	3.0	3	3
180.86757939513384	3.0	3	3
180.96767213414608	3.0	3	3
181.06776487315832	3.0	3	3
181.16785761217056	3.0	3	3
181.26795035118283	2.0	2	2
181.36804309019507	2.0	2	2
181.4681358292073	2.0	2	2
181.56822856821958	2.0	2	2
181.66832130723182	2.0	2	2
181.76841404624406	2.0	2	2
181.86850678525633	2.0	2	2
181.96859952426857	2.0	2	2
182.0686922632808	2.0	2	2
182.16878500229308	2.0	2	2
182.26887774130532	2.0	2	2
182.36897048031756	1.0	1	1
182.46906321932983	1.0	1	1
182.56915595834207	1.0	1	1
182.6692486973543	1.0	1	1
182.76934143636657	1.0	1	1
182.8694341753788	1.0	1	1
182.96952691439105	1.0	1	1
183.0696196534033	1.0	1	1
183.16971239241556	1.0	1	1
183.2698051314278	1.0	1	1
183.36989787044004	1.0	1	1
183.4699906094523	1.0	1	1
183.57008334846455	1.0	1	1
183.6701760874768	1.0	1	1
183.77026882648906	1.0	1	1
183.8703615655013	1.0	1	1
183.97045430451354	1.0	1	1
184.0705470435258	1.0	1	1
184.17063978253805	1.0	1	1
184.2707325215503	1.0	1	1
184.37082526056255	1.0	1	1
184.4709179995748	1.0	1	1
