time	diversity	m_div	M_div
0.0	2.0	2	2
0.1000574071337575	2.0	2	2
0.200114814267515	2.0	2	2
0.30017222140127253	2.0	2	2
0.40022962853503	2.0	2	2
0.5002870356687875	2.0	2	2
0.6003444428025451	2.0	2	2
0.7004018499363025	1.0	1	1
0.80045925707006	1.0	1	1
0.9005166642038176	1.0	1	1
1.000574071337575	1.0	1	1
1.1006314784713325	1.0	1	1
1.2006888856050901	1.0	1	1
1.3007462927388476	1.0	1	1
1.400803699872605	1.0	1	1
1.5008611070063627	1.0	1	1
1.60091851414012	1.0	1	1
1.7009759212738775	1.0	1	1
1.8010333284076352	1.0	1	1
1.9010907355413926	1.0	1	1
2.00114814267515	1.0	1	1
2.1012055498089075	1.0	1	1
2.201262956942665	1.0	1	1
2.301320364076423	2.0	2	2
2.4013777712101803	2.0	2	2
2.5014351783439377	2.0	2	2
2.601492585477695	2.0	2	2
2.7015499926114526	2.0	2	2
2.80160739974521	2.0	2	2
2.901664806878968	3.0	3	3
3.0017222140127253	3.0	3	3
3.1017796211464828	3.0	3	3
3.20183702828024	3.0	3	3
3.3018944354139976	3.0	3	3
3.401951842547755	3.0	3	3
3.5020092496815125	3.0	3	3
3.6020666568152704	3.0	3	3
3.702124063949028	3.0	3	3
3.8021814710827853	3.0	3	3
3.9022388782165427	3.0	3	3
4.0022962853503	3.0	3	3
4.102353692484058	3.0	3	3
4.202411099617815	3.0	3	3
4.302468506751572	3.0	3	3
4.40252591388533	3.0	3	3
4.502583321019088	3.0	3	3
4.602640728152846	3.0	3	3
4.702698135286603	3.0	3	3
4.8027555424203605	3.0	3	3
4.902812949554118	3.0	3	3
5.002870356687875	3.0	3	3
5.102927763821633	3.0	3	3
5.20298517095539	3.0	3	3
5.303042578089148	3.0	3	3
5.403099985222905	3.0	3	3
5.503157392356663	3.0	3	3
5.60321479949042	3.0	3	3
5.703272206624177	3.0	3	3
5.803329613757936	3.0	3	3
5.903387020891693	3.0	3	3
6.003444428025451	3.0	3	3
6.103501835159208	3.0	3	3
6.2035592422929655	3.0	3	3
6.303616649426723	3.0	3	3
6.40367405656048	3.0	3	3
6.503731463694238	3.0	3	3
6.603788870827995	3.0	3	3
6.703846277961753	3.0	3	3
6.80390368509551	3.0	3	3
6.903961092229268	3.0	3	3
7.004018499363025	3.0	3	3
7.104075906496783	3.0	3	3
7.204133313630541	3.0	3	3
7.304190720764298	3.0	3	3
7.404248127898056	3.0	3	3
7.504305535031813	3.0	3	3
7.6043629421655705	3.0	3	3
7.704420349299328	3.0	3	3
7.804477756433085	3.0	3	3
7.904535163566843	3.0	3	3
8.0045925707006	3.0	3	3
8.104649977834358	3.0	3	3
8.204707384968115	3.0	3	3
8.304764792101873	3.0	3	3
8.40482219923563	3.0	3	3
8.504879606369387	3.0	3	3
8.604937013503145	3.0	3	3
8.704994420636902	3.0	3	3
8.80505182777066	3.0	3	3
8.905109234904417	3.0	3	3
9.005166642038176	3.0	3	3
9.105224049171934	3.0	3	3
9.205281456305691	3.0	3	3
9.305338863439449	3.0	3	3
9.405396270573206	3.0	3	3
9.505453677706964	3.0	3	3
9.605511084840721	3.0	3	3
9.705568491974478	3.0	3	3
9.805625899108236	3.0	3	3
9.905683306241993	3.0	3	3
10.00574071337575	3.0	3	3
10.105798120509508	3.0	3	3
10.205855527643266	3.0	3	3
10.305912934777023	3.0	3	3
10.40597034191078	3.0	3	3
10.506027749044538	3.0	3	3
10.606085156178295	3.0	3	3
10.706142563312053	3.0	3	3
10.80619997044581	3.0	3	3
10.906257377579568	3.0	3	3
11.006314784713325	3.0	3	3
11.106372191847083	3.0	3	3
11.20642959898084	3.0	3	3
11.306487006114597	3.0	3	3
11.406544413248355	3.0	3	3
11.506601820382112	3.0	3	3
11.606659227515872	3.0	3	3
11.706716634649629	3.0	3	3
11.806774041783386	3.0	3	3
11.906831448917144	3.0	3	3
12.006888856050901	3.0	3	3
12.106946263184659	3.0	3	3
12.207003670318416	3.0	3	3
12.307061077452174	3.0	3	3
12.407118484585931	3.0	3	3
12.507175891719688	3.0	3	3
12.607233298853446	3.0	3	3
12.707290705987203	3.0	3	3
12.80734811312096	3.0	3	3
12.907405520254718	3.0	3	3
13.007462927388476	3.0	3	3
13.107520334522233	3.0	3	3
13.20757774165599	3.0	3	3
13.307635148789748	3.0	3	3
13.407692555923505	3.0	3	3
13.507749963057263	3.0	3	3
13.60780737019102	3.0	3	3
13.707864777324778	3.0	3	3
13.807922184458535	3.0	3	3
13.907979591592293	3.0	3	3
14.00803699872605	3.0	3	3
14.10809440585981	3.0	3	3
14.208151812993567	3.0	3	3
14.308209220127324	3.0	3	3
14.408266627261082	3.0	3	3
14.508324034394839	3.0	3	3
14.608381441528596	3.0	3	3
14.708438848662354	3.0	3	3
14.808496255796111	3.0	3	3
14.908553662929869	3.0	3	3
15.008611070063626	3.0	3	3
15.108668477197384	3.0	3	3
15.208725884331141	3.0	3	3
15.308783291464898	3.0	3	3
15.408840698598656	3.0	3	3
15.508898105732413	3.0	3	3
15.60895551286617	4.0	4	4
15.709012919999928	4.0	4	4
15.809070327133686	4.0	4	4
15.909127734267443	4.0	4	4
16.0091851414012	4.0	4	4
16.109242548534958	4.0	4	4
16.209299955668715	4.0	4	4
16.309357362802473	4.0	4	4
16.40941476993623	4.0	4	4
16.509472177069988	4.0	4	4
16.609529584203745	4.0	4	4
16.709586991337503	5.0	5	5
16.80964439847126	5.0	5	5
16.909701805605017	5.0	5	5
17.009759212738775	5.0	5	5
17.109816619872532	5.0	5	5
17.20987402700629	5.0	5	5
17.309931434140047	5.0	5	5
17.409988841273805	5.0	5	5
17.510046248407562	5.0	5	5
17.61010365554132	5.0	5	5
17.710161062675077	5.0	5	5
17.810218469808834	5.0	5	5
17.910275876942592	5.0	5	5
18.010333284076353	5.0	5	5
18.11039069121011	5.0	5	5
18.210448098343868	5.0	5	5
18.310505505477625	5.0	5	5
18.410562912611383	5.0	5	5
18.51062031974514	5.0	5	5
18.610677726878897	5.0	5	5
18.710735134012655	5.0	5	5
18.810792541146412	5.0	5	5
18.91084994828017	5.0	5	5
19.010907355413927	5.0	5	5
19.110964762547685	5.0	5	5
19.211022169681442	5.0	5	5
19.3110795768152	5.0	5	5
19.411136983948957	5.0	5	5
19.511194391082714	5.0	5	5
19.611251798216472	5.0	5	5
19.71130920535023	5.0	5	5
19.811366612483987	4.0	4	4
19.911424019617744	4.0	4	4
20.0114814267515	4.0	4	4
20.11153883388526	4.0	4	4
20.211596241019016	4.0	4	4
20.311653648152774	4.0	4	4
20.41171105528653	4.0	4	4
20.51176846242029	4.0	4	4
20.611825869554046	4.0	4	4
20.711883276687804	4.0	4	4
20.81194068382156	4.0	4	4
20.91199809095532	4.0	4	4
21.012055498089076	4.0	4	4
21.112112905222833	4.0	4	4
21.21217031235659	3.0	3	3
21.312227719490348	3.0	3	3
21.412285126624106	3.0	3	3
21.512342533757863	3.0	3	3
21.61239994089162	3.0	3	3
21.712457348025378	2.0	2	2
21.812514755159135	2.0	2	2
21.912572162292893	2.0	2	2
22.01262956942665	2.0	2	2
22.112686976560408	2.0	2	2
22.212744383694165	2.0	2	2
22.312801790827923	2.0	2	2
22.41285919796168	2.0	2	2
22.512916605095437	2.0	2	2
22.612974012229195	2.0	2	2
22.713031419362952	2.0	2	2
22.81308882649671	2.0	2	2
22.913146233630467	2.0	2	2
23.013203640764225	2.0	2	2
23.113261047897986	2.0	2	2
23.213318455031743	2.0	2	2
23.3133758621655	2.0	2	2
23.413433269299258	2.0	2	2
23.513490676433015	2.0	2	2
23.613548083566773	1.0	1	1
23.71360549070053	1.0	1	1
23.813662897834288	1.0	1	1
23.913720304968045	1.0	1	1
24.013777712101803	1.0	1	1
24.11383511923556	1.0	1	1
24.213892526369317	1.0	1	1
24.313949933503075	1.0	1	1
24.414007340636832	1.0	1	1
24.51406474777059	1.0	1	1
24.614122154904347	1.0	1	1
24.714179562038105	1.0	1	1
24.814236969171862	1.0	1	1
24.91429437630562	1.0	1	1
25.014351783439377	1.0	1	1
25.114409190573134	1.0	1	1
25.214466597706892	1.0	1	1
25.31452400484065	1.0	1	1
25.414581411974407	1.0	1	1
25.514638819108164	1.0	1	1
25.61469622624192	1.0	1	1
25.71475363337568	1.0	1	1
25.814811040509436	1.0	1	1
25.914868447643194	1.0	1	1
26.01492585477695	1.0	1	1
26.11498326191071	1.0	1	1
26.215040669044466	1.0	1	1
26.315098076178224	1.0	1	1
26.41515548331198	1.0	1	1
26.51521289044574	1.0	1	1
26.615270297579496	1.0	1	1
26.715327704713253	1.0	1	1
26.81538511184701	1.0	1	1
26.91544251898077	1.0	1	1
27.015499926114526	1.0	1	1
27.115557333248283	1.0	1	1
27.21561474038204	1.0	1	1
27.315672147515798	1.0	1	1
27.415729554649555	1.0	1	1
27.515786961783313	1.0	1	1
27.61584436891707	1.0	1	1
27.715901776050828	1.0	1	1
27.815959183184585	1.0	1	1
27.916016590318343	1.0	1	1
28.0160739974521	1.0	1	1
28.116131404585857	1.0	1	1
28.21618881171962	1.0	1	1
28.316246218853376	1.0	1	1
28.416303625987133	1.0	1	1
28.51636103312089	1.0	1	1
28.616418440254648	1.0	1	1
28.716475847388406	1.0	1	1
28.816533254522163	1.0	1	1
28.91659066165592	1.0	1	1
29.016648068789678	1.0	1	1
29.116705475923435	1.0	1	1
29.216762883057193	1.0	1	1
29.31682029019095	1.0	1	1
29.416877697324708	1.0	1	1
29.516935104458465	1.0	1	1
29.616992511592223	1.0	1	1
29.71704991872598	1.0	1	1
29.817107325859737	1.0	1	1
29.917164732993495	1.0	1	1
30.017222140127252	1.0	1	1
30.11727954726101	1.0	1	1
30.217336954394767	1.0	1	1
30.317394361528525	1.0	1	1
30.417451768662282	1.0	1	1
30.51750917579604	1.0	1	1
30.617566582929797	1.0	1	1
30.717623990063554	1.0	1	1
30.817681397197312	1.0	1	1
30.91773880433107	1.0	1	1
31.017796211464827	1.0	1	1
31.117853618598584	1.0	1	1
31.21791102573234	1.0	1	1
31.3179684328661	1.0	1	1
31.418025839999856	1.0	1	1
31.518083247133614	1.0	1	1
31.61814065426737	1.0	1	1
31.71819806140113	1.0	1	1
31.818255468534886	1.0	1	1
31.918312875668644	1.0	1	1
32.0183702828024	1.0	1	1
32.11842768993616	1.0	1	1
32.218485097069916	1.0	1	1
32.31854250420368	1.0	1	1
32.41859991133743	1.0	1	1
32.51865731847119	1.0	1	1
32.618714725604946	1.0	1	1
32.71877213273871	1.0	1	1
32.81882953987246	1.0	1	1
32.91888694700622	1.0	1	1
33.018944354139975	1.0	1	1
33.119001761273736	1.0	1	1
33.21905916840749	1.0	1	1
33.31911657554125	1.0	1	1
33.419173982675005	1.0	1	1
33.519231389808766	1.0	1	1
33.61928879694252	1.0	1	1
33.71934620407628	1.0	1	1
33.819403611210035	1.0	1	1
33.919461018343796	1.0	1	1
34.01951842547755	1.0	1	1
34.11957583261131	1.0	1	1
34.219633239745065	1.0	1	1
34.319690646878826	1.0	1	1
34.41974805401258	1.0	1	1
34.51980546114634	1.0	1	1
34.619862868280094	1.0	1	1
34.719920275413855	1.0	1	1
34.81997768254761	1.0	1	1
34.92003508968137	1.0	1	1
35.020092496815124	1.0	1	1
35.120149903948885	1.0	1	1
35.22020731108264	1.0	1	1
35.3202647182164	1.0	1	1
35.420322125350154	1.0	1	1
35.520379532483915	1.0	1	1
35.62043693961767	1.0	1	1
35.72049434675143	1.0	1	1
35.820551753885184	1.0	1	1
35.920609161018945	1.0	1	1
36.020666568152706	1.0	1	1
36.12072397528646	1.0	1	1
36.22078138242022	1.0	1	1
36.320838789553974	1.0	1	1
36.420896196687735	1.0	1	1
36.52095360382149	1.0	1	1
36.62101101095525	1.0	1	1
36.721068418089004	1.0	1	1
36.821125825222765	1.0	1	1
36.92118323235652	1.0	1	1
37.02124063949028	1.0	1	1
37.121298046624034	1.0	1	1
37.221355453757795	1.0	1	1
37.32141286089155	1.0	1	1
37.42147026802531	1.0	1	1
37.521527675159064	1.0	1	1
37.621585082292825	1.0	1	1
37.72164248942658	2.0	2	2
37.82169989656034	2.0	2	2
37.92175730369409	2.0	2	2
38.021814710827854	2.0	2	2
38.12187211796161	3.0	3	3
38.22192952509537	3.0	3	3
38.32198693222912	3.0	3	3
38.422044339362884	4.0	4	4
38.52210174649664	4.0	4	4
38.6221591536304	5.0	5	5
38.72221656076415	5.0	5	5
38.822273967897914	5.0	5	5
38.92233137503167	6.0	6	6
39.02238878216543	6.0	6	6
39.12244618929918	6.0	6	6
39.222503596432944	6.0	6	6
39.3225610035667	6.0	6	6
39.42261841070046	7.0	7	7
39.52267581783421	8.0	8	8
39.62273322496797	9.0	9	9
39.72279063210173	11.0	11	11
39.82284803923549	11.0	11	11
39.92290544636924	11.0	11	11
40.022962853503	11.0	11	11
40.12302026063676	11.0	11	11
40.22307766777052	11.0	11	11
40.32313507490427	11.0	11	11
40.42319248203803	11.0	11	11
40.52324988917179	11.0	11	11
40.62330729630555	11.0	11	11
40.7233647034393	11.0	11	11
40.82342211057306	11.0	11	11
40.92347951770682	11.0	11	11
41.02353692484058	11.0	11	11
41.12359433197434	11.0	11	11
41.22365173910809	11.0	11	11
41.32370914624185	11.0	11	11
41.42376655337561	11.0	11	11
41.52382396050937	11.0	11	11
41.62388136764312	11.0	11	11
41.72393877477688	11.0	11	11
41.82399618191064	10.0	10	10
41.9240535890444	10.0	10	10
42.02411099617815	11.0	11	11
42.12416840331191	11.0	11	11
42.22422581044567	11.0	11	11
42.32428321757943	11.0	11	11
42.42434062471318	11.0	11	11
42.52439803184694	11.0	11	11
42.624455438980696	11.0	11	11
42.72451284611446	11.0	11	11
42.82457025324821	11.0	11	11
42.92462766038197	11.0	11	11
43.024685067515726	11.0	11	11
43.12474247464949	11.0	11	11
43.22479988178324	11.0	11	11
43.324857288917	11.0	11	11
43.424914696050756	11.0	11	11
43.52497210318452	11.0	11	11
43.62502951031827	11.0	11	11
43.72508691745203	11.0	11	11
43.825144324585786	11.0	11	11
43.92520173171955	11.0	11	11
44.0252591388533	11.0	11	11
44.12531654598706	11.0	11	11
44.225373953120815	11.0	11	11
44.325431360254576	11.0	11	11
44.42548876738833	11.0	11	11
44.52554617452209	11.0	11	11
44.625603581655845	11.0	11	11
44.725660988789606	11.0	11	11
44.82571839592336	11.0	11	11
44.92577580305712	11.0	11	11
45.025833210190875	11.0	11	11
45.125890617324636	11.0	11	11
45.22594802445839	11.0	11	11
45.32600543159215	11.0	11	11
45.426062838725905	12.0	12	12
45.526120245859666	12.0	12	12
45.62617765299342	12.0	12	12
45.72623506012718	12.0	12	12
45.826292467260934	12.0	12	12
45.926349874394695	12.0	12	12
46.02640728152845	12.0	12	12
46.12646468866221	12.0	12	12
46.22652209579597	12.0	12	12
46.326579502929725	12.0	12	12
46.426636910063486	12.0	12	12
46.52669431719724	12.0	12	12
46.626751724331	12.0	12	12
46.726809131464755	13.0	13	13
46.826866538598516	13.0	13	13
46.92692394573227	13.0	13	13
47.02698135286603	14.0	14	14
47.127038759999785	14.0	14	14
47.227096167133546	14.0	14	14
47.3271535742673	14.0	14	14
47.42721098140106	14.0	14	14
47.527268388534814	14.0	14	14
47.627325795668575	15.0	15	15
47.72738320280233	15.0	15	15
47.82744060993609	15.0	15	15
47.927498017069844	16.0	16	16
48.027555424203605	16.0	16	16
48.12761283133736	16.0	16	16
48.22767023847112	16.0	16	16
48.327727645604874	16.0	16	16
48.427785052738635	16.0	16	16
48.52784245987239	16.0	16	16
48.62789986700615	16.0	16	16
48.727957274139904	16.0	16	16
48.828014681273665	16.0	16	16
48.92807208840742	16.0	16	16
49.02812949554118	16.0	16	16
49.12818690267493	16.0	16	16
49.228244309808694	15.0	15	15
49.32830171694245	15.0	15	15
49.42835912407621	15.0	15	15
49.52841653120996	14.0	14	14
49.628473938343724	14.0	14	14
49.72853134547748	15.0	15	15
49.82858875261124	16.0	16	16
49.92864615974499	16.0	16	16
50.028703566878754	15.0	15	15
50.12876097401251	15.0	15	15
50.22881838114627	15.0	15	15
50.32887578828002	15.0	15	15
50.428933195413784	15.0	15	15
50.52899060254754	14.0	14	14
50.6290480096813	14.0	14	14
50.72910541681505	14.0	14	14
50.82916282394881	13.0	13	13
50.92922023108257	13.0	13	13
51.02927763821633	14.0	14	14
51.12933504535008	14.0	14	14
51.22939245248384	14.0	14	14
51.329449859617604	14.0	14	14
51.42950726675136	13.0	13	13
51.52956467388512	13.0	13	13
51.62962208101887	13.0	13	13
51.729679488152634	13.0	13	13
51.82973689528639	13.0	13	13
51.92979430242015	14.0	14	14
52.0298517095539	14.0	14	14
52.129909116687664	14.0	14	14
52.22996652382142	14.0	14	14
52.33002393095518	14.0	14	14
52.43008133808893	14.0	14	14
52.53013874522269	14.0	14	14
52.63019615235645	14.0	14	14
52.73025355949021	14.0	14	14
52.83031096662396	14.0	14	14
52.93036837375772	14.0	14	14
53.03042578089148	14.0	14	14
53.13048318802524	14.0	14	14
53.23054059515899	14.0	14	14
53.33059800229275	14.0	14	14
53.43065540942651	14.0	14	14
53.53071281656027	14.0	14	14
53.63077022369402	13.0	13	13
53.73082763082778	12.0	12	12
53.83088503796154	12.0	12	12
53.9309424450953	12.0	12	12
54.03099985222905	12.0	12	12
54.13105725936281	12.0	12	12
54.231114666496566	12.0	12	12
54.33117207363033	11.0	11	11
54.43122948076408	11.0	11	11
54.53128688789784	11.0	11	11
54.631344295031596	10.0	10	10
54.73140170216536	11.0	11	11
54.83145910929911	10.0	10	10
54.93151651643287	10.0	10	10
55.031573923566626	11.0	11	11
55.13163133070039	11.0	11	11
55.23168873783414	11.0	11	11
55.3317461449679	10.0	10	10
55.431803552101655	11.0	11	11
55.531860959235416	11.0	11	11
55.63191836636917	12.0	12	12
55.73197577350293	13.0	13	13
55.832033180636685	12.0	12	12
55.932090587770446	12.0	12	12
56.0321479949042	13.0	13	13
56.13220540203796	12.0	12	12
56.232262809171715	13.0	13	13
56.332320216305476	12.0	12	12
56.43237762343924	14.0	14	14
56.53243503057299	13.0	13	13
56.63249243770675	13.0	13	13
56.732549844840506	14.0	14	14
56.83260725197427	13.0	13	13
56.93266465910802	13.0	13	13
57.03272206624178	13.0	13	13
57.132779473375535	11.0	11	11
57.232836880509296	10.0	10	10
57.33289428764305	10.0	10	10
57.43295169477681	9.0	9	9
57.533009101910565	8.0	8	8
57.633066509044326	7.0	7	7
57.73312391617808	7.0	7	7
57.83318132331184	6.0	6	6
57.933238730445595	6.0	6	6
58.033296137579356	6.0	6	6
58.13335354471311	6.0	6	6
58.23341095184687	6.0	6	6
58.333468358980625	6.0	6	6
58.433525766114386	6.0	6	6
58.53358317324814	6.0	6	6
58.6336405803819	6.0	6	6
58.733697987515654	6.0	6	6
58.833755394649415	6.0	6	6
58.93381280178317	6.0	6	6
59.03387020891693	6.0	6	6
59.133927616050684	6.0	6	6
59.233985023184445	6.0	6	6
59.3340424303182	6.0	6	6
59.43409983745196	5.0	5	5
59.534157244585714	5.0	5	5
59.634214651719475	5.0	5	5
59.73427205885323	6.0	6	6
59.83432946598699	6.0	6	6
59.934386873120744	5.0	5	5
60.034444280254505	5.0	5	5
60.13450168738826	5.0	5	5
60.23455909452202	5.0	5	5
60.33461650165577	5.0	5	5
60.434673908789534	5.0	5	5
60.53473131592329	6.0	6	6
60.63478872305705	6.0	6	6
60.7348461301908	6.0	6	6
60.834903537324564	5.0	5	5
60.93496094445832	6.0	6	6
61.03501835159208	6.0	6	6
61.13507575872583	6.0	6	6
61.235133165859594	6.0	6	6
61.33519057299335	6.0	6	6
61.43524798012711	7.0	7	7
61.53530538726087	7.0	7	7
61.635362794394624	7.0	7	7
61.735420201528385	7.0	7	7
61.83547760866214	7.0	7	7
61.9355350157959	8.0	8	8
62.03559242292965	8.0	8	8
62.135649830063414	8.0	8	8
62.23570723719717	8.0	8	8
62.33576464433093	8.0	8	8
62.43582205146468	7.0	7	7
62.535879458598444	7.0	7	7
62.6359368657322	7.0	7	7
62.73599427286596	7.0	7	7
62.83605167999971	7.0	7	7
62.936109087133474	7.0	7	7
63.03616649426723	7.0	7	7
63.13622390140099	7.0	7	7
63.23628130853474	7.0	7	7
63.336338715668504	7.0	7	7
63.43639612280226	7.0	7	7
63.53645352993602	7.0	7	7
63.63651093706977	7.0	7	7
63.73656834420353	7.0	7	7
63.83662575133729	7.0	7	7
63.93668315847105	7.0	7	7
64.0367405656048	7.0	7	7
64.13679797273856	7.0	7	7
64.23685537987232	7.0	7	7
64.33691278700607	7.0	7	7
64.43697019413983	7.0	7	7
64.53702760127359	7.0	7	7
64.63708500840735	7.0	7	7
64.7371424155411	7.0	7	7
64.83719982267486	8.0	8	8
64.93725722980862	8.0	8	8
65.03731463694238	9.0	9	9
65.13737204407613	9.0	9	9
65.23742945120989	12.0	12	12
65.33748685834365	14.0	14	14
65.43754426547741	14.0	14	14
65.53760167261116	14.0	14	14
65.63765907974492	15.0	15	15
65.73771648687868	15.0	15	15
65.83777389401244	16.0	16	16
65.93783130114619	17.0	17	17
66.03788870827995	17.0	17	17
66.13794611541371	18.0	18	18
66.23800352254747	15.0	15	15
66.33806092968122	16.0	16	16
66.43811833681498	15.0	15	15
66.53817574394874	16.0	16	16
66.6382331510825	16.0	16	16
66.73829055821626	16.0	16	16
66.83834796535001	18.0	18	18
66.93840537248377	17.0	17	17
67.03846277961753	17.0	17	17
67.1385201867513	17.0	17	17
67.23857759388504	17.0	17	17
67.3386350010188	18.0	18	18
67.43869240815256	18.0	18	18
67.53874981528632	19.0	19	19
67.63880722242007	20.0	20	20
67.73886462955383	20.0	20	20
67.83892203668759	20.0	20	20
67.93897944382135	20.0	20	20
68.0390368509551	20.0	20	20
68.13909425808886	20.0	20	20
68.23915166522262	20.0	20	20
68.33920907235638	19.0	19	19
68.43926647949013	18.0	18	18
68.53932388662389	18.0	18	18
68.63938129375765	18.0	18	18
68.73943870089141	18.0	18	18
68.83949610802516	18.0	18	18
68.93955351515892	18.0	18	18
69.03961092229268	18.0	18	18
69.13966832942644	18.0	18	18
69.23972573656019	18.0	18	18
69.33978314369395	16.0	16	16
69.43984055082771	16.0	16	16
69.53989795796147	17.0	17	17
69.63995536509522	17.0	17	17
69.74001277222898	17.0	17	17
69.84007017936274	16.0	16	16
69.9401275864965	16.0	16	16
70.04018499363025	16.0	16	16
70.14024240076401	15.0	15	15
70.24029980789777	16.0	16	16
70.34035721503153	16.0	16	16
70.44041462216528	17.0	17	17
70.54047202929904	16.0	16	16
70.6405294364328	17.0	17	17
70.74058684356656	18.0	18	18
70.84064425070031	18.0	18	18
70.94070165783407	18.0	18	18
71.04075906496783	18.0	18	18
71.14081647210159	18.0	18	18
71.24087387923534	17.0	17	17
71.3409312863691	17.0	17	17
71.44098869350286	16.0	16	16
71.54104610063662	17.0	17	17
71.64110350777037	17.0	17	17
71.74116091490413	17.0	17	17
71.84121832203789	16.0	16	16
71.94127572917165	16.0	16	16
72.04133313630541	17.0	17	17
72.14139054343916	18.0	18	18
72.24144795057292	17.0	17	17
72.34150535770668	16.0	16	16
72.44156276484044	16.0	16	16
72.54162017197419	15.0	15	15
72.64167757910795	16.0	16	16
72.74173498624171	16.0	16	16
72.84179239337547	15.0	15	15
72.94184980050922	15.0	15	15
73.04190720764298	15.0	15	15
73.14196461477674	13.0	13	13
73.2420220219105	13.0	13	13
73.34207942904425	13.0	13	13
73.44213683617801	12.0	12	12
73.54219424331177	13.0	13	13
73.64225165044553	13.0	13	13
73.74230905757928	14.0	14	14
73.84236646471304	14.0	14	14
73.9424238718468	15.0	15	15
74.04248127898056	14.0	14	14
74.1425386861143	14.0	14	14
74.24259609324807	14.0	14	14
74.34265350038183	14.0	14	14
74.44271090751559	14.0	14	14
74.54276831464934	14.0	14	14
74.6428257217831	14.0	14	14
74.74288312891686	14.0	14	14
74.84294053605062	14.0	14	14
74.94299794318437	13.0	13	13
75.04305535031813	13.0	13	13
75.14311275745189	13.0	13	13
75.24317016458565	13.0	13	13
75.3432275717194	13.0	13	13
75.44328497885316	13.0	13	13
75.54334238598692	13.0	13	13
75.64339979312068	13.0	13	13
75.74345720025443	13.0	13	13
75.84351460738819	13.0	13	13
75.94357201452195	13.0	13	13
76.04362942165571	13.0	13	13
76.14368682878946	13.0	13	13
76.24374423592322	13.0	13	13
76.34380164305698	13.0	13	13
76.44385905019074	13.0	13	13
76.54391645732449	13.0	13	13
76.64397386445825	13.0	13	13
76.74403127159201	13.0	13	13
76.84408867872577	13.0	13	13
76.94414608585953	13.0	13	13
77.04420349299328	13.0	13	13
77.14426090012704	13.0	13	13
77.2443183072608	13.0	13	13
77.34437571439456	13.0	13	13
77.4444331215283	13.0	13	13
77.54449052866207	13.0	13	13
77.64454793579583	13.0	13	13
77.74460534292959	13.0	13	13
77.84466275006334	13.0	13	13
77.9447201571971	13.0	13	13
78.04477756433086	13.0	13	13
78.14483497146462	13.0	13	13
78.24489237859837	13.0	13	13
78.34494978573213	13.0	13	13
78.44500719286589	13.0	13	13
78.54506459999965	13.0	13	13
78.6451220071334	13.0	13	13
78.74517941426716	13.0	13	13
78.84523682140092	12.0	12	12
78.94529422853468	12.0	12	12
79.04535163566842	12.0	12	12
79.14540904280219	12.0	12	12
79.24546644993595	12.0	12	12
79.34552385706971	12.0	12	12
79.44558126420345	12.0	12	12
79.54563867133722	12.0	12	12
79.64569607847098	12.0	12	12
79.74575348560474	12.0	12	12
79.84581089273848	12.0	12	12
79.94586829987225	12.0	12	12
80.045925707006	13.0	13	13
80.14598311413977	13.0	13	13
80.24604052127351	13.0	13	13
80.34609792840727	13.0	13	13
80.44615533554104	13.0	13	13
80.5462127426748	13.0	13	13
80.64627014980854	13.0	13	13
80.7463275569423	14.0	14	14
80.84638496407607	14.0	14	14
80.94644237120983	13.0	13	13
81.04649977834357	13.0	13	13
81.14655718547733	13.0	13	13
81.2466145926111	12.0	12	12
81.34667199974486	12.0	12	12
81.4467294068786	12.0	12	12
81.54678681401236	12.0	12	12
81.64684422114613	12.0	12	12
81.74690162827989	12.0	12	12
81.84695903541363	12.0	12	12
81.9470164425474	12.0	12	12
82.04707384968115	12.0	12	12
82.14713125681492	11.0	11	11
82.24718866394868	11.0	11	11
82.34724607108242	11.0	11	11
82.44730347821618	11.0	11	11
82.54736088534995	11.0	11	11
82.6474182924837	11.0	11	11
82.74747569961745	11.0	11	11
82.84753310675121	9.0	9	9
82.94759051388498	9.0	9	9
83.04764792101874	9.0	9	9
83.14770532815248	9.0	9	9
83.24776273528624	10.0	10	10
83.34782014242	10.0	10	10
83.44787754955377	9.0	9	9
83.54793495668751	9.0	9	9
83.64799236382127	9.0	9	9
83.74804977095503	9.0	9	9
83.8481071780888	9.0	9	9
83.94816458522254	9.0	9	9
84.0482219923563	10.0	10	10
84.14827939949006	11.0	11	11
84.24833680662383	11.0	11	11
84.34839421375757	11.0	11	11
84.44845162089133	11.0	11	11
84.5485090280251	10.0	10	10
84.64856643515886	10.0	10	10
84.7486238422926	10.0	10	10
84.84868124942636	10.0	10	10
84.94873865656012	10.0	10	10
85.04879606369389	9.0	9	9
85.14885347082763	9.0	9	9
85.24891087796139	9.0	9	9
85.34896828509515	9.0	9	9
85.44902569222891	8.0	8	8
85.54908309936266	7.0	7	7
85.64914050649642	7.0	7	7
85.74919791363018	6.0	6	6
85.84925532076394	6.0	6	6
85.94931272789769	5.0	5	5
86.04937013503145	5.0	5	5
86.14942754216521	5.0	5	5
86.24948494929897	4.0	4	4
86.34954235643272	4.0	4	4
86.44959976356648	4.0	4	4
86.54965717070024	4.0	4	4
86.649714577834	4.0	4	4
86.74977198496775	4.0	4	4
86.84982939210151	4.0	4	4
86.94988679923527	4.0	4	4
87.04994420636903	4.0	4	4
87.1500016135028	4.0	4	4
87.25005902063654	4.0	4	4
87.3501164277703	5.0	5	5
87.45017383490406	5.0	5	5
87.55023124203782	5.0	5	5
87.65028864917157	5.0	5	5
87.75034605630533	5.0	5	5
87.8504034634391	5.0	5	5
87.95046087057285	6.0	6	6
88.0505182777066	6.0	6	6
88.15057568484036	6.0	6	6
88.25063309197412	6.0	6	6
88.35069049910788	6.0	6	6
88.45074790624163	6.0	6	6
88.55080531337539	6.0	6	6
88.65086272050915	6.0	6	6
88.75092012764291	6.0	6	6
88.85097753477666	6.0	6	6
88.95103494191042	6.0	6	6
89.05109234904418	6.0	6	6
89.15114975617794	6.0	6	6
89.25120716331169	5.0	5	5
89.35126457044545	5.0	5	5
89.45132197757921	5.0	5	5
89.55137938471297	5.0	5	5
89.65143679184672	5.0	5	5
89.75149419898048	5.0	5	5
89.85155160611424	7.0	7	7
89.951609013248	7.0	7	7
90.05166642038175	7.0	7	7
90.15172382751551	6.0	6	6
90.25178123464927	6.0	6	6
90.35183864178303	6.0	6	6
90.45189604891678	6.0	6	6
90.55195345605054	6.0	6	6
90.6520108631843	5.0	5	5
90.75206827031806	5.0	5	5
90.85212567745181	5.0	5	5
90.95218308458557	6.0	6	6
91.05224049171933	6.0	6	6
91.15229789885309	6.0	6	6
91.25235530598684	6.0	6	6
91.3524127131206	6.0	6	6
91.45247012025436	6.0	6	6
91.55252752738812	6.0	6	6
91.65258493452187	6.0	6	6
91.75264234165563	6.0	6	6
91.85269974878939	6.0	6	6
91.95275715592315	6.0	6	6
92.0528145630569	6.0	6	6
92.15287197019066	7.0	7	7
92.25292937732442	7.0	7	7
92.35298678445818	7.0	7	7
92.45304419159194	7.0	7	7
92.55310159872569	7.0	7	7
92.65315900585945	6.0	6	6
92.75321641299321	6.0	6	6
92.85327382012697	6.0	6	6
92.95333122726072	6.0	6	6
93.05338863439448	6.0	6	6
93.15344604152824	6.0	6	6
93.253503448662	5.0	5	5
93.35356085579575	5.0	5	5
93.45361826292951	5.0	5	5
93.55367567006327	5.0	5	5
93.65373307719703	4.0	4	4
93.75379048433078	4.0	4	4
93.85384789146454	4.0	4	4
93.9539052985983	4.0	4	4
94.05396270573206	4.0	4	4
94.15402011286581	4.0	4	4
94.25407751999957	4.0	4	4
94.35413492713333	5.0	5	5
94.45419233426709	6.0	6	6
94.55424974140084	5.0	5	5
94.6543071485346	6.0	6	6
94.75436455566836	6.0	6	6
94.85442196280212	7.0	7	7
94.95447936993587	7.0	7	7
95.05453677706963	7.0	7	7
95.15459418420339	7.0	7	7
95.25465159133715	7.0	7	7
95.3547089984709	7.0	7	7
95.45476640560466	6.0	6	6
95.55482381273842	6.0	6	6
95.65488121987218	6.0	6	6
95.75493862700593	6.0	6	6
95.85499603413969	6.0	6	6
95.95505344127345	5.0	5	5
96.05511084840721	5.0	5	5
96.15516825554096	5.0	5	5
96.25522566267472	5.0	5	5
96.35528306980848	5.0	5	5
96.45534047694224	4.0	4	4
96.55539788407599	4.0	4	4
96.65545529120975	4.0	4	4
96.75551269834351	4.0	4	4
96.85557010547727	3.0	3	3
96.95562751261102	3.0	3	3
97.05568491974478	3.0	3	3
97.15574232687854	3.0	3	3
97.2557997340123	3.0	3	3
97.35585714114606	4.0	4	4
97.45591454827981	5.0	5	5
97.55597195541357	5.0	5	5
97.65602936254733	5.0	5	5
97.75608676968109	6.0	6	6
97.85614417681484	6.0	6	6
97.9562015839486	6.0	6	6
98.05625899108236	6.0	6	6
98.15631639821612	5.0	5	5
98.25637380534987	5.0	5	5
98.35643121248363	5.0	5	5
98.45648861961739	5.0	5	5
98.55654602675115	5.0	5	5
98.6566034338849	4.0	4	4
98.75666084101866	4.0	4	4
98.85671824815242	4.0	4	4
98.95677565528618	4.0	4	4
99.05683306241993	4.0	4	4
99.15689046955369	4.0	4	4
99.25694787668745	4.0	4	4
99.35700528382121	4.0	4	4
99.45706269095496	4.0	4	4
99.55712009808872	4.0	4	4
99.65717750522248	5.0	5	5
99.75723491235624	5.0	5	5
99.85729231948999	5.0	5	5
99.95734972662375	6.0	6	6
100.05740713375751	6.0	6	6
100.15746454089127	6.0	6	6
100.25752194802502	6.0	6	6
100.35757935515878	6.0	6	6
100.45763676229254	6.0	6	6
100.5576941694263	6.0	6	6
100.65775157656005	7.0	7	7
100.7578089836938	7.0	7	7
100.85786639082757	7.0	7	7
100.95792379796133	7.0	7	7
101.05798120509507	7.0	7	7
101.15803861222884	6.0	6	6
101.2580960193626	6.0	6	6
101.35815342649636	5.0	5	5
101.4582108336301	5.0	5	5
101.55826824076387	5.0	5	5
101.65832564789763	5.0	5	5
101.75838305503139	5.0	5	5
101.85844046216513	5.0	5	5
101.9584978692989	5.0	5	5
102.05855527643266	5.0	5	5
102.15861268356642	5.0	5	5
102.25867009070016	5.0	5	5
102.35872749783393	5.0	5	5
102.45878490496769	5.0	5	5
102.55884231210145	5.0	5	5
102.65889971923521	5.0	5	5
102.75895712636895	5.0	5	5
102.85901453350272	5.0	5	5
102.95907194063648	5.0	5	5
103.05912934777024	5.0	5	5
103.15918675490398	5.0	5	5
103.25924416203775	5.0	5	5
103.3593015691715	5.0	5	5
103.45935897630527	5.0	5	5
103.55941638343901	5.0	5	5
103.65947379057278	5.0	5	5
103.75953119770654	5.0	5	5
103.8595886048403	5.0	5	5
103.95964601197404	5.0	5	5
104.0597034191078	5.0	5	5
104.15976082624157	5.0	5	5
104.25981823337533	5.0	5	5
104.35987564050907	5.0	5	5
104.45993304764283	5.0	5	5
104.5599904547766	5.0	5	5
104.66004786191036	5.0	5	5
104.7601052690441	5.0	5	5
104.86016267617786	5.0	5	5
104.96022008331163	5.0	5	5
105.06027749044539	5.0	5	5
105.16033489757913	5.0	5	5
105.2603923047129	5.0	5	5
105.36044971184666	5.0	5	5
105.46050711898042	5.0	5	5
105.56056452611416	5.0	5	5
105.66062193324792	5.0	5	5
105.76067934038169	5.0	5	5
105.86073674751545	5.0	5	5
105.9607941546492	5.0	5	5
106.06085156178295	5.0	5	5
106.16090896891671	5.0	5	5
106.26096637605048	5.0	5	5
106.36102378318422	5.0	5	5
106.46108119031798	5.0	5	5
106.56113859745174	5.0	5	5
106.6611960045855	5.0	5	5
106.76125341171925	4.0	4	4
106.86131081885301	4.0	4	4
106.96136822598677	4.0	4	4
107.06142563312054	4.0	4	4
107.16148304025428	4.0	4	4
107.26154044738804	4.0	4	4
107.3615978545218	4.0	4	4
107.46165526165557	4.0	4	4
107.56171266878931	4.0	4	4
107.66177007592307	4.0	4	4
107.76182748305683	4.0	4	4
107.8618848901906	4.0	4	4
107.96194229732436	4.0	4	4
108.0619997044581	4.0	4	4
108.16205711159186	4.0	4	4
108.26211451872562	4.0	4	4
108.36217192585939	4.0	4	4
108.46222933299313	4.0	4	4
108.5622867401269	4.0	4	4
108.66234414726065	4.0	4	4
108.76240155439442	4.0	4	4
108.86245896152816	4.0	4	4
108.96251636866192	4.0	4	4
109.06257377579568	3.0	3	3
109.16263118292945	3.0	3	3
109.26268859006319	3.0	3	3
109.36274599719695	3.0	3	3
109.46280340433071	3.0	3	3
109.56286081146447	3.0	3	3
109.66291821859822	3.0	3	3
109.76297562573198	3.0	3	3
109.86303303286574	3.0	3	3
109.9630904399995	3.0	3	3
110.06314784713325	3.0	3	3
110.16320525426701	3.0	3	3
110.26326266140077	3.0	3	3
110.36332006853453	3.0	3	3
110.46337747566828	3.0	3	3
110.56343488280204	3.0	3	3
110.6634922899358	3.0	3	3
110.76354969706956	3.0	3	3
110.86360710420331	3.0	3	3
110.96366451133707	3.0	3	3
111.06372191847083	3.0	3	3
111.1637793256046	3.0	3	3
111.26383673273834	3.0	3	3
111.3638941398721	3.0	3	3
111.46395154700586	3.0	3	3
111.56400895413962	3.0	3	3
111.66406636127337	3.0	3	3
111.76412376840713	3.0	3	3
111.86418117554089	3.0	3	3
111.96423858267465	3.0	3	3
112.0642959898084	3.0	3	3
112.16435339694216	3.0	3	3
112.26441080407592	3.0	3	3
112.36446821120968	3.0	3	3
112.46452561834343	3.0	3	3
112.56458302547719	3.0	3	3
112.66464043261095	3.0	3	3
112.76469783974471	3.0	3	3
112.86475524687847	3.0	3	3
112.96481265401222	3.0	3	3
113.06487006114598	3.0	3	3
113.16492746827974	3.0	3	3
113.2649848754135	3.0	3	3
113.36504228254725	3.0	3	3
113.46509968968101	3.0	3	3
113.56515709681477	3.0	3	3
113.66521450394853	2.0	2	2
113.76527191108228	2.0	2	2
113.86532931821604	2.0	2	2
113.9653867253498	2.0	2	2
114.06544413248356	1.0	1	1
114.16550153961731	1.0	1	1
114.26555894675107	1.0	1	1
114.36561635388483	0.0	0	0
114.46567376101859	0.0	0	0
114.56573116815234	0.0	0	0
114.6657885752861	0.0	0	0
114.76584598241986	0.0	0	0
114.86590338955362	0.0	0	0
114.96596079668737	0.0	0	0
115.06601820382113	0.0	0	0
115.16607561095489	0.0	0	0
115.26613301808865	0.0	0	0
115.3661904252224	0.0	0	0
115.46624783235616	0.0	0	0
115.56630523948992	0.0	0	0
115.66636264662368	0.0	0	0
115.76642005375743	0.0	0	0
115.86647746089119	0.0	0	0
115.96653486802495	0.0	0	0
116.06659227515871	0.0	0	0
116.16664968229246	0.0	0	0
116.26670708942622	0.0	0	0
116.36676449655998	0.0	0	0
116.46682190369374	0.0	0	0
116.56687931082749	0.0	0	0
116.66693671796125	0.0	0	0
116.76699412509501	0.0	0	0
116.86705153222877	0.0	0	0
116.96710893936252	0.0	0	0
117.06716634649628	0.0	0	0
117.16722375363004	0.0	0	0
117.2672811607638	0.0	0	0
117.36733856789755	0.0	0	0
117.46739597503131	0.0	0	0
117.56745338216507	0.0	0	0
117.66751078929883	0.0	0	0
117.76756819643258	0.0	0	0
117.86762560356634	0.0	0	0
117.9676830107001	0.0	0	0
118.06774041783386	0.0	0	0
118.16779782496762	0.0	0	0
118.26785523210137	0.0	0	0
118.36791263923513	0.0	0	0
118.46797004636889	0.0	0	0
118.56802745350265	0.0	0	0
118.6680848606364	0.0	0	0
118.76814226777016	0.0	0	0
118.86819967490392	0.0	0	0
118.96825708203768	0.0	0	0
119.06831448917143	0.0	0	0
119.16837189630519	0.0	0	0
119.26842930343895	0.0	0	0
119.36848671057271	0.0	0	0
119.46854411770646	0.0	0	0
119.56860152484022	0.0	0	0
119.66865893197398	0.0	0	0
119.76871633910774	0.0	0	0
119.86877374624149	0.0	0	0
119.96883115337525	0.0	0	0
120.06888856050901	0.0	0	0
120.16894596764277	0.0	0	0
120.26900337477652	0.0	0	0
120.36906078191028	1.0	1	1
120.46911818904404	1.0	1	1
120.5691755961778	1.0	1	1
120.66923300331155	1.0	1	1
120.76929041044531	1.0	1	1
120.86934781757907	1.0	1	1
120.96940522471283	1.0	1	1
121.06946263184658	1.0	1	1
121.16952003898034	1.0	1	1
121.2695774461141	1.0	1	1
121.36963485324786	1.0	1	1
121.4696922603816	1.0	1	1
121.56974966751537	1.0	1	1
121.66980707464913	1.0	1	1
121.76986448178289	1.0	1	1
121.86992188891664	1.0	1	1
121.9699792960504	1.0	1	1
122.07003670318416	1.0	1	1
122.17009411031792	1.0	1	1
122.27015151745167	1.0	1	1
122.37020892458543	1.0	1	1
122.47026633171919	1.0	1	1
122.57032373885295	1.0	1	1
122.6703811459867	0.0	0	0
122.77043855312046	0.0	0	0
122.87049596025422	0.0	0	0
122.97055336738798	0.0	0	0
123.07061077452174	0.0	0	0
123.17066818165549	0.0	0	0
123.27072558878925	0.0	0	0
123.37078299592301	0.0	0	0
123.47084040305677	0.0	0	0
123.57089781019052	0.0	0	0
123.67095521732428	0.0	0	0
123.77101262445804	0.0	0	0
123.8710700315918	0.0	0	0
123.97112743872555	0.0	0	0
124.0711848458593	0.0	0	0
124.17124225299307	0.0	0	0
124.27129966012683	0.0	0	0
124.37135706726058	0.0	0	0
124.47141447439434	0.0	0	0
124.5714718815281	0.0	0	0
124.67152928866186	0.0	0	0
124.7715866957956	0.0	0	0
124.87164410292937	0.0	0	0
124.97170151006313	0.0	0	0
125.07175891719689	0.0	0	0
125.17181632433063	0.0	0	0
125.2718737314644	0.0	0	0
125.37193113859816	0.0	0	0
125.47198854573192	0.0	0	0
125.57204595286566	0.0	0	0
125.67210335999943	0.0	0	0
125.77216076713319	0.0	0	0
125.87221817426695	0.0	0	0
125.9722755814007	0.0	0	0
126.07233298853446	0.0	0	0
126.17239039566822	0.0	0	0
126.27244780280198	0.0	0	0
126.37250520993572	0.0	0	0
126.47256261706949	0.0	0	0
126.57262002420325	0.0	0	0
126.67267743133701	0.0	0	0
126.77273483847075	0.0	0	0
126.87279224560451	0.0	0	0
126.97284965273828	0.0	0	0
127.07290705987204	0.0	0	0
127.17296446700578	0.0	0	0
127.27302187413954	0.0	0	0
127.3730792812733	0.0	0	0
127.47313668840707	0.0	0	0
127.57319409554081	0.0	0	0
127.67325150267457	1.0	1	1
127.77330890980834	1.0	1	1
127.8733663169421	1.0	1	1
127.97342372407584	1.0	1	1
128.0734811312096	1.0	1	1
128.17353853834337	1.0	1	1
128.27359594547713	1.0	1	1
128.3736533526109	1.0	1	1
128.47371075974465	3.0	3	3
128.5737681668784	3.0	3	3
128.67382557401214	4.0	4	4
128.7738829811459	4.0	4	4
128.87394038827966	4.0	4	4
128.97399779541342	4.0	4	4
129.07405520254719	4.0	4	4
129.17411260968095	4.0	4	4
129.2741700168147	4.0	4	4
129.37422742394847	4.0	4	4
129.4742848310822	4.0	4	4
129.57434223821596	4.0	4	4
129.67439964534972	4.0	4	4
129.77445705248348	4.0	4	4
129.87451445961725	4.0	4	4
129.974571866751	4.0	4	4
130.07462927388477	4.0	4	4
130.17468668101853	4.0	4	4
130.27474408815226	4.0	4	4
130.37480149528602	4.0	4	4
130.47485890241978	4.0	4	4
130.57491630955354	4.0	4	4
130.6749737166873	4.0	4	4
130.77503112382107	2.0	2	2
130.87508853095483	1.0	1	1
130.9751459380886	1.0	1	1
131.07520334522232	1.0	1	1
131.17526075235608	1.0	1	1
131.27531815948984	1.0	1	1
131.3753755666236	1.0	1	1
131.47543297375736	1.0	1	1
131.57549038089113	1.0	1	1
131.6755477880249	1.0	1	1
131.77560519515865	1.0	1	1
131.87566260229238	1.0	1	1
131.97572000942614	1.0	1	1
132.0757774165599	1.0	1	1
132.17583482369366	1.0	1	1
132.27589223082742	1.0	1	1
132.37594963796118	1.0	1	1
132.47600704509495	1.0	1	1
132.5760644522287	1.0	1	1
132.67612185936244	1.0	1	1
132.7761792664962	1.0	1	1
132.87623667362996	1.0	1	1
132.97629408076372	1.0	1	1
133.07635148789748	1.0	1	1
133.17640889503124	0.0	0	0
133.276466302165	0.0	0	0
133.37652370929877	0.0	0	0
133.47658111643253	0.0	0	0
133.57663852356626	0.0	0	0
133.67669593070002	0.0	0	0
133.77675333783378	0.0	0	0
133.87681074496754	0.0	0	0
133.9768681521013	0.0	0	0
134.07692555923506	1.0	1	1
134.17698296636883	1.0	1	1
134.2770403735026	1.0	1	1
134.37709778063632	1.0	1	1
134.47715518777008	1.0	1	1
134.57721259490384	1.0	1	1
134.6772700020376	1.0	1	1
134.77732740917136	1.0	1	1
134.87738481630512	1.0	1	1
134.97744222343889	1.0	1	1
135.07749963057265	1.0	1	1
135.17755703770638	1.0	1	1
135.27761444484014	1.0	1	1
135.3776718519739	1.0	1	1
135.47772925910766	1.0	1	1
135.57778666624142	1.0	1	1
135.67784407337518	1.0	1	1
135.77790148050894	2.0	2	2
135.8779588876427	2.0	2	2
135.97801629477644	2.0	2	2
136.0780737019102	2.0	2	2
136.17813110904396	2.0	2	2
136.27818851617772	2.0	2	2
136.37824592331148	2.0	2	2
136.47830333044524	2.0	2	2
136.578360737579	2.0	2	2
136.67841814471277	2.0	2	2
136.7784755518465	2.0	2	2
136.87853295898026	2.0	2	2
136.97859036611402	2.0	2	2
137.07864777324778	3.0	3	3
137.17870518038154	3.0	3	3
137.2787625875153	3.0	3	3
137.37881999464906	3.0	3	3
137.47887740178282	3.0	3	3
137.57893480891656	3.0	3	3
137.67899221605032	3.0	3	3
137.77904962318408	3.0	3	3
137.87910703031784	3.0	3	3
137.9791644374516	3.0	3	3
138.07922184458536	3.0	3	3
138.17927925171912	3.0	3	3
138.27933665885288	3.0	3	3
138.37939406598665	4.0	4	4
138.47945147312038	4.0	4	4
138.57950888025414	4.0	4	4
138.6795662873879	4.0	4	4
138.77962369452166	4.0	4	4
138.87968110165542	4.0	4	4
138.97973850878918	4.0	4	4
139.07979591592294	4.0	4	4
139.1798533230567	4.0	4	4
139.27991073019044	3.0	3	3
139.3799681373242	3.0	3	3
139.48002554445796	3.0	3	3
139.58008295159172	3.0	3	3
139.68014035872548	3.0	3	3
139.78019776585924	3.0	3	3
139.880255172993	2.0	2	2
139.98031258012676	2.0	2	2
140.0803699872605	2.0	2	2
140.18042739439426	2.0	2	2
140.28048480152802	2.0	2	2
140.38054220866178	2.0	2	2
140.48059961579554	2.0	2	2
140.5806570229293	1.0	1	1
140.68071443006306	1.0	1	1
140.78077183719682	1.0	1	1
140.88082924433056	1.0	1	1
140.98088665146432	1.0	1	1
141.08094405859808	1.0	1	1
141.18100146573184	1.0	1	1
141.2810588728656	1.0	1	1
141.38111627999936	1.0	1	1
141.48117368713312	1.0	1	1
141.58123109426688	1.0	1	1
141.68128850140062	1.0	1	1
141.78134590853438	1.0	1	1
141.88140331566814	1.0	1	1
141.9814607228019	1.0	1	1
142.08151812993566	1.0	1	1
142.18157553706942	1.0	1	1
142.28163294420318	1.0	1	1
142.38169035133694	1.0	1	1
142.48174775847068	1.0	1	1
142.58180516560444	1.0	1	1
142.6818625727382	1.0	1	1
142.78191997987196	1.0	1	1
142.88197738700572	1.0	1	1
142.98203479413948	1.0	1	1
143.08209220127324	1.0	1	1
143.182149608407	1.0	1	1
143.28220701554073	1.0	1	1
143.3822644226745	1.0	1	1
143.48232182980826	1.0	1	1
143.58237923694202	1.0	1	1
143.68243664407578	1.0	1	1
143.78249405120954	1.0	1	1
143.8825514583433	1.0	1	1
143.98260886547706	1.0	1	1
144.08266627261082	1.0	1	1
144.18272367974456	1.0	1	1
144.28278108687832	1.0	1	1
144.38283849401208	1.0	1	1
144.48289590114584	1.0	1	1
144.5829533082796	1.0	1	1
144.68301071541336	1.0	1	1
144.78306812254712	1.0	1	1
144.88312552968088	1.0	1	1
144.98318293681461	1.0	1	1
145.08324034394838	1.0	1	1
145.18329775108214	1.0	1	1
145.2833551582159	1.0	1	1
145.38341256534966	1.0	1	1
145.48346997248342	1.0	1	1
145.58352737961718	1.0	1	1
145.68358478675094	1.0	1	1
145.78364219388467	1.0	1	1
145.88369960101844	1.0	1	1
145.9837570081522	1.0	1	1
146.08381441528596	1.0	1	1
146.18387182241972	1.0	1	1
146.28392922955348	1.0	1	1
146.38398663668724	1.0	1	1
146.484044043821	1.0	1	1
146.58410145095473	1.0	1	1
146.6841588580885	1.0	1	1
146.78421626522226	1.0	1	1
146.88427367235602	1.0	1	1
146.98433107948978	1.0	1	1
147.08438848662354	1.0	1	1
147.1844458937573	1.0	1	1
147.28450330089106	1.0	1	1
147.3845607080248	2.0	2	2
147.48461811515855	2.0	2	2
147.58467552229232	2.0	2	2
147.68473292942608	2.0	2	2
147.78479033655984	2.0	2	2
147.8848477436936	2.0	2	2
147.98490515082736	2.0	2	2
148.08496255796112	2.0	2	2
148.18501996509485	2.0	2	2
148.2850773722286	2.0	2	2
148.38513477936237	2.0	2	2
148.48519218649614	2.0	2	2
148.5852495936299	2.0	2	2
148.68530700076366	2.0	2	2
148.78536440789742	3.0	3	3
148.88542181503118	3.0	3	3
148.98547922216494	3.0	3	3
149.08553662929867	3.0	3	3
149.18559403643243	2.0	2	2
149.2856514435662	2.0	2	2
149.38570885069996	2.0	2	2
149.48576625783372	2.0	2	2
149.58582366496748	2.0	2	2
149.68588107210124	2.0	2	2
149.785938479235	2.0	2	2
149.88599588636873	2.0	2	2
149.9860532935025	2.0	2	2
150.08611070063625	2.0	2	2
150.18616810777002	2.0	2	2
150.28622551490378	2.0	2	2
150.38628292203754	2.0	2	2
150.4863403291713	2.0	2	2
150.58639773630506	2.0	2	2
150.6864551434388	2.0	2	2
150.78651255057255	2.0	2	2
150.8865699577063	2.0	2	2
150.98662736484007	2.0	2	2
151.08668477197384	2.0	2	2
151.1867421791076	2.0	2	2
151.28679958624136	2.0	2	2
151.38685699337512	2.0	2	2
151.48691440050885	2.0	2	2
151.5869718076426	2.0	2	2
151.68702921477637	2.0	2	2
151.78708662191013	2.0	2	2
151.8871440290439	2.0	2	2
151.98720143617766	2.0	2	2
152.08725884331142	2.0	2	2
152.18731625044518	2.0	2	2
152.2873736575789	2.0	2	2
152.38743106471267	2.0	2	2
152.48748847184643	2.0	2	2
152.5875458789802	2.0	2	2
152.68760328611395	2.0	2	2
152.78766069324772	2.0	2	2
152.88771810038148	2.0	2	2
152.98777550751524	2.0	2	2
153.08783291464897	2.0	2	2
153.18789032178273	2.0	2	2
153.2879477289165	2.0	2	2
153.38800513605025	2.0	2	2
153.48806254318401	2.0	2	2
153.58811995031778	2.0	2	2
153.68817735745154	2.0	2	2
153.7882347645853	2.0	2	2
153.88829217171906	2.0	2	2
153.9883495788528	2.0	2	2
154.08840698598655	2.0	2	2
154.1884643931203	2.0	2	2
154.28852180025407	2.0	2	2
154.38857920738783	2.0	2	2
154.4886366145216	2.0	2	2
154.58869402165536	2.0	2	2
154.68875142878912	2.0	2	2
154.78880883592285	1.0	1	1
154.8888662430566	1.0	1	1
154.98892365019037	1.0	1	1
155.08898105732413	1.0	1	1
155.1890384644579	1.0	1	1
155.28909587159166	1.0	1	1
155.38915327872542	1.0	1	1
155.48921068585918	1.0	1	1
155.5892680929929	0.0	0	0
155.68932550012667	0.0	0	0
155.78938290726043	0.0	0	0
155.8894403143942	0.0	0	0
155.98949772152795	0.0	0	0
156.08955512866171	0.0	0	0
156.18961253579548	0.0	0	0
156.28966994292924	0.0	0	0
156.38972735006297	0.0	0	0
156.48978475719673	0.0	0	0
156.5898421643305	0.0	0	0
156.68989957146425	0.0	0	0
156.789956978598	0.0	0	0
156.89001438573177	0.0	0	0
156.99007179286554	0.0	0	0
157.0901291999993	0.0	0	0
157.19018660713303	0.0	0	0
157.2902440142668	0.0	0	0
157.39030142140055	0.0	0	0
157.4903588285343	0.0	0	0
157.59041623566807	0.0	0	0
157.69047364280183	0.0	0	0
157.7905310499356	0.0	0	0
157.89058845706936	0.0	0	0
157.9906458642031	0.0	0	0
158.09070327133685	0.0	0	0
158.1907606784706	0.0	0	0
158.29081808560437	0.0	0	0
158.39087549273813	0.0	0	0
158.4909328998719	0.0	0	0
158.59099030700565	0.0	0	0
158.69104771413942	0.0	0	0
158.79110512127315	0.0	0	0
158.8911625284069	0.0	0	0
158.99121993554067	0.0	0	0
159.09127734267443	0.0	0	0
159.1913347498082	0.0	0	0
159.29139215694195	0.0	0	0
159.3914495640757	0.0	0	0
159.49150697120947	0.0	0	0
159.59156437834324	0.0	0	0
159.69162178547697	0.0	0	0
159.79167919261073	0.0	0	0
159.8917365997445	0.0	0	0
159.99179400687825	0.0	0	0
160.091851414012	0.0	0	0
160.19190882114577	0.0	0	0
160.29196622827953	0.0	0	0
160.3920236354133	1.0	1	1
160.49208104254703	1.0	1	1
160.5921384496808	1.0	1	1
160.69219585681455	1.0	1	1
160.7922532639483	1.0	1	1
160.89231067108207	1.0	1	1
160.99236807821583	1.0	1	1
161.0924254853496	1.0	1	1
161.19248289248335	1.0	1	1
161.2925402996171	1.0	1	1
161.39259770675085	1.0	1	1
161.4926551138846	1.0	1	1
161.59271252101837	1.0	1	1
161.69276992815213	1.0	1	1
161.7928273352859	1.0	1	1
161.89288474241965	1.0	1	1
161.99294214955341	1.0	1	1
162.09299955668715	1.0	1	1
162.1930569638209	1.0	1	1
162.29311437095467	1.0	1	1
162.39317177808843	1.0	1	1
162.4932291852222	1.0	1	1
162.59328659235595	1.0	1	1
162.6933439994897	1.0	1	1
162.79340140662347	1.0	1	1
162.8934588137572	2.0	2	2
162.99351622089097	2.0	2	2
163.09357362802473	2.0	2	2
163.1936310351585	2.0	2	2
163.29368844229225	2.0	2	2
163.393745849426	2.0	2	2
163.49380325655977	2.0	2	2
163.59386066369353	2.0	2	2
163.69391807082727	3.0	3	3
163.79397547796103	3.0	3	3
163.8940328850948	3.0	3	3
163.99409029222855	4.0	4	4
164.0941476993623	4.0	4	4
164.19420510649607	4.0	4	4
164.29426251362983	5.0	5	5
164.3943199207636	5.0	5	5
164.49437732789735	6.0	6	6
164.5944347350311	6.0	6	6
164.69449214216485	6.0	6	6
164.7945495492986	6.0	6	6
164.89460695643237	5.0	5	5
164.99466436356613	5.0	5	5
165.0947217706999	5.0	5	5
165.19477917783365	5.0	5	5
165.2948365849674	5.0	5	5
165.39489399210115	6.0	6	6
165.4949513992349	6.0	6	6
165.59500880636867	6.0	6	6
165.69506621350243	5.0	5	5
165.7951236206362	5.0	5	5
165.89518102776995	5.0	5	5
165.9952384349037	5.0	5	5
166.09529584203747	5.0	5	5
166.1953532491712	5.0	5	5
166.29541065630497	6.0	6	6
166.39546806343873	7.0	7	7
166.4955254705725	7.0	7	7
166.59558287770625	6.0	6	6
166.69564028484	6.0	6	6
166.79569769197377	6.0	6	6
166.89575509910753	6.0	6	6
166.99581250624126	6.0	6	6
167.09586991337503	6.0	6	6
167.1959273205088	6.0	6	6
167.29598472764255	4.0	4	4
167.3960421347763	4.0	4	4
167.49609954191007	4.0	4	4
167.59615694904383	4.0	4	4
167.6962143561776	4.0	4	4
167.79627176331132	4.0	4	4
167.89632917044509	4.0	4	4
167.99638657757885	4.0	4	4
168.0964439847126	3.0	3	3
168.19650139184637	3.0	3	3
168.29655879898013	2.0	2	2
168.3966162061139	2.0	2	2
168.49667361324765	2.0	2	2
168.59673102038138	2.0	2	2
168.69678842751514	2.0	2	2
168.7968458346489	2.0	2	2
168.89690324178267	2.0	2	2
168.99696064891643	2.0	2	2
169.0970180560502	2.0	2	2
169.19707546318395	2.0	2	2
169.2971328703177	3.0	3	3
169.39719027745147	3.0	3	3
169.4972476845852	3.0	3	3
169.59730509171897	3.0	3	3
169.69736249885273	3.0	3	3
169.7974199059865	3.0	3	3
169.89747731312025	3.0	3	3
169.997534720254	3.0	3	3
170.09759212738777	3.0	3	3
170.19764953452153	3.0	3	3
170.29770694165526	3.0	3	3
170.39776434878902	3.0	3	3
170.49782175592279	3.0	3	3
170.59787916305655	3.0	3	3
170.6979365701903	3.0	3	3
170.79799397732407	3.0	3	3
170.89805138445783	3.0	3	3
170.9981087915916	3.0	3	3
171.09816619872532	3.0	3	3
171.19822360585908	3.0	3	3
171.29828101299285	3.0	3	3
171.3983384201266	3.0	3	3
171.49839582726037	3.0	3	3
171.59845323439413	3.0	3	3
171.6985106415279	3.0	3	3
171.79856804866165	3.0	3	3
171.89862545579538	3.0	3	3
171.99868286292914	3.0	3	3
172.0987402700629	3.0	3	3
172.19879767719667	3.0	3	3
172.29885508433043	3.0	3	3
172.3989124914642	3.0	3	3
172.49896989859795	3.0	3	3
172.5990273057317	4.0	4	4
172.69908471286544	4.0	4	4
172.7991421199992	4.0	4	4
172.89919952713296	4.0	4	4
172.99925693426673	4.0	4	4
173.0993143414005	4.0	4	4
173.19937174853425	4.0	4	4
173.299429155668	4.0	4	4
173.39948656280177	4.0	4	4
173.4995439699355	4.0	4	4
173.59960137706926	4.0	4	4
173.69965878420302	3.0	3	3
173.79971619133678	3.0	3	3
173.89977359847055	3.0	3	3
173.9998310056043	3.0	3	3
174.09988841273807	3.0	3	3
174.19994581987183	3.0	3	3
174.3000032270056	3.0	3	3
174.40006063413932	3.0	3	3
174.50011804127308	3.0	3	3
174.60017544840684	3.0	3	3
174.7002328555406	4.0	4	4
174.80029026267437	4.0	4	4
174.90034766980813	4.0	4	4
175.0004050769419	4.0	4	4
175.10046248407565	4.0	4	4
175.20051989120938	4.0	4	4
175.30057729834314	4.0	4	4
175.4006347054769	4.0	4	4
175.50069211261066	4.0	4	4
175.60074951974443	4.0	4	4
175.7008069268782	4.0	4	4
175.80086433401195	4.0	4	4
175.9009217411457	4.0	4	4
176.00097914827944	4.0	4	4
176.1010365554132	4.0	4	4
176.20109396254696	4.0	4	4
176.30115136968072	4.0	4	4
176.40120877681449	4.0	4	4
176.50126618394825	4.0	4	4
176.601323591082	4.0	4	4
176.70138099821577	4.0	4	4
176.8014384053495	4.0	4	4
176.90149581248326	4.0	4	4
177.00155321961702	4.0	4	4
177.10161062675078	4.0	4	4
177.20166803388454	4.0	4	4
177.3017254410183	4.0	4	4
177.40178284815207	4.0	4	4
177.50184025528583	4.0	4	4
177.60189766241956	4.0	4	4
177.70195506955332	4.0	4	4
177.80201247668708	4.0	4	4
177.90206988382084	4.0	4	4
178.0021272909546	4.0	4	4
178.10218469808837	4.0	4	4
178.20224210522213	4.0	4	4
178.3022995123559	4.0	4	4
178.40235691948962	4.0	4	4
178.50241432662338	4.0	4	4
178.60247173375714	4.0	4	4
178.7025291408909	4.0	4	4
178.80258654802466	4.0	4	4
178.90264395515842	4.0	4	4
179.00270136229219	4.0	4	4
179.10275876942595	4.0	4	4
179.20281617655968	4.0	4	4
179.30287358369344	4.0	4	4
179.4029309908272	3.0	3	3
179.50298839796096	3.0	3	3
179.60304580509472	3.0	3	3
179.70310321222848	3.0	3	3
179.80316061936225	3.0	3	3
179.903218026496	3.0	3	3
180.00327543362977	3.0	3	3
180.1033328407635	3.0	3	3
180.20339024789726	3.0	3	3
180.30344765503102	3.0	3	3
180.40350506216478	3.0	3	3
180.50356246929854	3.0	3	3
180.6036198764323	3.0	3	3
180.70367728356607	3.0	3	3
180.80373469069983	3.0	3	3
180.90379209783356	3.0	3	3
181.00384950496732	3.0	3	3
181.10390691210108	3.0	3	3
181.20396431923484	2.0	2	2
181.3040217263686	2.0	2	2
181.40407913350236	2.0	2	2
181.50413654063613	2.0	2	2
181.6041939477699	2.0	2	2
181.70425135490362	2.0	2	2
181.80430876203738	2.0	2	2
181.90436616917114	1.0	1	1
182.0044235763049	1.0	1	1
182.10448098343866	1.0	1	1
182.20453839057242	1.0	1	1
182.30459579770618	1.0	1	1
182.40465320483995	1.0	1	1
