time	diversity	m_div	M_div
0.0	2.0	2	2
0.10006773981327621	2.0	2	2
0.20013547962655243	2.0	2	2
0.30020321943982864	2.0	2	2
0.40027095925310485	2.0	2	2
0.5003386990663811	2.0	2	2
0.6004064388796573	2.0	2	2
0.7004741786929335	2.0	2	2
0.8005419185062097	1.0	1	1
0.9006096583194859	1.0	1	1
1.0006773981327621	1.0	1	1
1.1007451379460385	1.0	1	1
1.2008128777593146	1.0	1	1
1.3008806175725907	1.0	1	1
1.400948357385867	1.0	1	1
1.5010160971991433	1.0	1	1
1.6010838370124194	1.0	1	1
1.7011515768256955	1.0	1	1
1.8012193166389718	1.0	1	1
1.9012870564522482	1.0	1	1
2.0013547962655243	1.0	1	1
2.1014225360788004	1.0	1	1
2.201490275892077	1.0	1	1
2.301558015705353	1.0	1	1
2.401625755518629	1.0	1	1
2.501693495331905	1.0	1	1
2.6017612351451813	1.0	1	1
2.701828974958458	1.0	1	1
2.801896714771734	1.0	1	1
2.90196445458501	1.0	1	1
3.0020321943982866	1.0	1	1
3.1020999342115627	1.0	1	1
3.202167674024839	1.0	1	1
3.302235413838115	1.0	1	1
3.402303153651391	2.0	2	2
3.5023708934646676	2.0	2	2
3.6024386332779437	2.0	2	2
3.7025063730912198	3.0	3	3
3.8025741129044963	3.0	3	3
3.9026418527177724	3.0	3	3
4.0027095925310485	3.0	3	3
4.102777332344325	3.0	3	3
4.202845072157601	3.0	3	3
4.302912811970877	3.0	3	3
4.402980551784154	3.0	3	3
4.5030482915974295	3.0	3	3
4.603116031410706	3.0	3	3
4.703183771223982	3.0	3	3
4.803251511037258	3.0	3	3
4.903319250850535	3.0	3	3
5.00338699066381	3.0	3	3
5.103454730477087	3.0	3	3
5.203522470290363	3.0	3	3
5.303590210103639	3.0	3	3
5.403657949916916	3.0	3	3
5.503725689730191	3.0	3	3
5.603793429543468	3.0	3	3
5.7038611693567445	3.0	3	3
5.80392890917002	3.0	3	3
5.903996648983297	3.0	3	3
6.004064388796573	3.0	3	3
6.104132128609849	3.0	3	3
6.204199868423125	3.0	3	3
6.304267608236401	3.0	3	3
6.404335348049678	3.0	3	3
6.504403087862954	3.0	3	3
6.60447082767623	3.0	3	3
6.704538567489506	3.0	3	3
6.804606307302782	3.0	3	3
6.904674047116059	3.0	3	3
7.004741786929335	3.0	3	3
7.104809526742611	3.0	3	3
7.204877266555887	3.0	3	3
7.304945006369164	3.0	3	3
7.4050127461824395	4.0	4	4
7.505080485995716	4.0	4	4
7.605148225808993	4.0	4	4
7.705215965622268	4.0	4	4
7.805283705435545	4.0	4	4
7.9053514452488205	4.0	4	4
8.005419185062097	4.0	4	4
8.105486924875374	4.0	4	4
8.20555466468865	4.0	4	4
8.305622404501925	4.0	4	4
8.405690144315201	4.0	4	4
8.505757884128478	4.0	4	4
8.605825623941755	4.0	4	4
8.705893363755031	4.0	4	4
8.805961103568308	4.0	4	4
8.906028843381582	4.0	4	4
9.006096583194859	4.0	4	4
9.106164323008135	4.0	4	4
9.206232062821412	4.0	4	4
9.306299802634689	4.0	4	4
9.406367542447963	4.0	4	4
9.50643528226124	4.0	4	4
9.606503022074516	4.0	4	4
9.706570761887793	4.0	4	4
9.80663850170107	4.0	4	4
9.906706241514344	4.0	4	4
10.00677398132762	4.0	4	4
10.106841721140897	4.0	4	4
10.206909460954174	4.0	4	4
10.30697720076745	4.0	4	4
10.407044940580725	4.0	4	4
10.507112680394002	4.0	4	4
10.607180420207278	4.0	4	4
10.707248160020555	4.0	4	4
10.807315899833831	4.0	4	4
10.907383639647108	4.0	4	4
11.007451379460383	4.0	4	4
11.10751911927366	4.0	4	4
11.207586859086936	4.0	4	4
11.307654598900212	4.0	4	4
11.407722338713489	4.0	4	4
11.507790078526764	4.0	4	4
11.60785781834004	4.0	4	4
11.707925558153317	4.0	4	4
11.807993297966593	4.0	4	4
11.90806103777987	4.0	4	4
12.008128777593146	4.0	4	4
12.108196517406421	4.0	4	4
12.208264257219698	4.0	4	4
12.308331997032974	4.0	4	4
12.40839973684625	4.0	4	4
12.508467476659527	4.0	4	4
12.608535216472802	4.0	4	4
12.708602956286079	4.0	4	4
12.808670696099355	4.0	4	4
12.908738435912632	4.0	4	4
13.008806175725908	4.0	4	4
13.108873915539183	4.0	4	4
13.20894165535246	4.0	4	4
13.309009395165736	4.0	4	4
13.409077134979013	4.0	4	4
13.50914487479229	4.0	4	4
13.609212614605564	4.0	4	4
13.70928035441884	4.0	4	4
13.809348094232117	4.0	4	4
13.909415834045394	4.0	4	4
14.00948357385867	4.0	4	4
14.109551313671947	4.0	4	4
14.209619053485222	4.0	4	4
14.309686793298498	5.0	5	5
14.409754533111775	5.0	5	5
14.509822272925051	5.0	5	5
14.609890012738328	5.0	5	5
14.709957752551603	5.0	5	5
14.810025492364879	5.0	5	5
14.910093232178156	5.0	5	5
15.010160971991432	5.0	5	5
15.110228711804709	5.0	5	5
15.210296451617985	5.0	5	5
15.31036419143126	5.0	5	5
15.410431931244537	5.0	5	5
15.510499671057813	5.0	5	5
15.61056741087109	5.0	5	5
15.710635150684366	5.0	5	5
15.810702890497641	5.0	5	5
15.910770630310918	5.0	5	5
16.010838370124194	5.0	5	5
16.11090610993747	5.0	5	5
16.210973849750747	5.0	5	5
16.311041589564024	5.0	5	5
16.4111093293773	5.0	5	5
16.511177069190577	5.0	5	5
16.61124480900385	5.0	5	5
16.711312548817126	5.0	5	5
16.811380288630403	5.0	5	5
16.91144802844368	5.0	5	5
17.011515768256956	5.0	5	5
17.111583508070233	5.0	5	5
17.21165124788351	5.0	5	5
17.311718987696786	5.0	5	5
17.411786727510062	5.0	5	5
17.51185446732334	5.0	5	5
17.611922207136615	5.0	5	5
17.71198994694989	5.0	5	5
17.812057686763165	5.0	5	5
17.91212542657644	5.0	5	5
18.012193166389718	5.0	5	5
18.112260906202994	5.0	5	5
18.21232864601627	5.0	5	5
18.312396385829548	5.0	5	5
18.412464125642824	5.0	5	5
18.5125318654561	5.0	5	5
18.612599605269377	5.0	5	5
18.71266734508265	5.0	5	5
18.812735084895927	5.0	5	5
18.912802824709203	5.0	5	5
19.01287056452248	5.0	5	5
19.112938304335756	5.0	5	5
19.213006044149033	5.0	5	5
19.31307378396231	5.0	5	5
19.413141523775586	5.0	5	5
19.513209263588863	5.0	5	5
19.61327700340214	5.0	5	5
19.713344743215416	5.0	5	5
19.81341248302869	5.0	5	5
19.913480222841965	5.0	5	5
20.01354796265524	5.0	5	5
20.11361570246852	5.0	5	5
20.213683442281795	5.0	5	5
20.31375118209507	5.0	5	5
20.413818921908348	5.0	5	5
20.513886661721624	4.0	4	4
20.6139544015349	4.0	4	4
20.714022141348178	4.0	4	4
20.81408988116145	4.0	4	4
20.914157620974727	4.0	4	4
21.014225360788004	4.0	4	4
21.11429310060128	4.0	4	4
21.214360840414557	4.0	4	4
21.314428580227833	4.0	4	4
21.41449632004111	4.0	4	4
21.514564059854386	4.0	4	4
21.614631799667663	4.0	4	4
21.71469953948094	4.0	4	4
21.814767279294216	4.0	4	4
21.91483501910749	4.0	4	4
22.014902758920766	4.0	4	4
22.114970498734042	4.0	4	4
22.21503823854732	4.0	4	4
22.315105978360595	4.0	4	4
22.41517371817387	4.0	4	4
22.51524145798715	4.0	4	4
22.615309197800425	4.0	4	4
22.7153769376137	4.0	4	4
22.815444677426978	4.0	4	4
22.915512417240254	4.0	4	4
23.015580157053527	3.0	3	3
23.115647896866804	3.0	3	3
23.21571563668008	3.0	3	3
23.315783376493357	3.0	3	3
23.415851116306634	3.0	3	3
23.51591885611991	2.0	2	2
23.615986595933187	2.0	2	2
23.716054335746463	2.0	2	2
23.81612207555974	2.0	2	2
23.916189815373016	2.0	2	2
24.016257555186293	2.0	2	2
24.116325294999566	2.0	2	2
24.216393034812842	2.0	2	2
24.31646077462612	2.0	2	2
24.416528514439396	2.0	2	2
24.516596254252672	2.0	2	2
24.61666399406595	2.0	2	2
24.716731733879225	2.0	2	2
24.8167994736925	2.0	2	2
24.91686721350578	2.0	2	2
25.016934953319055	1.0	1	1
25.117002693132328	1.0	1	1
25.217070432945604	1.0	1	1
25.31713817275888	1.0	1	1
25.417205912572157	1.0	1	1
25.517273652385434	1.0	1	1
25.61734139219871	1.0	1	1
25.717409132011987	1.0	1	1
25.817476871825264	1.0	1	1
25.91754461163854	1.0	1	1
26.017612351451817	1.0	1	1
26.117680091265093	1.0	1	1
26.217747831078366	1.0	1	1
26.317815570891643	1.0	1	1
26.41788331070492	1.0	1	1
26.517951050518196	1.0	1	1
26.618018790331472	1.0	1	1
26.71808653014475	1.0	1	1
26.818154269958026	1.0	1	1
26.918222009771302	1.0	1	1
27.01828974958458	1.0	1	1
27.118357489397855	1.0	1	1
27.218425229211128	1.0	1	1
27.318492969024405	1.0	1	1
27.41856070883768	1.0	1	1
27.518628448650958	1.0	1	1
27.618696188464234	1.0	1	1
27.71876392827751	1.0	1	1
27.818831668090787	1.0	1	1
27.918899407904064	1.0	1	1
28.01896714771734	1.0	1	1
28.119034887530617	1.0	1	1
28.219102627343894	2.0	2	2
28.319170367157167	2.0	2	2
28.419238106970443	2.0	2	2
28.51930584678372	2.0	2	2
28.619373586596996	2.0	2	2
28.719441326410273	2.0	2	2
28.81950906622355	2.0	2	2
28.919576806036826	2.0	2	2
29.019644545850102	2.0	2	2
29.11971228566338	2.0	2	2
29.219780025476656	2.0	2	2
29.319847765289932	2.0	2	2
29.419915505103205	2.0	2	2
29.51998324491648	2.0	2	2
29.620050984729758	2.0	2	2
29.720118724543035	2.0	2	2
29.82018646435631	2.0	2	2
29.920254204169588	2.0	2	2
30.020321943982864	1.0	1	1
30.12038968379614	1.0	1	1
30.220457423609417	1.0	1	1
30.320525163422694	1.0	1	1
30.42059290323597	1.0	1	1
30.520660643049244	1.0	1	1
30.62072838286252	1.0	1	1
30.720796122675797	1.0	1	1
30.820863862489073	1.0	1	1
30.92093160230235	1.0	1	1
31.020999342115626	1.0	1	1
31.121067081928903	1.0	1	1
31.22113482174218	1.0	1	1
31.321202561555456	1.0	1	1
31.421270301368732	1.0	1	1
31.521338041182005	1.0	1	1
31.621405780995282	1.0	1	1
31.72147352080856	1.0	1	1
31.821541260621835	1.0	1	1
31.92160900043511	1.0	1	1
32.02167674024839	1.0	1	1
32.121744480061665	1.0	1	1
32.22181221987494	1.0	1	1
32.32187995968822	1.0	1	1
32.421947699501494	1.0	1	1
32.52201543931477	1.0	1	1
32.62208317912805	1.0	1	1
32.722150918941324	1.0	1	1
32.8222186587546	1.0	1	1
32.92228639856788	1.0	1	1
33.022354138381154	1.0	1	1
33.12242187819442	1.0	1	1
33.2224896180077	1.0	1	1
33.322557357820976	1.0	1	1
33.42262509763425	1.0	1	1
33.52269283744753	1.0	1	1
33.622760577260806	1.0	1	1
33.72282831707408	1.0	1	1
33.82289605688736	1.0	1	1
33.922963796700635	1.0	1	1
34.02303153651391	1.0	1	1
34.12309927632719	1.0	1	1
34.223167016140465	1.0	1	1
34.32323475595374	1.0	1	1
34.42330249576702	1.0	1	1
34.523370235580295	1.0	1	1
34.62343797539357	1.0	1	1
34.72350571520685	1.0	1	1
34.823573455020124	1.0	1	1
34.9236411948334	1.0	1	1
35.02370893464668	1.0	1	1
35.123776674459954	1.0	1	1
35.22384441427323	1.0	1	1
35.3239121540865	1.0	1	1
35.42397989389978	1.0	1	1
35.52404763371305	1.0	1	1
35.62411537352633	1.0	1	1
35.724183113339606	1.0	1	1
35.82425085315288	1.0	1	1
35.92431859296616	1.0	1	1
36.024386332779436	1.0	1	1
36.12445407259271	1.0	1	1
36.22452181240599	1.0	1	1
36.324589552219265	1.0	1	1
36.42465729203254	1.0	1	1
36.52472503184582	1.0	1	1
36.624792771659095	1.0	1	1
36.72486051147237	1.0	1	1
36.82492825128565	1.0	1	1
36.924995991098925	1.0	1	1
37.0250637309122	1.0	1	1
37.12513147072548	1.0	1	1
37.225199210538754	2.0	2	2
37.32526695035203	2.0	2	2
37.4253346901653	2.0	2	2
37.52540242997858	3.0	3	3
37.62547016979185	3.0	3	3
37.72553790960513	4.0	4	4
37.82560564941841	4.0	4	4
37.92567338923168	4.0	4	4
38.02574112904496	5.0	5	5
38.125808868858236	5.0	5	5
38.22587660867151	5.0	5	5
38.32594434848479	6.0	6	6
38.426012088298066	6.0	6	6
38.52607982811134	6.0	6	6
38.62614756792462	6.0	6	6
38.726215307737895	6.0	6	6
38.82628304755117	6.0	6	6
38.92635078736445	5.0	5	5
39.026418527177725	5.0	5	5
39.126486266991	6.0	6	6
39.22655400680428	8.0	8	8
39.326621746617555	8.0	8	8
39.42668948643083	8.0	8	8
39.5267572262441	9.0	9	9
39.62682496605738	9.0	9	9
39.726892705870654	9.0	9	9
39.82696044568393	11.0	11	11
39.92702818549721	12.0	12	12
40.02709592531048	12.0	12	12
40.12716366512376	12.0	12	12
40.22723140493704	12.0	12	12
40.32729914475031	12.0	12	12
40.42736688456359	12.0	12	12
40.527434624376866	12.0	12	12
40.62750236419014	12.0	12	12
40.72757010400342	12.0	12	12
40.827637843816696	12.0	12	12
40.92770558362997	12.0	12	12
41.02777332344325	12.0	12	12
41.127841063256525	12.0	12	12
41.2279088030698	12.0	12	12
41.32797654288308	12.0	12	12
41.428044282696355	12.0	12	12
41.52811202250963	12.0	12	12
41.6281797623229	12.0	12	12
41.72824750213618	12.0	12	12
41.828315241949454	12.0	12	12
41.92838298176273	12.0	12	12
42.02845072157601	12.0	12	12
42.128518461389284	12.0	12	12
42.22858620120256	12.0	12	12
42.32865394101584	12.0	12	12
42.42872168082911	12.0	12	12
42.52878942064239	12.0	12	12
42.62885716045567	12.0	12	12
42.72892490026894	12.0	12	12
42.82899264008222	12.0	12	12
42.929060379895496	12.0	12	12
43.02912811970877	12.0	12	12
43.12919585952205	12.0	12	12
43.229263599335326	13.0	13	13
43.3293313391486	13.0	13	13
43.42939907896188	13.0	13	13
43.529466818775155	13.0	13	13
43.62953455858843	13.0	13	13
43.72960229840171	13.0	13	13
43.82967003821498	13.0	13	13
43.929737778028255	13.0	13	13
44.02980551784153	13.0	13	13
44.12987325765481	13.0	13	13
44.229940997468084	13.0	13	13
44.33000873728136	13.0	13	13
44.43007647709464	13.0	13	13
44.530144216907914	14.0	14	14
44.63021195672119	14.0	14	14
44.73027969653447	14.0	14	14
44.83034743634774	14.0	14	14
44.93041517616102	14.0	14	14
45.0304829159743	14.0	14	14
45.13055065578757	14.0	14	14
45.23061839560085	14.0	14	14
45.330686135414126	14.0	14	14
45.4307538752274	14.0	14	14
45.53082161504068	14.0	14	14
45.630889354853956	14.0	14	14
45.73095709466723	14.0	14	14
45.83102483448051	14.0	14	14
45.93109257429378	15.0	15	15
46.031160314107055	15.0	15	15
46.13122805392033	15.0	15	15
46.23129579373361	15.0	15	15
46.331363533546885	15.0	15	15
46.43143127336016	15.0	15	15
46.53149901317344	15.0	15	15
46.631566752986714	15.0	15	15
46.73163449279999	15.0	15	15
46.83170223261327	15.0	15	15
46.931769972426544	15.0	15	15
47.03183771223982	15.0	15	15
47.1319054520531	15.0	15	15
47.23197319186637	15.0	15	15
47.33204093167965	15.0	15	15
47.43210867149293	15.0	15	15
47.5321764113062	15.0	15	15
47.63224415111948	15.0	15	15
47.732311890932756	15.0	15	15
47.83237963074603	15.0	15	15
47.93244737055931	15.0	15	15
48.032515110372586	15.0	15	15
48.132582850185855	15.0	15	15
48.23265058999913	15.0	15	15
48.33271832981241	15.0	15	15
48.432786069625685	15.0	15	15
48.53285380943896	15.0	15	15
48.63292154925224	15.0	15	15
48.732989289065515	15.0	15	15
48.83305702887879	15.0	15	15
48.93312476869207	15.0	15	15
49.033192508505344	15.0	15	15
49.13326024831862	15.0	15	15
49.2333279881319	15.0	15	15
49.333395727945174	15.0	15	15
49.43346346775845	15.0	15	15
49.53353120757173	15.0	15	15
49.633598947385	15.0	15	15
49.73366668719828	14.0	14	14
49.83373442701156	14.0	14	14
49.93380216682483	14.0	14	14
50.03386990663811	14.0	14	14
50.133937646451386	14.0	14	14
50.234005386264656	14.0	14	14
50.33407312607793	14.0	14	14
50.43414086589121	14.0	14	14
50.534208605704485	14.0	14	14
50.63427634551776	15.0	15	15
50.73434408533104	16.0	16	16
50.834411825144315	16.0	16	16
50.93447956495759	15.0	15	15
51.03454730477087	15.0	15	15
51.134615044584145	13.0	13	13
51.23468278439742	14.0	14	14
51.3347505242107	14.0	14	14
51.434818264023974	14.0	14	14
51.53488600383725	14.0	14	14
51.63495374365053	14.0	14	14
51.735021483463804	14.0	14	14
51.83508922327708	14.0	14	14
51.93515696309036	14.0	14	14
52.03522470290363	14.0	14	14
52.13529244271691	14.0	14	14
52.23536018253019	14.0	14	14
52.335427922343456	14.0	14	14
52.43549566215673	14.0	14	14
52.53556340197001	14.0	14	14
52.635631141783286	14.0	14	14
52.73569888159656	14.0	14	14
52.83576662140984	14.0	14	14
52.935834361223115	14.0	14	14
53.03590210103639	15.0	15	15
53.13596984084967	14.0	14	14
53.236037580662945	14.0	14	14
53.33610532047622	14.0	14	14
53.4361730602895	14.0	14	14
53.536240800102775	14.0	14	14
53.63630853991605	13.0	13	13
53.73637627972933	13.0	13	13
53.836444019542604	13.0	13	13
53.93651175935588	13.0	13	13
54.03657949916916	12.0	12	12
54.136647238982434	13.0	13	13
54.23671497879571	13.0	13	13
54.33678271860899	12.0	12	12
54.436850458422256	11.0	11	11
54.53691819823553	11.0	11	11
54.63698593804881	10.0	10	10
54.737053677862086	8.0	8	8
54.83712141767536	8.0	8	8
54.93718915748864	8.0	8	8
55.037256897301916	7.0	7	7
55.13732463711519	8.0	8	8
55.23739237692847	8.0	8	8
55.337460116741745	7.0	7	7
55.43752785655502	8.0	8	8
55.5375955963683	8.0	8	8
55.637663336181575	8.0	8	8
55.73773107599485	8.0	8	8
55.83779881580813	8.0	8	8
55.937866555621405	8.0	8	8
56.03793429543468	8.0	8	8
56.13800203524796	8.0	8	8
56.238069775061234	10.0	10	10
56.33813751487451	9.0	9	9
56.43820525468779	9.0	9	9
56.538272994501064	9.0	9	9
56.63834073431433	9.0	9	9
56.73840847412761	9.0	9	9
56.838476213940886	9.0	9	9
56.93854395375416	9.0	9	9
57.03861169356744	7.0	7	7
57.138679433380716	7.0	7	7
57.23874717319399	7.0	7	7
57.33881491300727	8.0	8	8
57.438882652820546	7.0	7	7
57.53895039263382	6.0	6	6
57.6390181324471	7.0	7	7
57.739085872260375	8.0	8	8
57.83915361207365	7.0	7	7
57.93922135188693	7.0	7	7
58.039289091700205	8.0	8	8
58.13935683151348	8.0	8	8
58.23942457132676	8.0	8	8
58.339492311140035	8.0	8	8
58.43956005095331	7.0	7	7
58.53962779076659	7.0	7	7
58.639695530579864	7.0	7	7
58.739763270393134	6.0	6	6
58.83983101020641	6.0	6	6
58.93989875001969	5.0	5	5
59.03996648983296	4.0	4	4
59.14003422964624	3.0	3	3
59.240101969459516	3.0	3	3
59.34016970927279	3.0	3	3
59.44023744908607	3.0	3	3
59.540305188899346	3.0	3	3
59.64037292871262	3.0	3	3
59.7404406685259	3.0	3	3
59.840508408339176	4.0	4	4
59.94057614815245	4.0	4	4
60.04064388796573	4.0	4	4
60.140711627779005	5.0	5	5
60.24077936759228	5.0	5	5
60.34084710740556	5.0	5	5
60.440914847218835	5.0	5	5
60.54098258703211	5.0	5	5
60.64105032684539	6.0	6	6
60.741118066658665	6.0	6	6
60.84118580647194	6.0	6	6
60.94125354628521	6.0	6	6
61.04132128609849	5.0	5	5
61.141389025911764	5.0	5	5
61.24145676572504	5.0	5	5
61.34152450553832	5.0	5	5
61.44159224535159	5.0	5	5
61.54165998516487	6.0	6	6
61.641727724978146	5.0	5	5
61.74179546479142	5.0	5	5
61.8418632046047	6.0	6	6
61.941930944417976	6.0	6	6
62.04199868423125	6.0	6	6
62.14206642404453	7.0	7	7
62.242134163857806	7.0	7	7
62.34220190367108	7.0	7	7
62.44226964348436	7.0	7	7
62.542337383297635	7.0	7	7
62.64240512311091	7.0	7	7
62.74247286292419	8.0	8	8
62.842540602737465	8.0	8	8
62.94260834255074	8.0	8	8
63.04267608236401	8.0	8	8
63.14274382217729	8.0	8	8
63.242811561990564	8.0	8	8
63.34287930180384	7.0	7	7
63.44294704161712	7.0	7	7
63.543014781430394	7.0	7	7
63.64308252124367	7.0	7	7
63.74315026105695	6.0	6	6
63.84321800087022	6.0	6	6
63.9432857406835	6.0	6	6
64.04335348049678	6.0	6	6
64.14342122031005	6.0	6	6
64.24348896012333	6.0	6	6
64.3435566999366	6.0	6	6
64.44362443974988	6.0	6	6
64.54369217956315	5.0	5	5
64.64375991937644	5.0	5	5
64.7438276591897	5.0	5	5
64.84389539900299	5.0	5	5
64.94396313881626	5.0	5	5
65.04403087862954	5.0	5	5
65.14409861844281	5.0	5	5
65.2441663582561	5.0	5	5
65.34423409806936	5.0	5	5
65.44430183788265	6.0	6	6
65.54436957769592	6.0	6	6
65.6444373175092	7.0	7	7
65.74450505732247	8.0	8	8
65.84457279713575	7.0	7	7
65.94464053694902	9.0	9	9
66.04470827676231	10.0	10	10
66.14477601657558	11.0	11	11
66.24484375638885	10.0	10	10
66.34491149620213	10.0	10	10
66.4449792360154	11.0	11	11
66.54504697582868	11.0	11	11
66.64511471564195	13.0	13	13
66.74518245545524	14.0	14	14
66.8452501952685	15.0	15	15
66.94531793508179	15.0	15	15
67.04538567489506	15.0	15	15
67.14545341470834	15.0	15	15
67.24552115452161	15.0	15	15
67.3455888943349	15.0	15	15
67.44565663414816	15.0	15	15
67.54572437396145	15.0	15	15
67.64579211377472	15.0	15	15
67.745859853588	16.0	16	16
67.84592759340127	16.0	16	16
67.94599533321455	16.0	16	16
68.04606307302782	16.0	16	16
68.14613081284111	16.0	16	16
68.24619855265438	16.0	16	16
68.34626629246765	15.0	15	15
68.44633403228093	15.0	15	15
68.5464017720942	17.0	17	17
68.64646951190748	18.0	18	18
68.74653725172075	18.0	18	18
68.84660499153404	18.0	18	18
68.9466727313473	18.0	18	18
69.04674047116059	18.0	18	18
69.14680821097386	18.0	18	18
69.24687595078714	19.0	19	19
69.34694369060041	18.0	18	18
69.4470114304137	18.0	18	18
69.54707917022697	20.0	20	20
69.64714691004025	20.0	20	20
69.74721464985352	21.0	21	21
69.8472823896668	22.0	22	22
69.94735012948007	22.0	22	22
70.04741786929335	22.0	22	22
70.14748560910662	22.0	22	22
70.24755334891991	21.0	21	21
70.34762108873318	20.0	20	20
70.44768882854646	21.0	21	21
70.54775656835973	20.0	20	20
70.647824308173	20.0	20	20
70.74789204798628	20.0	20	20
70.84795978779955	18.0	18	18
70.94802752761284	18.0	18	18
71.0480952674261	18.0	18	18
71.14816300723939	18.0	18	18
71.24823074705266	16.0	16	16
71.34829848686594	16.0	16	16
71.44836622667921	17.0	17	17
71.5484339664925	17.0	17	17
71.64850170630577	17.0	17	17
71.74856944611905	17.0	17	17
71.84863718593232	17.0	17	17
71.9487049257456	17.0	17	17
72.04877266555887	17.0	17	17
72.14884040537216	17.0	17	17
72.24890814518542	17.0	17	17
72.34897588499871	17.0	17	17
72.44904362481198	17.0	17	17
72.54911136462526	16.0	16	16
72.64917910443853	15.0	15	15
72.7492468442518	16.0	16	16
72.84931458406508	16.0	16	16
72.94938232387835	16.0	16	16
73.04945006369164	15.0	15	15
73.1495178035049	15.0	15	15
73.24958554331819	15.0	15	15
73.34965328313146	15.0	15	15
73.44972102294474	15.0	15	15
73.54978876275801	16.0	16	16
73.6498565025713	15.0	15	15
73.74992424238457	15.0	15	15
73.84999198219785	15.0	15	15
73.95005972201112	14.0	14	14
74.0501274618244	14.0	14	14
74.15019520163767	14.0	14	14
74.25026294145096	14.0	14	14
74.35033068126423	15.0	15	15
74.45039842107751	15.0	15	15
74.55046616089078	15.0	15	15
74.65053390070406	15.0	15	15
74.75060164051733	15.0	15	15
74.8506693803306	15.0	15	15
74.95073712014388	15.0	15	15
75.05080485995715	16.0	16	16
75.15087259977044	16.0	16	16
75.2509403395837	16.0	16	16
75.35100807939699	16.0	16	16
75.45107581921026	16.0	16	16
75.55114355902354	15.0	15	15
75.65121129883681	15.0	15	15
75.7512790386501	15.0	15	15
75.85134677846337	15.0	15	15
75.95141451827665	15.0	15	15
76.05148225808992	15.0	15	15
76.1515499979032	15.0	15	15
76.25161773771647	15.0	15	15
76.35168547752976	14.0	14	14
76.45175321734303	14.0	14	14
76.55182095715631	14.0	14	14
76.65188869696958	14.0	14	14
76.75195643678286	14.0	14	14
76.85202417659613	13.0	13	13
76.9520919164094	13.0	13	13
77.05215965622268	13.0	13	13
77.15222739603595	13.0	13	13
77.25229513584924	13.0	13	13
77.35236287566251	13.0	13	13
77.45243061547579	13.0	13	13
77.55249835528906	13.0	13	13
77.65256609510234	13.0	13	13
77.75263383491561	13.0	13	13
77.8527015747289	13.0	13	13
77.95276931454217	13.0	13	13
78.05283705435545	13.0	13	13
78.15290479416872	13.0	13	13
78.252972533982	13.0	13	13
78.35304027379527	13.0	13	13
78.45310801360856	13.0	13	13
78.55317575342183	13.0	13	13
78.65324349323511	13.0	13	13
78.75331123304838	13.0	13	13
78.85337897286166	13.0	13	13
78.95344671267493	13.0	13	13
79.0535144524882	13.0	13	13
79.15358219230149	13.0	13	13
79.25364993211475	13.0	13	13
79.35371767192804	13.0	13	13
79.45378541174131	13.0	13	13
79.55385315155459	12.0	12	12
79.65392089136786	12.0	12	12
79.75398863118114	12.0	12	12
79.85405637099441	11.0	11	11
79.9541241108077	11.0	11	11
80.05419185062097	11.0	11	11
80.15425959043425	12.0	12	12
80.25432733024752	12.0	12	12
80.3543950700608	12.0	12	12
80.45446280987407	12.0	12	12
80.55453054968736	12.0	12	12
80.65459828950063	12.0	12	12
80.75466602931391	12.0	12	12
80.85473376912718	12.0	12	12
80.95480150894046	12.0	12	12
81.05486924875373	12.0	12	12
81.154936988567	12.0	12	12
81.25500472838029	12.0	12	12
81.35507246819355	12.0	12	12
81.45514020800684	12.0	12	12
81.55520794782011	12.0	12	12
81.65527568763339	12.0	12	12
81.75534342744666	12.0	12	12
81.85541116725994	12.0	12	12
81.95547890707321	12.0	12	12
82.0555466468865	12.0	12	12
82.15561438669977	12.0	12	12
82.25568212651305	12.0	12	12
82.35574986632632	12.0	12	12
82.4558176061396	12.0	12	12
82.55588534595287	12.0	12	12
82.65595308576616	13.0	13	13
82.75602082557943	13.0	13	13
82.85608856539271	12.0	12	12
82.95615630520598	12.0	12	12
83.05622404501926	13.0	13	13
83.15629178483253	13.0	13	13
83.2563595246458	14.0	14	14
83.35642726445909	13.0	13	13
83.45649500427236	12.0	12	12
83.55656274408564	13.0	13	13
83.65663048389891	13.0	13	13
83.75669822371219	13.0	13	13
83.85676596352546	13.0	13	13
83.95683370333875	13.0	13	13
84.05690144315201	12.0	12	12
84.1569691829653	12.0	12	12
84.25703692277857	11.0	11	11
84.35710466259185	11.0	11	11
84.45717240240512	10.0	10	10
84.5572401422184	11.0	11	11
84.65730788203167	11.0	11	11
84.75737562184496	11.0	11	11
84.85744336165823	11.0	11	11
84.95751110147151	11.0	11	11
85.05757884128478	11.0	11	11
85.15764658109806	10.0	10	10
85.25771432091133	9.0	9	9
85.35778206072462	9.0	9	9
85.45784980053789	9.0	9	9
85.55791754035116	9.0	9	9
85.65798528016444	9.0	9	9
85.75805301997771	9.0	9	9
85.85812075979099	9.0	9	9
85.95818849960426	8.0	8	8
86.05825623941755	8.0	8	8
86.15832397923081	8.0	8	8
86.2583917190441	7.0	7	7
86.35845945885737	7.0	7	7
86.45852719867065	6.0	6	6
86.55859493848392	6.0	6	6
86.6586626782972	6.0	6	6
86.75873041811047	6.0	6	6
86.85879815792376	6.0	6	6
86.95886589773703	6.0	6	6
87.05893363755031	6.0	6	6
87.15900137736358	5.0	5	5
87.25906911717686	5.0	5	5
87.35913685699013	5.0	5	5
87.45920459680342	5.0	5	5
87.55927233661669	5.0	5	5
87.65934007642996	5.0	5	5
87.75940781624324	5.0	5	5
87.85947555605651	5.0	5	5
87.95954329586979	6.0	6	6
88.05961103568306	6.0	6	6
88.15967877549635	6.0	6	6
88.25974651530962	6.0	6	6
88.3598142551229	6.0	6	6
88.45988199493617	6.0	6	6
88.55994973474945	6.0	6	6
88.66001747456272	6.0	6	6
88.760085214376	6.0	6	6
88.86015295418927	6.0	6	6
88.96022069400256	6.0	6	6
89.06028843381583	6.0	6	6
89.16035617362911	6.0	6	6
89.26042391344238	6.0	6	6
89.36049165325566	6.0	6	6
89.46055939306893	6.0	6	6
89.56062713288222	6.0	6	6
89.66069487269549	6.0	6	6
89.76076261250876	6.0	6	6
89.86083035232204	6.0	6	6
89.96089809213531	6.0	6	6
90.0609658319486	6.0	6	6
90.16103357176186	6.0	6	6
90.26110131157515	7.0	7	7
90.36116905138842	7.0	7	7
90.4612367912017	6.0	6	6
90.56130453101497	6.0	6	6
90.66137227082825	6.0	6	6
90.76144001064152	7.0	7	7
90.8615077504548	6.0	6	6
90.96157549026807	5.0	5	5
91.06164323008136	5.0	5	5
91.16171096989463	5.0	5	5
91.26177870970791	5.0	5	5
91.36184644952118	5.0	5	5
91.46191418933446	6.0	6	6
91.56198192914773	6.0	6	6
91.66204966896102	6.0	6	6
91.76211740877429	6.0	6	6
91.86218514858756	6.0	6	6
91.96225288840084	6.0	6	6
92.06232062821411	6.0	6	6
92.1623883680274	6.0	6	6
92.26245610784066	6.0	6	6
92.36252384765395	7.0	7	7
92.46259158746722	7.0	7	7
92.5626593272805	7.0	7	7
92.66272706709377	7.0	7	7
92.76279480690705	7.0	7	7
92.86286254672032	7.0	7	7
92.9629302865336	7.0	7	7
93.06299802634688	7.0	7	7
93.16306576616016	7.0	7	7
93.26313350597343	7.0	7	7
93.36320124578671	5.0	5	5
93.46326898559998	4.0	4	4
93.56333672541327	4.0	4	4
93.66340446522653	6.0	6	6
93.76347220503982	5.0	5	5
93.86353994485309	5.0	5	5
93.96360768466636	5.0	5	5
94.06367542447964	5.0	5	5
94.16374316429291	6.0	6	6
94.2638109041062	6.0	6	6
94.36387864391946	6.0	6	6
94.46394638373275	6.0	6	6
94.56401412354602	6.0	6	6
94.6640818633593	5.0	5	5
94.76414960317257	5.0	5	5
94.86421734298585	4.0	4	4
94.96428508279912	4.0	4	4
95.0643528226124	4.0	4	4
95.16442056242568	2.0	2	2
95.26448830223896	2.0	2	2
95.36455604205223	3.0	3	3
95.46462378186551	3.0	3	3
95.56469152167878	3.0	3	3
95.66475926149207	4.0	4	4
95.76482700130533	4.0	4	4
95.86489474111862	4.0	4	4
95.96496248093189	4.0	4	4
96.06503022074517	4.0	4	4
96.16509796055844	4.0	4	4
96.26516570037171	3.0	3	3
96.365233440185	3.0	3	3
96.46530117999826	3.0	3	3
96.56536891981155	3.0	3	3
96.66543665962482	3.0	3	3
96.7655043994381	3.0	3	3
96.86557213925137	3.0	3	3
96.96563987906465	3.0	3	3
97.06570761887792	3.0	3	3
97.1657753586912	3.0	3	3
97.26584309850448	3.0	3	3
97.36591083831776	3.0	3	3
97.46597857813103	3.0	3	3
97.56604631794431	2.0	2	2
97.66611405775758	2.0	2	2
97.76618179757087	2.0	2	2
97.86624953738414	2.0	2	2
97.96631727719742	2.0	2	2
98.06638501701069	2.0	2	2
98.16645275682397	3.0	3	3
98.26652049663724	3.0	3	3
98.36658823645051	3.0	3	3
98.4666559762638	3.0	3	3
98.56672371607706	3.0	3	3
98.66679145589035	3.0	3	3
98.76685919570362	3.0	3	3
98.8669269355169	3.0	3	3
98.96699467533017	3.0	3	3
99.06706241514345	3.0	3	3
99.16713015495672	3.0	3	3
99.26719789477	4.0	4	4
99.36726563458328	4.0	4	4
99.46733337439656	4.0	4	4
99.56740111420983	5.0	5	5
99.66746885402311	5.0	5	5
99.76753659383638	5.0	5	5
99.86760433364967	5.0	5	5
99.96767207346294	5.0	5	5
100.06773981327622	5.0	5	5
100.16780755308949	5.0	5	5
100.26787529290277	5.0	5	5
100.36794303271604	5.0	5	5
100.46801077252931	5.0	5	5
100.5680785123426	4.0	4	4
100.66814625215586	4.0	4	4
100.76821399196915	3.0	3	3
100.86828173178242	4.0	4	4
100.9683494715957	4.0	4	4
101.06841721140897	4.0	4	4
101.16848495122225	4.0	4	4
101.26855269103552	4.0	4	4
101.36862043084881	5.0	5	5
101.46868817066208	5.0	5	5
101.56875591047536	5.0	5	5
101.66882365028863	5.0	5	5
101.76889139010191	5.0	5	5
101.86895912991518	5.0	5	5
101.96902686972847	5.0	5	5
102.06909460954174	5.0	5	5
102.16916234935502	5.0	5	5
102.26923008916829	5.0	5	5
102.36929782898157	5.0	5	5
102.46936556879484	5.0	5	5
102.56943330860811	5.0	5	5
102.6695010484214	5.0	5	5
102.76956878823466	5.0	5	5
102.86963652804795	5.0	5	5
102.96970426786122	5.0	5	5
103.0697720076745	5.0	5	5
103.16983974748777	5.0	5	5
103.26990748730105	5.0	5	5
103.36997522711432	5.0	5	5
103.47004296692761	5.0	5	5
103.57011070674088	5.0	5	5
103.67017844655416	5.0	5	5
103.77024618636743	5.0	5	5
103.87031392618071	5.0	5	5
103.97038166599398	5.0	5	5
104.07044940580727	5.0	5	5
104.17051714562054	5.0	5	5
104.27058488543382	5.0	5	5
104.37065262524709	5.0	5	5
104.47072036506037	5.0	5	5
104.57078810487364	5.0	5	5
104.67085584468691	5.0	5	5
104.7709235845002	5.0	5	5
104.87099132431347	5.0	5	5
104.97105906412675	5.0	5	5
105.07112680394002	5.0	5	5
105.1711945437533	5.0	5	5
105.27126228356657	5.0	5	5
105.37133002337985	5.0	5	5
105.47139776319312	5.0	5	5
105.57146550300641	5.0	5	5
105.67153324281968	5.0	5	5
105.77160098263296	5.0	5	5
105.87166872244623	5.0	5	5
105.97173646225951	5.0	5	5
106.07180420207278	5.0	5	5
106.17187194188607	5.0	5	5
106.27193968169934	5.0	5	5
106.37200742151262	5.0	5	5
106.47207516132589	5.0	5	5
106.57214290113917	5.0	5	5
106.67221064095244	5.0	5	5
106.77227838076571	5.0	5	5
106.872346120579	4.0	4	4
106.97241386039227	4.0	4	4
107.07248160020555	4.0	4	4
107.17254934001882	4.0	4	4
107.2726170798321	4.0	4	4
107.37268481964537	4.0	4	4
107.47275255945866	4.0	4	4
107.57282029927192	4.0	4	4
107.67288803908521	4.0	4	4
107.77295577889848	4.0	4	4
107.87302351871176	3.0	3	3
107.97309125852503	3.0	3	3
108.07315899833831	3.0	3	3
108.17322673815158	3.0	3	3
108.27329447796487	3.0	3	3
108.37336221777814	3.0	3	3
108.47342995759142	3.0	3	3
108.57349769740469	3.0	3	3
108.67356543721797	3.0	3	3
108.77363317703124	3.0	3	3
108.87370091684451	3.0	3	3
108.9737686566578	3.0	3	3
109.07383639647107	3.0	3	3
109.17390413628435	3.0	3	3
109.27397187609762	3.0	3	3
109.3740396159109	3.0	3	3
109.47410735572417	3.0	3	3
109.57417509553746	3.0	3	3
109.67424283535073	3.0	3	3
109.77431057516401	3.0	3	3
109.87437831497728	3.0	3	3
109.97444605479056	3.0	3	3
110.07451379460383	3.0	3	3
110.17458153441711	3.0	3	3
110.27464927423038	3.0	3	3
110.37471701404367	3.0	3	3
110.47478475385694	3.0	3	3
110.57485249367022	3.0	3	3
110.67492023348349	3.0	3	3
110.77498797329677	3.0	3	3
110.87505571311004	3.0	3	3
110.97512345292333	3.0	3	3
111.0751911927366	3.0	3	3
111.17525893254987	3.0	3	3
111.27532667236315	3.0	3	3
111.37539441217642	3.0	3	3
111.4754621519897	3.0	3	3
111.57552989180297	3.0	3	3
111.67559763161626	3.0	3	3
111.77566537142953	3.0	3	3
111.87573311124281	3.0	3	3
111.97580085105608	3.0	3	3
112.07586859086936	3.0	3	3
112.17593633068263	3.0	3	3
112.27600407049592	3.0	3	3
112.37607181030918	3.0	3	3
112.47613955012247	3.0	3	3
112.57620728993574	3.0	3	3
112.67627502974902	3.0	3	3
112.77634276956229	3.0	3	3
112.87641050937557	3.0	3	3
112.97647824918884	3.0	3	3
113.07654598900213	2.0	2	2
113.1766137288154	2.0	2	2
113.27668146862867	1.0	1	1
113.37674920844195	1.0	1	1
113.47681694825522	1.0	1	1
113.5768846880685	1.0	1	1
113.67695242788177	1.0	1	1
113.77702016769506	1.0	1	1
113.87708790750833	0.0	0	0
113.97715564732161	0.0	0	0
114.07722338713488	0.0	0	0
114.17729112694816	0.0	0	0
114.27735886676143	0.0	0	0
114.37742660657472	0.0	0	0
114.47749434638799	0.0	0	0
114.57756208620127	0.0	0	0
114.67762982601454	0.0	0	0
114.77769756582782	0.0	0	0
114.87776530564109	0.0	0	0
114.97783304545437	0.0	0	0
115.07790078526764	0.0	0	0
115.17796852508093	0.0	0	0
115.2780362648942	0.0	0	0
115.37810400470747	0.0	0	0
115.47817174452075	0.0	0	0
115.57823948433402	0.0	0	0
115.6783072241473	0.0	0	0
115.77837496396057	0.0	0	0
115.87844270377386	0.0	0	0
115.97851044358713	0.0	0	0
116.07857818340041	0.0	0	0
116.17864592321368	0.0	0	0
116.27871366302696	0.0	0	0
116.37878140284023	0.0	0	0
116.47884914265352	0.0	0	0
116.57891688246679	0.0	0	0
116.67898462228007	0.0	0	0
116.77905236209334	0.0	0	0
116.87912010190662	0.0	0	0
116.97918784171989	0.0	0	0
117.07925558153318	0.0	0	0
117.17932332134644	0.0	0	0
117.27939106115973	0.0	0	0
117.379458800973	0.0	0	0
117.47952654078627	0.0	0	0
117.57959428059955	0.0	0	0
117.67966202041282	0.0	0	0
117.7797297602261	0.0	0	0
117.87979750003937	0.0	0	0
117.97986523985266	0.0	0	0
118.07993297966593	0.0	0	0
118.18000071947921	1.0	1	1
118.28006845929248	1.0	1	1
118.38013619910576	1.0	1	1
118.48020393891903	1.0	1	1
118.58027167873232	1.0	1	1
118.68033941854559	1.0	1	1
118.78040715835887	1.0	1	1
118.88047489817214	1.0	1	1
118.98054263798542	1.0	1	1
119.08061037779869	1.0	1	1
119.18067811761198	1.0	1	1
119.28074585742525	1.0	1	1
119.38081359723853	1.0	1	1
119.4808813370518	1.0	1	1
119.58094907686507	1.0	1	1
119.68101681667835	1.0	1	1
119.78108455649162	1.0	1	1
119.8811522963049	1.0	1	1
119.98122003611817	1.0	1	1
120.08128777593146	1.0	1	1
120.18135551574473	1.0	1	1
120.28142325555801	1.0	1	1
120.38149099537128	0.0	0	0
120.48155873518456	0.0	0	0
120.58162647499783	0.0	0	0
120.68169421481112	0.0	0	0
120.78176195462439	0.0	0	0
120.88182969443767	0.0	0	0
120.98189743425094	0.0	0	0
121.08196517406422	0.0	0	0
121.18203291387749	0.0	0	0
121.28210065369078	0.0	0	0
121.38216839350405	0.0	0	0
121.48223613331733	0.0	0	0
121.5823038731306	0.0	0	0
121.68237161294388	0.0	0	0
121.78243935275715	0.0	0	0
121.88250709257042	0.0	0	0
121.9825748323837	0.0	0	0
122.08264257219697	0.0	0	0
122.18271031201026	0.0	0	0
122.28277805182353	0.0	0	0
122.38284579163681	0.0	0	0
122.48291353145008	0.0	0	0
122.58298127126336	0.0	0	0
122.68304901107663	0.0	0	0
122.78311675088992	0.0	0	0
122.88318449070319	0.0	0	0
122.98325223051647	0.0	0	0
123.08331997032974	0.0	0	0
123.18338771014302	0.0	0	0
123.28345544995629	0.0	0	0
123.38352318976958	0.0	0	0
123.48359092958285	0.0	0	0
123.58365866939613	0.0	0	0
123.6837264092094	0.0	0	0
123.78379414902268	0.0	0	0
123.88386188883595	0.0	0	0
123.98392962864922	0.0	0	0
124.0839973684625	0.0	0	0
124.18406510827577	0.0	0	0
124.28413284808906	0.0	0	0
124.38420058790233	0.0	0	0
124.48426832771561	0.0	0	0
124.58433606752888	0.0	0	0
124.68440380734216	0.0	0	0
124.78447154715543	0.0	0	0
124.88453928696872	0.0	0	0
124.98460702678199	0.0	0	0
125.08467476659527	0.0	0	0
125.18474250640854	0.0	0	0
125.28481024622182	0.0	0	0
125.3848779860351	0.0	0	0
125.48494572584838	0.0	0	0
125.58501346566165	0.0	0	0
125.68508120547493	0.0	0	0
125.7851489452882	0.0	0	0
125.88521668510148	0.0	0	0
125.98528442491475	0.0	0	0
126.08535216472802	0.0	0	0
126.1854199045413	0.0	0	0
126.28548764435457	0.0	0	0
126.38555538416786	0.0	0	0
126.48562312398113	0.0	0	0
126.58569086379441	0.0	0	0
126.68575860360768	1.0	1	1
126.78582634342096	1.0	1	1
126.88589408323423	1.0	1	1
126.98596182304752	1.0	1	1
127.08602956286079	1.0	1	1
127.18609730267407	1.0	1	1
127.28616504248734	1.0	1	1
127.38623278230062	1.0	1	1
127.4863005221139	1.0	1	1
127.58636826192718	1.0	1	1
127.68643600174045	1.0	1	1
127.78650374155373	1.0	1	1
127.886571481367	1.0	1	1
127.98663922118028	1.0	1	1
128.08670696099355	1.0	1	1
128.18677470080684	3.0	3	3
128.2868424406201	4.0	4	4
128.38691018043338	4.0	4	4
128.48697792024666	4.0	4	4
128.58704566005994	4.0	4	4
128.6871133998732	4.0	4	4
128.78718113968648	4.0	4	4
128.88724887949977	4.0	4	4
128.98731661931305	4.0	4	4
129.0873843591263	4.0	4	4
129.1874520989396	4.0	4	4
129.28751983875287	4.0	4	4
129.38758757856615	4.0	4	4
129.4876553183794	4.0	4	4
129.5877230581927	4.0	4	4
129.68779079800598	4.0	4	4
129.78785853781926	4.0	4	4
129.88792627763252	4.0	4	4
129.9879940174458	4.0	4	4
130.08806175725908	4.0	4	4
130.18812949707237	4.0	4	4
130.28819723688562	2.0	2	2
130.3882649766989	1.0	1	1
130.4883327165122	1.0	1	1
130.58840045632545	1.0	1	1
130.68846819613873	1.0	1	1
130.788535935952	1.0	1	1
130.8886036757653	1.0	1	1
130.98867141557855	1.0	1	1
131.08873915539183	1.0	1	1
131.18880689520512	1.0	1	1
131.2888746350184	1.0	1	1
131.38894237483166	1.0	1	1
131.48901011464494	1.0	1	1
131.58907785445822	1.0	1	1
131.6891455942715	1.0	1	1
131.78921333408476	1.0	1	1
131.88928107389805	1.0	1	1
131.98934881371133	1.0	1	1
132.08941655352461	1.0	1	1
132.18948429333787	1.0	1	1
132.28955203315115	1.0	1	1
132.38961977296444	1.0	1	1
132.4896875127777	1.0	1	1
132.58975525259098	1.0	1	1
132.68982299240426	1.0	1	1
132.78989073221754	1.0	1	1
132.8899584720308	1.0	1	1
132.99002621184408	1.0	1	1
133.09009395165737	1.0	1	1
133.19016169147065	1.0	1	1
133.2902294312839	1.0	1	1
133.3902971710972	1.0	1	1
133.49036491091047	1.0	1	1
133.59043265072376	1.0	1	1
133.690500390537	1.0	1	1
133.7905681303503	1.0	1	1
133.89063587016358	1.0	1	1
133.99070360997686	2.0	2	2
134.09077134979012	2.0	2	2
134.1908390896034	2.0	2	2
134.29090682941668	2.0	2	2
134.39097456922997	2.0	2	2
134.49104230904322	2.0	2	2
134.5911100488565	2.0	2	2
134.6911777886698	2.0	2	2
134.79124552848305	2.0	2	2
134.89131326829633	1.0	1	1
134.9913810081096	1.0	1	1
135.0914487479229	1.0	1	1
135.19151648773615	2.0	2	2
135.29158422754944	2.0	2	2
135.39165196736272	2.0	2	2
135.491719707176	2.0	2	2
135.59178744698926	3.0	3	3
135.69185518680254	3.0	3	3
135.79192292661583	3.0	3	3
135.8919906664291	3.0	3	3
135.99205840624236	3.0	3	3
136.09212614605565	3.0	3	3
136.19219388586893	3.0	3	3
136.29226162568222	3.0	3	3
136.39232936549547	3.0	3	3
136.49239710530875	3.0	3	3
136.59246484512204	3.0	3	3
136.6925325849353	3.0	3	3
136.79260032474858	3.0	3	3
136.89266806456186	3.0	3	3
136.99273580437514	4.0	4	4
137.0928035441884	4.0	4	4
137.19287128400168	3.0	3	3
137.29293902381497	3.0	3	3
137.39300676362825	3.0	3	3
137.4930745034415	3.0	3	3
137.5931422432548	3.0	3	3
137.69320998306807	3.0	3	3
137.79327772288136	2.0	2	2
137.8933454626946	2.0	2	2
137.9934132025079	2.0	2	2
138.09348094232118	2.0	2	2
138.19354868213446	2.0	2	2
138.29361642194772	2.0	2	2
138.393684161761	2.0	2	2
138.49375190157429	2.0	2	2
138.59381964138757	2.0	2	2
138.69388738120082	2.0	2	2
138.7939551210141	2.0	2	2
138.8940228608274	2.0	2	2
138.99409060064065	2.0	2	2
139.09415834045393	2.0	2	2
139.1942260802672	1.0	1	1
139.2942938200805	0.0	0	0
139.39436155989375	0.0	0	0
139.49442929970704	0.0	0	0
139.59449703952032	0.0	0	0
139.6945647793336	0.0	0	0
139.79463251914686	0.0	0	0
139.89470025896014	0.0	0	0
139.99476799877343	0.0	0	0
140.0948357385867	0.0	0	0
140.19490347839997	0.0	0	0
140.29497121821325	0.0	0	0
140.39503895802653	0.0	0	0
140.49510669783982	0.0	0	0
140.59517443765307	0.0	0	0
140.69524217746635	0.0	0	0
140.79530991727964	0.0	0	0
140.89537765709292	0.0	0	0
140.99544539690618	0.0	0	0
141.09551313671946	0.0	0	0
141.19558087653274	0.0	0	0
141.295648616346	0.0	0	0
141.39571635615928	0.0	0	0
141.49578409597257	0.0	0	0
141.59585183578585	0.0	0	0
141.6959195755991	0.0	0	0
141.7959873154124	0.0	0	0
141.89605505522567	0.0	0	0
141.99612279503896	0.0	0	0
142.0961905348522	0.0	0	0
142.1962582746655	0.0	0	0
142.29632601447878	0.0	0	0
142.39639375429206	0.0	0	0
142.49646149410532	0.0	0	0
142.5965292339186	0.0	0	0
142.69659697373189	0.0	0	0
142.79666471354517	0.0	0	0
142.89673245335842	0.0	0	0
142.9968001931717	0.0	0	0
143.096867932985	1.0	1	1
143.19693567279825	1.0	1	1
143.29700341261153	1.0	1	1
143.39707115242481	1.0	1	1
143.4971388922381	1.0	1	1
143.59720663205135	1.0	1	1
143.69727437186464	1.0	1	1
143.79734211167792	1.0	1	1
143.8974098514912	1.0	1	1
143.99747759130446	2.0	2	2
144.09754533111774	2.0	2	2
144.19761307093103	2.0	2	2
144.2976808107443	2.0	2	2
144.39774855055757	2.0	2	2
144.49781629037085	2.0	2	2
144.59788403018413	2.0	2	2
144.69795176999742	2.0	2	2
144.79801950981067	2.0	2	2
144.89808724962396	2.0	2	2
144.99815498943724	2.0	2	2
145.09822272925052	2.0	2	2
145.19829046906378	2.0	2	2
145.29835820887706	2.0	2	2
145.39842594869035	2.0	2	2
145.4984936885036	2.0	2	2
145.59856142831688	2.0	2	2
145.69862916813017	2.0	2	2
145.79869690794345	2.0	2	2
145.8987646477567	2.0	2	2
145.99883238757	2.0	2	2
146.09890012738327	2.0	2	2
146.19896786719656	2.0	2	2
146.2990356070098	2.0	2	2
146.3991033468231	2.0	2	2
146.49917108663638	2.0	2	2
146.59923882644966	2.0	2	2
146.69930656626292	2.0	2	2
146.7993743060762	2.0	2	2
146.8994420458895	2.0	2	2
146.99950978570277	2.0	2	2
147.09957752551603	2.0	2	2
147.1996452653293	2.0	2	2
147.2997130051426	2.0	2	2
147.39978074495585	2.0	2	2
147.49984848476913	2.0	2	2
147.59991622458242	2.0	2	2
147.6999839643957	2.0	2	2
147.80005170420895	2.0	2	2
147.90011944402224	2.0	2	2
148.00018718383552	2.0	2	2
148.1002549236488	2.0	2	2
148.20032266346206	2.0	2	2
148.30039040327534	2.0	2	2
148.40045814308863	2.0	2	2
148.5005258829019	2.0	2	2
148.60059362271517	2.0	2	2
148.70066136252845	2.0	2	2
148.80072910234173	2.0	2	2
148.90079684215502	2.0	2	2
149.00086458196827	2.0	2	2
149.10093232178156	2.0	2	2
149.20100006159484	2.0	2	2
149.30106780140812	2.0	2	2
149.40113554122138	2.0	2	2
149.50120328103466	2.0	2	2
149.60127102084795	3.0	3	3
149.7013387606612	3.0	3	3
149.80140650047449	3.0	3	3
149.90147424028777	3.0	3	3
150.00154198010105	3.0	3	3
150.1016097199143	3.0	3	3
150.2016774597276	3.0	3	3
150.30174519954087	3.0	3	3
150.40181293935416	3.0	3	3
150.5018806791674	3.0	3	3
150.6019484189807	3.0	3	3
150.70201615879398	3.0	3	3
150.80208389860726	3.0	3	3
150.90215163842052	3.0	3	3
151.0022193782338	3.0	3	3
151.1022871180471	3.0	3	3
151.20235485786037	3.0	3	3
151.30242259767363	3.0	3	3
151.4024903374869	3.0	3	3
151.5025580773002	3.0	3	3
151.60262581711345	3.0	3	3
151.70269355692673	3.0	3	3
151.80276129674002	3.0	3	3
151.9028290365533	2.0	2	2
152.00289677636655	2.0	2	2
152.10296451617984	2.0	2	2
152.20303225599312	2.0	2	2
152.3030999958064	2.0	2	2
152.40316773561966	2.0	2	2
152.50323547543294	2.0	2	2
152.60330321524623	2.0	2	2
152.7033709550595	2.0	2	2
152.80343869487277	2.0	2	2
152.90350643468605	2.0	2	2
153.00357417449933	2.0	2	2
153.10364191431262	2.0	2	2
153.20370965412587	2.0	2	2
153.30377739393916	2.0	2	2
153.40384513375244	2.0	2	2
153.50391287356572	2.0	2	2
153.60398061337898	2.0	2	2
153.70404835319226	2.0	2	2
153.80411609300555	2.0	2	2
153.9041838328188	2.0	2	2
154.00425157263209	2.0	2	2
154.10431931244537	2.0	2	2
154.20438705225865	2.0	2	2
154.3044547920719	2.0	2	2
154.4045225318852	2.0	2	2
154.50459027169848	2.0	2	2
154.60465801151176	2.0	2	2
154.70472575132501	2.0	2	2
154.8047934911383	2.0	2	2
154.90486123095158	2.0	2	2
155.00492897076487	2.0	2	2
155.10499671057812	2.0	2	2
155.2050644503914	2.0	2	2
155.3051321902047	2.0	2	2
155.40519993001797	2.0	2	2
155.50526766983123	2.0	2	2
155.6053354096445	2.0	2	2
155.7054031494578	2.0	2	2
155.80547088927108	2.0	2	2
155.90553862908433	2.0	2	2
156.00560636889762	2.0	2	2
156.1056741087109	2.0	2	2
156.20574184852416	2.0	2	2
156.30580958833744	1.0	1	1
156.40587732815072	0.0	0	0
156.505945067964	0.0	0	0
156.60601280777726	0.0	0	0
156.70608054759055	0.0	0	0
156.80614828740383	0.0	0	0
156.9062160272171	0.0	0	0
157.00628376703037	0.0	0	0
157.10635150684365	0.0	0	0
157.20641924665694	0.0	0	0
157.30648698647022	0.0	0	0
157.40655472628347	0.0	0	0
157.50662246609676	0.0	0	0
157.60669020591004	0.0	0	0
157.70675794572333	0.0	0	0
157.80682568553658	0.0	0	0
157.90689342534986	0.0	0	0
158.00696116516315	0.0	0	0
158.1070289049764	0.0	0	0
158.2070966447897	0.0	0	0
158.30716438460297	0.0	0	0
158.40723212441625	0.0	0	0
158.5072998642295	0.0	0	0
158.6073676040428	0.0	0	0
158.70743534385608	0.0	0	0
158.80750308366936	0.0	0	0
158.90757082348262	0.0	0	0
159.0076385632959	0.0	0	0
159.10770630310918	0.0	0	0
159.20777404292247	0.0	0	0
159.30784178273572	0.0	0	0
159.407909522549	0.0	0	0
159.5079772623623	0.0	0	0
159.60804500217557	0.0	0	0
159.70811274198883	0.0	0	0
159.8081804818021	0.0	0	0
159.9082482216154	0.0	0	0
160.00831596142868	0.0	0	0
160.10838370124193	0.0	0	0
160.20845144105522	0.0	0	0
160.3085191808685	0.0	0	0
160.40858692068176	0.0	0	0
160.50865466049504	0.0	0	0
160.60872240030832	0.0	0	0
160.7087901401216	1.0	1	1
160.80885787993486	1.0	1	1
160.90892561974815	1.0	1	1
161.00899335956143	1.0	1	1
161.1090610993747	1.0	1	1
161.20912883918797	1.0	1	1
161.30919657900125	1.0	1	1
161.40926431881454	1.0	1	1
161.50933205862782	1.0	1	1
161.60939979844107	1.0	1	1
161.70946753825436	1.0	1	1
161.80953527806764	1.0	1	1
161.90960301788093	1.0	1	1
162.00967075769418	1.0	1	1
162.10973849750746	1.0	1	1
162.20980623732075	2.0	2	2
162.309873977134	2.0	2	2
162.4099417169473	2.0	2	2
162.51000945676057	2.0	2	2
162.61007719657385	2.0	2	2
162.7101449363871	2.0	2	2
162.8102126762004	2.0	2	2
162.91028041601368	2.0	2	2
163.01034815582696	2.0	2	2
163.11041589564022	2.0	2	2
163.2104836354535	2.0	2	2
163.31055137526678	2.0	2	2
163.41061911508007	2.0	2	2
163.51068685489332	2.0	2	2
163.6107545947066	2.0	2	2
163.7108223345199	3.0	3	3
163.81089007433317	3.0	3	3
163.91095781414643	3.0	3	3
164.0110255539597	3.0	3	3
164.111093293773	3.0	3	3
164.21116103358628	3.0	3	3
164.31122877339953	4.0	4	4
164.41129651321282	4.0	4	4
164.5113642530261	3.0	3	3
164.61143199283936	4.0	4	4
164.71149973265264	4.0	4	4
164.81156747246592	4.0	4	4
164.9116352122792	4.0	4	4
165.01170295209246	5.0	5	5
165.11177069190575	5.0	5	5
165.21183843171903	6.0	6	6
165.3119061715323	7.0	7	7
165.41197391134557	7.0	7	7
165.51204165115885	7.0	7	7
165.61210939097214	7.0	7	7
165.71217713078542	7.0	7	7
165.81224487059868	7.0	7	7
165.91231261041196	8.0	8	8
166.01238035022524	8.0	8	8
166.11244809003853	8.0	8	8
166.21251582985178	8.0	8	8
166.31258356966507	9.0	9	9
166.41265130947835	9.0	9	9
166.5127190492916	8.0	8	8
166.6127867891049	7.0	7	7
166.71285452891817	7.0	7	7
166.81292226873146	7.0	7	7
166.9129900085447	7.0	7	7
167.013057748358	6.0	6	6
167.11312548817128	6.0	6	6
167.21319322798456	6.0	6	6
167.31326096779782	5.0	5	5
167.4133287076111	4.0	4	4
167.51339644742438	4.0	4	4
167.61346418723767	4.0	4	4
167.71353192705092	3.0	3	3
167.8135996668642	3.0	3	3
167.9136674066775	3.0	3	3
168.01373514649077	2.0	2	2
168.11380288630403	2.0	2	2
168.2138706261173	2.0	2	2
168.3139383659306	2.0	2	2
168.41400610574388	2.0	2	2
168.51407384555714	3.0	3	3
168.61414158537042	4.0	4	4
168.7142093251837	3.0	3	3
168.81427706499696	3.0	3	3
168.91434480481024	3.0	3	3
169.01441254462353	3.0	3	3
169.1144802844368	3.0	3	3
169.21454802425006	3.0	3	3
169.31461576406335	3.0	3	3
169.41468350387663	3.0	3	3
169.51475124368991	3.0	3	3
169.61481898350317	3.0	3	3
169.71488672331645	3.0	3	3
169.81495446312974	3.0	3	3
169.91502220294302	3.0	3	3
170.01508994275628	4.0	4	4
170.11515768256956	4.0	4	4
170.21522542238284	4.0	4	4
170.31529316219613	4.0	4	4
170.41536090200938	4.0	4	4
170.51542864182267	4.0	4	4
170.61549638163595	4.0	4	4
170.71556412144923	4.0	4	4
170.8156318612625	4.0	4	4
170.91569960107577	4.0	4	4
171.01576734088906	4.0	4	4
171.1158350807023	4.0	4	4
171.2159028205156	4.0	4	4
171.31597056032888	4.0	4	4
171.41603830014216	4.0	4	4
171.51610603995542	4.0	4	4
171.6161737797687	4.0	4	4
171.71624151958198	4.0	4	4
171.81630925939527	4.0	4	4
171.91637699920852	4.0	4	4
172.0164447390218	4.0	4	4
172.1165124788351	4.0	4	4
172.21658021864837	4.0	4	4
172.31664795846163	4.0	4	4
172.4167156982749	4.0	4	4
172.5167834380882	4.0	4	4
172.61685117790148	4.0	4	4
172.71691891771474	4.0	4	4
172.81698665752802	4.0	4	4
172.9170543973413	4.0	4	4
173.01712213715456	4.0	4	4
173.11718987696784	4.0	4	4
173.21725761678113	4.0	4	4
173.3173253565944	4.0	4	4
173.41739309640766	4.0	4	4
173.51746083622095	4.0	4	4
173.61752857603423	4.0	4	4
173.71759631584752	4.0	4	4
173.81766405566077	4.0	4	4
173.91773179547405	4.0	4	4
174.01779953528734	4.0	4	4
174.11786727510062	4.0	4	4
174.21793501491388	4.0	4	4
174.31800275472716	4.0	4	4
174.41807049454044	4.0	4	4
174.51813823435373	4.0	4	4
174.61820597416698	4.0	4	4
174.71827371398027	4.0	4	4
174.81834145379355	4.0	4	4
174.91840919360683	4.0	4	4
175.0184769334201	4.0	4	4
175.11854467323337	4.0	4	4
175.21861241304666	4.0	4	4
175.3186801528599	4.0	4	4
175.4187478926732	5.0	5	5
175.51881563248648	5.0	5	5
175.61888337229976	5.0	5	5
175.71895111211302	5.0	5	5
175.8190188519263	5.0	5	5
175.91908659173959	4.0	4	4
176.01915433155287	4.0	4	4
176.11922207136612	4.0	4	4
176.2192898111794	4.0	4	4
176.3193575509927	4.0	4	4
176.41942529080598	4.0	4	4
176.51949303061923	4.0	4	4
176.6195607704325	4.0	4	4
176.7196285102458	4.0	4	4
176.81969625005908	4.0	4	4
176.91976398987234	4.0	4	4
177.01983172968562	4.0	4	4
177.1198994694989	4.0	4	4
177.21996720931216	4.0	4	4
177.32003494912544	4.0	4	4
177.42010268893873	4.0	4	4
177.520170428752	4.0	4	4
177.62023816856527	4.0	4	4
177.72030590837855	4.0	4	4
177.82037364819183	4.0	4	4
177.92044138800512	4.0	4	4
178.02050912781837	4.0	4	4
178.12057686763166	4.0	4	4
178.22064460744494	4.0	4	4
178.32071234725822	4.0	4	4
178.42078008707148	4.0	4	4
178.52084782688476	4.0	4	4
178.62091556669805	4.0	4	4
178.72098330651133	4.0	4	4
178.82105104632458	4.0	4	4
178.92111878613787	4.0	4	4
179.02118652595115	4.0	4	4
179.12125426576443	4.0	4	4
179.2213220055777	4.0	4	4
179.32138974539097	4.0	4	4
179.42145748520426	4.0	4	4
179.5215252250175	4.0	4	4
179.6215929648308	4.0	4	4
179.72166070464408	4.0	4	4
179.82172844445736	4.0	4	4
179.92179618427062	4.0	4	4
180.0218639240839	4.0	4	4
180.1219316638972	4.0	4	4
180.22199940371047	4.0	4	4
180.32206714352373	4.0	4	4
180.422134883337	4.0	4	4
180.5222026231503	4.0	4	4
180.62227036296358	4.0	4	4
180.72233810277683	4.0	4	4
180.82240584259011	4.0	4	4
180.9224735824034	4.0	4	4
181.02254132221668	3.0	3	3
181.12260906202994	3.0	3	3
181.22267680184322	3.0	3	3
181.3227445416565	3.0	3	3
181.4228122814698	3.0	3	3
181.52288002128304	3.0	3	3
181.62294776109633	3.0	3	3
181.7230155009096	3.0	3	3
181.82308324072287	3.0	3	3
181.92315098053615	3.0	3	3
182.02321872034943	3.0	3	3
182.12328646016272	3.0	3	3
182.22335419997597	3.0	3	3
182.32342193978926	3.0	3	3
182.42348967960254	3.0	3	3
182.52355741941582	3.0	3	3
182.62362515922908	3.0	3	3
182.72369289904236	3.0	3	3
182.82376063885565	3.0	3	3
182.92382837866893	3.0	3	3
183.02389611848218	3.0	3	3
183.12396385829547	2.0	2	2
183.22403159810875	2.0	2	2
183.32409933792204	2.0	2	2
183.4241670777353	2.0	2	2
183.52423481754857	2.0	2	2
183.62430255736186	2.0	2	2
183.7243702971751	2.0	2	2
183.8244380369884	2.0	2	2
183.92450577680168	2.0	2	2
184.02457351661496	2.0	2	2
184.12464125642822	2.0	2	2
184.2247089962415	2.0	2	2
184.3247767360548	2.0	2	2
184.42484447586807	2.0	2	2
184.52491221568133	2.0	2	2
184.6249799554946	2.0	2	2
184.7250476953079	1.0	1	1
184.82511543512118	1.0	1	1
184.92518317493443	1.0	1	1
185.02525091474772	1.0	1	1
185.125318654561	1.0	1	1
185.22538639437428	1.0	1	1
