time	diversity	m_div	M_div
0.0	2.0	2	2
0.10006941363571871	2.0	2	2
0.20013882727143742	2.0	2	2
0.30020824090715614	2.0	2	2
0.40027765454287484	2.0	2	2
0.5003470681785935	2.0	2	2
0.6004164818143123	2.0	2	2
0.7004858954500309	2.0	2	2
0.8005553090857497	2.0	2	2
0.9006247227214684	1.0	1	1
1.000694136357187	1.0	1	1
1.1007635499929058	1.0	1	1
1.2008329636286246	1.0	1	1
1.3009023772643433	1.0	1	1
1.4009717909000619	1.0	1	1
1.5010412045357806	1.0	1	1
1.6011106181714994	1.0	1	1
1.701180031807218	1.0	1	1
1.8012494454429369	1.0	1	1
1.9013188590786554	1.0	1	1
2.001388272714374	1.0	1	1
2.101457686350093	1.0	1	1
2.2015270999858116	1.0	1	1
2.30159651362153	1.0	1	1
2.401665927257249	1.0	1	1
2.5017353408929677	1.0	1	1
2.6018047545286866	1.0	1	1
2.701874168164405	1.0	1	1
2.8019435818001237	1.0	1	1
2.9020129954358427	1.0	1	1
3.002082409071561	2.0	2	2
3.10215182270728	2.0	2	2
3.2022212363429987	2.0	2	2
3.3022906499787172	2.0	2	2
3.402360063614436	2.0	2	2
3.5024294772501547	2.0	2	2
3.6024988908858737	2.0	2	2
3.7025683045215922	3.0	3	3
3.8026377181573108	3.0	3	3
3.9027071317930297	3.0	3	3
4.002776545428748	3.0	3	3
4.102845959064467	3.0	3	3
4.202915372700186	3.0	3	3
4.302984786335904	3.0	3	3
4.403054199971623	3.0	3	3
4.503123613607342	3.0	3	3
4.60319302724306	3.0	3	3
4.703262440878779	3.0	3	3
4.803331854514498	3.0	3	3
4.903401268150216	3.0	3	3
5.003470681785935	3.0	3	3
5.103540095421654	3.0	3	3
5.203609509057373	4.0	4	4
5.303678922693091	4.0	4	4
5.40374833632881	4.0	4	4
5.503817749964529	4.0	4	4
5.603887163600247	4.0	4	4
5.703956577235966	4.0	4	4
5.804025990871685	4.0	4	4
5.904095404507403	4.0	4	4
6.004164818143122	4.0	4	4
6.104234231778841	4.0	4	4
6.20430364541456	4.0	4	4
6.3043730590502784	4.0	4	4
6.404442472685997	4.0	4	4
6.504511886321716	4.0	4	4
6.6045812999574345	4.0	4	4
6.7046507135931535	4.0	4	4
6.804720127228872	4.0	4	4
6.904789540864591	4.0	4	4
7.0048589545003095	4.0	4	4
7.1049283681360285	4.0	4	4
7.204997781771747	4.0	4	4
7.3050671954074655	4.0	4	4
7.4051366090431845	4.0	4	4
7.5052060226789035	4.0	4	4
7.6052754363146216	4.0	4	4
7.7053448499503405	4.0	4	4
7.8054142635860595	4.0	4	4
7.9054836772217785	4.0	4	4
8.005553090857497	4.0	4	4
8.105622504493216	4.0	4	4
8.205691918128935	4.0	4	4
8.305761331764653	4.0	4	4
8.405830745400372	4.0	4	4
8.50590015903609	4.0	4	4
8.605969572671809	4.0	4	4
8.706038986307528	4.0	4	4
8.806108399943247	4.0	4	4
8.906177813578966	4.0	4	4
9.006247227214685	4.0	4	4
9.106316640850402	4.0	4	4
9.20638605448612	4.0	4	4
9.30645546812184	4.0	4	4
9.406524881757559	4.0	4	4
9.506594295393278	4.0	4	4
9.606663709028997	4.0	4	4
9.706733122664716	4.0	4	4
9.806802536300433	4.0	4	4
9.906871949936152	4.0	4	4
10.00694136357187	4.0	4	4
10.10701077720759	4.0	4	4
10.207080190843309	4.0	4	4
10.307149604479028	4.0	4	4
10.407219018114747	4.0	4	4
10.507288431750464	4.0	4	4
10.607357845386183	4.0	4	4
10.707427259021902	4.0	4	4
10.80749667265762	4.0	4	4
10.90756608629334	4.0	4	4
11.007635499929059	4.0	4	4
11.107704913564778	4.0	4	4
11.207774327200495	4.0	4	4
11.307843740836214	4.0	4	4
11.407913154471933	4.0	4	4
11.507982568107652	4.0	4	4
11.60805198174337	4.0	4	4
11.70812139537909	4.0	4	4
11.808190809014807	4.0	4	4
11.908260222650526	4.0	4	4
12.008329636286245	4.0	4	4
12.108399049921964	4.0	4	4
12.208468463557683	4.0	4	4
12.308537877193402	4.0	4	4
12.40860729082912	4.0	4	4
12.508676704464838	4.0	4	4
12.608746118100557	4.0	4	4
12.708815531736276	4.0	4	4
12.808884945371995	4.0	4	4
12.908954359007714	4.0	4	4
13.009023772643433	4.0	4	4
13.109093186279152	4.0	4	4
13.209162599914869	4.0	4	4
13.309232013550588	4.0	4	4
13.409301427186307	4.0	4	4
13.509370840822026	4.0	4	4
13.609440254457745	4.0	4	4
13.709509668093464	4.0	4	4
13.809579081729183	4.0	4	4
13.9096484953649	4.0	4	4
14.009717909000619	4.0	4	4
14.109787322636338	4.0	4	4
14.209856736272057	4.0	4	4
14.309926149907776	4.0	4	4
14.409995563543495	4.0	4	4
14.510064977179212	4.0	4	4
14.610134390814931	4.0	4	4
14.71020380445065	5.0	5	5
14.810273218086369	5.0	5	5
14.910342631722088	5.0	5	5
15.010412045357807	5.0	5	5
15.110481458993526	5.0	5	5
15.210550872629243	5.0	5	5
15.310620286264962	5.0	5	5
15.410689699900681	5.0	5	5
15.5107591135364	5.0	5	5
15.610828527172119	5.0	5	5
15.710897940807838	5.0	5	5
15.810967354443557	5.0	5	5
15.911036768079274	5.0	5	5
16.011106181714993	5.0	5	5
16.111175595350712	5.0	5	5
16.21124500898643	5.0	5	5
16.31131442262215	5.0	5	5
16.41138383625787	5.0	5	5
16.511453249893588	5.0	5	5
16.611522663529307	5.0	5	5
16.711592077165026	5.0	5	5
16.811661490800745	5.0	5	5
16.91173090443646	5.0	5	5
17.01180031807218	5.0	5	5
17.1118697317079	5.0	5	5
17.211939145343617	5.0	5	5
17.312008558979336	5.0	5	5
17.412077972615055	5.0	5	5
17.512147386250774	5.0	5	5
17.612216799886493	5.0	5	5
17.712286213522212	5.0	5	5
17.81235562715793	5.0	5	5
17.91242504079365	5.0	5	5
18.01249445442937	5.0	5	5
18.112563868065088	5.0	5	5
18.212633281700803	5.0	5	5
18.312702695336522	5.0	5	5
18.41277210897224	5.0	5	5
18.51284152260796	5.0	5	5
18.61291093624368	5.0	5	5
18.7129803498794	5.0	5	5
18.813049763515117	5.0	5	5
18.913119177150836	5.0	5	5
19.013188590786555	5.0	5	5
19.113258004422274	5.0	5	5
19.213327418057993	5.0	5	5
19.313396831693712	5.0	5	5
19.41346624532943	5.0	5	5
19.51353565896515	5.0	5	5
19.613605072600865	5.0	5	5
19.713674486236584	5.0	5	5
19.813743899872303	5.0	5	5
19.913813313508022	5.0	5	5
20.01388272714374	5.0	5	5
20.11395214077946	5.0	5	5
20.21402155441518	5.0	5	5
20.3140909680509	5.0	5	5
20.414160381686617	4.0	4	4
20.514229795322336	4.0	4	4
20.614299208958055	4.0	4	4
20.714368622593774	4.0	4	4
20.814438036229493	4.0	4	4
20.91450744986521	4.0	4	4
21.014576863500928	4.0	4	4
21.114646277136647	4.0	4	4
21.214715690772366	4.0	4	4
21.314785104408084	4.0	4	4
21.414854518043803	4.0	4	4
21.514923931679522	4.0	4	4
21.61499334531524	4.0	4	4
21.71506275895096	4.0	4	4
21.81513217258668	4.0	4	4
21.9152015862224	4.0	4	4
22.015270999858117	3.0	3	3
22.115340413493836	3.0	3	3
22.215409827129555	3.0	3	3
22.31547924076527	3.0	3	3
22.41554865440099	3.0	3	3
22.51561806803671	3.0	3	3
22.615687481672428	3.0	3	3
22.715756895308147	3.0	3	3
22.815826308943866	2.0	2	2
22.915895722579585	2.0	2	2
23.015965136215303	2.0	2	2
23.116034549851022	2.0	2	2
23.21610396348674	2.0	2	2
23.31617337712246	2.0	2	2
23.41624279075818	1.0	1	1
23.5163122043939	1.0	1	1
23.616381618029614	1.0	1	1
23.716451031665333	1.0	1	1
23.81652044530105	1.0	1	1
23.91658985893677	1.0	1	1
24.01665927257249	1.0	1	1
24.11672868620821	1.0	1	1
24.216798099843928	1.0	1	1
24.316867513479647	1.0	1	1
24.416936927115366	1.0	1	1
24.517006340751085	1.0	1	1
24.617075754386804	1.0	1	1
24.717145168022522	1.0	1	1
24.81721458165824	1.0	1	1
24.91728399529396	1.0	1	1
25.017353408929676	1.0	1	1
25.117422822565395	1.0	1	1
25.217492236201114	1.0	1	1
25.317561649836833	1.0	1	1
25.41763106347255	1.0	1	1
25.51770047710827	1.0	1	1
25.61776989074399	1.0	1	1
25.71783930437971	1.0	1	1
25.817908718015428	1.0	1	1
25.917978131651147	1.0	1	1
26.018047545286866	1.0	1	1
26.118116958922585	1.0	1	1
26.218186372558304	1.0	1	1
26.31825578619402	1.0	1	1
26.418325199829738	1.0	1	1
26.518394613465457	1.0	1	1
26.618464027101176	1.0	1	1
26.718533440736895	1.0	1	1
26.818602854372614	1.0	1	1
26.918672268008333	1.0	1	1
27.01874168164405	1.0	1	1
27.11881109527977	1.0	1	1
27.21888050891549	1.0	1	1
27.31894992255121	1.0	1	1
27.419019336186928	1.0	1	1
27.519088749822647	1.0	1	1
27.619158163458366	1.0	1	1
27.71922757709408	1.0	1	1
27.8192969907298	1.0	1	1
27.91936640436552	1.0	1	1
28.019435818001238	1.0	1	1
28.119505231636957	1.0	1	1
28.219574645272676	1.0	1	1
28.319644058908395	1.0	1	1
28.419713472544114	1.0	1	1
28.519782886179833	1.0	1	1
28.619852299815552	1.0	1	1
28.71992171345127	1.0	1	1
28.81999112708699	1.0	1	1
28.92006054072271	1.0	1	1
29.020129954358424	1.0	1	1
29.120199367994143	1.0	1	1
29.220268781629862	1.0	1	1
29.32033819526558	1.0	1	1
29.4204076089013	1.0	1	1
29.52047702253702	1.0	1	1
29.620546436172738	1.0	1	1
29.720615849808457	1.0	1	1
29.820685263444176	1.0	1	1
29.920754677079895	1.0	1	1
30.020824090715614	1.0	1	1
30.120893504351333	1.0	1	1
30.220962917987052	1.0	1	1
30.32103233162277	1.0	1	1
30.421101745258486	1.0	1	1
30.521171158894205	2.0	2	2
30.621240572529924	2.0	2	2
30.721309986165643	2.0	2	2
30.821379399801362	2.0	2	2
30.92144881343708	2.0	2	2
31.0215182270728	2.0	2	2
31.12158764070852	2.0	2	2
31.221657054344238	2.0	2	2
31.321726467979957	2.0	2	2
31.421795881615676	2.0	2	2
31.521865295251395	2.0	2	2
31.621934708887114	2.0	2	2
31.72200412252283	2.0	2	2
31.82207353615855	2.0	2	2
31.922142949794267	2.0	2	2
32.022212363429986	2.0	2	2
32.12228177706571	2.0	2	2
32.222351190701424	2.0	2	2
32.32242060433715	2.0	2	2
32.42249001797286	2.0	2	2
32.52255943160858	2.0	2	2
32.6226288452443	2.0	2	2
32.722698258880015	2.0	2	2
32.82276767251574	2.0	2	2
32.92283708615145	2.0	2	2
33.022906499787176	2.0	2	2
33.12297591342289	2.0	2	2
33.223045327058614	2.0	2	2
33.32311474069433	2.0	2	2
33.42318415433005	2.0	2	2
33.52325356796577	2.0	2	2
33.62332298160149	2.0	2	2
33.723392395237205	2.0	2	2
33.82346180887292	2.0	2	2
33.92353122250864	2.0	2	2
34.02360063614436	2.0	2	2
34.12367004978008	2.0	2	2
34.2237394634158	2.0	2	2
34.32380887705152	2.0	2	2
34.423878290687234	2.0	2	2
34.52394770432296	2.0	2	2
34.62401711795867	2.0	2	2
34.724086531594395	2.0	2	2
34.82415594523011	2.0	2	2
34.92422535886583	2.0	2	2
35.02429477250155	2.0	2	2
35.124364186137264	2.0	2	2
35.224433599772986	2.0	2	2
35.3245030134087	2.0	2	2
35.424572427044424	2.0	2	2
35.52464184068014	2.0	2	2
35.62471125431586	2.0	2	2
35.72478066795158	2.0	2	2
35.8248500815873	2.0	2	2
35.924919495223016	2.0	2	2
36.02498890885874	2.0	2	2
36.12505832249445	2.0	2	2
36.225127736130176	2.0	2	2
36.32519714976589	2.0	2	2
36.42526656340161	2.0	2	2
36.52533597703733	2.0	2	2
36.625405390673045	2.0	2	2
36.72547480430877	2.0	2	2
36.82554421794448	2.0	2	2
36.925613631580205	2.0	2	2
37.02568304521592	2.0	2	2
37.12575245885164	2.0	2	2
37.22582187248736	2.0	2	2
37.32589128612308	2.0	2	2
37.4259606997588	3.0	3	3
37.52603011339452	3.0	3	3
37.626099527030235	3.0	3	3
37.72616894066596	3.0	3	3
37.82623835430167	3.0	3	3
37.92630776793739	3.0	3	3
38.02637718157311	3.0	3	3
38.126446595208826	3.0	3	3
38.22651600884455	3.0	3	3
38.326585422480264	4.0	4	4
38.426654836115986	4.0	4	4
38.5267242497517	4.0	4	4
38.626793663387424	4.0	4	4
38.72686307702314	4.0	4	4
38.82693249065886	4.0	4	4
38.92700190429458	4.0	4	4
39.0270713179303	4.0	4	4
39.127140731566016	7.0	7	7
39.22721014520173	7.0	7	7
39.32727955883745	8.0	8	8
39.42734897247317	9.0	9	9
39.52741838610889	9.0	9	9
39.62748779974461	9.0	9	9
39.72755721338033	12.0	12	12
39.827626627016045	13.0	13	13
39.92769604065177	14.0	14	14
40.02776545428748	14.0	14	14
40.127834867923205	13.0	13	13
40.22790428155892	13.0	13	13
40.32797369519464	13.0	13	13
40.42804310883036	13.0	13	13
40.528112522466074	13.0	13	13
40.6281819361018	13.0	13	13
40.72825134973751	13.0	13	13
40.828320763373235	13.0	13	13
40.92839017700895	13.0	13	13
41.02845959064467	13.0	13	13
41.12852900428039	13.0	13	13
41.22859841791611	13.0	13	13
41.328667831551826	13.0	13	13
41.42873724518755	13.0	13	13
41.528806658823264	13.0	13	13
41.628876072458986	13.0	13	13
41.7289454860947	12.0	12	12
41.82901489973042	12.0	12	12
41.92908431336614	12.0	12	12
42.029153727001855	12.0	12	12
42.12922314063758	12.0	12	12
42.22929255427329	12.0	12	12
42.329361967909016	12.0	12	12
42.42943138154473	12.0	12	12
42.529500795180454	12.0	12	12
42.62957020881617	12.0	12	12
42.72963962245189	12.0	12	12
42.82970903608761	12.0	12	12
42.92977844972333	12.0	12	12
43.029847863359045	12.0	12	12
43.12991727699477	12.0	12	12
43.22998669063048	12.0	12	12
43.3300561042662	12.0	12	12
43.43012551790192	12.0	12	12
43.530194931537636	12.0	12	12
43.63026434517336	12.0	12	12
43.730333758809074	12.0	12	12
43.8304031724448	12.0	12	12
43.93047258608051	12.0	12	12
44.030541999716235	13.0	13	13
44.13061141335195	13.0	13	13
44.23068082698767	13.0	13	13
44.33075024062339	13.0	13	13
44.43081965425911	13.0	13	13
44.530889067894826	13.0	13	13
44.63095848153054	13.0	13	13
44.731027895166264	13.0	13	13
44.83109730880198	13.0	13	13
44.9311667224377	13.0	13	13
45.03123613607342	13.0	13	13
45.13130554970914	13.0	13	13
45.231374963344855	13.0	13	13
45.33144437698058	13.0	13	13
45.43151379061629	13.0	13	13
45.531583204252016	13.0	13	13
45.63165261788773	13.0	13	13
45.731722031523454	13.0	13	13
45.83179144515917	13.0	13	13
45.931860858794884	13.0	13	13
46.03193027243061	13.0	13	13
46.13199968606632	13.0	13	13
46.232069099702045	13.0	13	13
46.33213851333776	13.0	13	13
46.43220792697348	13.0	13	13
46.5322773406092	13.0	13	13
46.63234675424492	13.0	13	13
46.732416167880636	13.0	13	13
46.83248558151636	13.0	13	13
46.932554995152074	13.0	13	13
47.0326244087878	13.0	13	13
47.13269382242351	13.0	13	13
47.23276323605923	13.0	13	13
47.33283264969495	13.0	13	13
47.432902063330665	13.0	13	13
47.53297147696639	13.0	13	13
47.6330408906021	13.0	13	13
47.733110304237826	13.0	13	13
47.83317971787354	13.0	13	13
47.933249131509264	13.0	13	13
48.03331854514498	12.0	12	12
48.1333879587807	12.0	12	12
48.23345737241642	12.0	12	12
48.33352678605214	13.0	13	13
48.433596199687855	13.0	13	13
48.53366561332358	13.0	13	13
48.63373502695929	13.0	13	13
48.73380444059501	13.0	13	13
48.83387385423073	13.0	13	13
48.93394326786645	14.0	14	14
49.03401268150217	14.0	14	14
49.134082095137884	14.0	14	14
49.23415150877361	13.0	13	13
49.33422092240932	13.0	13	13
49.434290336045045	13.0	13	13
49.53435974968076	13.0	13	13
49.63442916331648	14.0	14	14
49.7344985769522	14.0	14	14
49.83456799058792	14.0	14	14
49.934637404223636	14.0	14	14
50.03470681785935	14.0	14	14
50.134776231495074	14.0	14	14
50.23484564513079	14.0	14	14
50.33491505876651	14.0	14	14
50.43498447240223	14.0	14	14
50.53505388603795	16.0	16	16
50.635123299673666	16.0	16	16
50.73519271330939	16.0	16	16
50.8352621269451	16.0	16	16
50.935331540580826	16.0	16	16
51.03540095421654	15.0	15	15
51.135470367852264	15.0	15	15
51.23553978148798	14.0	14	14
51.335609195123695	14.0	14	14
51.43567860875942	14.0	14	14
51.53574802239513	14.0	14	14
51.635817436030855	14.0	14	14
51.73588684966657	14.0	14	14
51.83595626330229	14.0	14	14
51.93602567693801	13.0	13	13
52.03609509057373	13.0	13	13
52.13616450420945	13.0	13	13
52.23623391784517	13.0	13	13
52.336303331480885	13.0	13	13
52.43637274511661	13.0	13	13
52.53644215875232	13.0	13	13
52.63651157238804	14.0	14	14
52.73658098602376	14.0	14	14
52.836650399659476	12.0	12	12
52.9367198132952	12.0	12	12
53.036789226930914	12.0	12	12
53.136858640566636	12.0	12	12
53.23692805420235	12.0	12	12
53.336997467838074	12.0	12	12
53.43706688147379	12.0	12	12
53.53713629510951	11.0	11	11
53.63720570874523	11.0	11	11
53.73727512238095	11.0	11	11
53.837344536016666	11.0	11	11
53.93741394965238	11.0	11	11
54.0374833632881	10.0	10	10
54.13755277692382	10.0	10	10
54.23762219055954	11.0	11	11
54.33769160419526	11.0	11	11
54.43776101783098	11.0	11	11
54.537830431466695	11.0	11	11
54.63789984510242	11.0	11	11
54.73796925873813	11.0	11	11
54.838038672373855	11.0	11	11
54.93810808600957	11.0	11	11
55.03817749964529	11.0	11	11
55.13824691328101	11.0	11	11
55.23831632691673	11.0	11	11
55.33838574055245	11.0	11	11
55.43845515418816	10.0	10	10
55.538524567823885	12.0	12	12
55.6385939814596	11.0	11	11
55.73866339509532	11.0	11	11
55.83873280873104	11.0	11	11
55.93880222236676	10.0	10	10
56.038871636002476	9.0	9	9
56.1389410496382	9.0	9	9
56.239010463273914	9.0	9	9
56.339079876909636	9.0	9	9
56.43914929054535	8.0	8	8
56.539218704181074	8.0	8	8
56.63928811781679	8.0	8	8
56.739357531452505	9.0	9	9
56.83942694508823	9.0	9	9
56.93949635872394	8.0	8	8
57.039565772359666	8.0	8	8
57.13963518599538	7.0	7	7
57.239704599631104	7.0	7	7
57.33977401326682	6.0	6	6
57.43984342690254	6.0	6	6
57.53991284053826	7.0	7	7
57.63998225417398	7.0	7	7
57.740051667809695	7.0	7	7
57.84012108144542	7.0	7	7
57.94019049508113	8.0	8	8
58.04025990871685	7.0	7	7
58.14032932235257	7.0	7	7
58.240398735988286	6.0	6	6
58.34046814962401	6.0	6	6
58.440537563259724	6.0	6	6
58.54060697689545	8.0	8	8
58.64067639053116	8.0	8	8
58.740745804166885	8.0	8	8
58.8408152178026	7.0	7	7
58.94088463143832	7.0	7	7
59.04095404507404	7.0	7	7
59.14102345870976	8.0	8	8
59.241092872345476	7.0	7	7
59.34116228598119	7.0	7	7
59.441231699616914	7.0	7	7
59.54130111325263	7.0	7	7
59.64137052688835	7.0	7	7
59.74143994052407	5.0	5	5
59.84150935415979	5.0	5	5
59.941578767795505	4.0	4	4
60.04164818143123	5.0	5	5
60.14171759506694	5.0	5	5
60.241787008702666	5.0	5	5
60.34185642233838	5.0	5	5
60.441925835974104	5.0	5	5
60.54199524960982	5.0	5	5
60.64206466324554	5.0	5	5
60.74213407688126	5.0	5	5
60.84220349051697	5.0	5	5
60.942272904152695	6.0	6	6
61.04234231778841	7.0	7	7
61.14241173142413	7.0	7	7
61.24248114505985	7.0	7	7
61.34255055869557	8.0	8	8
61.442619972331286	8.0	8	8
61.54268938596701	8.0	8	8
61.642758799602724	8.0	8	8
61.74282821323845	9.0	9	9
61.84289762687416	9.0	9	9
61.942967040509885	9.0	9	9
62.0430364541456	9.0	9	9
62.143105867781316	9.0	9	9
62.24317528141704	8.0	8	8
62.34324469505275	8.0	8	8
62.443314108688476	8.0	8	8
62.54338352232419	8.0	8	8
62.643452935959914	7.0	7	7
62.74352234959563	7.0	7	7
62.84359176323135	7.0	7	7
62.94366117686707	7.0	7	7
63.04373059050279	7.0	7	7
63.143800004138505	7.0	7	7
63.24386941777423	7.0	7	7
63.34393883140994	7.0	7	7
63.44400824504566	7.0	7	7
63.54407765868138	7.0	7	7
63.6441470723171	8.0	8	8
63.74421648595282	8.0	8	8
63.844285899588535	8.0	8	8
63.94435531322426	8.0	8	8
64.04442472685997	8.0	8	8
64.1444941404957	8.0	8	8
64.24456355413142	8.0	8	8
64.34463296776713	8.0	8	8
64.44470238140285	8.0	8	8
64.54477179503857	8.0	8	8
64.6448412086743	8.0	8	8
64.74491062231	8.0	8	8
64.84498003594572	8.0	8	8
64.94504944958145	7.0	7	7
65.04511886321716	7.0	7	7
65.14518827685288	7.0	7	7
65.2452576904886	8.0	8	8
65.34532710412432	8.0	8	8
65.44539651776003	9.0	9	9
65.54546593139575	10.0	10	10
65.64553534503148	11.0	11	11
65.7456047586672	11.0	11	11
65.8456741723029	11.0	11	11
65.94574358593863	12.0	12	12
66.04581299957435	17.0	17	17
66.14588241321006	17.0	17	17
66.24595182684578	17.0	17	17
66.3460212404815	15.0	15	15
66.44609065411723	16.0	16	16
66.54616006775294	16.0	16	16
66.64622948138866	15.0	15	15
66.74629889502438	15.0	15	15
66.8463683086601	15.0	15	15
66.94643772229581	14.0	14	14
67.04650713593153	15.0	15	15
67.14657654956726	15.0	15	15
67.24664596320298	16.0	16	16
67.34671537683869	15.0	15	15
67.44678479047441	15.0	15	15
67.54685420411013	16.0	16	16
67.64692361774584	16.0	16	16
67.74699303138156	16.0	16	16
67.84706244501729	16.0	16	16
67.94713185865301	18.0	18	18
68.04720127228872	18.0	18	18
68.14727068592444	18.0	18	18
68.24734009956016	18.0	18	18
68.34740951319588	18.0	18	18
68.4474789268316	18.0	18	18
68.54754834046732	18.0	18	18
68.64761775410304	18.0	18	18
68.74768716773876	18.0	18	18
68.84775658137447	18.0	18	18
68.94782599501019	19.0	19	19
69.04789540864591	19.0	19	19
69.14796482228162	19.0	19	19
69.24803423591734	20.0	20	20
69.34810364955307	20.0	20	20
69.44817306318879	19.0	19	19
69.5482424768245	19.0	19	19
69.64831189046022	19.0	19	19
69.74838130409594	19.0	19	19
69.84845071773167	19.0	19	19
69.94852013136737	18.0	18	18
70.0485895450031	18.0	18	18
70.14865895863882	18.0	18	18
70.24872837227453	18.0	18	18
70.34879778591025	18.0	18	18
70.44886719954597	17.0	17	17
70.5489366131817	17.0	17	17
70.6490060268174	18.0	18	18
70.74907544045313	20.0	20	20
70.84914485408885	19.0	19	19
70.94921426772457	20.0	20	20
71.04928368136028	21.0	21	21
71.149353094996	20.0	20	20
71.24942250863172	20.0	20	20
71.34949192226745	20.0	20	20
71.44956133590316	21.0	21	21
71.54963074953888	20.0	20	20
71.6497001631746	20.0	20	20
71.74976957681031	19.0	19	19
71.84983899044603	19.0	19	19
71.94990840408175	18.0	18	18
72.04997781771748	18.0	18	18
72.15004723135318	18.0	18	18
72.2501166449889	18.0	18	18
72.35018605862463	18.0	18	18
72.45025547226035	17.0	17	17
72.55032488589606	17.0	17	17
72.65039429953178	18.0	18	18
72.7504637131675	18.0	18	18
72.85053312680321	18.0	18	18
72.95060254043894	17.0	17	17
73.05067195407466	18.0	18	18
73.15074136771038	18.0	18	18
73.25081078134609	18.0	18	18
73.35088019498181	18.0	18	18
73.45094960861753	17.0	17	17
73.55101902225326	16.0	16	16
73.65108843588897	15.0	15	15
73.75115784952469	15.0	15	15
73.85122726316041	15.0	15	15
73.95129667679613	15.0	15	15
74.05136609043184	15.0	15	15
74.15143550406756	15.0	15	15
74.25150491770329	15.0	15	15
74.351574331339	15.0	15	15
74.45164374497472	15.0	15	15
74.55171315861044	15.0	15	15
74.65178257224616	15.0	15	15
74.75185198588187	15.0	15	15
74.8519213995176	15.0	15	15
74.95199081315332	15.0	15	15
75.05206022678904	15.0	15	15
75.15212964042475	15.0	15	15
75.25219905406047	15.0	15	15
75.35226846769619	14.0	14	14
75.45233788133191	14.0	14	14
75.55240729496762	14.0	14	14
75.65247670860334	14.0	14	14
75.75254612223907	14.0	14	14
75.85261553587478	14.0	14	14
75.9526849495105	14.0	14	14
76.05275436314622	14.0	14	14
76.15282377678194	14.0	14	14
76.25289319041765	14.0	14	14
76.35296260405337	14.0	14	14
76.4530320176891	14.0	14	14
76.55310143132482	14.0	14	14
76.65317084496053	14.0	14	14
76.75324025859625	14.0	14	14
76.85330967223197	14.0	14	14
76.95337908586768	14.0	14	14
77.0534484995034	14.0	14	14
77.15351791313913	14.0	14	14
77.25358732677485	14.0	14	14
77.35365674041056	14.0	14	14
77.45372615404628	14.0	14	14
77.553795567682	14.0	14	14
77.65386498131772	14.0	14	14
77.75393439495343	14.0	14	14
77.85400380858916	14.0	14	14
77.95407322222488	14.0	14	14
78.0541426358606	13.0	13	13
78.15421204949631	13.0	13	13
78.25428146313203	13.0	13	13
78.35435087676775	13.0	13	13
78.45442029040346	13.0	13	13
78.55448970403918	13.0	13	13
78.6545591176749	13.0	13	13
78.75462853131063	13.0	13	13
78.85469794494634	13.0	13	13
78.95476735858206	13.0	13	13
79.05483677221778	13.0	13	13
79.1549061858535	13.0	13	13
79.25497559948921	13.0	13	13
79.35504501312494	13.0	13	13
79.45511442676066	13.0	13	13
79.55518384039637	13.0	13	13
79.65525325403209	13.0	13	13
79.75532266766781	13.0	13	13
79.85539208130353	13.0	13	13
79.95546149493924	13.0	13	13
80.05553090857497	12.0	12	12
80.15560032221069	12.0	12	12
80.25566973584641	12.0	12	12
80.35573914948212	11.0	11	11
80.45580856311784	11.0	11	11
80.55587797675356	12.0	12	12
80.65594739038929	12.0	12	12
80.756016804025	11.0	11	11
80.85608621766072	11.0	11	11
80.95615563129644	11.0	11	11
81.05622504493215	11.0	11	11
81.15629445856787	10.0	10	10
81.2563638722036	10.0	10	10
81.35643328583932	10.0	10	10
81.45650269947502	10.0	10	10
81.55657211311075	10.0	10	10
81.65664152674647	9.0	9	9
81.75671094038219	9.0	9	9
81.8567803540179	9.0	9	9
81.95684976765362	9.0	9	9
82.05691918128935	10.0	10	10
82.15698859492507	10.0	10	10
82.25705800856078	10.0	10	10
82.3571274221965	10.0	10	10
82.45719683583222	10.0	10	10
82.55726624946793	11.0	11	11
82.65733566310365	11.0	11	11
82.75740507673937	11.0	11	11
82.8574744903751	11.0	11	11
82.9575439040108	11.0	11	11
83.05761331764653	11.0	11	11
83.15768273128225	11.0	11	11
83.25775214491797	10.0	10	10
83.35782155855368	10.0	10	10
83.4578909721894	10.0	10	10
83.55796038582513	10.0	10	10
83.65802979946083	10.0	10	10
83.75809921309656	10.0	10	10
83.85816862673228	10.0	10	10
83.958238040368	10.0	10	10
84.05830745400371	11.0	11	11
84.15837686763943	11.0	11	11
84.25844628127516	11.0	11	11
84.35851569491088	11.0	11	11
84.45858510854659	11.0	11	11
84.55865452218231	12.0	12	12
84.65872393581803	12.0	12	12
84.75879334945375	12.0	12	12
84.85886276308946	11.0	11	11
84.95893217672518	10.0	10	10
85.05900159036091	10.0	10	10
85.15907100399662	10.0	10	10
85.25914041763234	9.0	9	9
85.35920983126806	8.0	8	8
85.45927924490378	8.0	8	8
85.55934865853949	8.0	8	8
85.65941807217521	8.0	8	8
85.75948748581094	8.0	8	8
85.85955689944666	8.0	8	8
85.95962631308237	7.0	7	7
86.05969572671809	7.0	7	7
86.15976514035381	7.0	7	7
86.25983455398953	6.0	6	6
86.35990396762524	6.0	6	6
86.45997338126097	6.0	6	6
86.56004279489669	6.0	6	6
86.6601122085324	6.0	6	6
86.76018162216812	6.0	6	6
86.86025103580384	7.0	7	7
86.96032044943956	8.0	8	8
87.06038986307527	7.0	7	7
87.160459276711	6.0	6	6
87.26052869034672	6.0	6	6
87.36059810398244	6.0	6	6
87.46066751761815	6.0	6	6
87.56073693125387	6.0	6	6
87.6608063448896	6.0	6	6
87.7608757585253	6.0	6	6
87.86094517216102	6.0	6	6
87.96101458579675	6.0	6	6
88.06108399943247	6.0	6	6
88.16115341306818	6.0	6	6
88.2612228267039	6.0	6	6
88.36129224033962	6.0	6	6
88.46136165397535	6.0	6	6
88.56143106761105	6.0	6	6
88.66150048124678	6.0	6	6
88.7615698948825	6.0	6	6
88.86163930851822	6.0	6	6
88.96170872215393	7.0	7	7
89.06177813578965	7.0	7	7
89.16184754942537	7.0	7	7
89.26191696306108	7.0	7	7
89.3619863766968	7.0	7	7
89.46205579033253	7.0	7	7
89.56212520396825	7.0	7	7
89.66219461760396	7.0	7	7
89.76226403123968	7.0	7	7
89.8623334448754	7.0	7	7
89.96240285851113	7.0	7	7
90.06247227214683	8.0	8	8
90.16254168578256	6.0	6	6
90.26261109941828	6.0	6	6
90.36268051305399	7.0	7	7
90.46274992668971	7.0	7	7
90.56281934032543	7.0	7	7
90.66288875396116	8.0	8	8
90.76295816759686	8.0	8	8
90.86302758123259	8.0	8	8
90.96309699486831	8.0	8	8
91.06316640850403	7.0	7	7
91.16323582213974	6.0	6	6
91.26330523577546	6.0	6	6
91.36337464941118	6.0	6	6
91.46344406304691	6.0	6	6
91.56351347668262	6.0	6	6
91.66358289031834	6.0	6	6
91.76365230395406	6.0	6	6
91.86372171758977	6.0	6	6
91.96379113122549	6.0	6	6
92.06386054486121	7.0	7	7
92.16392995849694	7.0	7	7
92.26399937213264	7.0	7	7
92.36406878576837	7.0	7	7
92.46413819940409	7.0	7	7
92.56420761303981	7.0	7	7
92.66427702667552	7.0	7	7
92.76434644031124	7.0	7	7
92.86441585394697	6.0	6	6
92.96448526758269	7.0	7	7
93.0645546812184	7.0	7	7
93.16462409485412	7.0	7	7
93.26469350848984	5.0	5	5
93.36476292212555	5.0	5	5
93.46483233576127	5.0	5	5
93.564901749397	5.0	5	5
93.66497116303272	5.0	5	5
93.76504057666843	4.0	4	4
93.86510999030415	4.0	4	4
93.96517940393987	4.0	4	4
94.0652488175756	4.0	4	4
94.1653182312113	4.0	4	4
94.26538764484702	6.0	6	6
94.36545705848275	6.0	6	6
94.46552647211846	6.0	6	6
94.56559588575418	6.0	6	6
94.6656652993899	6.0	6	6
94.76573471302562	7.0	7	7
94.86580412666133	7.0	7	7
94.96587354029705	7.0	7	7
95.06594295393278	7.0	7	7
95.1660123675685	7.0	7	7
95.2660817812042	7.0	7	7
95.36615119483993	7.0	7	7
95.46622060847565	7.0	7	7
95.56629002211137	7.0	7	7
95.66635943574708	6.0	6	6
95.7664288493828	6.0	6	6
95.86649826301853	6.0	6	6
95.96656767665424	7.0	7	7
96.06663709028996	6.0	6	6
96.16670650392568	6.0	6	6
96.2667759175614	6.0	6	6
96.36684533119711	6.0	6	6
96.46691474483283	6.0	6	6
96.56698415846856	6.0	6	6
96.66705357210428	6.0	6	6
96.76712298573999	6.0	6	6
96.86719239937571	5.0	5	5
96.96726181301143	5.0	5	5
97.06733122664716	5.0	5	5
97.16740064028286	5.0	5	5
97.26747005391859	5.0	5	5
97.36753946755431	5.0	5	5
97.46760888119002	5.0	5	5
97.56767829482574	5.0	5	5
97.66774770846146	5.0	5	5
97.76781712209718	5.0	5	5
97.8678865357329	5.0	5	5
97.96795594936862	5.0	5	5
98.06802536300434	5.0	5	5
98.16809477664006	5.0	5	5
98.26816419027577	5.0	5	5
98.36823360391149	5.0	5	5
98.46830301754721	5.0	5	5
98.56837243118292	6.0	6	6
98.66844184481864	6.0	6	6
98.76851125845437	6.0	6	6
98.86858067209009	6.0	6	6
98.9686500857258	6.0	6	6
99.06871949936152	6.0	6	6
99.16878891299724	6.0	6	6
99.26885832663297	6.0	6	6
99.36892774026867	6.0	6	6
99.4689971539044	6.0	6	6
99.56906656754012	6.0	6	6
99.66913598117584	6.0	6	6
99.76920539481155	7.0	7	7
99.86927480844727	7.0	7	7
99.969344222083	7.0	7	7
100.0694136357187	7.0	7	7
100.16948304935443	6.0	6	6
100.26955246299015	6.0	6	6
100.36962187662587	6.0	6	6
100.46969129026158	6.0	6	6
100.5697607038973	6.0	6	6
100.66983011753302	6.0	6	6
100.76989953116875	6.0	6	6
100.86996894480446	6.0	6	6
100.97003835844018	6.0	6	6
101.0701077720759	6.0	6	6
101.17017718571161	6.0	6	6
101.27024659934733	6.0	6	6
101.37031601298305	6.0	6	6
101.47038542661878	4.0	4	4
101.57045484025448	4.0	4	4
101.6705242538902	4.0	4	4
101.77059366752593	3.0	3	3
101.87066308116165	3.0	3	3
101.97073249479736	3.0	3	3
102.07080190843308	3.0	3	3
102.1708713220688	3.0	3	3
102.27094073570453	3.0	3	3
102.37101014934024	3.0	3	3
102.47107956297596	3.0	3	3
102.57114897661168	3.0	3	3
102.67121839024739	4.0	4	4
102.77128780388311	5.0	5	5
102.87135721751883	5.0	5	5
102.97142663115456	5.0	5	5
103.07149604479027	5.0	5	5
103.17156545842599	5.0	5	5
103.27163487206171	5.0	5	5
103.37170428569743	5.0	5	5
103.47177369933314	5.0	5	5
103.57184311296886	5.0	5	5
103.67191252660459	5.0	5	5
103.77198194024031	5.0	5	5
103.87205135387602	5.0	5	5
103.97212076751174	5.0	5	5
104.07219018114746	4.0	4	4
104.17225959478317	4.0	4	4
104.2723290084189	4.0	4	4
104.37239842205462	4.0	4	4
104.47246783569034	4.0	4	4
104.57253724932605	4.0	4	4
104.67260666296177	4.0	4	4
104.77267607659749	4.0	4	4
104.87274549023321	4.0	4	4
104.97281490386892	4.0	4	4
105.07288431750464	4.0	4	4
105.17295373114037	4.0	4	4
105.27302314477608	4.0	4	4
105.3730925584118	4.0	4	4
105.47316197204752	4.0	4	4
105.57323138568324	4.0	4	4
105.67330079931895	4.0	4	4
105.77337021295467	4.0	4	4
105.8734396265904	4.0	4	4
105.97350904022612	4.0	4	4
106.07357845386183	4.0	4	4
106.17364786749755	4.0	4	4
106.27371728113327	4.0	4	4
106.373786694769	4.0	4	4
106.4738561084047	4.0	4	4
106.57392552204043	4.0	4	4
106.67399493567615	4.0	4	4
106.77406434931186	4.0	4	4
106.87413376294758	4.0	4	4
106.9742031765833	4.0	4	4
107.07427259021902	4.0	4	4
107.17434200385473	4.0	4	4
107.27441141749046	4.0	4	4
107.37448083112618	4.0	4	4
107.4745502447619	4.0	4	4
107.57461965839761	4.0	4	4
107.67468907203333	4.0	4	4
107.77475848566905	4.0	4	4
107.87482789930476	4.0	4	4
107.97489731294048	4.0	4	4
108.0749667265762	4.0	4	4
108.17503614021193	4.0	4	4
108.27510555384764	4.0	4	4
108.37517496748336	4.0	4	4
108.47524438111908	4.0	4	4
108.5753137947548	4.0	4	4
108.67538320839051	4.0	4	4
108.77545262202624	4.0	4	4
108.87552203566196	4.0	4	4
108.97559144929768	4.0	4	4
109.07566086293339	4.0	4	4
109.17573027656911	4.0	4	4
109.27579969020483	4.0	4	4
109.37586910384054	4.0	4	4
109.47593851747627	4.0	4	4
109.57600793111199	4.0	4	4
109.67607734474771	4.0	4	4
109.77614675838342	4.0	4	4
109.87621617201914	4.0	4	4
109.97628558565486	3.0	3	3
110.07635499929059	3.0	3	3
110.1764244129263	3.0	3	3
110.27649382656202	3.0	3	3
110.37656324019774	3.0	3	3
110.47663265383346	3.0	3	3
110.57670206746917	3.0	3	3
110.6767714811049	3.0	3	3
110.77684089474062	3.0	3	3
110.87691030837632	3.0	3	3
110.97697972201205	3.0	3	3
111.07704913564777	3.0	3	3
111.17711854928349	3.0	3	3
111.2771879629192	3.0	3	3
111.37725737655492	3.0	3	3
111.47732679019065	3.0	3	3
111.57739620382637	3.0	3	3
111.67746561746208	3.0	3	3
111.7775350310978	3.0	3	3
111.87760444473352	3.0	3	3
111.97767385836923	3.0	3	3
112.07774327200495	3.0	3	3
112.17781268564067	3.0	3	3
112.2778820992764	3.0	3	3
112.3779515129121	2.0	2	2
112.47802092654783	2.0	2	2
112.57809034018355	2.0	2	2
112.67815975381927	2.0	2	2
112.77822916745498	2.0	2	2
112.8782985810907	2.0	2	2
112.97836799472643	2.0	2	2
113.07843740836215	2.0	2	2
113.17850682199786	2.0	2	2
113.27857623563358	1.0	1	1
113.3786456492693	1.0	1	1
113.47871506290501	1.0	1	1
113.57878447654073	1.0	1	1
113.67885389017646	0.0	0	0
113.77892330381218	0.0	0	0
113.87899271744789	0.0	0	0
113.97906213108361	0.0	0	0
114.07913154471933	0.0	0	0
114.17920095835505	0.0	0	0
114.27927037199076	0.0	0	0
114.37933978562648	0.0	0	0
114.47940919926221	0.0	0	0
114.57947861289793	0.0	0	0
114.67954802653364	0.0	0	0
114.77961744016936	0.0	0	0
114.87968685380508	0.0	0	0
114.97975626744079	0.0	0	0
115.07982568107651	0.0	0	0
115.17989509471224	0.0	0	0
115.27996450834796	0.0	0	0
115.38003392198367	0.0	0	0
115.48010333561939	0.0	0	0
115.58017274925511	0.0	0	0
115.68024216289083	0.0	0	0
115.78031157652654	0.0	0	0
115.88038099016227	0.0	0	0
115.98045040379799	0.0	0	0
116.0805198174337	0.0	0	0
116.18058923106942	0.0	0	0
116.28065864470514	0.0	0	0
116.38072805834086	0.0	0	0
116.48079747197657	0.0	0	0
116.5808668856123	0.0	0	0
116.68093629924802	0.0	0	0
116.78100571288374	0.0	0	0
116.88107512651945	0.0	0	0
116.98114454015517	0.0	0	0
117.0812139537909	0.0	0	0
117.18128336742662	0.0	0	0
117.28135278106232	0.0	0	0
117.38142219469805	0.0	0	0
117.48149160833377	0.0	0	0
117.58156102196948	0.0	0	0
117.6816304356052	0.0	0	0
117.78169984924092	0.0	0	0
117.88176926287665	0.0	0	0
117.98183867651235	0.0	0	0
118.08190809014808	0.0	0	0
118.1819775037838	0.0	0	0
118.28204691741952	0.0	0	0
118.38211633105523	0.0	0	0
118.48218574469095	0.0	0	0
118.58225515832667	0.0	0	0
118.68232457196238	0.0	0	0
118.7823939855981	0.0	0	0
118.88246339923383	0.0	0	0
118.98253281286955	0.0	0	0
119.08260222650526	0.0	0	0
119.18267164014098	0.0	0	0
119.2827410537767	0.0	0	0
119.38281046741243	0.0	0	0
119.48287988104813	0.0	0	0
119.58294929468386	0.0	0	0
119.68301870831958	0.0	0	0
119.7830881219553	0.0	0	0
119.88315753559101	0.0	0	0
119.98322694922673	0.0	0	0
120.08329636286246	0.0	0	0
120.18336577649816	0.0	0	0
120.28343519013389	0.0	0	0
120.38350460376961	0.0	0	0
120.48357401740533	0.0	0	0
120.58364343104104	0.0	0	0
120.68371284467676	0.0	0	0
120.78378225831248	0.0	0	0
120.88385167194821	0.0	0	0
120.98392108558392	0.0	0	0
121.08399049921964	0.0	0	0
121.18405991285536	0.0	0	0
121.28412932649108	0.0	0	0
121.38419874012679	1.0	1	1
121.48426815376251	1.0	1	1
121.58433756739824	1.0	1	1
121.68440698103394	1.0	1	1
121.78447639466967	1.0	1	1
121.88454580830539	1.0	1	1
121.98461522194111	1.0	1	1
122.08468463557682	1.0	1	1
122.18475404921254	1.0	1	1
122.28482346284827	1.0	1	1
122.38489287648399	1.0	1	1
122.4849622901197	1.0	1	1
122.58503170375542	1.0	1	1
122.68510111739114	1.0	1	1
122.78517053102685	1.0	1	1
122.88523994466257	1.0	1	1
122.9853093582983	1.0	1	1
123.08537877193402	1.0	1	1
123.18544818556973	0.0	0	0
123.28551759920545	0.0	0	0
123.38558701284117	0.0	0	0
123.4856564264769	0.0	0	0
123.5857258401126	0.0	0	0
123.68579525374832	0.0	0	0
123.78586466738405	0.0	0	0
123.88593408101977	0.0	0	0
123.98600349465548	0.0	0	0
124.0860729082912	0.0	0	0
124.18614232192692	0.0	0	0
124.28621173556263	0.0	0	0
124.38628114919835	0.0	0	0
124.48635056283408	0.0	0	0
124.5864199764698	0.0	0	0
124.6864893901055	0.0	0	0
124.78655880374123	0.0	0	0
124.88662821737695	0.0	0	0
124.98669763101267	0.0	0	0
125.08676704464838	0.0	0	0
125.1868364582841	0.0	0	0
125.28690587191983	0.0	0	0
125.38697528555555	0.0	0	0
125.48704469919126	0.0	0	0
125.58711411282698	0.0	0	0
125.6871835264627	0.0	0	0
125.78725294009841	0.0	0	0
125.88732235373413	0.0	0	0
125.98739176736986	0.0	0	0
126.08746118100558	0.0	0	0
126.18753059464129	0.0	0	0
126.28760000827701	0.0	0	0
126.38766942191273	0.0	0	0
126.48773883554846	0.0	0	0
126.58780824918416	0.0	0	0
126.68787766281989	0.0	0	0
126.78794707645561	0.0	0	0
126.88801649009132	0.0	0	0
126.98808590372704	1.0	1	1
127.08815531736276	1.0	1	1
127.18822473099848	2.0	2	2
127.2882941446342	2.0	2	2
127.38836355826992	2.0	2	2
127.48843297190564	2.0	2	2
127.58850238554136	2.0	2	2
127.68857179917707	2.0	2	2
127.78864121281279	2.0	2	2
127.88871062644851	2.0	2	2
127.98878004008424	2.0	2	2
128.08884945371994	2.0	2	2
128.18891886735565	2.0	2	2
128.2889882809914	2.0	2	2
128.3890576946271	2.0	2	2
128.48912710826284	3.0	3	3
128.58919652189854	3.0	3	3
128.68926593553425	3.0	3	3
128.78933534917	3.0	3	3
128.8894047628057	2.0	2	2
128.9894741764414	2.0	2	2
129.08954359007714	2.0	2	2
129.18961300371285	2.0	2	2
129.2896824173486	2.0	2	2
129.3897518309843	2.0	2	2
129.48982124462	3.0	3	3
129.58989065825574	3.0	3	3
129.68996007189145	3.0	3	3
129.79002948552716	3.0	3	3
129.8900988991629	3.0	3	3
129.9901683127986	3.0	3	3
130.0902377264343	3.0	3	3
130.19030714007005	3.0	3	3
130.29037655370576	3.0	3	3
130.3904459673415	2.0	2	2
130.4905153809772	2.0	2	2
130.5905847946129	2.0	2	2
130.69065420824865	2.0	2	2
130.79072362188435	2.0	2	2
130.89079303552006	2.0	2	2
130.9908624491558	2.0	2	2
131.0909318627915	2.0	2	2
131.19100127642722	1.0	1	1
131.29107069006295	1.0	1	1
131.39114010369866	1.0	1	1
131.4912095173344	1.0	1	1
131.5912789309701	1.0	1	1
131.6913483446058	1.0	1	1
131.79141775824155	1.0	1	1
131.89148717187726	1.0	1	1
131.99155658551297	1.0	1	1
132.0916259991487	1.0	1	1
132.1916954127844	1.0	1	1
132.29176482642012	1.0	1	1
132.39183424005586	1.0	1	1
132.49190365369157	1.0	1	1
132.5919730673273	1.0	1	1
132.692042480963	1.0	1	1
132.79211189459872	1.0	1	1
132.89218130823446	1.0	1	1
132.99225072187016	1.0	1	1
133.09232013550587	1.0	1	1
133.1923895491416	1.0	1	1
133.29245896277732	1.0	1	1
133.39252837641305	1.0	1	1
133.49259779004876	1.0	1	1
133.59266720368447	1.0	1	1
133.6927366173202	1.0	1	1
133.79280603095592	0.0	0	0
133.89287544459162	0.0	0	0
133.99294485822736	0.0	0	0
134.09301427186307	0.0	0	0
134.19308368549878	0.0	0	0
134.2931530991345	0.0	0	0
134.39322251277022	0.0	0	0
134.49329192640596	0.0	0	0
134.59336134004167	0.0	0	0
134.69343075367738	0.0	0	0
134.7935001673131	1.0	1	1
134.89356958094882	1.0	1	1
134.99363899458453	1.0	1	1
135.09370840822027	1.0	1	1
135.19377782185597	1.0	1	1
135.29384723549168	1.0	1	1
135.39391664912742	1.0	1	1
135.49398606276313	1.0	1	1
135.59405547639886	1.0	1	1
135.69412489003457	1.0	1	1
135.79419430367028	1.0	1	1
135.89426371730602	1.0	1	1
135.99433313094173	1.0	1	1
136.09440254457743	1.0	1	1
136.19447195821317	1.0	1	1
136.29454137184888	1.0	1	1
136.3946107854846	1.0	1	1
136.49468019912032	1.0	1	1
136.59474961275603	1.0	1	1
136.69481902639177	1.0	1	1
136.79488844002748	1.0	1	1
136.8949578536632	1.0	1	1
136.99502726729892	1.0	1	1
137.09509668093463	1.0	1	1
137.19516609457034	1.0	1	1
137.29523550820608	1.0	1	1
137.39530492184178	1.0	1	1
137.49537433547752	2.0	2	2
137.59544374911323	2.0	2	2
137.69551316274894	2.0	2	2
137.79558257638467	2.0	2	2
137.89565199002038	2.0	2	2
137.9957214036561	2.0	2	2
138.09579081729183	2.0	2	2
138.19586023092754	2.0	2	2
138.29592964456324	2.0	2	2
138.39599905819898	2.0	2	2
138.4960684718347	3.0	3	3
138.59613788547043	3.0	3	3
138.69620729910613	3.0	3	3
138.79627671274184	2.0	2	2
138.89634612637758	2.0	2	2
138.9964155400133	2.0	2	2
139.096484953649	2.0	2	2
139.19655436728473	1.0	1	1
139.29662378092044	1.0	1	1
139.39669319455615	1.0	1	1
139.4967626081919	1.0	1	1
139.5968320218276	1.0	1	1
139.69690143546333	1.0	1	1
139.79697084909904	1.0	1	1
139.89704026273475	1.0	1	1
139.99710967637048	1.0	1	1
140.0971790900062	1.0	1	1
140.1972485036419	0.0	0	0
140.29731791727764	0.0	0	0
140.39738733091335	0.0	0	0
140.49745674454905	0.0	0	0
140.5975261581848	0.0	0	0
140.6975955718205	0.0	0	0
140.79766498545624	0.0	0	0
140.89773439909195	0.0	0	0
140.99780381272765	0.0	0	0
141.0978732263634	0.0	0	0
141.1979426399991	0.0	0	0
141.2980120536348	0.0	0	0
141.39808146727054	0.0	0	0
141.49815088090625	0.0	0	0
141.59822029454196	0.0	0	0
141.6982897081777	0.0	0	0
141.7983591218134	0.0	0	0
141.89842853544914	0.0	0	0
141.99849794908485	0.0	0	0
142.09856736272056	1.0	1	1
142.1986367763563	1.0	1	1
142.298706189992	1.0	1	1
142.3987756036277	1.0	1	1
142.49884501726345	1.0	1	1
142.59891443089916	1.0	1	1
142.6989838445349	1.0	1	1
142.7990532581706	1.0	1	1
142.8991226718063	1.0	1	1
142.99919208544205	1.0	1	1
143.09926149907776	1.0	1	1
143.19933091271346	1.0	1	1
143.2994003263492	1.0	1	1
143.3994697399849	1.0	1	1
143.49953915362062	1.0	1	1
143.59960856725635	1.0	1	1
143.69967798089206	1.0	1	1
143.7997473945278	1.0	1	1
143.8998168081635	1.0	1	1
143.99988622179922	1.0	1	1
144.09995563543495	1.0	1	1
144.20002504907066	1.0	1	1
144.30009446270637	1.0	1	1
144.4001638763421	1.0	1	1
144.5002332899778	1.0	1	1
144.60030270361352	1.0	1	1
144.70037211724926	1.0	1	1
144.80044153088497	1.0	1	1
144.9005109445207	1.0	1	1
145.0005803581564	1.0	1	1
145.10064977179212	1.0	1	1
145.20071918542786	1.0	1	1
145.30078859906357	1.0	1	1
145.40085801269927	1.0	1	1
145.500927426335	1.0	1	1
145.60099683997072	1.0	1	1
145.70106625360643	1.0	1	1
145.80113566724216	1.0	1	1
145.90120508087787	1.0	1	1
146.0012744945136	1.0	1	1
146.10134390814932	1.0	1	1
146.20141332178503	1.0	1	1
146.30148273542076	1.0	1	1
146.40155214905647	1.0	1	1
146.50162156269218	1.0	1	1
146.60169097632792	1.0	1	1
146.70176038996362	1.0	1	1
146.80182980359936	1.0	1	1
146.90189921723507	1.0	1	1
147.00196863087078	1.0	1	1
147.10203804450651	1.0	1	1
147.20210745814222	1.0	1	1
147.30217687177793	1.0	1	1
147.40224628541367	1.0	1	1
147.50231569904938	1.0	1	1
147.60238511268508	1.0	1	1
147.70245452632082	1.0	1	1
147.80252393995653	1.0	1	1
147.90259335359227	1.0	1	1
148.00266276722797	1.0	1	1
148.10273218086368	1.0	1	1
148.20280159449942	1.0	1	1
148.30287100813513	1.0	1	1
148.40294042177084	1.0	1	1
148.50300983540657	1.0	1	1
148.60307924904228	1.0	1	1
148.703148662678	1.0	1	1
148.80321807631373	1.0	1	1
148.90328748994943	1.0	1	1
149.00335690358517	1.0	1	1
149.10342631722088	2.0	2	2
149.2034957308566	2.0	2	2
149.30356514449232	2.0	2	2
149.40363455812803	2.0	2	2
149.50370397176374	2.0	2	2
149.60377338539948	2.0	2	2
149.7038427990352	2.0	2	2
149.8039122126709	2.0	2	2
149.90398162630663	2.0	2	2
150.00405103994234	2.0	2	2
150.10412045357808	2.0	2	2
150.20418986721378	2.0	2	2
150.3042592808495	2.0	2	2
150.40432869448523	2.0	2	2
150.50439810812094	2.0	2	2
150.60446752175665	3.0	3	3
150.70453693539238	3.0	3	3
150.8046063490281	2.0	2	2
150.90467576266383	2.0	2	2
151.00474517629954	2.0	2	2
151.10481458993524	2.0	2	2
151.20488400357098	2.0	2	2
151.3049534172067	2.0	2	2
151.4050228308424	2.0	2	2
151.50509224447813	2.0	2	2
151.60516165811384	2.0	2	2
151.70523107174955	2.0	2	2
151.8053004853853	2.0	2	2
151.905369899021	2.0	2	2
152.00543931265673	2.0	2	2
152.10550872629244	2.0	2	2
152.20557813992815	2.0	2	2
152.3056475535639	2.0	2	2
152.4057169671996	2.0	2	2
152.5057863808353	2.0	2	2
152.60585579447104	2.0	2	2
152.70592520810675	2.0	2	2
152.80599462174246	2.0	2	2
152.9060640353782	2.0	2	2
153.0061334490139	2.0	2	2
153.10620286264964	2.0	2	2
153.20627227628535	2.0	2	2
153.30634168992106	2.0	2	2
153.4064111035568	2.0	2	2
153.5064805171925	2.0	2	2
153.6065499308282	2.0	2	2
153.70661934446395	2.0	2	2
153.80668875809965	2.0	2	2
153.90675817173536	2.0	2	2
154.0068275853711	2.0	2	2
154.1068969990068	2.0	2	2
154.20696641264254	2.0	2	2
154.30703582627825	2.0	2	2
154.40710523991396	2.0	2	2
154.5071746535497	2.0	2	2
154.6072440671854	1.0	1	1
154.7073134808211	1.0	1	1
154.80738289445685	1.0	1	1
154.90745230809256	1.0	1	1
155.0075217217283	1.0	1	1
155.107591135364	1.0	1	1
155.2076605489997	1.0	1	1
155.30772996263545	1.0	1	1
155.40779937627116	1.0	1	1
155.50786878990687	1.0	1	1
155.6079382035426	1.0	1	1
155.7080076171783	1.0	1	1
155.80807703081402	1.0	1	1
155.90814644444976	1.0	1	1
156.00821585808546	1.0	1	1
156.1082852717212	1.0	1	1
156.2083546853569	1.0	1	1
156.30842409899262	1.0	1	1
156.40849351262835	1.0	1	1
156.50856292626406	1.0	1	1
156.60863233989977	1.0	1	1
156.7087017535355	1.0	1	1
156.80877116717122	1.0	1	1
156.90884058080692	1.0	1	1
157.00890999444266	1.0	1	1
157.10897940807837	1.0	1	1
157.2090488217141	0.0	0	0
157.3091182353498	0.0	0	0
157.40918764898552	0.0	0	0
157.50925706262126	0.0	0	0
157.60932647625697	0.0	0	0
157.70939588989268	0.0	0	0
157.8094653035284	0.0	0	0
157.90953471716412	0.0	0	0
158.00960413079983	0.0	0	0
158.10967354443557	0.0	0	0
158.20974295807127	0.0	0	0
158.309812371707	0.0	0	0
158.40988178534272	0.0	0	0
158.50995119897843	0.0	0	0
158.61002061261416	0.0	0	0
158.71009002624987	0.0	0	0
158.81015943988558	0.0	0	0
158.91022885352132	0.0	0	0
159.01029826715703	0.0	0	0
159.11036768079273	0.0	0	0
159.21043709442847	0.0	0	0
159.31050650806418	0.0	0	0
159.41057592169992	0.0	0	0
159.51064533533562	0.0	0	0
159.61071474897133	0.0	0	0
159.71078416260707	0.0	0	0
159.81085357624278	0.0	0	0
159.9109229898785	0.0	0	0
160.01099240351422	1.0	1	1
160.11106181714993	1.0	1	1
160.21113123078567	1.0	1	1
160.31120064442138	1.0	1	1
160.41127005805708	1.0	1	1
160.51133947169282	1.0	1	1
160.61140888532853	1.0	1	1
160.71147829896424	1.0	1	1
160.81154771259997	1.0	1	1
160.91161712623568	1.0	1	1
161.0116865398714	1.0	1	1
161.11175595350713	1.0	1	1
161.21182536714284	1.0	1	1
161.31189478077857	1.0	1	1
161.41196419441428	1.0	1	1
161.51203360805	1.0	1	1
161.61210302168573	1.0	1	1
161.71217243532143	1.0	1	1
161.81224184895714	1.0	1	1
161.91231126259288	1.0	1	1
162.0123806762286	1.0	1	1
162.1124500898643	1.0	1	1
162.21251950350003	1.0	1	1
162.31258891713574	1.0	1	1
162.41265833077148	1.0	1	1
162.5127277444072	2.0	2	2
162.6127971580429	2.0	2	2
162.71286657167863	2.0	2	2
162.81293598531434	2.0	2	2
162.91300539895005	2.0	2	2
163.01307481258578	2.0	2	2
163.1131442262215	2.0	2	2
163.2132136398572	2.0	2	2
163.31328305349294	3.0	3	3
163.41335246712865	3.0	3	3
163.51342188076438	3.0	3	3
163.6134912944001	4.0	4	4
163.7135607080358	4.0	4	4
163.81363012167154	4.0	4	4
163.91369953530725	4.0	4	4
164.01376894894295	4.0	4	4
164.1138383625787	4.0	4	4
164.2139077762144	4.0	4	4
164.31397718985014	4.0	4	4
164.41404660348584	4.0	4	4
164.51411601712155	4.0	4	4
164.6141854307573	4.0	4	4
164.714254844393	4.0	4	4
164.8143242580287	4.0	4	4
164.91439367166444	4.0	4	4
165.01446308530015	5.0	5	5
165.11453249893586	5.0	5	5
165.2146019125716	5.0	5	5
165.3146713262073	5.0	5	5
165.41474073984304	4.0	4	4
165.51481015347875	4.0	4	4
165.61487956711446	5.0	5	5
165.7149489807502	6.0	6	6
165.8150183943859	6.0	6	6
165.9150878080216	6.0	6	6
166.01515722165735	6.0	6	6
166.11522663529306	6.0	6	6
166.21529604892876	6.0	6	6
166.3153654625645	6.0	6	6
166.4154348762002	6.0	6	6
166.51550428983595	6.0	6	6
166.61557370347165	6.0	6	6
166.71564311710736	5.0	5	5
166.8157125307431	5.0	5	5
166.9157819443788	5.0	5	5
167.01585135801452	5.0	5	5
167.11592077165025	5.0	5	5
167.21599018528596	5.0	5	5
167.31605959892167	5.0	5	5
167.4161290125574	4.0	4	4
167.5161984261931	3.0	3	3
167.61626783982885	3.0	3	3
167.71633725346456	3.0	3	3
167.81640666710027	3.0	3	3
167.916476080736	3.0	3	3
168.0165454943717	3.0	3	3
168.11661490800742	3.0	3	3
168.21668432164316	3.0	3	3
168.31675373527887	3.0	3	3
168.4168231489146	3.0	3	3
168.5168925625503	2.0	2	2
168.61696197618602	2.0	2	2
168.71703138982176	2.0	2	2
168.81710080345746	1.0	1	1
168.91717021709317	2.0	2	2
169.0172396307289	2.0	2	2
169.11730904436462	2.0	2	2
169.21737845800033	2.0	2	2
169.31744787163606	2.0	2	2
169.41751728527177	2.0	2	2
169.5175866989075	2.0	2	2
169.61765611254322	2.0	2	2
169.71772552617892	2.0	2	2
169.81779493981466	3.0	3	3
169.91786435345037	3.0	3	3
170.01793376708608	3.0	3	3
170.11800318072181	3.0	3	3
170.21807259435752	3.0	3	3
170.31814200799323	4.0	4	4
170.41821142162897	4.0	4	4
170.51828083526468	4.0	4	4
170.6183502489004	4.0	4	4
170.71841966253612	4.0	4	4
170.81848907617183	4.0	4	4
170.91855848980757	4.0	4	4
171.01862790344327	4.0	4	4
171.11869731707898	4.0	4	4
171.21876673071472	4.0	4	4
171.31883614435043	4.0	4	4
171.41890555798614	4.0	4	4
171.51897497162187	4.0	4	4
171.61904438525758	4.0	4	4
171.71911379889332	4.0	4	4
171.81918321252903	4.0	4	4
171.91925262616473	4.0	4	4
172.01932203980047	4.0	4	4
172.11939145343618	3.0	3	3
172.2194608670719	3.0	3	3
172.31953028070762	3.0	3	3
172.41959969434333	3.0	3	3
172.51966910797907	3.0	3	3
172.61973852161478	3.0	3	3
172.7198079352505	3.0	3	3
172.81987734888622	3.0	3	3
172.91994676252193	3.0	3	3
173.02001617615764	3.0	3	3
173.12008558979338	3.0	3	3
173.22015500342908	3.0	3	3
173.3202244170648	3.0	3	3
173.42029383070053	3.0	3	3
173.52036324433624	3.0	3	3
173.62043265797197	3.0	3	3
173.72050207160768	3.0	3	3
173.8205714852434	3.0	3	3
173.92064089887913	3.0	3	3
174.02071031251484	3.0	3	3
174.12077972615054	3.0	3	3
174.22084913978628	3.0	3	3
174.320918553422	3.0	3	3
174.4209879670577	3.0	3	3
174.52105738069343	3.0	3	3
174.62112679432914	3.0	3	3
174.72119620796488	3.0	3	3
174.8212656216006	3.0	3	3
174.9213350352363	3.0	3	3
175.02140444887203	3.0	3	3
175.12147386250774	3.0	3	3
175.22154327614345	3.0	3	3
175.3216126897792	3.0	3	3
175.4216821034149	3.0	3	3
175.5217515170506	3.0	3	3
175.62182093068634	3.0	3	3
175.72189034432205	3.0	3	3
175.82195975795779	3.0	3	3
175.9220291715935	3.0	3	3
176.0220985852292	3.0	3	3
176.12216799886494	3.0	3	3
176.22223741250065	3.0	3	3
176.32230682613636	3.0	3	3
176.4223762397721	3.0	3	3
176.5224456534078	3.0	3	3
176.62251506704354	3.0	3	3
176.72258448067925	3.0	3	3
176.82265389431495	3.0	3	3
176.9227233079507	3.0	3	3
177.0227927215864	3.0	3	3
177.1228621352221	3.0	3	3
177.22293154885784	3.0	3	3
177.32300096249355	2.0	2	2
177.42307037612926	2.0	2	2
177.523139789765	1.0	1	1
177.6232092034007	1.0	1	1
177.72327861703644	1.0	1	1
177.82334803067215	2.0	2	2
177.92341744430786	2.0	2	2
178.0234868579436	2.0	2	2
178.1235562715793	2.0	2	2
178.223625685215	2.0	2	2
178.32369509885075	2.0	2	2
178.42376451248646	2.0	2	2
178.52383392612217	2.0	2	2
178.6239033397579	2.0	2	2
178.7239727533936	2.0	2	2
178.82404216702935	2.0	2	2
178.92411158066506	2.0	2	2
179.02418099430076	2.0	2	2
179.1242504079365	2.0	2	2
179.2243198215722	2.0	2	2
179.32438923520792	2.0	2	2
179.42445864884365	2.0	2	2
179.52452806247936	2.0	2	2
179.62459747611507	2.0	2	2
179.7246668897508	2.0	2	2
179.82473630338652	2.0	2	2
179.92480571702225	2.0	2	2
180.02487513065796	2.0	2	2
180.12494454429367	2.0	2	2
180.2250139579294	2.0	2	2
180.3250833715651	2.0	2	2
180.42515278520082	2.0	2	2
180.52522219883656	2.0	2	2
180.62529161247227	2.0	2	2
180.72536102610798	2.0	2	2
180.8254304397437	2.0	2	2
180.92549985337942	2.0	2	2
181.02556926701516	2.0	2	2
181.12563868065087	2.0	2	2
181.22570809428657	2.0	2	2
181.3257775079223	2.0	2	2
181.42584692155802	2.0	2	2
181.52591633519373	2.0	2	2
181.62598574882946	2.0	2	2
181.72605516246517	2.0	2	2
181.8261245761009	2.0	2	2
181.92619398973662	2.0	2	2
182.02626340337233	2.0	2	2
182.12633281700806	2.0	2	2
182.22640223064377	2.0	2	2
182.32647164427948	1.0	1	1
182.42654105791522	1.0	1	1
182.52661047155092	1.0	1	1
182.62667988518663	1.0	1	1
182.72674929882237	1.0	1	1
182.82681871245808	1.0	1	1
182.92688812609381	1.0	1	1
183.02695753972952	1.0	1	1
183.12702695336523	1.0	1	1
183.22709636700097	1.0	1	1
