time	diversity	m_div	M_div
0.0	2.0	2	2
0.10008786287431932	2.0	2	2
0.20017572574863865	2.0	2	2
0.300263588622958	2.0	2	2
0.4003514514972773	2.0	2	2
0.5004393143715966	1.0	1	1
0.600527177245916	1.0	1	1
0.7006150401202352	1.0	1	1
0.8007029029945546	1.0	1	1
0.900790765868874	1.0	1	1
1.0008786287431932	1.0	1	1
1.1009664916175126	1.0	1	1
1.201054354491832	1.0	1	1
1.3011422173661513	1.0	1	1
1.4012300802404705	1.0	1	1
1.5013179431147898	1.0	1	1
1.6014058059891092	1.0	1	1
1.7014936688634286	1.0	1	1
1.801581531737748	1.0	1	1
1.901669394612067	1.0	1	1
2.0017572574863864	1.0	1	1
2.101845120360706	1.0	1	1
2.201932983235025	1.0	1	1
2.3020208461093445	1.0	1	1
2.402108708983664	1.0	1	1
2.5021965718579833	1.0	1	1
2.6022844347323026	1.0	1	1
2.7023722976066216	1.0	1	1
2.802460160480941	1.0	1	1
2.9025480233552603	1.0	1	1
3.0026358862295797	2.0	2	2
3.102723749103899	2.0	2	2
3.2028116119782184	2.0	2	2
3.3028994748525378	2.0	2	2
3.402987337726857	2.0	2	2
3.5030752006011765	2.0	2	2
3.603163063475496	3.0	3	3
3.7032509263498152	3.0	3	3
3.803338789224134	3.0	3	3
3.9034266520984535	3.0	3	3
4.003514514972773	3.0	3	3
4.103602377847093	3.0	3	3
4.203690240721412	3.0	3	3
4.3037781035957305	3.0	3	3
4.40386596647005	3.0	3	3
4.503953829344369	3.0	3	3
4.604041692218689	3.0	3	3
4.704129555093008	3.0	3	3
4.804217417967328	3.0	3	3
4.904305280841647	3.0	3	3
5.0043931437159666	3.0	3	3
5.1044810065902855	3.0	3	3
5.204568869464605	3.0	3	3
5.304656732338924	3.0	3	3
5.404744595213243	3.0	3	3
5.504832458087563	3.0	3	3
5.604920320961882	3.0	3	3
5.705008183836202	3.0	3	3
5.805096046710521	3.0	3	3
5.90518390958484	3.0	3	3
6.005271772459159	3.0	3	3
6.105359635333479	3.0	3	3
6.205447498207798	3.0	3	3
6.305535361082118	3.0	3	3
6.405623223956437	3.0	3	3
6.505711086830756	3.0	3	3
6.6057989497050755	3.0	3	3
6.7058868125793945	3.0	3	3
6.805974675453714	3.0	3	3
6.906062538328033	3.0	3	3
7.006150401202353	3.0	3	3
7.106238264076672	3.0	3	3
7.206326126950992	3.0	3	3
7.306413989825311	3.0	3	3
7.4065018526996305	3.0	3	3
7.506589715573949	3.0	3	3
7.606677578448268	3.0	3	3
7.706765441322588	3.0	3	3
7.806853304196907	3.0	3	3
7.906941167071227	3.0	3	3
8.007029029945546	3.0	3	3
8.107116892819866	3.0	3	3
8.207204755694185	3.0	3	3
8.307292618568503	3.0	3	3
8.407380481442823	3.0	3	3
8.507468344317143	3.0	3	3
8.607556207191461	3.0	3	3
8.707644070065781	3.0	3	3
8.8077319329401	3.0	3	3
8.90781979581442	3.0	3	3
9.007907658688739	3.0	3	3
9.107995521563058	3.0	3	3
9.208083384437378	3.0	3	3
9.308171247311698	3.0	3	3
9.408259110186016	3.0	3	3
9.508346973060336	3.0	3	3
9.608434835934656	3.0	3	3
9.708522698808974	3.0	3	3
9.808610561683293	3.0	3	3
9.908698424557613	3.0	3	3
10.008786287431933	3.0	3	3
10.108874150306251	3.0	3	3
10.208962013180571	3.0	3	3
10.30904987605489	3.0	3	3
10.40913773892921	3.0	3	3
10.509225601803529	3.0	3	3
10.609313464677848	3.0	3	3
10.709401327552168	3.0	3	3
10.809489190426486	3.0	3	3
10.909577053300806	3.0	3	3
11.009664916175126	3.0	3	3
11.109752779049446	3.0	3	3
11.209840641923764	3.0	3	3
11.309928504798084	3.0	3	3
11.410016367672403	3.0	3	3
11.510104230546723	3.0	3	3
11.610192093421041	3.0	3	3
11.710279956295361	3.0	3	3
11.81036781916968	3.0	3	3
11.910455682043999	3.0	3	3
12.010543544918319	3.0	3	3
12.110631407792638	3.0	3	3
12.210719270666958	3.0	3	3
12.310807133541276	3.0	3	3
12.410894996415596	3.0	3	3
12.510982859289916	3.0	3	3
12.611070722164236	3.0	3	3
12.711158585038554	4.0	4	4
12.811246447912874	4.0	4	4
12.911334310787193	4.0	4	4
13.011422173661511	4.0	4	4
13.111510036535831	4.0	4	4
13.211597899410151	4.0	4	4
13.31168576228447	4.0	4	4
13.411773625158789	4.0	4	4
13.511861488033109	4.0	4	4
13.611949350907429	4.0	4	4
13.712037213781748	4.0	4	4
13.812125076656066	4.0	4	4
13.912212939530386	4.0	4	4
14.012300802404706	5.0	5	5
14.112388665279024	5.0	5	5
14.212476528153344	5.0	5	5
14.312564391027664	5.0	5	5
14.412652253901983	5.0	5	5
14.512740116776301	5.0	5	5
14.612827979650621	5.0	5	5
14.712915842524941	5.0	5	5
14.813003705399261	5.0	5	5
14.913091568273579	5.0	5	5
15.013179431147899	5.0	5	5
15.113267294022219	5.0	5	5
15.213355156896537	5.0	5	5
15.313443019770856	5.0	5	5
15.413530882645176	5.0	5	5
15.513618745519496	5.0	5	5
15.613706608393814	5.0	5	5
15.713794471268134	5.0	5	5
15.813882334142454	5.0	5	5
15.913970197016774	5.0	5	5
16.01405805989109	5.0	5	5
16.11414592276541	5.0	5	5
16.21423378563973	5.0	5	5
16.31432164851405	5.0	5	5
16.41440951138837	5.0	5	5
16.51449737426269	5.0	5	5
16.614585237137007	5.0	5	5
16.71467310001133	5.0	5	5
16.814760962885646	5.0	5	5
16.914848825759965	5.0	5	5
17.014936688634286	5.0	5	5
17.115024551508604	5.0	5	5
17.215112414382922	5.0	5	5
17.315200277257244	5.0	5	5
17.415288140131562	5.0	5	5
17.515376003005883	5.0	5	5
17.6154638658802	5.0	5	5
17.71555172875452	5.0	5	5
17.81563959162884	5.0	5	5
17.91572745450316	5.0	5	5
18.015815317377477	5.0	5	5
18.1159031802518	5.0	5	5
18.215991043126117	5.0	5	5
18.316078906000435	5.0	5	5
18.416166768874756	5.0	5	5
18.516254631749074	5.0	5	5
18.616342494623396	5.0	5	5
18.716430357497714	5.0	5	5
18.816518220372032	4.0	4	4
18.916606083246354	4.0	4	4
19.01669394612067	4.0	4	4
19.11678180899499	4.0	4	4
19.21686967186931	4.0	4	4
19.31695753474363	4.0	4	4
19.417045397617947	4.0	4	4
19.51713326049227	4.0	4	4
19.617221123366587	4.0	4	4
19.71730898624091	4.0	4	4
19.817396849115227	4.0	4	4
19.917484711989545	4.0	4	4
20.017572574863866	4.0	4	4
20.117660437738184	4.0	4	4
20.217748300612502	4.0	4	4
20.317836163486824	4.0	4	4
20.417924026361142	4.0	4	4
20.51801188923546	4.0	4	4
20.61809975210978	4.0	4	4
20.7181876149841	4.0	4	4
20.81827547785842	4.0	4	4
20.91836334073274	4.0	4	4
21.018451203607057	3.0	3	3
21.11853906648138	3.0	3	3
21.218626929355697	3.0	3	3
21.318714792230015	3.0	3	3
21.418802655104336	3.0	3	3
21.518890517978654	3.0	3	3
21.618978380852973	3.0	3	3
21.719066243727294	3.0	3	3
21.819154106601612	2.0	2	2
21.919241969475934	2.0	2	2
22.01932983235025	2.0	2	2
22.11941769522457	2.0	2	2
22.21950555809889	2.0	2	2
22.31959342097321	2.0	2	2
22.419681283847527	2.0	2	2
22.51976914672185	2.0	2	2
22.619857009596167	2.0	2	2
22.719944872470485	2.0	2	2
22.820032735344807	2.0	2	2
22.920120598219125	2.0	2	2
23.020208461093446	2.0	2	2
23.120296323967764	2.0	2	2
23.220384186842082	2.0	2	2
23.320472049716404	2.0	2	2
23.420559912590722	2.0	2	2
23.52064777546504	2.0	2	2
23.62073563833936	1.0	1	1
23.72082350121368	1.0	1	1
23.820911364087998	1.0	1	1
23.92099922696232	1.0	1	1
24.021087089836637	1.0	1	1
24.12117495271096	1.0	1	1
24.221262815585277	1.0	1	1
24.321350678459595	1.0	1	1
24.421438541333917	1.0	1	1
24.521526404208235	1.0	1	1
24.621614267082553	1.0	1	1
24.721702129956874	1.0	1	1
24.821789992831192	1.0	1	1
24.92187785570551	1.0	1	1
25.021965718579832	1.0	1	1
25.12205358145415	1.0	1	1
25.22214144432847	1.0	1	1
25.32222930720279	1.0	1	1
25.422317170077108	1.0	1	1
25.52240503295143	1.0	1	1
25.622492895825747	1.0	1	1
25.722580758700065	1.0	1	1
25.822668621574387	1.0	1	1
25.922756484448705	1.0	1	1
26.022844347323023	1.0	1	1
26.122932210197344	1.0	1	1
26.223020073071662	1.0	1	1
26.323107935945984	1.0	1	1
26.423195798820302	1.0	1	1
26.52328366169462	1.0	1	1
26.62337152456894	1.0	1	1
26.72345938744326	1.0	1	1
26.823547250317578	1.0	1	1
26.9236351131919	1.0	1	1
27.023722976066217	1.0	1	1
27.123810838940535	1.0	1	1
27.223898701814857	1.0	1	1
27.323986564689175	1.0	1	1
27.424074427563497	1.0	1	1
27.524162290437815	1.0	1	1
27.624250153312133	1.0	1	1
27.724338016186454	1.0	1	1
27.824425879060772	1.0	1	1
27.92451374193509	1.0	1	1
28.024601604809412	1.0	1	1
28.12468946768373	1.0	1	1
28.224777330558048	1.0	1	1
28.32486519343237	2.0	2	2
28.424953056306688	2.0	2	2
28.52504091918101	2.0	2	2
28.625128782055327	2.0	2	2
28.725216644929645	2.0	2	2
28.825304507803967	2.0	2	2
28.925392370678285	2.0	2	2
29.025480233552603	2.0	2	2
29.125568096426925	2.0	2	2
29.225655959301243	2.0	2	2
29.32574382217556	2.0	2	2
29.425831685049882	2.0	2	2
29.5259195479242	2.0	2	2
29.626007410798522	2.0	2	2
29.72609527367284	2.0	2	2
29.826183136547158	2.0	2	2
29.92627099942148	2.0	2	2
30.026358862295798	2.0	2	2
30.126446725170116	2.0	2	2
30.226534588044437	2.0	2	2
30.326622450918755	2.0	2	2
30.426710313793073	2.0	2	2
30.526798176667395	2.0	2	2
30.626886039541713	2.0	2	2
30.726973902416034	2.0	2	2
30.827061765290352	2.0	2	2
30.92714962816467	2.0	2	2
31.027237491038992	2.0	2	2
31.12732535391331	2.0	2	2
31.227413216787628	2.0	2	2
31.32750107966195	2.0	2	2
31.427588942536268	2.0	2	2
31.527676805410586	2.0	2	2
31.627764668284907	2.0	2	2
31.727852531159225	2.0	2	2
31.827940394033547	2.0	2	2
31.928028256907865	2.0	2	2
32.02811611978218	2.0	2	2
32.1282039826565	1.0	1	1
32.22829184553082	1.0	1	1
32.328379708405144	1.0	1	1
32.42846757127946	1.0	1	1
32.52855543415378	1.0	1	1
32.6286432970281	1.0	1	1
32.728731159902416	1.0	1	1
32.82881902277674	1.0	1	1
32.92890688565106	1.0	1	1
33.02899474852538	1.0	1	1
33.129082611399696	1.0	1	1
33.229170474274014	1.0	1	1
33.32925833714833	1.0	1	1
33.42934620002266	1.0	1	1
33.529434062896975	1.0	1	1
33.62952192577129	1.0	1	1
33.72960978864561	1.0	1	1
33.82969765151993	1.0	1	1
33.929785514394254	1.0	1	1
34.02987337726857	1.0	1	1
34.12996124014289	1.0	1	1
34.23004910301721	1.0	1	1
34.330136965891526	1.0	1	1
34.430224828765844	1.0	1	1
34.53031269164017	1.0	1	1
34.63040055451449	1.0	1	1
34.730488417388806	1.0	1	1
34.830576280263124	1.0	1	1
34.93066414313744	1.0	1	1
35.03075200601177	1.0	1	1
35.130839868886085	1.0	1	1
35.2309277317604	1.0	1	1
35.33101559463472	1.0	1	1
35.43110345750904	1.0	1	1
35.53119132038336	1.0	1	1
35.63127918325768	1.0	1	1
35.731367046132	1.0	1	1
35.83145490900632	1.0	1	1
35.931542771880636	1.0	1	1
36.031630634754954	1.0	1	1
36.13171849762928	1.0	1	1
36.2318063605036	1.0	1	1
36.331894223377915	1.0	1	1
36.43198208625223	1.0	1	1
36.53206994912655	1.0	1	1
36.63215781200087	1.0	1	1
36.732245674875195	1.0	1	1
36.83233353774951	1.0	1	1
36.93242140062383	1.0	1	1
37.03250926349815	1.0	1	1
37.13259712637247	2.0	2	2
37.23268498924679	2.0	2	2
37.33277285212111	2.0	2	2
37.43286071499543	2.0	2	2
37.532948577869746	2.0	2	2
37.633036440744064	2.0	2	2
37.73312430361838	3.0	3	3
37.83321216649271	3.0	3	3
37.933300029367025	4.0	4	4
38.03338789224134	5.0	5	5
38.13347575511566	5.0	5	5
38.23356361798998	6.0	6	6
38.333651480864305	6.0	6	6
38.43373934373862	6.0	6	6
38.53382720661294	6.0	6	6
38.63391506948726	6.0	6	6
38.73400293236158	6.0	6	6
38.834090795235895	6.0	6	6
38.93417865811022	6.0	6	6
39.03426652098454	6.0	6	6
39.134354383858856	6.0	6	6
39.234442246733174	6.0	6	6
39.33453010960749	8.0	8	8
39.43461797248182	9.0	9	9
39.534705835356135	10.0	10	10
39.63479369823045	11.0	11	11
39.73488156110477	11.0	11	11
39.83496942397909	11.0	11	11
39.93505728685341	11.0	11	11
40.03514514972773	12.0	12	12
40.13523301260205	12.0	12	12
40.23532087547637	12.0	12	12
40.33540873835069	12.0	12	12
40.435496601225005	12.0	12	12
40.53558446409933	12.0	12	12
40.63567232697365	12.0	12	12
40.735760189847966	12.0	12	12
40.835848052722284	12.0	12	12
40.9359359155966	12.0	12	12
41.03602377847092	12.0	12	12
41.136111641345245	12.0	12	12
41.23619950421956	12.0	12	12
41.33628736709388	12.0	12	12
41.4363752299682	12.0	12	12
41.53646309284252	12.0	12	12
41.63655095571684	12.0	12	12
41.73663881859116	12.0	12	12
41.83672668146548	12.0	12	12
41.936814544339796	12.0	12	12
42.036902407214114	12.0	12	12
42.13699027008843	12.0	12	12
42.23707813296276	12.0	12	12
42.337165995837076	12.0	12	12
42.437253858711394	11.0	11	11
42.53734172158571	11.0	11	11
42.63742958446003	11.0	11	11
42.737517447334355	11.0	11	11
42.83760531020867	11.0	11	11
42.93769317308299	11.0	11	11
43.03778103595731	11.0	11	11
43.13786889883163	11.0	11	11
43.237956761705945	12.0	12	12
43.33804462458027	12.0	12	12
43.43813248745459	12.0	12	12
43.538220350328906	12.0	12	12
43.638308213203224	12.0	12	12
43.73839607607754	12.0	12	12
43.83848393895187	12.0	12	12
43.938571801826185	12.0	12	12
44.0386596647005	12.0	12	12
44.13874752757482	12.0	12	12
44.23883539044914	12.0	12	12
44.33892325332346	12.0	12	12
44.43901111619778	12.0	12	12
44.5390989790721	12.0	12	12
44.63918684194642	12.0	12	12
44.73927470482074	12.0	12	12
44.839362567695055	12.0	12	12
44.93945043056938	12.0	12	12
45.0395382934437	12.0	12	12
45.139626156318016	12.0	12	12
45.239714019192334	12.0	12	12
45.33980188206665	12.0	12	12
45.43988974494097	12.0	12	12
45.539977607815295	12.0	12	12
45.64006547068961	12.0	12	12
45.74015333356393	12.0	12	12
45.84024119643825	12.0	12	12
45.94032905931257	12.0	12	12
46.04041692218689	12.0	12	12
46.14050478506121	13.0	13	13
46.24059264793553	14.0	14	14
46.34068051080985	14.0	14	14
46.440768373684165	14.0	14	14
46.54085623655848	14.0	14	14
46.64094409943281	14.0	14	14
46.741031962307126	14.0	14	14
46.841119825181444	14.0	14	14
46.94120768805576	14.0	14	14
47.04129555093008	15.0	15	15
47.141383413804405	16.0	16	16
47.24147127667872	16.0	16	16
47.34155913955304	16.0	16	16
47.44164700242736	15.0	15	15
47.54173486530168	15.0	15	15
47.641822728175995	15.0	15	15
47.74191059105032	15.0	15	15
47.84199845392464	15.0	15	15
47.94208631679896	15.0	15	15
48.042174179673275	15.0	15	15
48.14226204254759	15.0	15	15
48.24234990542192	15.0	15	15
48.342437768296236	15.0	15	15
48.442525631170554	15.0	15	15
48.54261349404487	15.0	15	15
48.64270135691919	15.0	15	15
48.74278921979351	15.0	15	15
48.84287708266783	15.0	15	15
48.94296494554215	15.0	15	15
49.04305280841647	16.0	16	16
49.14314067129079	16.0	16	16
49.243228534165105	16.0	16	16
49.34331639703943	16.0	16	16
49.44340425991375	17.0	17	17
49.54349212278807	17.0	17	17
49.643579985662385	17.0	17	17
49.7436678485367	17.0	17	17
49.84375571141102	17.0	17	17
49.943843574285346	17.0	17	17
50.043931437159664	16.0	16	16
50.14401930003398	16.0	16	16
50.2441071629083	16.0	16	16
50.34419502578262	16.0	16	16
50.44428288865694	16.0	16	16
50.54437075153126	17.0	17	17
50.64445861440558	17.0	17	17
50.7445464772799	17.0	17	17
50.844634340154215	17.0	17	17
50.94472220302853	16.0	16	16
51.04481006590286	16.0	16	16
51.144897928777176	16.0	16	16
51.244985791651494	16.0	16	16
51.34507365452581	16.0	16	16
51.44516151740013	16.0	16	16
51.545249380274456	16.0	16	16
51.645337243148774	16.0	16	16
51.74542510602309	16.0	16	16
51.84551296889741	16.0	16	16
51.94560083177173	16.0	16	16
52.045688694646046	16.0	16	16
52.14577655752037	16.0	16	16
52.24586442039469	16.0	16	16
52.34595228326901	16.0	16	16
52.446040146143325	17.0	17	17
52.54612800901764	17.0	17	17
52.64621587189197	17.0	17	17
52.746303734766286	17.0	17	17
52.846391597640604	17.0	17	17
52.94647946051492	17.0	17	17
53.04656732338924	17.0	17	17
53.14665518626356	17.0	17	17
53.24674304913788	17.0	17	17
53.3468309120122	17.0	17	17
53.44691877488652	16.0	16	16
53.54700663776084	16.0	16	16
53.647094500635156	15.0	15	15
53.74718236350948	15.0	15	15
53.8472702263838	14.0	14	14
53.94735808925812	14.0	14	14
54.047445952132435	12.0	12	12
54.14753381500675	12.0	12	12
54.24762167788107	12.0	12	12
54.347709540755396	12.0	12	12
54.447797403629714	12.0	12	12
54.54788526650403	13.0	13	13
54.64797312937835	12.0	12	12
54.74806099225267	12.0	12	12
54.84814885512699	12.0	12	12
54.94823671800131	14.0	14	14
55.04832458087563	14.0	14	14
55.14841244374995	15.0	15	15
55.248500306624265	13.0	13	13
55.34858816949858	13.0	13	13
55.44867603237291	13.0	13	13
55.54876389524723	13.0	13	13
55.648851758121545	12.0	12	12
55.74893962099586	12.0	12	12
55.84902748387018	12.0	12	12
55.949115346744506	11.0	11	11
56.049203209618824	10.0	10	10
56.14929107249314	10.0	10	10
56.24937893536746	11.0	11	11
56.34946679824178	11.0	11	11
56.449554661116096	11.0	11	11
56.54964252399042	11.0	11	11
56.64973038686474	11.0	11	11
56.74981824973906	11.0	11	11
56.849906112613375	11.0	11	11
56.94999397548769	11.0	11	11
57.05008183836202	10.0	10	10
57.15016970123634	10.0	10	10
57.250257564110655	10.0	10	10
57.35034542698497	9.0	9	9
57.45043328985929	9.0	9	9
57.55052115273361	9.0	9	9
57.650609015607934	7.0	7	7
57.75069687848225	7.0	7	7
57.85078474135657	8.0	8	8
57.95087260423089	7.0	7	7
58.050960467105206	7.0	7	7
58.15104832997953	6.0	6	6
58.25113619285385	7.0	7	7
58.35122405572817	7.0	7	7
58.451311918602485	7.0	7	7
58.5513997814768	7.0	7	7
58.65148764435112	7.0	7	7
58.751575507225446	7.0	7	7
58.851663370099764	7.0	7	7
58.95175123297408	7.0	7	7
59.0518390958484	7.0	7	7
59.15192695872272	7.0	7	7
59.252014821597044	7.0	7	7
59.35210268447136	7.0	7	7
59.45219054734568	5.0	5	5
59.55227841022	5.0	5	5
59.652366273094316	5.0	5	5
59.752454135968634	5.0	5	5
59.85254199884296	5.0	5	5
59.95262986171728	5.0	5	5
60.052717724591595	5.0	5	5
60.15280558746591	5.0	5	5
60.25289345034023	5.0	5	5
60.352981313214556	5.0	5	5
60.453069176088874	5.0	5	5
60.55315703896319	5.0	5	5
60.65324490183751	5.0	5	5
60.75333276471183	5.0	5	5
60.85342062758615	5.0	5	5
60.95350849046047	5.0	5	5
61.05359635333479	6.0	6	6
61.15368421620911	7.0	7	7
61.253772079083426	7.0	7	7
61.353859941957744	7.0	7	7
61.45394780483207	7.0	7	7
61.55403566770639	7.0	7	7
61.654123530580705	7.0	7	7
61.75421139345502	7.0	7	7
61.85429925632934	7.0	7	7
61.95438711920366	7.0	7	7
62.054474982077984	7.0	7	7
62.1545628449523	7.0	7	7
62.25465070782662	7.0	7	7
62.35473857070094	6.0	6	6
62.454826433575256	6.0	6	6
62.55491429644958	6.0	6	6
62.6550021593239	6.0	6	6
62.75509002219822	5.0	5	5
62.855177885072536	5.0	5	5
62.955265747946854	6.0	6	6
63.05535361082117	6.0	6	6
63.1554414736955	6.0	6	6
63.255529336569815	6.0	6	6
63.35561719944413	6.0	6	6
63.45570506231845	6.0	6	6
63.55579292519277	6.0	6	6
63.655880788067094	6.0	6	6
63.75596865094141	6.0	6	6
63.85605651381573	6.0	6	6
63.95614437669005	7.0	7	7
64.05623223956437	7.0	7	7
64.15632010243868	7.0	7	7
64.256407965313	7.0	7	7
64.35649582818732	7.0	7	7
64.45658369106164	7.0	7	7
64.55667155393597	7.0	7	7
64.65675941681029	7.0	7	7
64.7568472796846	7.0	7	7
64.85693514255892	7.0	7	7
64.95702300543324	7.0	7	7
65.05711086830756	6.0	6	6
65.15719873118188	6.0	6	6
65.2572865940562	7.0	7	7
65.35737445693051	9.0	9	9
65.45746231980483	8.0	8	8
65.55755018267915	9.0	9	9
65.65763804555348	12.0	12	12
65.7577259084278	13.0	13	13
65.85781377130212	13.0	13	13
65.95790163417644	13.0	13	13
66.05798949705076	14.0	14	14
66.15807735992507	14.0	14	14
66.25816522279939	14.0	14	14
66.35825308567371	16.0	16	16
66.45834094854803	18.0	18	18
66.55842881142235	18.0	18	18
66.65851667429666	18.0	18	18
66.758604537171	17.0	17	17
66.85869240004531	17.0	17	17
66.95878026291963	17.0	17	17
67.05886812579395	18.0	18	18
67.15895598866827	19.0	19	19
67.25904385154259	20.0	20	20
67.3591317144169	20.0	20	20
67.45921957729122	20.0	20	20
67.55930744016554	20.0	20	20
67.65939530303986	20.0	20	20
67.75948316591418	20.0	20	20
67.85957102878851	20.0	20	20
67.95965889166283	20.0	20	20
68.05974675453714	19.0	19	19
68.15983461741146	19.0	19	19
68.25992248028578	19.0	19	19
68.3600103431601	19.0	19	19
68.46009820603442	19.0	19	19
68.56018606890873	18.0	18	18
68.66027393178305	18.0	18	18
68.76036179465737	16.0	16	16
68.86044965753169	15.0	15	15
68.96053752040602	15.0	15	15
69.06062538328034	15.0	15	15
69.16071324615466	15.0	15	15
69.26080110902898	14.0	14	14
69.3608889719033	14.0	14	14
69.46097683477761	14.0	14	14
69.56106469765193	14.0	14	14
69.66115256052625	14.0	14	14
69.76124042340057	15.0	15	15
69.86132828627488	15.0	15	15
69.9614161491492	15.0	15	15
70.06150401202353	15.0	15	15
70.16159187489785	15.0	15	15
70.26167973777217	15.0	15	15
70.36176760064649	17.0	17	17
70.4618554635208	17.0	17	17
70.56194332639512	16.0	16	16
70.66203118926944	16.0	16	16
70.76211905214376	16.0	16	16
70.86220691501808	16.0	16	16
70.9622947778924	17.0	17	17
71.06238264076671	17.0	17	17
71.16247050364105	16.0	16	16
71.26255836651536	16.0	16	16
71.36264622938968	16.0	16	16
71.462734092264	15.0	15	15
71.56282195513832	15.0	15	15
71.66290981801264	15.0	15	15
71.76299768088695	15.0	15	15
71.86308554376127	15.0	15	15
71.96317340663559	15.0	15	15
72.06326126950991	16.0	16	16
72.16334913238423	15.0	15	15
72.26343699525856	15.0	15	15
72.36352485813288	16.0	16	16
72.4636127210072	14.0	14	14
72.56370058388151	14.0	14	14
72.66378844675583	14.0	14	14
72.76387630963015	14.0	14	14
72.86396417250447	14.0	14	14
72.96405203537878	13.0	13	13
73.0641398982531	14.0	14	14
73.16422776112742	15.0	15	15
73.26431562400174	15.0	15	15
73.36440348687607	15.0	15	15
73.46449134975039	15.0	15	15
73.56457921262471	14.0	14	14
73.66466707549903	14.0	14	14
73.76475493837334	15.0	15	15
73.86484280124766	15.0	15	15
73.96493066412198	15.0	15	15
74.0650185269963	16.0	16	16
74.16510638987062	16.0	16	16
74.26519425274493	16.0	16	16
74.36528211561925	16.0	16	16
74.46536997849358	16.0	16	16
74.5654578413679	16.0	16	16
74.66554570424222	16.0	16	16
74.76563356711654	16.0	16	16
74.86572142999086	16.0	16	16
74.96580929286517	16.0	16	16
75.06589715573949	16.0	16	16
75.16598501861381	16.0	16	16
75.26607288148813	16.0	16	16
75.36616074436245	16.0	16	16
75.46624860723676	16.0	16	16
75.5663364701111	16.0	16	16
75.66642433298541	16.0	16	16
75.76651219585973	16.0	16	16
75.86660005873405	15.0	15	15
75.96668792160837	15.0	15	15
76.06677578448269	15.0	15	15
76.166863647357	15.0	15	15
76.26695151023132	15.0	15	15
76.36703937310564	15.0	15	15
76.46712723597996	15.0	15	15
76.56721509885428	14.0	14	14
76.66730296172861	14.0	14	14
76.76739082460293	14.0	14	14
76.86747868747725	14.0	14	14
76.96756655035156	14.0	14	14
77.06765441322588	14.0	14	14
77.1677422761002	14.0	14	14
77.26783013897452	14.0	14	14
77.36791800184884	14.0	14	14
77.46800586472315	13.0	13	13
77.56809372759747	14.0	14	14
77.66818159047179	14.0	14	14
77.76826945334612	14.0	14	14
77.86835731622044	14.0	14	14
77.96844517909476	14.0	14	14
78.06853304196908	14.0	14	14
78.1686209048434	14.0	14	14
78.26870876771771	14.0	14	14
78.36879663059203	14.0	14	14
78.46888449346635	14.0	14	14
78.56897235634067	14.0	14	14
78.66906021921498	14.0	14	14
78.7691480820893	14.0	14	14
78.86923594496363	14.0	14	14
78.96932380783795	14.0	14	14
79.06941167071227	14.0	14	14
79.16949953358659	14.0	14	14
79.2695873964609	13.0	13	13
79.36967525933522	13.0	13	13
79.46976312220954	13.0	13	13
79.56985098508386	13.0	13	13
79.66993884795818	13.0	13	13
79.7700267108325	12.0	12	12
79.87011457370681	12.0	12	12
79.97020243658115	12.0	12	12
80.07029029945546	12.0	12	12
80.17037816232978	13.0	13	13
80.2704660252041	14.0	14	14
80.37055388807842	14.0	14	14
80.47064175095274	14.0	14	14
80.57072961382706	14.0	14	14
80.67081747670137	14.0	14	14
80.77090533957569	14.0	14	14
80.87099320245001	14.0	14	14
80.97108106532433	14.0	14	14
81.07116892819866	14.0	14	14
81.17125679107298	14.0	14	14
81.2713446539473	14.0	14	14
81.37143251682161	14.0	14	14
81.47152037969593	13.0	13	13
81.57160824257025	12.0	12	12
81.67169610544457	12.0	12	12
81.77178396831889	12.0	12	12
81.8718718311932	11.0	11	11
81.97195969406752	11.0	11	11
82.07204755694184	11.0	11	11
82.17213541981617	11.0	11	11
82.27222328269049	11.0	11	11
82.37231114556481	11.0	11	11
82.47239900843913	11.0	11	11
82.57248687131344	11.0	11	11
82.67257473418776	11.0	11	11
82.77266259706208	11.0	11	11
82.8727504599364	11.0	11	11
82.97283832281072	11.0	11	11
83.07292618568503	12.0	12	12
83.17301404855935	12.0	12	12
83.27310191143368	12.0	12	12
83.373189774308	12.0	12	12
83.47327763718232	12.0	12	12
83.57336550005664	12.0	12	12
83.67345336293096	12.0	12	12
83.77354122580527	12.0	12	12
83.87362908867959	13.0	13	13
83.97371695155391	14.0	14	14
84.07380481442823	14.0	14	14
84.17389267730255	14.0	14	14
84.27398054017686	14.0	14	14
84.3740684030512	14.0	14	14
84.47415626592552	13.0	13	13
84.57424412879983	11.0	11	11
84.67433199167415	10.0	10	10
84.77441985454847	9.0	9	9
84.87450771742279	8.0	8	8
84.9745955802971	8.0	8	8
85.07468344317142	8.0	8	8
85.17477130604574	7.0	7	7
85.27485916892006	7.0	7	7
85.37494703179438	6.0	6	6
85.47503489466871	6.0	6	6
85.57512275754303	6.0	6	6
85.67521062041735	6.0	6	6
85.77529848329166	6.0	6	6
85.87538634616598	6.0	6	6
85.9754742090403	7.0	7	7
86.07556207191462	7.0	7	7
86.17564993478894	7.0	7	7
86.27573779766325	6.0	6	6
86.37582566053757	6.0	6	6
86.47591352341189	6.0	6	6
86.57600138628622	6.0	6	6
86.67608924916054	6.0	6	6
86.77617711203486	5.0	5	5
86.87626497490918	5.0	5	5
86.9763528377835	5.0	5	5
87.07644070065781	5.0	5	5
87.17652856353213	4.0	4	4
87.27661642640645	4.0	4	4
87.37670428928077	4.0	4	4
87.47679215215508	4.0	4	4
87.5768800150294	4.0	4	4
87.67696787790373	4.0	4	4
87.77705574077805	4.0	4	4
87.87714360365237	4.0	4	4
87.97723146652669	4.0	4	4
88.077319329401	2.0	2	2
88.17740719227533	2.0	2	2
88.27749505514964	2.0	2	2
88.37758291802396	2.0	2	2
88.47767078089828	2.0	2	2
88.5777586437726	2.0	2	2
88.67784650664692	2.0	2	2
88.77793436952125	2.0	2	2
88.87802223239557	3.0	3	3
88.97811009526988	4.0	4	4
89.0781979581442	4.0	4	4
89.17828582101852	4.0	4	4
89.27837368389284	5.0	5	5
89.37846154676716	5.0	5	5
89.47854940964147	5.0	5	5
89.57863727251579	6.0	6	6
89.67872513539011	6.0	6	6
89.77881299826443	6.0	6	6
89.87890086113876	6.0	6	6
89.97898872401308	6.0	6	6
90.0790765868874	6.0	6	6
90.17916444976171	6.0	6	6
90.27925231263603	6.0	6	6
90.37934017551035	6.0	6	6
90.47942803838467	6.0	6	6
90.57951590125899	6.0	6	6
90.6796037641333	6.0	6	6
90.77969162700762	6.0	6	6
90.87977948988194	6.0	6	6
90.97986735275627	6.0	6	6
91.07995521563059	6.0	6	6
91.18004307850491	6.0	6	6
91.28013094137923	6.0	6	6
91.38021880425354	6.0	6	6
91.48030666712786	6.0	6	6
91.58039453000218	6.0	6	6
91.6804823928765	6.0	6	6
91.78057025575082	6.0	6	6
91.88065811862513	6.0	6	6
91.98074598149945	6.0	6	6
92.08083384437379	7.0	7	7
92.1809217072481	7.0	7	7
92.28100957012242	7.0	7	7
92.38109743299674	7.0	7	7
92.48118529587106	7.0	7	7
92.58127315874538	7.0	7	7
92.6813610216197	7.0	7	7
92.78144888449401	7.0	7	7
92.88153674736833	6.0	6	6
92.98162461024265	6.0	6	6
93.08171247311697	5.0	5	5
93.1818003359913	5.0	5	5
93.28188819886562	3.0	3	3
93.38197606173993	4.0	4	4
93.48206392461425	4.0	4	4
93.58215178748857	5.0	5	5
93.68223965036289	5.0	5	5
93.7823275132372	5.0	5	5
93.88241537611152	6.0	6	6
93.98250323898584	6.0	6	6
94.08259110186016	6.0	6	6
94.18267896473448	7.0	7	7
94.28276682760881	7.0	7	7
94.38285469048313	7.0	7	7
94.48294255335745	8.0	8	8
94.58303041623176	8.0	8	8
94.68311827910608	7.0	7	7
94.7832061419804	7.0	7	7
94.88329400485472	7.0	7	7
94.98338186772904	7.0	7	7
95.08346973060335	6.0	6	6
95.18355759347767	6.0	6	6
95.28364545635199	6.0	6	6
95.38373331922632	4.0	4	4
95.48382118210064	5.0	5	5
95.58390904497496	5.0	5	5
95.68399690784928	4.0	4	4
95.7840847707236	4.0	4	4
95.88417263359791	5.0	5	5
95.98426049647223	5.0	5	5
96.08434835934655	6.0	6	6
96.18443622222087	6.0	6	6
96.28452408509519	6.0	6	6
96.3846119479695	6.0	6	6
96.48469981084384	6.0	6	6
96.58478767371815	6.0	6	6
96.68487553659247	5.0	5	5
96.78496339946679	5.0	5	5
96.88505126234111	5.0	5	5
96.98513912521543	5.0	5	5
97.08522698808974	5.0	5	5
97.18531485096406	4.0	4	4
97.28540271383838	4.0	4	4
97.3854905767127	4.0	4	4
97.48557843958702	4.0	4	4
97.58566630246135	4.0	4	4
97.68575416533567	4.0	4	4
97.78584202820998	4.0	4	4
97.8859298910843	4.0	4	4
97.98601775395862	3.0	3	3
98.08610561683294	3.0	3	3
98.18619347970726	3.0	3	3
98.28628134258157	3.0	3	3
98.38636920545589	3.0	3	3
98.48645706833021	3.0	3	3
98.58654493120453	4.0	4	4
98.68663279407886	4.0	4	4
98.78672065695318	4.0	4	4
98.8868085198275	4.0	4	4
98.98689638270181	4.0	4	4
99.08698424557613	4.0	4	4
99.18707210845045	4.0	4	4
99.28715997132477	4.0	4	4
99.38724783419909	4.0	4	4
99.4873356970734	4.0	4	4
99.58742355994772	4.0	4	4
99.68751142282204	4.0	4	4
99.78759928569637	4.0	4	4
99.88768714857069	4.0	4	4
99.98777501144501	4.0	4	4
100.08786287431933	4.0	4	4
100.18795073719365	5.0	5	5
100.28803860006796	5.0	5	5
100.38812646294228	5.0	5	5
100.4882143258166	5.0	5	5
100.58830218869092	5.0	5	5
100.68839005156524	5.0	5	5
100.78847791443955	5.0	5	5
100.88856577731389	5.0	5	5
100.9886536401882	5.0	5	5
101.08874150306252	5.0	5	5
101.18882936593684	5.0	5	5
101.28891722881116	5.0	5	5
101.38900509168548	5.0	5	5
101.4890929545598	5.0	5	5
101.58918081743411	5.0	5	5
101.68926868030843	5.0	5	5
101.78935654318275	5.0	5	5
101.88944440605707	4.0	4	4
101.9895322689314	4.0	4	4
102.08962013180572	4.0	4	4
102.18970799468003	4.0	4	4
102.28979585755435	4.0	4	4
102.38988372042867	4.0	4	4
102.48997158330299	4.0	4	4
102.5900594461773	4.0	4	4
102.69014730905162	4.0	4	4
102.79023517192594	4.0	4	4
102.89032303480026	5.0	5	5
102.99041089767458	5.0	5	5
103.09049876054891	5.0	5	5
103.19058662342323	5.0	5	5
103.29067448629755	4.0	4	4
103.39076234917187	4.0	4	4
103.49085021204618	4.0	4	4
103.5909380749205	4.0	4	4
103.69102593779482	4.0	4	4
103.79111380066914	4.0	4	4
103.89120166354346	4.0	4	4
103.99128952641777	4.0	4	4
104.09137738929209	4.0	4	4
104.19146525216642	4.0	4	4
104.29155311504074	4.0	4	4
104.39164097791506	4.0	4	4
104.49172884078938	4.0	4	4
104.5918167036637	4.0	4	4
104.69190456653801	4.0	4	4
104.79199242941233	4.0	4	4
104.89208029228665	4.0	4	4
104.99216815516097	4.0	4	4
105.09225601803529	4.0	4	4
105.1923438809096	4.0	4	4
105.29243174378394	4.0	4	4
105.39251960665825	4.0	4	4
105.49260746953257	4.0	4	4
105.59269533240689	4.0	4	4
105.69278319528121	4.0	4	4
105.79287105815553	4.0	4	4
105.89295892102984	4.0	4	4
105.99304678390416	4.0	4	4
106.09313464677848	4.0	4	4
106.1932225096528	4.0	4	4
106.29331037252712	4.0	4	4
106.39339823540145	4.0	4	4
106.49348609827577	4.0	4	4
106.59357396115008	4.0	4	4
106.6936618240244	4.0	4	4
106.79374968689872	4.0	4	4
106.89383754977304	4.0	4	4
106.99392541264736	4.0	4	4
107.09401327552168	4.0	4	4
107.194101138396	4.0	4	4
107.29418900127031	4.0	4	4
107.39427686414463	4.0	4	4
107.49436472701896	4.0	4	4
107.59445258989328	4.0	4	4
107.6945404527676	4.0	4	4
107.79462831564192	4.0	4	4
107.89471617851623	4.0	4	4
107.99480404139055	4.0	4	4
108.09489190426487	4.0	4	4
108.19497976713919	4.0	4	4
108.2950676300135	4.0	4	4
108.39515549288782	4.0	4	4
108.49524335576214	4.0	4	4
108.59533121863647	4.0	4	4
108.69541908151079	4.0	4	4
108.79550694438511	4.0	4	4
108.89559480725943	4.0	4	4
108.99568267013375	4.0	4	4
109.09577053300806	4.0	4	4
109.19585839588238	4.0	4	4
109.2959462587567	4.0	4	4
109.39603412163102	4.0	4	4
109.49612198450534	4.0	4	4
109.59620984737965	4.0	4	4
109.69629771025399	4.0	4	4
109.7963855731283	4.0	4	4
109.89647343600262	4.0	4	4
109.99656129887694	4.0	4	4
110.09664916175126	4.0	4	4
110.19673702462558	4.0	4	4
110.2968248874999	4.0	4	4
110.39691275037421	4.0	4	4
110.49700061324853	4.0	4	4
110.59708847612285	4.0	4	4
110.69717633899717	4.0	4	4
110.7972642018715	4.0	4	4
110.89735206474582	4.0	4	4
110.99743992762014	4.0	4	4
111.09752779049445	4.0	4	4
111.19761565336877	4.0	4	4
111.29770351624309	4.0	4	4
111.39779137911741	4.0	4	4
111.49787924199173	4.0	4	4
111.59796710486604	4.0	4	4
111.69805496774036	3.0	3	3
111.79814283061468	3.0	3	3
111.89823069348901	3.0	3	3
111.99831855636333	3.0	3	3
112.09840641923765	3.0	3	3
112.19849428211197	3.0	3	3
112.29858214498628	3.0	3	3
112.3986700078606	3.0	3	3
112.49875787073492	3.0	3	3
112.59884573360924	3.0	3	3
112.69893359648356	3.0	3	3
112.79902145935787	3.0	3	3
112.89910932223219	3.0	3	3
112.99919718510652	3.0	3	3
113.09928504798084	3.0	3	3
113.19937291085516	2.0	2	2
113.29946077372948	2.0	2	2
113.3995486366038	2.0	2	2
113.49963649947811	2.0	2	2
113.59972436235243	2.0	2	2
113.69981222522675	2.0	2	2
113.79990008810107	2.0	2	2
113.89998795097539	2.0	2	2
114.0000758138497	2.0	2	2
114.10016367672404	1.0	1	1
114.20025153959836	0.0	0	0
114.30033940247267	0.0	0	0
114.40042726534699	0.0	0	0
114.50051512822131	0.0	0	0
114.60060299109563	0.0	0	0
114.70069085396995	0.0	0	0
114.80077871684426	0.0	0	0
114.90086657971858	0.0	0	0
115.0009544425929	0.0	0	0
115.10104230546722	0.0	0	0
115.20113016834155	0.0	0	0
115.30121803121587	0.0	0	0
115.40130589409019	0.0	0	0
115.5013937569645	0.0	0	0
115.60148161983882	0.0	0	0
115.70156948271314	0.0	0	0
115.80165734558746	0.0	0	0
115.90174520846178	0.0	0	0
116.0018330713361	0.0	0	0
116.10192093421041	0.0	0	0
116.20200879708473	0.0	0	0
116.30209665995906	0.0	0	0
116.40218452283338	0.0	0	0
116.5022723857077	0.0	0	0
116.60236024858202	0.0	0	0
116.70244811145633	0.0	0	0
116.80253597433065	0.0	0	0
116.90262383720497	0.0	0	0
117.00271170007929	0.0	0	0
117.1027995629536	0.0	0	0
117.20288742582792	0.0	0	0
117.30297528870224	0.0	0	0
117.40306315157657	0.0	0	0
117.50315101445089	0.0	0	0
117.60323887732521	0.0	0	0
117.70332674019953	0.0	0	0
117.80341460307385	0.0	0	0
117.90350246594816	0.0	0	0
118.00359032882248	0.0	0	0
118.1036781916968	0.0	0	0
118.20376605457112	0.0	0	0
118.30385391744544	0.0	0	0
118.40394178031976	0.0	0	0
118.50402964319409	0.0	0	0
118.6041175060684	0.0	0	0
118.70420536894272	0.0	0	0
118.80429323181704	0.0	0	0
118.90438109469136	0.0	0	0
119.00446895756568	0.0	0	0
119.10455682044	0.0	0	0
119.20464468331431	0.0	0	0
119.30473254618863	0.0	0	0
119.40482040906295	0.0	0	0
119.50490827193727	0.0	0	0
119.6049961348116	0.0	0	0
119.70508399768592	0.0	0	0
119.80517186056024	0.0	0	0
119.90525972343455	0.0	0	0
120.00534758630887	0.0	0	0
120.10543544918319	0.0	0	0
120.20552331205751	0.0	0	0
120.30561117493183	0.0	0	0
120.40569903780614	0.0	0	0
120.50578690068046	0.0	0	0
120.60587476355478	0.0	0	0
120.70596262642911	0.0	0	0
120.80605048930343	1.0	1	1
120.90613835217775	1.0	1	1
121.00622621505207	1.0	1	1
121.10631407792638	1.0	1	1
121.2064019408007	1.0	1	1
121.30648980367502	1.0	1	1
121.40657766654934	1.0	1	1
121.50666552942366	1.0	1	1
121.60675339229797	1.0	1	1
121.7068412551723	1.0	1	1
121.80692911804663	1.0	1	1
121.90701698092094	1.0	1	1
122.00710484379526	1.0	1	1
122.10719270666958	1.0	1	1
122.2072805695439	1.0	1	1
122.30736843241822	1.0	1	1
122.40745629529253	1.0	1	1
122.50754415816685	1.0	1	1
122.60763202104117	1.0	1	1
122.70771988391549	0.0	0	0
122.8078077467898	0.0	0	0
122.90789560966414	0.0	0	0
123.00798347253846	0.0	0	0
123.10807133541277	0.0	0	0
123.20815919828709	0.0	0	0
123.30824706116141	0.0	0	0
123.40833492403573	0.0	0	0
123.50842278691005	0.0	0	0
123.60851064978436	0.0	0	0
123.70859851265868	0.0	0	0
123.808686375533	0.0	0	0
123.90877423840732	0.0	0	0
124.00886210128165	0.0	0	0
124.10894996415597	0.0	0	0
124.20903782703029	0.0	0	0
124.3091256899046	0.0	0	0
124.40921355277892	0.0	0	0
124.50930141565324	0.0	0	0
124.60938927852756	0.0	0	0
124.70947714140188	0.0	0	0
124.8095650042762	0.0	0	0
124.90965286715051	0.0	0	0
125.00974073002483	0.0	0	0
125.10982859289916	0.0	0	0
125.20991645577348	0.0	0	0
125.3100043186478	0.0	0	0
125.41009218152212	0.0	0	0
125.51018004439644	0.0	0	0
125.61026790727075	0.0	0	0
125.71035577014507	0.0	0	0
125.81044363301939	0.0	0	0
125.91053149589371	0.0	0	0
126.01061935876803	0.0	0	0
126.11070722164234	0.0	0	0
126.21079508451668	0.0	0	0
126.310882947391	0.0	0	0
126.41097081026531	0.0	0	0
126.51105867313963	0.0	0	0
126.61114653601395	0.0	0	0
126.71123439888827	0.0	0	0
126.81132226176258	0.0	0	0
126.9114101246369	0.0	0	0
127.01149798751122	0.0	0	0
127.11158585038554	0.0	0	0
127.21167371325986	1.0	1	1
127.31176157613419	1.0	1	1
127.4118494390085	1.0	1	1
127.51193730188282	1.0	1	1
127.61202516475714	1.0	1	1
127.71211302763146	2.0	2	2
127.81220089050578	2.0	2	2
127.9122887533801	2.0	2	2
128.01237661625441	2.0	2	2
128.11246447912873	2.0	2	2
128.21255234200305	3.0	3	3
128.31264020487737	4.0	4	4
128.4127280677517	4.0	4	4
128.512815930626	4.0	4	4
128.61290379350032	4.0	4	4
128.71299165637464	4.0	4	4
128.81307951924896	4.0	4	4
128.91316738212328	4.0	4	4
129.01325524499762	4.0	4	4
129.11334310787194	4.0	4	4
129.21343097074626	3.0	3	3
129.31351883362058	3.0	3	3
129.4136066964949	3.0	3	3
129.5136945593692	3.0	3	3
129.61378242224353	3.0	3	3
129.71387028511785	2.0	2	2
129.81395814799217	2.0	2	2
129.91404601086649	2.0	2	2
130.0141338737408	2.0	2	2
130.11422173661512	2.0	2	2
130.21430959948944	2.0	2	2
130.31439746236376	1.0	1	1
130.41448532523808	1.0	1	1
130.5145731881124	1.0	1	1
130.6146610509867	1.0	1	1
130.71474891386103	1.0	1	1
130.81483677673535	1.0	1	1
130.91492463960967	1.0	1	1
131.01501250248398	1.0	1	1
131.1151003653583	1.0	1	1
131.21518822823265	1.0	1	1
131.31527609110697	1.0	1	1
131.41536395398128	1.0	1	1
131.5154518168556	1.0	1	1
131.61553967972992	1.0	1	1
131.71562754260424	1.0	1	1
131.81571540547856	1.0	1	1
131.91580326835287	1.0	1	1
132.0158911312272	1.0	1	1
132.1159789941015	1.0	1	1
132.21606685697583	1.0	1	1
132.31615471985015	1.0	1	1
132.41624258272446	1.0	1	1
132.51633044559878	1.0	1	1
132.6164183084731	1.0	1	1
132.71650617134742	1.0	1	1
132.81659403422174	1.0	1	1
132.91668189709605	1.0	1	1
133.01676975997037	1.0	1	1
133.1168576228447	1.0	1	1
133.216945485719	1.0	1	1
133.31703334859333	0.0	0	0
133.41712121146767	0.0	0	0
133.517209074342	0.0	0	0
133.6172969372163	0.0	0	0
133.71738480009063	0.0	0	0
133.81747266296495	0.0	0	0
133.91756052583926	0.0	0	0
134.01764838871358	0.0	0	0
134.1177362515879	0.0	0	0
134.21782411446222	0.0	0	0
134.31791197733654	0.0	0	0
134.41799984021085	1.0	1	1
134.51808770308517	1.0	1	1
134.6181755659595	2.0	2	2
134.7182634288338	2.0	2	2
134.81835129170813	2.0	2	2
134.91843915458244	2.0	2	2
135.01852701745676	2.0	2	2
135.11861488033108	2.0	2	2
135.2187027432054	2.0	2	2
135.31879060607972	2.0	2	2
135.41887846895403	2.0	2	2
135.51896633182835	2.0	2	2
135.6190541947027	2.0	2	2
135.71914205757702	2.0	2	2
135.81922992045133	2.0	2	2
135.91931778332565	2.0	2	2
136.01940564619997	2.0	2	2
136.1194935090743	2.0	2	2
136.2195813719486	2.0	2	2
136.31966923482292	1.0	1	1
136.41975709769724	2.0	2	2
136.51984496057156	2.0	2	2
136.61993282344588	2.0	2	2
136.7200206863202	2.0	2	2
136.82010854919452	2.0	2	2
136.92019641206883	2.0	2	2
137.02028427494315	2.0	2	2
137.12037213781747	2.0	2	2
137.2204600006918	2.0	2	2
137.3205478635661	2.0	2	2
137.42063572644042	1.0	1	1
137.52072358931474	1.0	1	1
137.62081145218906	1.0	1	1
137.72089931506338	1.0	1	1
137.82098717793772	1.0	1	1
137.92107504081204	2.0	2	2
138.02116290368636	2.0	2	2
138.12125076656068	2.0	2	2
138.221338629435	2.0	2	2
138.3214264923093	1.0	1	1
138.42151435518363	1.0	1	1
138.52160221805795	1.0	1	1
138.62169008093227	1.0	1	1
138.7217779438066	1.0	1	1
138.8218658066809	1.0	1	1
138.92195366955522	1.0	1	1
139.02204153242954	1.0	1	1
139.12212939530386	1.0	1	1
139.22221725817818	1.0	1	1
139.3223051210525	1.0	1	1
139.4223929839268	1.0	1	1
139.52248084680113	1.0	1	1
139.62256870967545	1.0	1	1
139.72265657254977	1.0	1	1
139.82274443542408	1.0	1	1
139.9228322982984	1.0	1	1
140.02292016117275	0.0	0	0
140.12300802404707	0.0	0	0
140.22309588692139	0.0	0	0
140.3231837497957	0.0	0	0
140.42327161267002	0.0	0	0
140.52335947554434	0.0	0	0
140.62344733841866	0.0	0	0
140.72353520129298	0.0	0	0
140.8236230641673	0.0	0	0
140.9237109270416	0.0	0	0
141.02379878991593	0.0	0	0
141.12388665279025	0.0	0	0
141.22397451566457	0.0	0	0
141.32406237853888	0.0	0	0
141.4241502414132	0.0	0	0
141.52423810428752	0.0	0	0
141.62432596716184	0.0	0	0
141.72441383003616	0.0	0	0
141.82450169291047	0.0	0	0
141.9245895557848	0.0	0	0
142.0246774186591	0.0	0	0
142.12476528153343	0.0	0	0
142.22485314440777	0.0	0	0
142.3249410072821	0.0	0	0
142.4250288701564	0.0	0	0
142.52511673303073	0.0	0	0
142.62520459590505	0.0	0	0
142.72529245877936	0.0	0	0
142.82538032165368	1.0	1	1
142.925468184528	1.0	1	1
143.02555604740232	1.0	1	1
143.12564391027664	1.0	1	1
143.22573177315095	1.0	1	1
143.32581963602527	1.0	1	1
143.4259074988996	1.0	1	1
143.5259953617739	1.0	1	1
143.62608322464823	1.0	1	1
143.72617108752254	1.0	1	1
143.82625895039686	1.0	1	1
143.92634681327118	1.0	1	1
144.0264346761455	1.0	1	1
144.12652253901982	1.0	1	1
144.22661040189413	1.0	1	1
144.32669826476845	1.0	1	1
144.4267861276428	1.0	1	1
144.52687399051712	1.0	1	1
144.62696185339144	1.0	1	1
144.72704971626575	1.0	1	1
144.82713757914007	1.0	1	1
144.9272254420144	1.0	1	1
145.0273133048887	1.0	1	1
145.12740116776303	1.0	1	1
145.22748903063734	1.0	1	1
145.32757689351166	1.0	1	1
145.42766475638598	1.0	1	1
145.5277526192603	1.0	1	1
145.62784048213462	1.0	1	1
145.72792834500893	1.0	1	1
145.82801620788325	1.0	1	1
145.92810407075757	1.0	1	1
146.0281919336319	1.0	1	1
146.1282797965062	2.0	2	2
146.22836765938052	2.0	2	2
146.32845552225484	2.0	2	2
146.42854338512916	2.0	2	2
146.52863124800348	2.0	2	2
146.62871911087782	2.0	2	2
146.72880697375214	2.0	2	2
146.82889483662646	2.0	2	2
146.92898269950078	2.0	2	2
147.0290705623751	2.0	2	2
147.12915842524941	2.0	2	2
147.22924628812373	2.0	2	2
147.32933415099805	2.0	2	2
147.42942201387237	2.0	2	2
147.5295098767467	2.0	2	2
147.629597739621	2.0	2	2
147.72968560249532	2.0	2	2
147.82977346536964	2.0	2	2
147.92986132824396	2.0	2	2
148.02994919111828	2.0	2	2
148.1300370539926	2.0	2	2
148.2301249168669	2.0	2	2
148.33021277974123	2.0	2	2
148.43030064261555	2.0	2	2
148.53038850548987	2.0	2	2
148.63047636836419	2.0	2	2
148.7305642312385	2.0	2	2
148.83065209411285	2.0	2	2
148.93073995698717	2.0	2	2
149.03082781986149	2.0	2	2
149.1309156827358	2.0	2	2
149.23100354561012	2.0	2	2
149.33109140848444	2.0	2	2
149.43117927135876	2.0	2	2
149.53126713423308	2.0	2	2
149.6313549971074	2.0	2	2
149.7314428599817	2.0	2	2
149.83153072285603	2.0	2	2
149.93161858573035	2.0	2	2
150.03170644860467	2.0	2	2
150.13179431147898	2.0	2	2
150.2318821743533	3.0	3	3
150.33197003722762	3.0	3	3
150.43205790010194	3.0	3	3
150.53214576297626	3.0	3	3
150.63223362585057	3.0	3	3
150.7323214887249	3.0	3	3
150.8324093515992	3.0	3	3
150.93249721447353	3.0	3	3
151.03258507734787	3.0	3	3
151.1326729402222	3.0	3	3
151.2327608030965	3.0	3	3
151.33284866597083	3.0	3	3
151.43293652884515	3.0	3	3
151.53302439171947	3.0	3	3
151.63311225459378	3.0	3	3
151.7332001174681	3.0	3	3
151.83328798034242	3.0	3	3
151.93337584321674	3.0	3	3
152.03346370609106	3.0	3	3
152.13355156896537	3.0	3	3
152.2336394318397	3.0	3	3
152.333727294714	3.0	3	3
152.43381515758833	2.0	2	2
152.53390302046265	2.0	2	2
152.63399088333696	2.0	2	2
152.73407874621128	2.0	2	2
152.8341666090856	2.0	2	2
152.93425447195992	2.0	2	2
153.03434233483424	2.0	2	2
153.13443019770855	2.0	2	2
153.2345180605829	2.0	2	2
153.33460592345722	2.0	2	2
153.43469378633154	2.0	2	2
153.53478164920585	2.0	2	2
153.63486951208017	2.0	2	2
153.7349573749545	2.0	2	2
153.8350452378288	2.0	2	2
153.93513310070313	2.0	2	2
154.03522096357744	2.0	2	2
154.13530882645176	2.0	2	2
154.23539668932608	2.0	2	2
154.3354845522004	2.0	2	2
154.43557241507472	2.0	2	2
154.53566027794903	1.0	1	1
154.63574814082335	1.0	1	1
154.73583600369767	1.0	1	1
154.835923866572	1.0	1	1
154.9360117294463	1.0	1	1
155.03609959232062	1.0	1	1
155.13618745519494	1.0	1	1
155.23627531806926	1.0	1	1
155.33636318094358	1.0	1	1
155.43645104381793	1.0	1	1
155.53653890669224	1.0	1	1
155.63662676956656	1.0	1	1
155.73671463244088	1.0	1	1
155.8368024953152	1.0	1	1
155.93689035818952	1.0	1	1
156.03697822106383	1.0	1	1
156.13706608393815	1.0	1	1
156.23715394681247	1.0	1	1
156.3372418096868	1.0	1	1
156.4373296725611	1.0	1	1
156.53741753543542	1.0	1	1
156.63750539830974	1.0	1	1
156.73759326118406	1.0	1	1
156.83768112405838	1.0	1	1
156.9377689869327	1.0	1	1
157.037856849807	1.0	1	1
157.13794471268133	1.0	1	1
157.23803257555565	1.0	1	1
157.33812043842997	1.0	1	1
157.4382083013043	1.0	1	1
157.5382961641786	1.0	1	1
157.63838402705295	1.0	1	1
157.73847188992727	1.0	1	1
157.8385597528016	1.0	1	1
157.9386476156759	1.0	1	1
158.03873547855022	1.0	1	1
158.13882334142454	1.0	1	1
158.23891120429886	1.0	1	1
158.33899906717318	1.0	1	1
158.4390869300475	1.0	1	1
158.5391747929218	0.0	0	0
158.63926265579613	0.0	0	0
158.73935051867045	0.0	0	0
158.83943838154477	0.0	0	0
158.93952624441908	0.0	0	0
159.0396141072934	0.0	0	0
159.13970197016772	0.0	0	0
159.23978983304204	0.0	0	0
159.33987769591636	0.0	0	0
159.43996555879068	0.0	0	0
159.540053421665	0.0	0	0
159.6401412845393	0.0	0	0
159.74022914741363	0.0	0	0
159.84031701028798	0.0	0	0
159.9404048731623	0.0	0	0
160.0404927360366	0.0	0	0
160.14058059891093	0.0	0	0
160.24066846178525	0.0	0	0
160.34075632465957	0.0	0	0
160.44084418753388	0.0	0	0
160.5409320504082	1.0	1	1
160.64101991328252	1.0	1	1
160.74110777615684	1.0	1	1
160.84119563903116	1.0	1	1
160.94128350190547	1.0	1	1
161.0413713647798	1.0	1	1
161.1414592276541	1.0	1	1
161.24154709052843	1.0	1	1
161.34163495340275	1.0	1	1
161.44172281627706	1.0	1	1
161.54181067915138	1.0	1	1
161.6418985420257	1.0	1	1
161.74198640490002	1.0	1	1
161.84207426777434	1.0	1	1
161.94216213064865	1.0	1	1
162.042249993523	1.0	1	1
162.14233785639732	1.0	1	1
162.24242571927164	1.0	1	1
162.34251358214595	1.0	1	1
162.44260144502027	1.0	1	1
162.5426893078946	1.0	1	1
162.6427771707689	3.0	3	3
162.74286503364323	3.0	3	3
162.84295289651755	3.0	3	3
162.94304075939186	3.0	3	3
163.04312862226618	3.0	3	3
163.1432164851405	4.0	4	4
163.24330434801482	4.0	4	4
163.34339221088914	4.0	4	4
163.44348007376345	4.0	4	4
163.54356793663777	4.0	4	4
163.6436557995121	4.0	4	4
163.7437436623864	4.0	4	4
163.84383152526073	4.0	4	4
163.94391938813504	5.0	5	5
164.04400725100936	5.0	5	5
164.14409511388368	5.0	5	5
164.24418297675803	5.0	5	5
164.34427083963234	5.0	5	5
164.44435870250666	5.0	5	5
164.54444656538098	5.0	5	5
164.6445344282553	6.0	6	6
164.74462229112962	5.0	5	5
164.84471015400393	5.0	5	5
164.94479801687825	5.0	5	5
165.04488587975257	4.0	4	4
165.1449737426269	4.0	4	4
165.2450616055012	4.0	4	4
165.34514946837552	4.0	4	4
165.44523733124984	4.0	4	4
165.54532519412416	5.0	5	5
165.64541305699848	5.0	5	5
165.7455009198728	5.0	5	5
165.84558878274711	5.0	5	5
165.94567664562143	5.0	5	5
166.04576450849575	5.0	5	5
166.14585237137007	5.0	5	5
166.2459402342444	5.0	5	5
166.3460280971187	5.0	5	5
166.44611595999305	5.0	5	5
166.54620382286737	6.0	6	6
166.6462916857417	6.0	6	6
166.746379548616	5.0	5	5
166.84646741149032	5.0	5	5
166.94655527436464	5.0	5	5
167.04664313723896	5.0	5	5
167.14673100011328	5.0	5	5
167.2468188629876	4.0	4	4
167.3469067258619	5.0	5	5
167.44699458873623	4.0	4	4
167.54708245161055	5.0	5	5
167.64717031448487	5.0	5	5
167.74725817735919	5.0	5	5
167.8473460402335	5.0	5	5
167.94743390310782	5.0	5	5
168.04752176598214	5.0	5	5
168.14760962885646	4.0	4	4
168.24769749173078	4.0	4	4
168.3477853546051	4.0	4	4
168.4478732174794	4.0	4	4
168.54796108035373	4.0	4	4
168.64804894322808	3.0	3	3
168.7481368061024	3.0	3	3
168.8482246689767	3.0	3	3
168.94831253185103	3.0	3	3
169.04840039472535	3.0	3	3
169.14848825759967	3.0	3	3
169.24857612047398	3.0	3	3
169.3486639833483	3.0	3	3
169.44875184622262	3.0	3	3
169.54883970909694	2.0	2	2
169.64892757197126	2.0	2	2
169.74901543484557	2.0	2	2
169.8491032977199	2.0	2	2
169.9491911605942	2.0	2	2
170.04927902346853	2.0	2	2
170.14936688634285	2.0	2	2
170.24945474921716	2.0	2	2
170.34954261209148	2.0	2	2
170.4496304749658	2.0	2	2
170.54971833784012	3.0	3	3
170.64980620071444	3.0	3	3
170.74989406358875	3.0	3	3
170.8499819264631	3.0	3	3
170.95006978933742	3.0	3	3
171.05015765221174	3.0	3	3
171.15024551508606	3.0	3	3
171.25033337796037	3.0	3	3
171.3504212408347	3.0	3	3
171.450509103709	3.0	3	3
171.55059696658333	3.0	3	3
171.65068482945765	3.0	3	3
171.75077269233196	4.0	4	4
171.85086055520628	4.0	4	4
171.9509484180806	4.0	4	4
172.05103628095492	4.0	4	4
172.15112414382924	4.0	4	4
172.25121200670355	4.0	4	4
172.35129986957787	4.0	4	4
172.4513877324522	4.0	4	4
172.5514755953265	4.0	4	4
172.65156345820083	4.0	4	4
172.75165132107514	4.0	4	4
172.85173918394946	4.0	4	4
172.95182704682378	4.0	4	4
173.05191490969813	4.0	4	4
173.15200277257244	4.0	4	4
173.25209063544676	4.0	4	4
173.35217849832108	4.0	4	4
173.4522663611954	4.0	4	4
173.55235422406972	4.0	4	4
173.65244208694403	4.0	4	4
173.75252994981835	4.0	4	4
173.85261781269267	4.0	4	4
173.952705675567	4.0	4	4
174.0527935384413	4.0	4	4
174.15288140131562	4.0	4	4
174.25296926418994	4.0	4	4
174.35305712706426	4.0	4	4
174.45314498993858	4.0	4	4
174.5532328528129	4.0	4	4
174.65332071568722	4.0	4	4
174.75340857856153	4.0	4	4
174.85349644143585	4.0	4	4
174.95358430431017	4.0	4	4
175.0536721671845	4.0	4	4
175.1537600300588	4.0	4	4
175.25384789293315	4.0	4	4
175.35393575580747	4.0	4	4
175.4540236186818	4.0	4	4
175.5541114815561	4.0	4	4
175.65419934443042	4.0	4	4
175.75428720730474	4.0	4	4
175.85437507017906	4.0	4	4
175.95446293305338	3.0	3	3
176.0545507959277	3.0	3	3
176.154638658802	3.0	3	3
176.25472652167633	3.0	3	3
176.35481438455065	3.0	3	3
176.45490224742497	3.0	3	3
176.5549901102993	3.0	3	3
176.6550779731736	3.0	3	3
176.75516583604792	3.0	3	3
176.85525369892224	3.0	3	3
176.95534156179656	3.0	3	3
177.05542942467088	3.0	3	3
177.1555172875452	3.0	3	3
177.2556051504195	3.0	3	3
177.35569301329383	3.0	3	3
177.45578087616818	3.0	3	3
177.5558687390425	3.0	3	3
177.6559566019168	3.0	3	3
177.75604446479113	3.0	3	3
177.85613232766545	3.0	3	3
177.95622019053977	3.0	3	3
178.05630805341409	3.0	3	3
178.1563959162884	3.0	3	3
178.25648377916272	3.0	3	3
178.35657164203704	3.0	3	3
178.45665950491136	3.0	3	3
178.55674736778568	3.0	3	3
178.65683523066	3.0	3	3
178.7569230935343	3.0	3	3
178.85701095640863	3.0	3	3
178.95709881928295	3.0	3	3
179.05718668215727	3.0	3	3
179.15727454503158	3.0	3	3
179.2573624079059	3.0	3	3
179.35745027078022	3.0	3	3
179.45753813365454	3.0	3	3
179.55762599652886	3.0	3	3
179.6577138594032	3.0	3	3
179.75780172227752	3.0	3	3
179.85788958515184	3.0	3	3
179.95797744802616	3.0	3	3
180.05806531090047	3.0	3	3
180.1581531737748	3.0	3	3
180.2582410366491	3.0	3	3
180.35832889952343	3.0	3	3
180.45841676239775	3.0	3	3
180.55850462527206	3.0	3	3
180.65859248814638	3.0	3	3
180.7586803510207	4.0	4	4
180.85876821389502	4.0	4	4
180.95885607676934	4.0	4	4
181.05894393964365	4.0	4	4
181.15903180251797	4.0	4	4
181.2591196653923	4.0	4	4
181.3592075282666	3.0	3	3
181.45929539114093	3.0	3	3
181.55938325401524	3.0	3	3
181.65947111688956	3.0	3	3
181.75955897976388	3.0	3	3
181.85964684263823	3.0	3	3
181.95973470551255	3.0	3	3
182.05982256838686	3.0	3	3
182.15991043126118	3.0	3	3
182.2599982941355	3.0	3	3
182.36008615700982	3.0	3	3
182.46017401988414	3.0	3	3
182.56026188275845	3.0	3	3
182.66034974563277	3.0	3	3
182.7604376085071	3.0	3	3
182.8605254713814	3.0	3	3
182.96061333425573	3.0	3	3
183.06070119713004	3.0	3	3
183.16078906000436	3.0	3	3
183.26087692287868	3.0	3	3
183.360964785753	2.0	2	2
183.46105264862732	2.0	2	2
183.56114051150163	2.0	2	2
183.66122837437595	2.0	2	2
183.76131623725027	2.0	2	2
183.8614041001246	2.0	2	2
183.9614919629989	2.0	2	2
184.06157982587325	2.0	2	2
184.16166768874757	2.0	2	2
184.2617555516219	2.0	2	2
184.3618434144962	2.0	2	2
