time	diversity	m_div	M_div
0.0	2.0	2	2
0.10009883312571018	2.0	2	2
0.20019766625142035	2.0	2	2
0.30029649937713054	2.0	2	2
0.4003953325028407	2.0	2	2
0.5004941656285509	2.0	2	2
0.6005929987542611	2.0	2	2
0.7006918318799712	2.0	2	2
0.8007906650056814	1.0	1	1
0.9008894981313916	1.0	1	1
1.0009883312571017	1.0	1	1
1.101087164382812	1.0	1	1
1.2011859975085222	1.0	1	1
1.3012848306342324	1.0	1	1
1.4013836637599424	1.0	1	1
1.5014824968856526	1.0	1	1
1.6015813300113628	1.0	1	1
1.701680163137073	1.0	1	1
1.8017789962627833	1.0	1	1
1.9018778293884933	1.0	1	1
2.0019766625142035	1.0	1	1
2.1020754956399137	1.0	1	1
2.202174328765624	1.0	1	1
2.302273161891334	1.0	1	1
2.4023719950170443	1.0	1	1
2.5024708281427546	1.0	1	1
2.602569661268465	2.0	2	2
2.7026684943941746	2.0	2	2
2.8027673275198848	2.0	2	2
2.902866160645595	2.0	2	2
3.002964993771305	2.0	2	2
3.1030638268970154	3.0	3	3
3.2031626600227256	3.0	3	3
3.303261493148436	3.0	3	3
3.403360326274146	3.0	3	3
3.5034591593998563	3.0	3	3
3.6035579925255665	3.0	3	3
3.7036568256512767	3.0	3	3
3.8037556587769865	3.0	3	3
3.9038544919026967	3.0	3	3
4.003953325028407	3.0	3	3
4.104052158154118	3.0	3	3
4.204150991279827	4.0	4	4
4.304249824405537	4.0	4	4
4.404348657531248	4.0	4	4
4.504447490656958	4.0	4	4
4.604546323782668	4.0	4	4
4.704645156908378	4.0	4	4
4.804743990034089	4.0	4	4
4.9048428231597985	4.0	4	4
5.004941656285509	4.0	4	4
5.105040489411219	4.0	4	4
5.20513932253693	4.0	4	4
5.305238155662639	4.0	4	4
5.405336988788349	4.0	4	4
5.50543582191406	4.0	4	4
5.6055346550397696	4.0	4	4
5.70563348816548	4.0	4	4
5.80573232129119	4.0	4	4
5.905831154416901	4.0	4	4
6.00592998754261	4.0	4	4
6.106028820668321	4.0	4	4
6.206127653794031	4.0	4	4
6.3062264869197415	4.0	4	4
6.406325320045451	4.0	4	4
6.506424153171161	4.0	4	4
6.606522986296872	4.0	4	4
6.7066218194225815	4.0	4	4
6.806720652548292	4.0	4	4
6.906819485674002	4.0	4	4
7.006918318799713	4.0	4	4
7.107017151925422	4.0	4	4
7.207115985051133	4.0	4	4
7.307214818176843	4.0	4	4
7.4073136513025535	4.0	4	4
7.507412484428263	4.0	4	4
7.607511317553973	4.0	4	4
7.707610150679684	4.0	4	4
7.8077089838053935	4.0	4	4
7.907807816931104	4.0	4	4
8.007906650056814	4.0	4	4
8.108005483182524	4.0	4	4
8.208104316308235	4.0	4	4
8.308203149433945	4.0	4	4
8.408301982559655	4.0	4	4
8.508400815685365	4.0	4	4
8.608499648811074	4.0	4	4
8.708598481936786	4.0	4	4
8.808697315062496	4.0	4	4
8.908796148188205	4.0	4	4
9.008894981313915	4.0	4	4
9.108993814439627	4.0	4	4
9.209092647565337	4.0	4	4
9.309191480691046	4.0	4	4
9.409290313816756	4.0	4	4
9.509389146942468	4.0	4	4
9.609487980068177	4.0	4	4
9.709586813193887	4.0	4	4
9.809685646319597	4.0	4	4
9.909784479445307	4.0	4	4
10.009883312571018	4.0	4	4
10.109982145696728	4.0	4	4
10.210080978822438	4.0	4	4
10.310179811948148	4.0	4	4
10.41027864507386	4.0	4	4
10.510377478199569	4.0	4	4
10.610476311325279	4.0	4	4
10.710575144450988	4.0	4	4
10.810673977576698	4.0	4	4
10.91077281070241	4.0	4	4
11.01087164382812	4.0	4	4
11.11097047695383	4.0	4	4
11.211069310079539	4.0	4	4
11.31116814320525	4.0	4	4
11.41126697633096	4.0	4	4
11.51136580945667	4.0	4	4
11.61146464258238	4.0	4	4
11.711563475708092	4.0	4	4
11.811662308833801	4.0	4	4
11.911761141959511	4.0	4	4
12.01185997508522	4.0	4	4
12.11195880821093	4.0	4	4
12.212057641336642	4.0	4	4
12.312156474462352	4.0	4	4
12.412255307588062	4.0	4	4
12.512354140713771	4.0	4	4
12.612452973839483	4.0	4	4
12.712551806965193	4.0	4	4
12.812650640090903	4.0	4	4
12.912749473216612	4.0	4	4
13.012848306342322	4.0	4	4
13.112947139468034	4.0	4	4
13.213045972593743	4.0	4	4
13.313144805719453	4.0	4	4
13.413243638845163	4.0	4	4
13.513342471970875	4.0	4	4
13.613441305096584	4.0	4	4
13.713540138222294	4.0	4	4
13.813638971348004	4.0	4	4
13.913737804473714	4.0	4	4
14.013836637599425	4.0	4	4
14.113935470725135	4.0	4	4
14.214034303850845	4.0	4	4
14.314133136976555	4.0	4	4
14.414231970102266	4.0	4	4
14.514330803227976	4.0	4	4
14.614429636353686	4.0	4	4
14.714528469479395	4.0	4	4
14.814627302605107	4.0	4	4
14.914726135730817	4.0	4	4
15.014824968856527	4.0	4	4
15.114923801982236	4.0	4	4
15.215022635107946	4.0	4	4
15.315121468233658	4.0	4	4
15.415220301359367	4.0	4	4
15.515319134485077	4.0	4	4
15.615417967610787	4.0	4	4
15.715516800736498	4.0	4	4
15.815615633862208	4.0	4	4
15.915714466987918	4.0	4	4
16.015813300113628	4.0	4	4
16.115912133239338	4.0	4	4
16.216010966365047	4.0	4	4
16.316109799490757	4.0	4	4
16.41620863261647	4.0	4	4
16.51630746574218	4.0	4	4
16.61640629886789	4.0	4	4
16.7165051319936	4.0	4	4
16.81660396511931	4.0	4	4
16.91670279824502	5.0	5	5
17.01680163137073	5.0	5	5
17.11690046449644	5.0	5	5
17.21699929762215	5.0	5	5
17.317098130747862	5.0	5	5
17.41719696387357	5.0	5	5
17.51729579699928	5.0	5	5
17.61739463012499	5.0	5	5
17.7174934632507	5.0	5	5
17.81759229637641	5.0	5	5
17.91769112950212	5.0	5	5
18.01778996262783	5.0	5	5
18.117888795753544	5.0	5	5
18.217987628879253	5.0	5	5
18.318086462004963	5.0	5	5
18.418185295130673	5.0	5	5
18.518284128256383	5.0	5	5
18.618382961382093	5.0	5	5
18.718481794507802	5.0	5	5
18.818580627633512	5.0	5	5
18.918679460759222	5.0	5	5
19.018778293884935	5.0	5	5
19.118877127010645	5.0	5	5
19.218975960136355	5.0	5	5
19.319074793262065	5.0	5	5
19.419173626387774	5.0	5	5
19.519272459513484	5.0	5	5
19.619371292639194	5.0	5	5
19.719470125764904	5.0	5	5
19.819568958890613	5.0	5	5
19.919667792016327	5.0	5	5
20.019766625142037	5.0	5	5
20.119865458267746	5.0	5	5
20.219964291393456	5.0	5	5
20.320063124519166	5.0	5	5
20.420161957644876	5.0	5	5
20.520260790770585	5.0	5	5
20.620359623896295	5.0	5	5
20.720458457022005	5.0	5	5
20.82055729014772	5.0	5	5
20.920656123273428	5.0	5	5
21.020754956399138	5.0	5	5
21.120853789524848	5.0	5	5
21.220952622650557	4.0	4	4
21.321051455776267	4.0	4	4
21.421150288901977	4.0	4	4
21.521249122027687	4.0	4	4
21.621347955153396	4.0	4	4
21.72144678827911	4.0	4	4
21.82154562140482	4.0	4	4
21.92164445453053	4.0	4	4
22.02174328765624	4.0	4	4
22.12184212078195	3.0	3	3
22.22194095390766	3.0	3	3
22.32203978703337	3.0	3	3
22.422138620159078	3.0	3	3
22.522237453284788	3.0	3	3
22.6223362864105	3.0	3	3
22.72243511953621	3.0	3	3
22.82253395266192	3.0	3	3
22.92263278578763	3.0	3	3
23.02273161891334	3.0	3	3
23.12283045203905	3.0	3	3
23.22292928516476	3.0	3	3
23.32302811829047	3.0	3	3
23.423126951416183	3.0	3	3
23.523225784541893	3.0	3	3
23.623324617667603	3.0	3	3
23.723423450793312	2.0	2	2
23.823522283919022	2.0	2	2
23.923621117044732	2.0	2	2
24.02371995017044	2.0	2	2
24.12381878329615	2.0	2	2
24.22391761642186	2.0	2	2
24.324016449547575	1.0	1	1
24.424115282673284	1.0	1	1
24.524214115798994	1.0	1	1
24.624312948924704	1.0	1	1
24.724411782050414	1.0	1	1
24.824510615176123	1.0	1	1
24.924609448301833	1.0	1	1
25.024708281427543	1.0	1	1
25.124807114553253	1.0	1	1
25.224905947678966	1.0	1	1
25.325004780804676	1.0	1	1
25.425103613930386	1.0	1	1
25.525202447056095	1.0	1	1
25.625301280181805	1.0	1	1
25.725400113307515	1.0	1	1
25.825498946433225	1.0	1	1
25.925597779558935	1.0	1	1
26.025696612684644	1.0	1	1
26.125795445810358	1.0	1	1
26.225894278936067	1.0	1	1
26.325993112061777	1.0	1	1
26.426091945187487	1.0	1	1
26.526190778313197	1.0	1	1
26.626289611438906	1.0	1	1
26.726388444564616	1.0	1	1
26.826487277690326	1.0	1	1
26.926586110816036	1.0	1	1
27.02668494394175	1.0	1	1
27.12678377706746	1.0	1	1
27.22688261019317	1.0	1	1
27.32698144331888	1.0	1	1
27.42708027644459	1.0	1	1
27.527179109570298	1.0	1	1
27.627277942696008	1.0	1	1
27.727376775821718	1.0	1	1
27.827475608947427	1.0	1	1
27.92757444207314	1.0	1	1
28.02767327519885	1.0	1	1
28.12777210832456	1.0	1	1
28.22787094145027	1.0	1	1
28.32796977457598	1.0	1	1
28.42806860770169	1.0	1	1
28.5281674408274	1.0	1	1
28.62826627395311	1.0	1	1
28.728365107078822	1.0	1	1
28.828463940204532	1.0	1	1
28.928562773330242	1.0	1	1
29.02866160645595	1.0	1	1
29.12876043958166	1.0	1	1
29.22885927270737	1.0	1	1
29.32895810583308	1.0	1	1
29.42905693895879	1.0	1	1
29.5291557720845	1.0	1	1
29.629254605210214	1.0	1	1
29.729353438335924	1.0	1	1
29.829452271461633	1.0	1	1
29.929551104587343	1.0	1	1
30.029649937713053	1.0	1	1
30.129748770838763	1.0	1	1
30.229847603964473	1.0	1	1
30.329946437090182	1.0	1	1
30.430045270215892	1.0	1	1
30.530144103341605	1.0	1	1
30.630242936467315	1.0	1	1
30.730341769593025	1.0	1	1
30.830440602718735	1.0	1	1
30.930539435844445	1.0	1	1
31.030638268970154	1.0	1	1
31.130737102095864	2.0	2	2
31.230835935221574	2.0	2	2
31.330934768347284	2.0	2	2
31.431033601472997	2.0	2	2
31.531132434598707	2.0	2	2
31.631231267724417	2.0	2	2
31.731330100850126	2.0	2	2
31.831428933975836	2.0	2	2
31.931527767101546	2.0	2	2
32.031626600227256	2.0	2	2
32.13172543335297	2.0	2	2
32.231824266478675	2.0	2	2
32.33192309960439	2.0	2	2
32.432021932730095	2.0	2	2
32.53212076585581	2.0	2	2
32.632219598981514	2.0	2	2
32.73231843210723	2.0	2	2
32.83241726523294	2.0	2	2
32.93251609835865	2.0	2	2
33.03261493148436	2.0	2	2
33.13271376461007	2.0	2	2
33.23281259773578	2.0	2	2
33.332911430861486	2.0	2	2
33.4330102639872	2.0	2	2
33.533109097112906	2.0	2	2
33.63320793023862	2.0	2	2
33.73330676336433	2.0	2	2
33.83340559649004	2.0	2	2
33.93350442961575	2.0	2	2
34.03360326274146	2.0	2	2
34.13370209586717	2.0	2	2
34.23380092899288	2.0	2	2
34.33389976211859	2.0	2	2
34.4339985952443	2.0	2	2
34.53409742837001	2.0	2	2
34.634196261495724	2.0	2	2
34.73429509462143	2.0	2	2
34.83439392774714	2.0	2	2
34.93449276087285	2.0	2	2
35.03459159399856	2.0	2	2
35.13469042712427	2.0	2	2
35.23478926024998	2.0	2	2
35.33488809337569	2.0	2	2
35.4349869265014	2.0	2	2
35.535085759627115	2.0	2	2
35.63518459275282	2.0	2	2
35.735283425878535	2.0	2	2
35.83538225900424	2.0	2	2
35.935481092129955	2.0	2	2
36.03557992525566	2.0	2	2
36.135678758381374	2.0	2	2
36.23577759150709	2.0	2	2
36.335876424632794	2.0	2	2
36.43597525775851	2.0	2	2
36.53607409088421	2.0	2	2
36.63617292400993	2.0	2	2
36.73627175713563	2.0	2	2
36.836370590261346	2.0	2	2
36.93646942338705	2.0	2	2
37.036568256512766	2.0	2	2
37.13666708963848	2.0	2	2
37.236765922764185	2.0	2	2
37.3368647558899	2.0	2	2
37.436963589015605	2.0	2	2
37.53706242214132	2.0	2	2
37.637161255267024	2.0	2	2
37.73726008839274	2.0	2	2
37.837358921518444	2.0	2	2
37.93745775464416	3.0	3	3
38.03755658776987	4.0	4	4
38.13765542089558	4.0	4	4
38.23775425402129	4.0	4	4
38.337853087146996	4.0	4	4
38.43795192027271	4.0	4	4
38.538050753398416	4.0	4	4
38.63814958652413	4.0	4	4
38.738248419649835	4.0	4	4
38.83834725277555	7.0	7	7
38.93844608590126	8.0	8	8
39.03854491902697	8.0	8	8
39.13864375215268	8.0	8	8
39.23874258527839	10.0	10	10
39.3388414184041	11.0	11	11
39.43894025152981	13.0	13	13
39.53903908465552	13.0	13	13
39.63913791778123	13.0	13	13
39.73923675090694	13.0	13	13
39.83933558403265	13.0	13	13
39.93943441715836	13.0	13	13
40.03953325028407	13.0	13	13
40.13963208340978	13.0	13	13
40.23973091653549	14.0	14	14
40.3398297496612	14.0	14	14
40.43992858278691	14.0	14	14
40.54002741591262	14.0	14	14
40.64012624903833	14.0	14	14
40.740225082164045	14.0	14	14
40.84032391528975	14.0	14	14
40.940422748415465	14.0	14	14
41.04052158154117	14.0	14	14
41.140620414666884	14.0	14	14
41.24071924779259	14.0	14	14
41.340818080918304	14.0	14	14
41.44091691404401	14.0	14	14
41.54101574716972	14.0	14	14
41.64111458029544	14.0	14	14
41.74121341342114	14.0	14	14
41.841312246546856	14.0	14	14
41.94141107967256	14.0	14	14
42.041509912798276	14.0	14	14
42.14160874592398	14.0	14	14
42.241707579049695	14.0	14	14
42.3418064121754	14.0	14	14
42.441905245301115	14.0	14	14
42.54200407842683	14.0	14	14
42.642102911552534	14.0	14	14
42.74220174467825	14.0	14	14
42.842300577803954	14.0	14	14
42.94239941092967	14.0	14	14
43.04249824405537	14.0	14	14
43.14259707718109	14.0	14	14
43.24269591030679	14.0	14	14
43.342794743432506	14.0	14	14
43.44289357655822	14.0	14	14
43.542992409683926	14.0	14	14
43.64309124280964	14.0	14	14
43.743190075935345	14.0	14	14
43.84328890906106	14.0	14	14
43.943387742186765	14.0	14	14
44.04348657531248	14.0	14	14
44.143585408438184	14.0	14	14
44.2436842415639	14.0	14	14
44.34378307468961	15.0	15	15
44.44388190781532	15.0	15	15
44.54398074094103	15.0	15	15
44.64407957406674	15.0	15	15
44.74417840719245	15.0	15	15
44.844277240318156	15.0	15	15
44.94437607344387	15.0	15	15
45.044474906569576	15.0	15	15
45.14457373969529	15.0	15	15
45.244672572821	15.0	15	15
45.34477140594671	15.0	15	15
45.44487023907242	15.0	15	15
45.54496907219813	15.0	15	15
45.64506790532384	15.0	15	15
45.74516673844955	15.0	15	15
45.84526557157526	15.0	15	15
45.94536440470097	15.0	15	15
46.04546323782668	17.0	17	17
46.145562070952394	17.0	17	17
46.2456609040781	18.0	18	18
46.345759737203814	18.0	18	18
46.44585857032952	18.0	18	18
46.54595740345523	18.0	18	18
46.64605623658094	18.0	18	18
46.74615506970665	18.0	18	18
46.846253902832366	18.0	18	18
46.94635273595807	18.0	18	18
47.046451569083786	18.0	18	18
47.14655040220949	18.0	18	18
47.246649235335205	19.0	19	19
47.34674806846091	19.0	19	19
47.446846901586625	19.0	19	19
47.54694573471233	18.0	18	18
47.647044567838044	18.0	18	18
47.74714340096376	18.0	18	18
47.847242234089464	18.0	18	18
47.94734106721518	18.0	18	18
48.04743990034088	18.0	18	18
48.1475387334666	18.0	18	18
48.2476375665923	18.0	18	18
48.347736399718016	18.0	18	18
48.44783523284372	18.0	18	18
48.547934065969436	18.0	18	18
48.64803289909515	18.0	18	18
48.748131732220855	18.0	18	18
48.84823056534657	18.0	18	18
48.948329398472275	17.0	17	17
49.04842823159799	17.0	17	17
49.148527064723694	17.0	17	17
49.24862589784941	17.0	17	17
49.348724730975114	17.0	17	17
49.44882356410083	17.0	17	17
49.54892239722654	17.0	17	17
49.64902123035225	17.0	17	17
49.74912006347796	17.0	17	17
49.84921889660367	17.0	17	17
49.94931772972938	17.0	17	17
50.049416562855086	17.0	17	17
50.1495153959808	17.0	17	17
50.249614229106506	18.0	18	18
50.34971306223222	18.0	18	18
50.44981189535793	18.0	18	18
50.54991072848364	18.0	18	18
50.65000956160935	17.0	17	17
50.75010839473506	17.0	17	17
50.85020722786077	17.0	17	17
50.95030606098648	17.0	17	17
51.05040489411219	16.0	16	16
51.1505037272379	14.0	14	14
51.25060256036361	14.0	14	14
51.350701393489324	15.0	15	15
51.45080022661503	14.0	14	14
51.55089905974074	14.0	14	14
51.65099789286645	14.0	14	14
51.75109672599216	14.0	14	14
51.85119555911787	14.0	14	14
51.95129439224358	15.0	15	15
52.05139322536929	14.0	14	14
52.151492058495	14.0	14	14
52.251590891620715	14.0	14	14
52.35168972474642	14.0	14	14
52.451788557872135	14.0	14	14
52.55188739099784	14.0	14	14
52.651986224123554	14.0	14	14
52.75208505724926	14.0	14	14
52.852183890374974	14.0	14	14
52.95228272350068	14.0	14	14
53.05238155662639	14.0	14	14
53.15248038975211	14.0	14	14
53.25257922287781	14.0	14	14
53.352678056003526	14.0	14	14
53.45277688912923	14.0	14	14
53.552875722254946	14.0	14	14
53.65297455538065	14.0	14	14
53.753073388506365	14.0	14	14
53.85317222163207	13.0	13	13
53.953271054757785	13.0	13	13
54.0533698878835	13.0	13	13
54.153468721009205	13.0	13	13
54.25356755413492	12.0	12	12
54.353666387260624	12.0	12	12
54.45376522038634	12.0	12	12
54.553864053512044	12.0	12	12
54.65396288663776	12.0	12	12
54.75406171976346	12.0	12	12
54.85416055288918	13.0	13	13
54.95425938601489	12.0	12	12
55.054358219140596	12.0	12	12
55.15445705226631	12.0	12	12
55.254555885392016	11.0	11	11
55.35465471851773	12.0	12	12
55.454753551643435	12.0	12	12
55.55485238476915	12.0	12	12
55.654951217894855	13.0	13	13
55.75505005102057	14.0	14	14
55.85514888414628	14.0	14	14
55.95524771727199	13.0	13	13
56.0553465503977	12.0	12	12
56.15544538352341	11.0	11	11
56.25554421664912	11.0	11	11
56.35564304977483	9.0	9	9
56.45574188290054	9.0	9	9
56.55584071602625	10.0	10	10
56.65593954915196	10.0	10	10
56.75603838227767	9.0	9	9
56.85613721540338	8.0	8	8
56.95623604852909	8.0	8	8
57.0563348816548	9.0	9	9
57.15643371478051	9.0	9	9
57.25653254790622	8.0	8	8
57.35663138103193	7.0	7	7
57.456730214157645	7.0	7	7
57.55682904728335	8.0	8	8
57.656927880409064	7.0	7	7
57.75702671353477	7.0	7	7
57.857125546660484	8.0	8	8
57.95722437978619	8.0	8	8
58.0573232129119	8.0	8	8
58.15742204603761	8.0	8	8
58.25752087916332	8.0	8	8
58.357619712289036	8.0	8	8
58.45771854541474	6.0	6	6
58.557817378540456	6.0	6	6
58.65791621166616	6.0	6	6
58.758015044791875	6.0	6	6
58.85811387791758	5.0	5	5
58.958212711043295	5.0	5	5
59.058311544169	6.0	6	6
59.158410377294715	6.0	6	6
59.25850921042043	5.0	5	5
59.358608043546134	5.0	5	5
59.45870687667185	5.0	5	5
59.558805709797554	5.0	5	5
59.65890454292327	5.0	5	5
59.75900337604897	5.0	5	5
59.85910220917469	5.0	5	5
59.95920104230039	4.0	4	4
60.059299875426106	4.0	4	4
60.15939870855182	5.0	5	5
60.259497541677526	5.0	5	5
60.35959637480324	5.0	5	5
60.459695207928945	5.0	5	5
60.55979404105466	5.0	5	5
60.659892874180365	5.0	5	5
60.75999170730608	5.0	5	5
60.860090540431784	5.0	5	5
60.9601893735575	6.0	6	6
61.06028820668321	5.0	5	5
61.16038703980892	5.0	5	5
61.26048587293463	5.0	5	5
61.36058470606034	7.0	7	7
61.46068353918605	8.0	8	8
61.560782372311756	8.0	8	8
61.66088120543747	8.0	8	8
61.760980038563176	8.0	8	8
61.86107887168889	8.0	8	8
61.9611777048146	8.0	8	8
62.06127653794031	8.0	8	8
62.16137537106602	8.0	8	8
62.26147420419173	7.0	7	7
62.36157303731744	7.0	7	7
62.46167187044315	6.0	6	6
62.56177070356886	6.0	6	6
62.66186953669457	6.0	6	6
62.76196836982028	6.0	6	6
62.862067202945994	6.0	6	6
62.9621660360717	6.0	6	6
63.06226486919741	6.0	6	6
63.16236370232312	6.0	6	6
63.26246253544883	6.0	6	6
63.36256136857454	6.0	6	6
63.46266020170025	6.0	6	6
63.56275903482596	7.0	7	7
63.66285786795167	7.0	7	7
63.762956701077385	6.0	6	6
63.86305553420309	6.0	6	6
63.963154367328805	6.0	6	6
64.06325320045451	5.0	5	5
64.16335203358022	5.0	5	5
64.26345086670594	5.0	5	5
64.36354969983164	5.0	5	5
64.46364853295735	5.0	5	5
64.56374736608306	5.0	5	5
64.66384619920878	5.0	5	5
64.76394503233449	5.0	5	5
64.86404386546019	5.0	5	5
64.9641426985859	5.0	5	5
65.06424153171162	5.0	5	5
65.16434036483733	5.0	5	5
65.26443919796303	6.0	6	6
65.36453803108874	7.0	7	7
65.46463686421446	8.0	8	8
65.56473569734017	9.0	9	9
65.66483453046588	10.0	10	10
65.76493336359158	14.0	14	14
65.8650321967173	15.0	15	15
65.96513102984301	15.0	15	15
66.06522986296872	17.0	17	17
66.16532869609442	18.0	18	18
66.26542752922013	18.0	18	18
66.36552636234585	18.0	18	18
66.46562519547156	18.0	18	18
66.56572402859727	18.0	18	18
66.66582286172297	19.0	19	19
66.76592169484869	18.0	18	18
66.8660205279744	19.0	19	19
66.96611936110011	19.0	19	19
67.06621819422581	20.0	20	20
67.16631702735152	20.0	20	20
67.26641586047724	18.0	18	18
67.36651469360295	16.0	16	16
67.46661352672866	16.0	16	16
67.56671235985436	16.0	16	16
67.66681119298008	16.0	16	16
67.76691002610579	16.0	16	16
67.8670088592315	16.0	16	16
67.9671076923572	16.0	16	16
68.06720652548292	16.0	16	16
68.16730535860863	17.0	17	17
68.26740419173434	17.0	17	17
68.36750302486006	17.0	17	17
68.46760185798576	17.0	17	17
68.56770069111147	17.0	17	17
68.66779952423718	17.0	17	17
68.7678983573629	17.0	17	17
68.8679971904886	17.0	17	17
68.96809602361431	17.0	17	17
69.06819485674002	17.0	17	17
69.16829368986573	18.0	18	18
69.26839252299145	19.0	19	19
69.36849135611715	20.0	20	20
69.46859018924286	20.0	20	20
69.56868902236857	20.0	20	20
69.66878785549429	20.0	20	20
69.76888668861999	20.0	20	20
69.8689855217457	20.0	20	20
69.96908435487141	19.0	19	19
70.06918318799713	19.0	19	19
70.16928202112284	21.0	21	21
70.26938085424854	24.0	24	24
70.36947968737425	24.0	24	24
70.46957852049997	23.0	23	23
70.56967735362568	23.0	23	23
70.66977618675138	23.0	23	23
70.76987501987709	23.0	23	23
70.8699738530028	23.0	23	23
70.97007268612852	23.0	23	23
71.07017151925423	23.0	23	23
71.17027035237993	22.0	22	22
71.27036918550564	23.0	23	23
71.37046801863136	23.0	23	23
71.47056685175707	21.0	21	21
71.57066568488277	21.0	21	21
71.67076451800848	19.0	19	19
71.7708633511342	19.0	19	19
71.87096218425991	19.0	19	19
71.97106101738562	19.0	19	19
72.07115985051132	19.0	19	19
72.17125868363703	19.0	19	19
72.27135751676275	19.0	19	19
72.37145634988846	19.0	19	19
72.47155518301417	19.0	19	19
72.57165401613987	18.0	18	18
72.67175284926559	18.0	18	18
72.7718516823913	17.0	17	17
72.87195051551701	16.0	16	16
72.97204934864271	16.0	16	16
73.07214818176843	17.0	17	17
73.17224701489414	16.0	16	16
73.27234584801985	16.0	16	16
73.37244468114557	16.0	16	16
73.47254351427127	15.0	15	15
73.57264234739698	15.0	15	15
73.67274118052269	15.0	15	15
73.7728400136484	15.0	15	15
73.8729388467741	15.0	15	15
73.97303767989982	15.0	15	15
74.07313651302553	15.0	15	15
74.17323534615124	15.0	15	15
74.27333417927696	15.0	15	15
74.37343301240266	15.0	15	15
74.47353184552837	14.0	14	14
74.57363067865408	14.0	14	14
74.6737295117798	14.0	14	14
74.7738283449055	13.0	13	13
74.87392717803121	13.0	13	13
74.97402601115692	13.0	13	13
75.07412484428264	13.0	13	13
75.17422367740835	13.0	13	13
75.27432251053405	13.0	13	13
75.37442134365976	13.0	13	13
75.47452017678548	13.0	13	13
75.57461900991119	13.0	13	13
75.67471784303689	13.0	13	13
75.7748166761626	13.0	13	13
75.87491550928831	13.0	13	13
75.97501434241403	13.0	13	13
76.07511317553974	13.0	13	13
76.17521200866544	12.0	12	12
76.27531084179115	12.0	12	12
76.37540967491687	12.0	12	12
76.47550850804258	12.0	12	12
76.57560734116828	12.0	12	12
76.67570617429399	12.0	12	12
76.7758050074197	12.0	12	12
76.87590384054542	12.0	12	12
76.97600267367113	12.0	12	12
77.07610150679683	12.0	12	12
77.17620033992254	12.0	12	12
77.27629917304826	12.0	12	12
77.37639800617397	12.0	12	12
77.47649683929967	12.0	12	12
77.57659567242538	12.0	12	12
77.6766945055511	12.0	12	12
77.77679333867681	12.0	12	12
77.87689217180252	12.0	12	12
77.97699100492822	12.0	12	12
78.07708983805394	12.0	12	12
78.17718867117965	11.0	11	11
78.27728750430536	11.0	11	11
78.37738633743106	11.0	11	11
78.47748517055678	11.0	11	11
78.57758400368249	11.0	11	11
78.6776828368082	11.0	11	11
78.77778166993392	11.0	11	11
78.87788050305961	11.0	11	11
78.97797933618533	11.0	11	11
79.07807816931104	11.0	11	11
79.17817700243675	11.0	11	11
79.27827583556245	11.0	11	11
79.37837466868817	11.0	11	11
79.47847350181388	11.0	11	11
79.5785723349396	11.0	11	11
79.6786711680653	11.0	11	11
79.778770001191	11.0	11	11
79.87886883431672	11.0	11	11
79.97896766744243	11.0	11	11
80.07906650056815	10.0	10	10
80.17916533369385	10.0	10	10
80.27926416681956	10.0	10	10
80.37936299994527	10.0	10	10
80.47946183307099	11.0	11	11
80.5795606661967	11.0	11	11
80.6796594993224	11.0	11	11
80.77975833244811	12.0	12	12
80.87985716557382	12.0	12	12
80.97995599869954	12.0	12	12
81.08005483182524	12.0	12	12
81.18015366495095	12.0	12	12
81.28025249807666	12.0	12	12
81.38035133120238	12.0	12	12
81.48045016432809	12.0	12	12
81.58054899745379	12.0	12	12
81.6806478305795	12.0	12	12
81.78074666370522	12.0	12	12
81.88084549683093	12.0	12	12
81.98094432995663	13.0	13	13
82.08104316308234	12.0	12	12
82.18114199620805	12.0	12	12
82.28124082933377	12.0	12	12
82.38133966245948	11.0	11	11
82.48143849558518	11.0	11	11
82.5815373287109	11.0	11	11
82.68163616183661	11.0	11	11
82.78173499496232	11.0	11	11
82.88183382808802	11.0	11	11
82.98193266121373	11.0	11	11
83.08203149433945	11.0	11	11
83.18213032746516	11.0	11	11
83.28222916059087	11.0	11	11
83.38232799371657	10.0	10	10
83.48242682684229	10.0	10	10
83.582525659968	10.0	10	10
83.68262449309371	11.0	11	11
83.78272332621941	11.0	11	11
83.88282215934512	12.0	12	12
83.98292099247084	13.0	13	13
84.08301982559655	13.0	13	13
84.18311865872226	14.0	14	14
84.28321749184796	14.0	14	14
84.38331632497368	14.0	14	14
84.48341515809939	13.0	13	13
84.5835139912251	14.0	14	14
84.6836128243508	13.0	13	13
84.78371165747652	13.0	13	13
84.88381049060223	13.0	13	13
84.98390932372794	12.0	12	12
85.08400815685366	11.0	11	11
85.18410698997936	10.0	10	10
85.28420582310507	10.0	10	10
85.38430465623078	9.0	9	9
85.4844034893565	8.0	8	8
85.5845023224822	7.0	7	7
85.68460115560791	7.0	7	7
85.78469998873362	7.0	7	7
85.88479882185933	7.0	7	7
85.98489765498505	8.0	8	8
86.08499648811075	7.0	7	7
86.18509532123646	7.0	7	7
86.28519415436217	7.0	7	7
86.38529298748789	6.0	6	6
86.48539182061359	5.0	5	5
86.5854906537393	5.0	5	5
86.68558948686501	5.0	5	5
86.78568831999073	5.0	5	5
86.88578715311644	5.0	5	5
86.98588598624214	5.0	5	5
87.08598481936785	5.0	5	5
87.18608365249356	5.0	5	5
87.28618248561928	6.0	6	6
87.38628131874498	6.0	6	6
87.48638015187069	6.0	6	6
87.5864789849964	6.0	6	6
87.68657781812212	6.0	6	6
87.78667665124783	6.0	6	6
87.88677548437353	6.0	6	6
87.98687431749924	6.0	6	6
88.08697315062496	6.0	6	6
88.18707198375067	6.0	6	6
88.28717081687637	6.0	6	6
88.38726965000208	6.0	6	6
88.4873684831278	5.0	5	5
88.58746731625351	5.0	5	5
88.68756614937922	5.0	5	5
88.78766498250492	5.0	5	5
88.88776381563063	5.0	5	5
88.98786264875635	5.0	5	5
89.08796148188206	5.0	5	5
89.18806031500776	5.0	5	5
89.28815914813347	5.0	5	5
89.38825798125919	5.0	5	5
89.4883568143849	5.0	5	5
89.58845564751061	4.0	4	4
89.68855448063631	4.0	4	4
89.78865331376203	5.0	5	5
89.88875214688774	4.0	4	4
89.98885098001345	6.0	6	6
90.08894981313915	6.0	6	6
90.18904864626487	6.0	6	6
90.28914747939058	6.0	6	6
90.38924631251629	6.0	6	6
90.489345145642	6.0	6	6
90.5894439787677	6.0	6	6
90.68954281189342	6.0	6	6
90.78964164501913	6.0	6	6
90.88974047814484	6.0	6	6
90.98983931127054	6.0	6	6
91.08993814439626	5.0	5	5
91.19003697752197	5.0	5	5
91.29013581064768	5.0	5	5
91.3902346437734	5.0	5	5
91.4903334768991	5.0	5	5
91.59043231002481	5.0	5	5
91.69053114315052	6.0	6	6
91.79062997627624	6.0	6	6
91.89072880940193	6.0	6	6
91.99082764252765	6.0	6	6
92.09092647565336	6.0	6	6
92.19102530877907	6.0	6	6
92.29112414190479	6.0	6	6
92.39122297503049	6.0	6	6
92.4913218081562	6.0	6	6
92.59142064128191	6.0	6	6
92.69151947440763	6.0	6	6
92.79161830753334	5.0	5	5
92.89171714065904	5.0	5	5
92.99181597378475	4.0	4	4
93.09191480691047	4.0	4	4
93.19201364003618	4.0	4	4
93.29211247316188	4.0	4	4
93.39221130628759	5.0	5	5
93.4923101394133	5.0	5	5
93.59240897253902	6.0	6	6
93.69250780566473	6.0	6	6
93.79260663879043	7.0	7	7
93.89270547191614	7.0	7	7
93.99280430504186	6.0	6	6
94.09290313816757	6.0	6	6
94.19300197129327	6.0	6	6
94.29310080441898	6.0	6	6
94.3931996375447	7.0	7	7
94.49329847067041	7.0	7	7
94.59339730379612	6.0	6	6
94.69349613692182	6.0	6	6
94.79359497004754	5.0	5	5
94.89369380317325	5.0	5	5
94.99379263629896	5.0	5	5
95.09389146942466	5.0	5	5
95.19399030255038	6.0	6	6
95.29408913567609	7.0	7	7
95.3941879688018	7.0	7	7
95.49428680192752	6.0	6	6
95.59438563505321	6.0	6	6
95.69448446817893	6.0	6	6
95.79458330130464	6.0	6	6
95.89468213443035	6.0	6	6
95.99478096755605	6.0	6	6
96.09487980068177	6.0	6	6
96.19497863380748	6.0	6	6
96.2950774669332	6.0	6	6
96.3951763000589	5.0	5	5
96.4952751331846	4.0	4	4
96.59537396631032	4.0	4	4
96.69547279943603	3.0	3	3
96.79557163256175	3.0	3	3
96.89567046568745	3.0	3	3
96.99576929881316	3.0	3	3
97.09586813193887	3.0	3	3
97.19596696506458	4.0	4	4
97.2960657981903	4.0	4	4
97.396164631316	4.0	4	4
97.49626346444171	5.0	5	5
97.59636229756742	5.0	5	5
97.69646113069314	5.0	5	5
97.79655996381884	5.0	5	5
97.89665879694455	5.0	5	5
97.99675763007026	5.0	5	5
98.09685646319598	5.0	5	5
98.19695529632169	5.0	5	5
98.29705412944739	5.0	5	5
98.3971529625731	5.0	5	5
98.49725179569882	5.0	5	5
98.59735062882453	5.0	5	5
98.69744946195023	5.0	5	5
98.79754829507594	5.0	5	5
98.89764712820165	5.0	5	5
98.99774596132737	5.0	5	5
99.09784479445308	5.0	5	5
99.19794362757878	6.0	6	6
99.2980424607045	6.0	6	6
99.39814129383021	7.0	7	7
99.49824012695592	7.0	7	7
99.59833896008162	7.0	7	7
99.69843779320733	7.0	7	7
99.79853662633305	7.0	7	7
99.89863545945876	7.0	7	7
99.99873429258447	7.0	7	7
100.09883312571017	7.0	7	7
100.19893195883589	7.0	7	7
100.2990307919616	7.0	7	7
100.39912962508731	7.0	7	7
100.49922845821301	7.0	7	7
100.59932729133872	6.0	6	6
100.69942612446444	6.0	6	6
100.79952495759015	6.0	6	6
100.89962379071586	6.0	6	6
100.99972262384156	5.0	5	5
101.09982145696728	5.0	5	5
101.19992029009299	5.0	5	5
101.3000191232187	5.0	5	5
101.4001179563444	5.0	5	5
101.50021678947012	5.0	5	5
101.60031562259583	5.0	5	5
101.70041445572154	5.0	5	5
101.80051328884726	4.0	4	4
101.90061212197296	4.0	4	4
102.00071095509867	4.0	4	4
102.10080978822438	4.0	4	4
102.2009086213501	4.0	4	4
102.3010074544758	4.0	4	4
102.40110628760151	3.0	3	3
102.50120512072722	3.0	3	3
102.60130395385293	3.0	3	3
102.70140278697865	3.0	3	3
102.80150162010435	3.0	3	3
102.90160045323006	3.0	3	3
103.00169928635577	3.0	3	3
103.10179811948149	4.0	4	4
103.20189695260719	4.0	4	4
103.3019957857329	4.0	4	4
103.40209461885861	4.0	4	4
103.50219345198433	4.0	4	4
103.60229228511004	4.0	4	4
103.70239111823574	4.0	4	4
103.80248995136145	4.0	4	4
103.90258878448716	4.0	4	4
104.00268761761288	4.0	4	4
104.10278645073858	4.0	4	4
104.20288528386429	4.0	4	4
104.30298411699	4.0	4	4
104.40308295011572	4.0	4	4
104.50318178324143	4.0	4	4
104.60328061636713	4.0	4	4
104.70337944949284	4.0	4	4
104.80347828261856	4.0	4	4
104.90357711574427	4.0	4	4
105.00367594886997	4.0	4	4
105.10377478199568	4.0	4	4
105.2038736151214	4.0	4	4
105.30397244824711	4.0	4	4
105.40407128137282	4.0	4	4
105.50417011449852	4.0	4	4
105.60426894762423	4.0	4	4
105.70436778074995	4.0	4	4
105.80446661387566	4.0	4	4
105.90456544700136	4.0	4	4
106.00466428012707	4.0	4	4
106.10476311325279	4.0	4	4
106.2048619463785	4.0	4	4
106.30496077950421	4.0	4	4
106.40505961262991	4.0	4	4
106.50515844575563	4.0	4	4
106.60525727888134	4.0	4	4
106.70535611200705	4.0	4	4
106.80545494513275	4.0	4	4
106.90555377825847	4.0	4	4
107.00565261138418	4.0	4	4
107.10575144450989	4.0	4	4
107.2058502776356	4.0	4	4
107.3059491107613	4.0	4	4
107.40604794388702	4.0	4	4
107.50614677701273	4.0	4	4
107.60624561013844	4.0	4	4
107.70634444326414	4.0	4	4
107.80644327638986	4.0	4	4
107.90654210951557	4.0	4	4
108.00664094264128	4.0	4	4
108.106739775767	4.0	4	4
108.2068386088927	4.0	4	4
108.30693744201841	4.0	4	4
108.40703627514412	4.0	4	4
108.50713510826984	4.0	4	4
108.60723394139553	4.0	4	4
108.70733277452125	4.0	4	4
108.80743160764696	4.0	4	4
108.90753044077267	3.0	3	3
109.00762927389839	3.0	3	3
109.10772810702409	3.0	3	3
109.2078269401498	3.0	3	3
109.30792577327551	3.0	3	3
109.40802460640123	3.0	3	3
109.50812343952693	3.0	3	3
109.60822227265264	3.0	3	3
109.70832110577835	3.0	3	3
109.80841993890407	3.0	3	3
109.90851877202978	3.0	3	3
110.00861760515548	3.0	3	3
110.10871643828119	3.0	3	3
110.2088152714069	3.0	3	3
110.30891410453262	3.0	3	3
110.40901293765832	3.0	3	3
110.50911177078403	3.0	3	3
110.60921060390974	3.0	3	3
110.70930943703546	3.0	3	3
110.80940827016117	3.0	3	3
110.90950710328687	3.0	3	3
111.00960593641258	3.0	3	3
111.1097047695383	3.0	3	3
111.20980360266401	3.0	3	3
111.30990243578971	3.0	3	3
111.41000126891542	3.0	3	3
111.51010010204114	3.0	3	3
111.61019893516685	3.0	3	3
111.71029776829256	3.0	3	3
111.81039660141826	3.0	3	3
111.91049543454398	3.0	3	3
112.01059426766969	3.0	3	3
112.1106931007954	3.0	3	3
112.2107919339211	3.0	3	3
112.31089076704681	2.0	2	2
112.41098960017253	2.0	2	2
112.51108843329824	2.0	2	2
112.61118726642395	2.0	2	2
112.71128609954965	2.0	2	2
112.81138493267537	2.0	2	2
112.91148376580108	2.0	2	2
113.0115825989268	2.0	2	2
113.1116814320525	2.0	2	2
113.2117802651782	2.0	2	2
113.31187909830392	2.0	2	2
113.41197793142963	2.0	2	2
113.51207676455535	2.0	2	2
113.61217559768104	2.0	2	2
113.71227443080676	2.0	2	2
113.81237326393247	2.0	2	2
113.91247209705818	2.0	2	2
114.0125709301839	2.0	2	2
114.1126697633096	2.0	2	2
114.21276859643531	1.0	1	1
114.31286742956102	1.0	1	1
114.41296626268674	1.0	1	1
114.51306509581244	0.0	0	0
114.61316392893815	0.0	0	0
114.71326276206386	0.0	0	0
114.81336159518958	0.0	0	0
114.91346042831529	0.0	0	0
115.01355926144099	0.0	0	0
115.1136580945667	0.0	0	0
115.21375692769242	0.0	0	0
115.31385576081813	0.0	0	0
115.41395459394383	0.0	0	0
115.51405342706954	0.0	0	0
115.61415226019525	0.0	0	0
115.71425109332097	0.0	0	0
115.81434992644668	0.0	0	0
115.91444875957238	0.0	0	0
116.0145475926981	0.0	0	0
116.1146464258238	0.0	0	0
116.21474525894952	0.0	0	0
116.31484409207522	0.0	0	0
116.41494292520093	0.0	0	0
116.51504175832665	0.0	0	0
116.61514059145236	0.0	0	0
116.71523942457807	0.0	0	0
116.81533825770377	0.0	0	0
116.91543709082949	0.0	0	0
117.0155359239552	0.0	0	0
117.11563475708091	0.0	0	0
117.21573359020661	0.0	0	0
117.31583242333232	0.0	0	0
117.41593125645804	0.0	0	0
117.51603008958375	0.0	0	0
117.61612892270946	0.0	0	0
117.71622775583516	0.0	0	0
117.81632658896088	0.0	0	0
117.91642542208659	0.0	0	0
118.0165242552123	0.0	0	0
118.116623088338	0.0	0	0
118.21672192146372	0.0	0	0
118.31682075458943	0.0	0	0
118.41691958771514	0.0	0	0
118.51701842084086	0.0	0	0
118.61711725396655	0.0	0	0
118.71721608709227	0.0	0	0
118.81731492021798	0.0	0	0
118.9174137533437	0.0	0	0
119.0175125864694	0.0	0	0
119.11761141959511	0.0	0	0
119.21771025272082	0.0	0	0
119.31780908584653	0.0	0	0
119.41790791897225	0.0	0	0
119.51800675209795	0.0	0	0
119.61810558522366	0.0	0	0
119.71820441834937	0.0	0	0
119.81830325147509	0.0	0	0
119.91840208460079	0.0	0	0
120.0185009177265	0.0	0	0
120.11859975085221	0.0	0	0
120.21869858397793	0.0	0	0
120.31879741710364	0.0	0	0
120.41889625022934	0.0	0	0
120.51899508335505	0.0	0	0
120.61909391648076	0.0	0	0
120.71919274960648	0.0	0	0
120.81929158273218	0.0	0	0
120.91939041585789	0.0	0	0
121.0194892489836	0.0	0	0
121.11958808210932	0.0	0	0
121.21968691523503	0.0	0	0
121.31978574836073	0.0	0	0
121.41988458148644	0.0	0	0
121.51998341461216	0.0	0	0
121.62008224773787	0.0	0	0
121.72018108086357	0.0	0	0
121.82027991398928	0.0	0	0
121.920378747115	0.0	0	0
122.02047758024071	0.0	0	0
122.12057641336642	0.0	0	0
122.22067524649212	0.0	0	0
122.32077407961783	0.0	0	0
122.42087291274355	0.0	0	0
122.52097174586926	0.0	0	0
122.62107057899496	0.0	0	0
122.72116941212067	0.0	0	0
122.82126824524639	0.0	0	0
122.9213670783721	0.0	0	0
123.02146591149781	0.0	0	0
123.12156474462351	0.0	0	0
123.22166357774923	0.0	0	0
123.32176241087494	0.0	0	0
123.42186124400065	0.0	0	0
123.52196007712635	0.0	0	0
123.62205891025206	0.0	0	0
123.72215774337778	0.0	0	0
123.82225657650349	1.0	1	1
123.9223554096292	1.0	1	1
124.0224542427549	1.0	1	1
124.12255307588062	1.0	1	1
124.22265190900633	1.0	1	1
124.32275074213204	1.0	1	1
124.42284957525774	1.0	1	1
124.52294840838346	1.0	1	1
124.62304724150917	1.0	1	1
124.72314607463488	1.0	1	1
124.8232449077606	1.0	1	1
124.9233437408863	1.0	1	1
125.02344257401201	1.0	1	1
125.12354140713772	1.0	1	1
125.22364024026344	1.0	1	1
125.32373907338913	1.0	1	1
125.42383790651485	1.0	1	1
125.52393673964056	1.0	1	1
125.62403557276627	1.0	1	1
125.72413440589199	0.0	0	0
125.82423323901769	0.0	0	0
125.9243320721434	0.0	0	0
126.02443090526911	0.0	0	0
126.12452973839483	0.0	0	0
126.22462857152053	0.0	0	0
126.32472740464624	0.0	0	0
126.42482623777195	0.0	0	0
126.52492507089767	0.0	0	0
126.62502390402338	0.0	0	0
126.72512273714908	0.0	0	0
126.82522157027479	2.0	2	2
126.9253204034005	2.0	2	2
127.02541923652622	3.0	3	3
127.12551806965192	3.0	3	3
127.22561690277763	4.0	4	4
127.32571573590334	4.0	4	4
127.42581456902906	4.0	4	4
127.52591340215477	4.0	4	4
127.62601223528047	4.0	4	4
127.72611106840618	4.0	4	4
127.8262099015319	4.0	4	4
127.92630873465761	4.0	4	4
128.0264075677833	4.0	4	4
128.12650640090902	4.0	4	4
128.22660523403474	4.0	4	4
128.32670406716045	4.0	4	4
128.42680290028616	4.0	4	4
128.52690173341188	4.0	4	4
128.6270005665376	4.0	4	4
128.72709939966327	2.0	2	2
128.827198232789	2.0	2	2
128.9272970659147	2.0	2	2
129.0273958990404	2.0	2	2
129.12749473216613	2.0	2	2
129.22759356529184	1.0	1	1
129.32769239841755	1.0	1	1
129.42779123154327	1.0	1	1
129.52789006466898	1.0	1	1
129.62798889779467	1.0	1	1
129.72808773092038	1.0	1	1
129.8281865640461	1.0	1	1
129.9282853971718	1.0	1	1
130.02838423029752	1.0	1	1
130.12848306342323	1.0	1	1
130.22858189654895	1.0	1	1
130.32868072967466	1.0	1	1
130.42877956280037	1.0	1	1
130.52887839592606	1.0	1	1
130.62897722905177	1.0	1	1
130.72907606217748	1.0	1	1
130.8291748953032	1.0	1	1
130.9292737284289	1.0	1	1
131.02937256155462	1.0	1	1
131.12947139468034	1.0	1	1
131.22957022780605	1.0	1	1
131.32966906093176	1.0	1	1
131.42976789405745	1.0	1	1
131.52986672718316	1.0	1	1
131.62996556030888	1.0	1	1
131.7300643934346	1.0	1	1
131.8301632265603	1.0	1	1
131.93026205968602	1.0	1	1
132.03036089281173	1.0	1	1
132.13045972593744	1.0	1	1
132.23055855906316	1.0	1	1
132.33065739218884	1.0	1	1
132.43075622531455	1.0	1	1
132.53085505844027	1.0	1	1
132.63095389156598	1.0	1	1
132.7310527246917	1.0	1	1
132.8311515578174	1.0	1	1
132.93125039094312	1.0	1	1
133.03134922406883	1.0	1	1
133.13144805719455	1.0	1	1
133.23154689032023	1.0	1	1
133.33164572344594	1.0	1	1
133.43174455657166	1.0	1	1
133.53184338969737	1.0	1	1
133.63194222282308	1.0	1	1
133.7320410559488	1.0	1	1
133.8321398890745	1.0	1	1
133.93223872220022	2.0	2	2
134.03233755532594	2.0	2	2
134.13243638845162	2.0	2	2
134.23253522157734	2.0	2	2
134.33263405470305	2.0	2	2
134.43273288782876	3.0	3	3
134.53283172095448	3.0	3	3
134.6329305540802	3.0	3	3
134.7330293872059	3.0	3	3
134.83312822033162	2.0	2	2
134.93322705345733	2.0	2	2
135.03332588658301	2.0	2	2
135.13342471970873	2.0	2	2
135.23352355283444	2.0	2	2
135.33362238596015	2.0	2	2
135.43372121908587	3.0	3	3
135.53382005221158	3.0	3	3
135.6339188853373	3.0	3	3
135.734017718463	3.0	3	3
135.83411655158872	3.0	3	3
135.9342153847144	3.0	3	3
136.03431421784012	2.0	2	2
136.13441305096583	2.0	2	2
136.23451188409155	2.0	2	2
136.33461071721726	2.0	2	2
136.43470955034297	2.0	2	2
136.5348083834687	2.0	2	2
136.6349072165944	3.0	3	3
136.7350060497201	3.0	3	3
136.8351048828458	3.0	3	3
136.9352037159715	3.0	3	3
137.03530254909722	3.0	3	3
137.13540138222294	3.0	3	3
137.23550021534865	3.0	3	3
137.33559904847436	3.0	3	3
137.43569788160008	2.0	2	2
137.5357967147258	2.0	2	2
137.6358955478515	2.0	2	2
137.7359943809772	2.0	2	2
137.8360932141029	1.0	1	1
137.93619204722862	1.0	1	1
138.03629088035433	1.0	1	1
138.13638971348004	1.0	1	1
138.23648854660576	1.0	1	1
138.33658737973147	1.0	1	1
138.43668621285718	1.0	1	1
138.5367850459829	0.0	0	0
138.63688387910858	0.0	0	0
138.7369827122343	0.0	0	0
138.83708154536	0.0	0	0
138.93718037848572	0.0	0	0
139.03727921161143	0.0	0	0
139.13737804473715	0.0	0	0
139.23747687786286	0.0	0	0
139.33757571098857	0.0	0	0
139.4376745441143	0.0	0	0
139.53777337723997	0.0	0	0
139.63787221036569	0.0	0	0
139.7379710434914	0.0	0	0
139.8380698766171	0.0	0	0
139.93816870974283	0.0	0	0
140.03826754286854	0.0	0	0
140.13836637599425	0.0	0	0
140.23846520911997	0.0	0	0
140.33856404224568	0.0	0	0
140.43866287537136	0.0	0	0
140.53876170849708	0.0	0	0
140.6388605416228	0.0	0	0
140.7389593747485	0.0	0	0
140.83905820787422	0.0	0	0
140.93915704099993	0.0	0	0
141.03925587412564	0.0	0	0
141.13935470725136	0.0	0	0
141.23945354037707	1.0	1	1
141.33955237350276	1.0	1	1
141.43965120662847	1.0	1	1
141.53975003975418	1.0	1	1
141.6398488728799	1.0	1	1
141.7399477060056	1.0	1	1
141.84004653913132	1.0	1	1
141.94014537225704	1.0	1	1
142.04024420538275	1.0	1	1
142.14034303850846	1.0	1	1
142.24044187163415	1.0	1	1
142.34054070475986	1.0	1	1
142.44063953788557	1.0	1	1
142.5407383710113	1.0	1	1
142.640837204137	1.0	1	1
142.7409360372627	1.0	1	1
142.84103487038843	1.0	1	1
142.94113370351414	1.0	1	1
143.04123253663985	1.0	1	1
143.14133136976554	1.0	1	1
143.24143020289125	1.0	1	1
143.34152903601696	1.0	1	1
143.44162786914268	1.0	1	1
143.5417267022684	1.0	1	1
143.6418255353941	1.0	1	1
143.74192436851982	1.0	1	1
143.84202320164553	1.0	1	1
143.94212203477124	1.0	1	1
144.04222086789696	1.0	1	1
144.14231970102264	1.0	1	1
144.24241853414836	1.0	1	1
144.34251736727407	1.0	1	1
144.44261620039978	1.0	1	1
144.5427150335255	1.0	1	1
144.6428138666512	1.0	1	1
144.74291269977692	1.0	1	1
144.84301153290264	1.0	1	1
144.94311036602835	1.0	1	1
145.04320919915403	1.0	1	1
145.14330803227975	1.0	1	1
145.24340686540546	1.0	1	1
145.34350569853117	1.0	1	1
145.4436045316569	1.0	1	1
145.5437033647826	1.0	1	1
145.64380219790831	1.0	1	1
145.74390103103403	1.0	1	1
145.84399986415974	1.0	1	1
145.94409869728543	1.0	1	1
146.04419753041114	1.0	1	1
146.14429636353685	1.0	1	1
146.24439519666257	1.0	1	1
146.34449402978828	1.0	1	1
146.444592862914	1.0	1	1
146.5446916960397	1.0	1	1
146.64479052916542	1.0	1	1
146.74488936229113	1.0	1	1
146.84498819541682	1.0	1	1
146.94508702854253	1.0	1	1
147.04518586166824	1.0	1	1
147.14528469479396	1.0	1	1
147.24538352791967	1.0	1	1
147.34548236104538	1.0	1	1
147.4455811941711	1.0	1	1
147.5456800272968	1.0	1	1
147.64577886042252	1.0	1	1
147.7458776935482	1.0	1	1
147.84597652667392	1.0	1	1
147.94607535979964	1.0	1	1
148.04617419292535	1.0	1	1
148.14627302605106	1.0	1	1
148.24637185917678	1.0	1	1
148.3464706923025	1.0	1	1
148.4465695254282	2.0	2	2
148.54666835855392	2.0	2	2
148.6467671916796	2.0	2	2
148.7468660248053	2.0	2	2
148.84696485793103	3.0	3	3
148.94706369105674	3.0	3	3
149.04716252418245	3.0	3	3
149.14726135730817	3.0	3	3
149.24736019043388	3.0	3	3
149.3474590235596	3.0	3	3
149.4475578566853	3.0	3	3
149.547656689811	3.0	3	3
149.6477555229367	3.0	3	3
149.74785435606242	3.0	3	3
149.84795318918813	3.0	3	3
149.94805202231385	3.0	3	3
150.04815085543956	3.0	3	3
150.14824968856527	3.0	3	3
150.24834852169099	3.0	3	3
150.3484473548167	3.0	3	3
150.44854618794238	3.0	3	3
150.5486450210681	3.0	3	3
150.6487438541938	2.0	2	2
150.74884268731952	2.0	2	2
150.84894152044524	2.0	2	2
150.94904035357095	2.0	2	2
151.04913918669666	2.0	2	2
151.14923801982238	2.0	2	2
151.2493368529481	2.0	2	2
151.34943568607378	2.0	2	2
151.4495345191995	2.0	2	2
151.5496333523252	2.0	2	2
151.64973218545092	2.0	2	2
151.74983101857663	2.0	2	2
151.84992985170234	2.0	2	2
151.95002868482806	2.0	2	2
152.05012751795377	2.0	2	2
152.15022635107948	2.0	2	2
152.25032518420517	2.0	2	2
152.35042401733088	2.0	2	2
152.4505228504566	2.0	2	2
152.5506216835823	2.0	2	2
152.65072051670802	2.0	2	2
152.75081934983373	2.0	2	2
152.85091818295945	2.0	2	2
152.95101701608516	2.0	2	2
153.05111584921087	2.0	2	2
153.15121468233656	2.0	2	2
153.25131351546227	2.0	2	2
153.35141234858798	2.0	2	2
153.4515111817137	2.0	2	2
153.5516100148394	2.0	2	2
153.65170884796512	2.0	2	2
153.75180768109084	2.0	2	2
153.85190651421655	2.0	2	2
153.95200534734226	2.0	2	2
154.05210418046795	2.0	2	2
154.15220301359366	2.0	2	2
154.25230184671938	2.0	2	2
154.3524006798451	2.0	2	2
154.4524995129708	2.0	2	2
154.55259834609652	2.0	2	2
154.65269717922223	2.0	2	2
154.75279601234794	2.0	2	2
154.85289484547366	2.0	2	2
154.95299367859934	2.0	2	2
155.05309251172505	2.0	2	2
155.15319134485077	2.0	2	2
155.25329017797648	1.0	1	1
155.3533890111022	1.0	1	1
155.4534878442279	1.0	1	1
155.55358667735362	1.0	1	1
155.65368551047933	1.0	1	1
155.75378434360505	1.0	1	1
155.85388317673073	1.0	1	1
155.95398200985645	1.0	1	1
156.05408084298216	1.0	1	1
156.15417967610787	1.0	1	1
156.2542785092336	1.0	1	1
156.3543773423593	1.0	1	1
156.454476175485	1.0	1	1
156.55457500861073	1.0	1	1
156.65467384173644	1.0	1	1
156.75477267486212	1.0	1	1
156.85487150798784	1.0	1	1
156.95497034111355	1.0	1	1
157.05506917423926	1.0	1	1
157.15516800736498	1.0	1	1
157.2552668404907	1.0	1	1
157.3553656736164	1.0	1	1
157.45546450674212	1.0	1	1
157.55556333986783	1.0	1	1
157.65566217299352	1.0	1	1
157.75576100611923	1.0	1	1
157.85585983924494	1.0	1	1
157.95595867237066	1.0	1	1
158.05605750549637	1.0	1	1
158.15615633862208	1.0	1	1
158.2562551717478	0.0	0	0
158.3563540048735	0.0	0	0
158.45645283799922	0.0	0	0
158.5565516711249	0.0	0	0
158.65665050425062	0.0	0	0
158.75674933737633	0.0	0	0
158.85684817050205	0.0	0	0
158.95694700362776	0.0	0	0
159.05704583675347	0.0	0	0
159.1571446698792	0.0	0	0
159.2572435030049	0.0	0	0
159.3573423361306	0.0	0	0
159.4574411692563	0.0	0	0
159.557540002382	0.0	0	0
159.65763883550773	0.0	0	0
159.75773766863344	0.0	0	0
159.85783650175915	0.0	0	0
159.95793533488487	0.0	0	0
160.05803416801058	0.0	0	0
160.1581330011363	0.0	0	0
160.258231834262	0.0	0	0
160.3583306673877	0.0	0	0
160.4584295005134	0.0	0	0
160.55852833363912	0.0	0	0
160.65862716676483	0.0	0	0
160.75872599989054	0.0	0	0
160.85882483301626	0.0	0	0
160.95892366614197	0.0	0	0
161.05902249926768	0.0	0	0
161.1591213323934	0.0	0	0
161.25922016551908	0.0	0	0
161.3593189986448	0.0	0	0
161.4594178317705	0.0	0	0
161.55951666489622	0.0	0	0
161.65961549802194	1.0	1	1
161.75971433114765	1.0	1	1
161.85981316427336	1.0	1	1
161.95991199739908	2.0	2	2
162.0600108305248	2.0	2	2
162.16010966365047	2.0	2	2
162.2602084967762	2.0	2	2
162.3603073299019	2.0	2	2
162.4604061630276	2.0	2	2
162.56050499615333	2.0	2	2
162.66060382927904	3.0	3	3
162.76070266240475	3.0	3	3
162.86080149553047	3.0	3	3
162.96090032865618	3.0	3	3
163.06099916178187	3.0	3	3
163.16109799490758	3.0	3	3
163.2611968280333	3.0	3	3
163.361295661159	4.0	4	4
163.46139449428472	4.0	4	4
163.56149332741043	4.0	4	4
163.66159216053615	4.0	4	4
163.76169099366186	4.0	4	4
163.86178982678757	4.0	4	4
163.96188865991326	4.0	4	4
164.06198749303897	4.0	4	4
164.16208632616468	4.0	4	4
164.2621851592904	5.0	5	5
164.3622839924161	4.0	4	4
164.46238282554182	4.0	4	4
164.56248165866754	4.0	4	4
164.66258049179325	4.0	4	4
164.76267932491896	4.0	4	4
164.86277815804465	4.0	4	4
164.96287699117036	4.0	4	4
165.06297582429607	3.0	3	3
165.1630746574218	3.0	3	3
165.2631734905475	3.0	3	3
165.36327232367321	4.0	4	4
165.46337115679893	4.0	4	4
165.56346998992464	4.0	4	4
165.66356882305035	5.0	5	5
165.76366765617604	5.0	5	5
165.86376648930175	5.0	5	5
165.96386532242747	5.0	5	5
166.06396415555318	4.0	4	4
166.1640629886789	4.0	4	4
166.2641618218046	4.0	4	4
166.36426065493032	4.0	4	4
166.46435948805603	4.0	4	4
166.56445832118175	4.0	4	4
166.66455715430743	5.0	5	5
166.76465598743314	5.0	5	5
166.86475482055886	5.0	5	5
166.96485365368457	4.0	4	4
167.06495248681028	5.0	5	5
167.165051319936	5.0	5	5
167.2651501530617	5.0	5	5
167.36524898618742	5.0	5	5
167.46534781931314	5.0	5	5
167.56544665243882	5.0	5	5
167.66554548556454	5.0	5	5
167.76564431869025	5.0	5	5
167.86574315181596	5.0	5	5
167.96584198494168	5.0	5	5
168.0659408180674	5.0	5	5
168.1660396511931	5.0	5	5
168.26613848431882	5.0	5	5
168.36623731744453	5.0	5	5
168.4663361505702	4.0	4	4
168.56643498369593	3.0	3	3
168.66653381682164	3.0	3	3
168.76663264994735	3.0	3	3
168.86673148307307	3.0	3	3
168.96683031619878	3.0	3	3
169.0669291493245	3.0	3	3
169.1670279824502	3.0	3	3
169.26712681557592	2.0	2	2
169.3672256487016	2.0	2	2
169.46732448182732	2.0	2	2
169.56742331495303	2.0	2	2
169.66752214807875	2.0	2	2
169.76762098120446	2.0	2	2
169.86771981433017	2.0	2	2
169.96781864745589	2.0	2	2
170.0679174805816	2.0	2	2
170.1680163137073	2.0	2	2
170.268115146833	2.0	2	2
170.3682139799587	2.0	2	2
170.46831281308442	2.0	2	2
170.56841164621014	2.0	2	2
170.66851047933585	2.0	2	2
170.76860931246156	2.0	2	2
170.86870814558728	2.0	2	2
170.968806978713	3.0	3	3
171.0689058118387	3.0	3	3
171.1690046449644	3.0	3	3
171.2691034780901	3.0	3	3
171.36920231121582	3.0	3	3
171.46930114434153	3.0	3	3
171.56939997746724	3.0	3	3
171.66949881059296	3.0	3	3
171.76959764371867	3.0	3	3
171.86969647684438	3.0	3	3
171.9697953099701	3.0	3	3
172.06989414309578	3.0	3	3
172.1699929762215	3.0	3	3
172.2700918093472	3.0	3	3
172.37019064247292	3.0	3	3
172.47028947559863	3.0	3	3
172.57038830872435	3.0	3	3
172.67048714185006	3.0	3	3
172.77058597497577	4.0	4	4
172.8706848081015	3.0	3	3
172.97078364122717	3.0	3	3
173.07088247435289	3.0	3	3
173.1709813074786	3.0	3	3
173.2710801406043	3.0	3	3
173.37117897373003	3.0	3	3
173.47127780685574	3.0	3	3
173.57137663998145	3.0	3	3
173.67147547310717	3.0	3	3
173.77157430623288	3.0	3	3
173.87167313935856	3.0	3	3
173.97177197248428	3.0	3	3
174.07187080561	3.0	3	3
174.1719696387357	3.0	3	3
174.27206847186142	3.0	3	3
174.37216730498713	3.0	3	3
174.47226613811284	3.0	3	3
174.57236497123856	3.0	3	3
174.67246380436427	3.0	3	3
174.77256263748995	4.0	4	4
174.87266147061567	4.0	4	4
174.97276030374138	4.0	4	4
175.0728591368671	4.0	4	4
175.1729579699928	4.0	4	4
175.27305680311852	4.0	4	4
175.37315563624423	4.0	4	4
175.47325446936995	4.0	4	4
175.57335330249566	4.0	4	4
175.67345213562135	4.0	4	4
175.77355096874706	4.0	4	4
175.87364980187277	4.0	4	4
175.9737486349985	4.0	4	4
176.0738474681242	4.0	4	4
176.1739463012499	4.0	4	4
176.27404513437563	4.0	4	4
176.37414396750134	4.0	4	4
176.47424280062705	4.0	4	4
176.57434163375274	4.0	4	4
176.67444046687845	4.0	4	4
176.77453930000416	4.0	4	4
176.87463813312988	4.0	4	4
176.9747369662556	4.0	4	4
177.0748357993813	4.0	4	4
177.17493463250702	4.0	4	4
177.27503346563273	4.0	4	4
177.37513229875844	4.0	4	4
177.47523113188413	4.0	4	4
177.57532996500984	4.0	4	4
177.67542879813556	4.0	4	4
177.77552763126127	4.0	4	4
177.87562646438698	4.0	4	4
177.9757252975127	4.0	4	4
178.0758241306384	4.0	4	4
178.17592296376412	3.0	3	3
178.27602179688984	3.0	3	3
178.37612063001552	3.0	3	3
178.47621946314123	3.0	3	3
178.57631829626695	3.0	3	3
178.67641712939266	3.0	3	3
178.77651596251837	3.0	3	3
178.8766147956441	3.0	3	3
178.9767136287698	3.0	3	3
179.0768124618955	3.0	3	3
179.17691129502123	3.0	3	3
179.2770101281469	3.0	3	3
179.37710896127263	2.0	2	2
179.47720779439834	2.0	2	2
179.57730662752405	2.0	2	2
179.67740546064977	1.0	1	1
179.77750429377548	1.0	1	1
179.8776031269012	1.0	1	1
179.9777019600269	1.0	1	1
180.07780079315262	1.0	1	1
180.1778996262783	1.0	1	1
180.27799845940402	1.0	1	1
180.37809729252973	1.0	1	1
180.47819612565544	1.0	1	1
180.57829495878116	1.0	1	1
180.67839379190687	1.0	1	1
180.77849262503258	1.0	1	1
180.8785914581583	1.0	1	1
180.978690291284	1.0	1	1
181.0787891244097	1.0	1	1
181.1788879575354	1.0	1	1
181.27898679066112	1.0	1	1
181.37908562378684	1.0	1	1
181.47918445691255	1.0	1	1
181.57928329003826	1.0	1	1
181.67938212316398	1.0	1	1
181.7794809562897	1.0	1	1
181.8795797894154	1.0	1	1
