time	diversity	m_div	M_div
0.0	2.0	2	2
0.10008520573785624	2.0	2	2
0.2001704114757125	2.0	2	2
0.30025561721356875	2.0	2	2
0.400340822951425	2.0	2	2
0.5004260286892812	1.0	1	1
0.6005112344271375	1.0	1	1
0.7005964401649937	1.0	1	1
0.80068164590285	1.0	1	1
0.9007668516407062	1.0	1	1
1.0008520573785624	1.0	1	1
1.1009372631164187	1.0	1	1
1.201022468854275	1.0	1	1
1.3011076745921313	1.0	1	1
1.4011928803299873	1.0	1	1
1.5012780860678436	1.0	1	1
1.6013632918057	1.0	1	1
1.7014484975435562	1.0	1	1
1.8015337032814125	1.0	1	1
1.9016189090192686	1.0	1	1
2.001704114757125	1.0	1	1
2.1017893204949814	1.0	1	1
2.2018745262328374	1.0	1	1
2.3019597319706935	1.0	1	1
2.40204493770855	1.0	1	1
2.502130143446406	1.0	1	1
2.6022153491842626	1.0	1	1
2.7023005549221186	1.0	1	1
2.8023857606599747	1.0	1	1
2.902470966397831	2.0	2	2
3.0025561721356873	2.0	2	2
3.1026413778735438	2.0	2	2
3.2027265836114	2.0	2	2
3.302811789349256	2.0	2	2
3.4028969950871124	2.0	2	2
3.5029822008249685	3.0	3	3
3.603067406562825	3.0	3	3
3.703152612300681	3.0	3	3
3.803237818038537	3.0	3	3
3.9033230237763936	3.0	3	3
4.00340822951425	3.0	3	3
4.103493435252106	3.0	3	3
4.203578640989963	3.0	3	3
4.303663846727819	3.0	3	3
4.403749052465675	3.0	3	3
4.503834258203531	3.0	3	3
4.603919463941387	3.0	3	3
4.704004669679244	3.0	3	3
4.8040898754171	3.0	3	3
4.904175081154956	3.0	3	3
5.004260286892812	3.0	3	3
5.104345492630668	3.0	3	3
5.204430698368525	3.0	3	3
5.304515904106381	3.0	3	3
5.404601109844237	3.0	3	3
5.504686315582093	3.0	3	3
5.604771521319949	3.0	3	3
5.704856727057806	3.0	3	3
5.804941932795662	3.0	3	3
5.9050271385335185	3.0	3	3
6.0051123442713745	3.0	3	3
6.105197550009231	3.0	3	3
6.2052827557470875	3.0	3	3
6.305367961484944	3.0	3	3
6.4054531672228	3.0	3	3
6.505538372960656	3.0	3	3
6.605623578698512	3.0	3	3
6.705708784436369	3.0	3	3
6.805793990174225	3.0	3	3
6.905879195912081	3.0	3	3
7.005964401649937	3.0	3	3
7.106049607387793	3.0	3	3
7.20613481312565	3.0	3	3
7.306220018863506	3.0	3	3
7.406305224601362	3.0	3	3
7.506390430339218	3.0	3	3
7.606475636077074	3.0	3	3
7.706560841814931	3.0	3	3
7.806646047552787	3.0	3	3
7.906731253290643	3.0	3	3
8.0068164590285	3.0	3	3
8.106901664766356	3.0	3	3
8.206986870504211	3.0	3	3
8.307072076242068	3.0	3	3
8.407157281979925	3.0	3	3
8.50724248771778	3.0	3	3
8.607327693455638	3.0	3	3
8.707412899193493	3.0	3	3
8.80749810493135	3.0	3	3
8.907583310669207	3.0	3	3
9.007668516407062	3.0	3	3
9.107753722144919	3.0	3	3
9.207838927882774	3.0	3	3
9.30792413362063	3.0	3	3
9.408009339358488	3.0	3	3
9.508094545096343	3.0	3	3
9.6081797508342	3.0	3	3
9.708264956572055	3.0	3	3
9.808350162309912	3.0	3	3
9.908435368047769	3.0	3	3
10.008520573785624	3.0	3	3
10.108605779523481	3.0	3	3
10.208690985261336	3.0	3	3
10.308776190999193	3.0	3	3
10.40886139673705	3.0	3	3
10.508946602474905	3.0	3	3
10.609031808212762	3.0	3	3
10.709117013950618	3.0	3	3
10.809202219688475	3.0	3	3
10.909287425426331	3.0	3	3
11.009372631164187	3.0	3	3
11.109457836902044	3.0	3	3
11.209543042639899	3.0	3	3
11.309628248377756	3.0	3	3
11.409713454115613	3.0	3	3
11.509798659853468	3.0	3	3
11.609883865591325	3.0	3	3
11.70996907132918	3.0	3	3
11.810054277067037	3.0	3	3
11.910139482804894	3.0	3	3
12.010224688542749	3.0	3	3
12.110309894280606	3.0	3	3
12.210395100018461	3.0	3	3
12.310480305756318	3.0	3	3
12.410565511494175	3.0	3	3
12.51065071723203	3.0	3	3
12.610735922969887	4.0	4	4
12.710821128707742	4.0	4	4
12.8109063344456	4.0	4	4
12.910991540183456	4.0	4	4
13.011076745921311	4.0	4	4
13.111161951659168	4.0	4	4
13.211247157397024	4.0	4	4
13.31133236313488	4.0	4	4
13.411417568872738	4.0	4	4
13.511502774610593	4.0	4	4
13.61158798034845	4.0	4	4
13.711673186086305	4.0	4	4
13.811758391824162	4.0	4	4
13.911843597562019	4.0	4	4
14.011928803299874	4.0	4	4
14.11201400903773	4.0	4	4
14.212099214775586	4.0	4	4
14.312184420513443	4.0	4	4
14.4122696262513	4.0	4	4
14.512354831989155	4.0	4	4
14.612440037727012	4.0	4	4
14.712525243464867	4.0	4	4
14.812610449202724	4.0	4	4
14.912695654940581	4.0	4	4
15.012780860678436	4.0	4	4
15.112866066416293	4.0	4	4
15.212951272154148	4.0	4	4
15.313036477892005	4.0	4	4
15.413121683629862	4.0	4	4
15.513206889367718	4.0	4	4
15.613292095105574	4.0	4	4
15.71337730084343	4.0	4	4
15.813462506581287	4.0	4	4
15.913547712319144	4.0	4	4
16.013632918057	4.0	4	4
16.113718123794854	4.0	4	4
16.213803329532713	4.0	4	4
16.313888535270568	4.0	4	4
16.413973741008423	4.0	4	4
16.51405894674628	4.0	4	4
16.614144152484137	4.0	4	4
16.714229358221992	4.0	4	4
16.81431456395985	5.0	5	5
16.914399769697706	5.0	5	5
17.01448497543556	5.0	5	5
17.114570181173416	5.0	5	5
17.214655386911275	5.0	5	5
17.31474059264913	5.0	5	5
17.414825798386985	5.0	5	5
17.514911004124844	5.0	5	5
17.6149962098627	5.0	5	5
17.715081415600554	5.0	5	5
17.815166621338413	5.0	5	5
17.91525182707627	5.0	5	5
18.015337032814124	5.0	5	5
18.11542223855198	5.0	5	5
18.215507444289837	5.0	5	5
18.315592650027693	5.0	5	5
18.415677855765548	5.0	5	5
18.515763061503407	5.0	5	5
18.61584826724126	5.0	5	5
18.715933472979117	5.0	5	5
18.816018678716976	5.0	5	5
18.91610388445483	5.0	5	5
19.016189090192686	5.0	5	5
19.11627429593054	5.0	5	5
19.2163595016684	5.0	5	5
19.316444707406255	5.0	5	5
19.41652991314411	5.0	5	5
19.51661511888197	5.0	5	5
19.616700324619824	5.0	5	5
19.71678553035768	5.0	5	5
19.816870736095538	5.0	5	5
19.916955941833393	5.0	5	5
20.01704114757125	5.0	5	5
20.117126353309104	5.0	5	5
20.217211559046962	5.0	5	5
20.317296764784817	5.0	5	5
20.417381970522673	5.0	5	5
20.51746717626053	5.0	5	5
20.617552381998387	5.0	5	5
20.71763758773624	5.0	5	5
20.8177227934741	5.0	5	5
20.917807999211956	4.0	4	4
21.01789320494981	3.0	3	3
21.117978410687666	3.0	3	3
21.218063616425525	3.0	3	3
21.31814882216338	3.0	3	3
21.418234027901235	3.0	3	3
21.518319233639094	3.0	3	3
21.61840443937695	3.0	3	3
21.718489645114804	3.0	3	3
21.818574850852663	3.0	3	3
21.918660056590518	3.0	3	3
22.018745262328373	3.0	3	3
22.11883046806623	3.0	3	3
22.218915673804087	3.0	3	3
22.319000879541942	3.0	3	3
22.419086085279798	3.0	3	3
22.519171291017656	3.0	3	3
22.61925649675551	3.0	3	3
22.719341702493367	3.0	3	3
22.819426908231225	3.0	3	3
22.91951211396908	3.0	3	3
23.019597319706936	3.0	3	3
23.11968252544479	3.0	3	3
23.21976773118265	3.0	3	3
23.319852936920505	3.0	3	3
23.41993814265836	3.0	3	3
23.52002334839622	3.0	3	3
23.620108554134074	3.0	3	3
23.72019375987193	3.0	3	3
23.820278965609788	2.0	2	2
23.920364171347643	2.0	2	2
24.020449377085498	2.0	2	2
24.120534582823353	2.0	2	2
24.220619788561212	2.0	2	2
24.320704994299067	2.0	2	2
24.420790200036922	2.0	2	2
24.52087540577478	2.0	2	2
24.620960611512636	2.0	2	2
24.72104581725049	2.0	2	2
24.82113102298835	2.0	2	2
24.921216228726205	2.0	2	2
25.02130143446406	2.0	2	2
25.121386640201916	2.0	2	2
25.221471845939774	2.0	2	2
25.32155705167763	2.0	2	2
25.421642257415485	2.0	2	2
25.521727463153344	2.0	2	2
25.6218126688912	2.0	2	2
25.721897874629054	2.0	2	2
25.821983080366913	2.0	2	2
25.922068286104768	2.0	2	2
26.022153491842623	2.0	2	2
26.12223869758048	2.0	2	2
26.222323903318337	2.0	2	2
26.322409109056192	2.0	2	2
26.422494314794047	2.0	2	2
26.522579520531906	2.0	2	2
26.62266472626976	2.0	2	2
26.722749932007616	1.0	1	1
26.822835137745475	1.0	1	1
26.92292034348333	1.0	1	1
27.023005549221185	1.0	1	1
27.123090754959044	1.0	1	1
27.2231759606969	1.0	1	1
27.323261166434754	1.0	1	1
27.42334637217261	1.0	1	1
27.52343157791047	1.0	1	1
27.623516783648324	1.0	1	1
27.72360198938618	1.0	1	1
27.823687195124037	1.0	1	1
27.923772400861893	1.0	1	1
28.023857606599748	1.0	1	1
28.123942812337607	1.0	1	1
28.22402801807546	1.0	1	1
28.324113223813317	1.0	1	1
28.424198429551172	1.0	1	1
28.52428363528903	1.0	1	1
28.624368841026886	1.0	1	1
28.72445404676474	1.0	1	1
28.8245392525026	1.0	1	1
28.924624458240455	1.0	1	1
29.02470966397831	1.0	1	1
29.12479486971617	1.0	1	1
29.224880075454024	1.0	1	1
29.32496528119188	1.0	1	1
29.425050486929734	1.0	1	1
29.525135692667593	1.0	1	1
29.62522089840545	1.0	1	1
29.725306104143304	1.0	1	1
29.825391309881162	1.0	1	1
29.925476515619017	1.0	1	1
30.025561721356873	1.0	1	1
30.12564692709473	1.0	1	1
30.225732132832587	1.0	1	1
30.32581733857044	1.0	1	1
30.425902544308297	1.0	1	1
30.525987750046156	1.0	1	1
30.62607295578401	1.0	1	1
30.726158161521866	1.0	1	1
30.826243367259725	1.0	1	1
30.92632857299758	1.0	1	1
31.026413778735435	1.0	1	1
31.126498984473294	1.0	1	1
31.22658419021115	1.0	1	1
31.326669395949004	1.0	1	1
31.42675460168686	1.0	1	1
31.526839807424718	1.0	1	1
31.626925013162573	1.0	1	1
31.72701021890043	1.0	1	1
31.827095424638287	1.0	1	1
31.927180630376142	1.0	1	1
32.027265836114	1.0	1	1
32.12735104185185	1.0	1	1
32.22743624758971	1.0	1	1
32.32752145332757	1.0	1	1
32.427606659065425	1.0	1	1
32.52769186480328	1.0	1	1
32.627777070541136	1.0	1	1
32.72786227627899	1.0	1	1
32.827947482016846	1.0	1	1
32.9280326877547	1.0	1	1
33.02811789349256	1.0	1	1
33.12820309923042	1.0	1	1
33.228288304968274	1.0	1	1
33.32837351070613	1.0	1	1
33.428458716443984	1.0	1	1
33.52854392218184	1.0	1	1
33.6286291279197	1.0	1	1
33.72871433365756	1.0	1	1
33.82879953939541	1.0	1	1
33.92888474513327	0.0	0	0
34.02896995087112	0.0	0	0
34.12905515660898	0.0	0	0
34.22914036234683	0.0	0	0
34.329225568084695	0.0	0	0
34.42931077382255	0.0	0	0
34.529395979560405	0.0	0	0
34.62948118529826	0.0	0	0
34.729566391036116	0.0	0	0
34.82965159677397	0.0	0	0
34.929736802511826	0.0	0	0
35.02982200824969	0.0	0	0
35.12990721398754	1.0	1	1
35.2299924197254	1.0	1	1
35.330077625463254	1.0	1	1
35.43016283120111	1.0	1	1
35.530248036938964	1.0	1	1
35.630333242676826	1.0	1	1
35.73041844841468	1.0	1	1
35.83050365415254	1.0	1	1
35.93058885989039	1.0	1	1
36.03067406562825	1.0	1	1
36.1307592713661	1.0	1	1
36.23084447710396	1.0	1	1
36.33092968284182	1.0	1	1
36.431014888579675	1.0	1	1
36.53110009431753	1.0	1	1
36.631185300055385	1.0	1	1
36.73127050579324	1.0	1	1
36.831355711531096	1.0	1	1
36.93144091726895	1.0	1	1
37.03152612300681	1.0	1	1
37.13161132874467	1.0	1	1
37.23169653448252	1.0	1	1
37.33178174022038	1.0	1	1
37.431866945958234	1.0	1	1
37.53195215169609	1.0	1	1
37.63203735743395	1.0	1	1
37.73212256317181	1.0	1	1
37.83220776890966	1.0	1	1
37.93229297464752	1.0	1	1
38.03237818038537	1.0	1	1
38.13246338612323	2.0	2	2
38.23254859186108	2.0	2	2
38.332633797598945	2.0	2	2
38.4327190033368	2.0	2	2
38.532804209074655	3.0	3	3
38.63288941481251	3.0	3	3
38.732974620550365	3.0	3	3
38.83305982628822	4.0	4	4
38.93314503202608	5.0	5	5
39.03323023776394	5.0	5	5
39.13331544350179	5.0	5	5
39.23340064923965	6.0	6	6
39.3334858549775	7.0	7	7
39.43357106071536	9.0	9	9
39.533656266453214	9.0	9	9
39.633741472191076	9.0	9	9
39.73382667792893	9.0	9	9
39.83391188366679	10.0	10	10
39.93399708940464	10.0	10	10
40.0340822951425	11.0	11	11
40.13416750088035	11.0	11	11
40.23425270661821	11.0	11	11
40.33433791235607	11.0	11	11
40.434423118093925	10.0	10	10
40.53450832383178	10.0	10	10
40.634593529569635	11.0	11	11
40.73467873530749	11.0	11	11
40.834763941045345	11.0	11	11
40.93484914678321	11.0	11	11
41.03493435252106	11.0	11	11
41.13501955825892	11.0	11	11
41.23510476399677	11.0	11	11
41.33518996973463	11.0	11	11
41.43527517547248	11.0	11	11
41.53536038121034	11.0	11	11
41.6354455869482	11.0	11	11
41.735530792686056	11.0	11	11
41.83561599842391	11.0	11	11
41.93570120416177	11.0	11	11
42.03578640989962	11.0	11	11
42.13587161563748	11.0	11	11
42.23595682137533	11.0	11	11
42.336042027113194	11.0	11	11
42.43612723285105	11.0	11	11
42.536212438588905	11.0	11	11
42.63629764432676	11.0	11	11
42.736382850064615	11.0	11	11
42.83646805580247	11.0	11	11
42.93655326154033	11.0	11	11
43.03663846727819	11.0	11	11
43.13672367301604	11.0	11	11
43.2368088787539	11.0	11	11
43.33689408449175	11.0	11	11
43.43697929022961	11.0	11	11
43.53706449596746	11.0	11	11
43.637149701705326	11.0	11	11
43.73723490744318	11.0	11	11
43.837320113181036	12.0	12	12
43.93740531891889	12.0	12	12
44.03749052465675	12.0	12	12
44.1375757303946	12.0	12	12
44.23766093613246	12.0	12	12
44.33774614187032	12.0	12	12
44.437831347608174	12.0	12	12
44.53791655334603	12.0	12	12
44.638001759083885	12.0	12	12
44.73808696482174	12.0	12	12
44.838172170559595	12.0	12	12
44.93825737629746	12.0	12	12
45.03834258203531	12.0	12	12
45.13842778777317	12.0	12	12
45.23851299351102	11.0	11	11
45.33859819924888	11.0	11	11
45.43868340498673	11.0	11	11
45.53876861072459	11.0	11	11
45.63885381646245	11.0	11	11
45.738939022200306	10.0	10	10
45.83902422793816	10.0	10	10
45.939109433676016	10.0	10	10
46.03919463941387	10.0	10	10
46.13927984515173	10.0	10	10
46.23936505088958	10.0	10	10
46.339450256627444	10.0	10	10
46.4395354623653	10.0	10	10
46.539620668103154	11.0	11	11
46.63970587384101	11.0	11	11
46.739791079578865	11.0	11	11
46.83987628531672	12.0	12	12
46.93996149105458	12.0	12	12
47.04004669679244	12.0	12	12
47.14013190253029	12.0	12	12
47.24021710826815	11.0	11	11
47.340302314006	11.0	11	11
47.44038751974386	11.0	11	11
47.54047272548171	12.0	12	12
47.640557931219575	12.0	12	12
47.74064313695743	12.0	12	12
47.840728342695286	12.0	12	12
47.94081354843314	12.0	12	12
48.040898754170996	12.0	12	12
48.14098395990885	12.0	12	12
48.24106916564671	12.0	12	12
48.34115437138457	12.0	12	12
48.441239577122424	12.0	12	12
48.54132478286028	12.0	12	12
48.641409988598134	12.0	12	12
48.74149519433599	11.0	11	11
48.841580400073845	11.0	11	11
48.94166560581171	11.0	11	11
49.04175081154956	11.0	11	11
49.14183601728742	11.0	11	11
49.24192122302527	11.0	11	11
49.34200642876313	11.0	11	11
49.44209163450098	11.0	11	11
49.54217684023884	11.0	11	11
49.6422620459767	11.0	11	11
49.742347251714556	12.0	12	12
49.84243245745241	12.0	12	12
49.942517663190266	13.0	13	13
50.04260286892812	13.0	13	13
50.142688074665976	13.0	13	13
50.24277328040383	13.0	13	13
50.342858486141694	13.0	13	13
50.44294369187955	13.0	13	13
50.543028897617404	13.0	13	13
50.64311410335526	13.0	13	13
50.743199309093114	13.0	13	13
50.84328451483097	13.0	13	13
50.94336972056883	13.0	13	13
51.04345492630669	13.0	13	13
51.14354013204454	13.0	13	13
51.2436253377824	13.0	13	13
51.34371054352025	13.0	13	13
51.44379574925811	13.0	13	13
51.54388095499596	13.0	13	13
51.643966160733825	13.0	13	13
51.74405136647168	13.0	13	13
51.844136572209536	13.0	13	13
51.94422177794739	13.0	13	13
52.044306983685246	13.0	13	13
52.1443921894231	13.0	13	13
52.24447739516096	13.0	13	13
52.34456260089882	14.0	14	14
52.444647806636674	14.0	14	14
52.54473301237453	14.0	14	14
52.644818218112384	15.0	15	15
52.74490342385024	15.0	15	15
52.844988629588094	14.0	14	14
52.94507383532596	14.0	14	14
53.04515904106381	14.0	14	14
53.14524424680167	13.0	13	13
53.24532945253952	12.0	12	12
53.34541465827738	12.0	12	12
53.44549986401523	12.0	12	12
53.54558506975309	12.0	12	12
53.64567027549095	11.0	11	11
53.745755481228805	11.0	11	11
53.84584068696666	10.0	10	10
53.945925892704516	10.0	10	10
54.04601109844237	9.0	9	9
54.146096304180226	9.0	9	9
54.24618150991809	9.0	9	9
54.34626671565594	9.0	9	9
54.4463519213938	9.0	9	9
54.546437127131654	8.0	8	8
54.64652233286951	8.0	8	8
54.746607538607364	9.0	9	9
54.84669274434522	9.0	9	9
54.94677795008308	9.0	9	9
55.04686315582094	8.0	8	8
55.14694836155879	7.0	7	7
55.24703356729665	8.0	8	8
55.3471187730345	8.0	8	8
55.44720397877236	7.0	7	7
55.54728918451021	7.0	7	7
55.647374390248075	7.0	7	7
55.74745959598593	7.0	7	7
55.847544801723785	7.0	7	7
55.94763000746164	7.0	7	7
56.047715213199496	7.0	7	7
56.14780041893735	9.0	9	9
56.24788562467521	8.0	8	8
56.34797083041307	8.0	8	8
56.44805603615092	8.0	8	8
56.54814124188878	8.0	8	8
56.648226447626634	8.0	8	8
56.74831165336449	6.0	6	6
56.848396859102344	6.0	6	6
56.948482064840206	6.0	6	6
57.04856727057806	7.0	7	7
57.14865247631592	7.0	7	7
57.24873768205377	7.0	7	7
57.34882288779163	6.0	6	6
57.44890809352948	6.0	6	6
57.54899329926734	7.0	7	7
57.6490785050052	7.0	7	7
57.749163710743055	7.0	7	7
57.84924891648091	7.0	7	7
57.949334122218765	7.0	7	7
58.04941932795662	6.0	6	6
58.149504533694476	6.0	6	6
58.24958973943234	6.0	6	6
58.34967494517019	6.0	6	6
58.44976015090805	5.0	5	5
58.5498453566459	6.0	6	6
58.64993056238376	7.0	7	7
58.750015768121614	8.0	8	8
58.85010097385947	8.0	8	8
58.95018617959733	8.0	8	8
59.050271385335186	8.0	8	8
59.15035659107304	8.0	8	8
59.2504417968109	8.0	8	8
59.35052700254875	8.0	8	8
59.45061220828661	7.0	7	7
59.55069741402446	6.0	6	6
59.650782619762325	5.0	5	5
59.75086782550018	4.0	4	4
59.850953031238035	4.0	4	4
59.95103823697589	4.0	4	4
60.051123442713745	4.0	4	4
60.1512086484516	4.0	4	4
60.25129385418946	4.0	4	4
60.35137905992732	4.0	4	4
60.45146426566517	4.0	4	4
60.55154947140303	4.0	4	4
60.65163467714088	4.0	4	4
60.75171988287874	4.0	4	4
60.851805088616594	4.0	4	4
60.951890294354456	4.0	4	4
61.05197550009231	5.0	5	5
61.152060705830166	7.0	7	7
61.25214591156802	8.0	8	8
61.35223111730588	8.0	8	8
61.45231632304373	8.0	8	8
61.55240152878159	8.0	8	8
61.65248673451945	9.0	9	9
61.752571940257305	10.0	10	10
61.85265714599516	10.0	10	10
61.952742351733015	10.0	10	10
62.05282755747087	10.0	10	10
62.152912763208725	10.0	10	10
62.25299796894659	8.0	8	8
62.35308317468444	8.0	8	8
62.4531683804223	8.0	8	8
62.55325358616015	8.0	8	8
62.65333879189801	7.0	7	7
62.75342399763586	7.0	7	7
62.85350920337372	7.0	7	7
62.95359440911158	7.0	7	7
63.053679614849436	7.0	7	7
63.15376482058729	7.0	7	7
63.253850026325146	7.0	7	7
63.353935232063	7.0	7	7
63.45402043780086	7.0	7	7
63.55410564353871	7.0	7	7
63.654190849276574	7.0	7	7
63.75427605501443	7.0	7	7
63.854361260752285	6.0	6	6
63.95444646649014	6.0	6	6
64.054531672228	6.0	6	6
64.15461687796585	6.0	6	6
64.2547020837037	6.0	6	6
64.35478728944156	6.0	6	6
64.45487249517942	6.0	6	6
64.55495770091729	6.0	6	6
64.65504290665514	6.0	6	6
64.755128112393	6.0	6	6
64.85521331813085	6.0	6	6
64.9552985238687	6.0	6	6
65.05538372960656	6.0	6	6
65.15546893534442	5.0	5	5
65.25555414108227	6.0	6	6
65.35563934682013	6.0	6	6
65.45572455255798	7.0	7	7
65.55580975829584	8.0	8	8
65.65589496403369	9.0	9	9
65.75598016977155	12.0	12	12
65.8560653755094	13.0	13	13
65.95615058124727	15.0	15	15
66.05623578698513	15.0	15	15
66.15632099272298	15.0	15	15
66.25640619846084	16.0	16	16
66.35649140419869	17.0	17	17
66.45657660993655	17.0	17	17
66.5566618156744	17.0	17	17
66.65674702141226	18.0	18	18
66.75683222715011	19.0	19	19
66.85691743288797	19.0	19	19
66.95700263862582	18.0	18	18
67.05708784436368	18.0	18	18
67.15717305010153	19.0	19	19
67.2572582558394	19.0	19	19
67.35734346157726	19.0	19	19
67.45742866731511	17.0	17	17
67.55751387305297	17.0	17	17
67.65759907879082	17.0	17	17
67.75768428452868	17.0	17	17
67.85776949026653	17.0	17	17
67.95785469600439	17.0	17	17
68.05793990174224	17.0	17	17
68.1580251074801	17.0	17	17
68.25811031321795	17.0	17	17
68.35819551895581	17.0	17	17
68.45828072469367	17.0	17	17
68.55836593043153	16.0	16	16
68.65845113616939	16.0	16	16
68.75853634190725	16.0	16	16
68.8586215476451	16.0	16	16
68.95870675338296	18.0	18	18
69.05879195912081	18.0	18	18
69.15887716485867	18.0	18	18
69.25896237059652	18.0	18	18
69.35904757633438	18.0	18	18
69.45913278207223	18.0	18	18
69.55921798781009	18.0	18	18
69.65930319354794	18.0	18	18
69.7593883992858	18.0	18	18
69.85947360502365	18.0	18	18
69.95955881076152	18.0	18	18
70.05964401649938	18.0	18	18
70.15972922223723	18.0	18	18
70.25981442797509	18.0	18	18
70.35989963371294	18.0	18	18
70.4599848394508	18.0	18	18
70.56007004518865	19.0	19	19
70.66015525092651	19.0	19	19
70.76024045666436	18.0	18	18
70.86032566240222	18.0	18	18
70.96041086814007	17.0	17	17
71.06049607387793	18.0	18	18
71.16058127961578	16.0	16	16
71.26066648535365	16.0	16	16
71.36075169109151	16.0	16	16
71.46083689682936	14.0	14	14
71.56092210256722	14.0	14	14
71.66100730830507	13.0	13	13
71.76109251404293	14.0	14	14
71.86117771978078	14.0	14	14
71.96126292551864	14.0	14	14
72.0613481312565	13.0	13	13
72.16143333699435	13.0	13	13
72.2615185427322	13.0	13	13
72.36160374847006	13.0	13	13
72.46168895420792	13.0	13	13
72.56177415994578	13.0	13	13
72.66185936568364	12.0	12	12
72.7619445714215	13.0	13	13
72.86202977715935	13.0	13	13
72.9621149828972	13.0	13	13
73.06220018863506	12.0	12	12
73.16228539437292	11.0	11	11
73.26237060011077	11.0	11	11
73.36245580584863	12.0	12	12
73.46254101158648	12.0	12	12
73.56262621732434	12.0	12	12
73.66271142306219	12.0	12	12
73.76279662880005	12.0	12	12
73.8628818345379	13.0	13	13
73.96296704027577	15.0	15	15
74.06305224601363	15.0	15	15
74.16313745175148	15.0	15	15
74.26322265748934	15.0	15	15
74.36330786322719	15.0	15	15
74.46339306896505	14.0	14	14
74.5634782747029	14.0	14	14
74.66356348044076	14.0	14	14
74.76364868617861	15.0	15	15
74.86373389191647	15.0	15	15
74.96381909765432	16.0	16	16
75.06390430339218	16.0	16	16
75.16398950913003	16.0	16	16
75.2640747148679	16.0	16	16
75.36415992060576	16.0	16	16
75.46424512634361	16.0	16	16
75.56433033208147	16.0	16	16
75.66441553781932	16.0	16	16
75.76450074355718	15.0	15	15
75.86458594929503	15.0	15	15
75.96467115503289	15.0	15	15
76.06475636077074	15.0	15	15
76.1648415665086	15.0	15	15
76.26492677224645	15.0	15	15
76.36501197798431	15.0	15	15
76.46509718372216	15.0	15	15
76.56518238946003	14.0	14	14
76.66526759519789	14.0	14	14
76.76535280093574	14.0	14	14
76.8654380066736	14.0	14	14
76.96552321241145	14.0	14	14
77.06560841814931	14.0	14	14
77.16569362388717	14.0	14	14
77.26577882962502	14.0	14	14
77.36586403536288	14.0	14	14
77.46594924110073	14.0	14	14
77.56603444683859	13.0	13	13
77.66611965257644	13.0	13	13
77.7662048583143	13.0	13	13
77.86629006405217	13.0	13	13
77.96637526979002	13.0	13	13
78.06646047552788	13.0	13	13
78.16654568126573	13.0	13	13
78.26663088700359	13.0	13	13
78.36671609274144	13.0	13	13
78.4668012984793	13.0	13	13
78.56688650421715	13.0	13	13
78.666971709955	13.0	13	13
78.76705691569286	13.0	13	13
78.86714212143072	13.0	13	13
78.96722732716857	13.0	13	13
79.06731253290643	13.0	13	13
79.16739773864428	13.0	13	13
79.26748294438215	13.0	13	13
79.36756815012001	13.0	13	13
79.46765335585786	13.0	13	13
79.56773856159572	12.0	12	12
79.66782376733357	11.0	11	11
79.76790897307143	11.0	11	11
79.86799417880928	11.0	11	11
79.96807938454714	11.0	11	11
80.068164590285	11.0	11	11
80.16824979602285	12.0	12	12
80.2683350017607	12.0	12	12
80.36842020749856	11.0	11	11
80.46850541323641	11.0	11	11
80.56859061897428	11.0	11	11
80.66867582471214	11.0	11	11
80.76876103045	11.0	11	11
80.86884623618785	11.0	11	11
80.9689314419257	11.0	11	11
81.06901664766356	11.0	11	11
81.16910185340141	11.0	11	11
81.26918705913927	11.0	11	11
81.36927226487713	11.0	11	11
81.46935747061498	11.0	11	11
81.56944267635284	11.0	11	11
81.66952788209069	11.0	11	11
81.76961308782855	11.0	11	11
81.86969829356642	11.0	11	11
81.96978349930427	11.0	11	11
82.06986870504213	11.0	11	11
82.16995391077998	11.0	11	11
82.27003911651784	11.0	11	11
82.37012432225569	11.0	11	11
82.47020952799355	11.0	11	11
82.5702947337314	12.0	12	12
82.67037993946926	12.0	12	12
82.77046514520711	12.0	12	12
82.87055035094497	12.0	12	12
82.97063555668282	11.0	11	11
83.07072076242068	11.0	11	11
83.17080596815853	11.0	11	11
83.2708911738964	11.0	11	11
83.37097637963426	11.0	11	11
83.47106158537211	11.0	11	11
83.57114679110997	11.0	11	11
83.67123199684782	11.0	11	11
83.77131720258568	12.0	12	12
83.87140240832353	12.0	12	12
83.97148761406139	10.0	10	10
84.07157281979924	10.0	10	10
84.1716580255371	10.0	10	10
84.27174323127495	11.0	11	11
84.37182843701281	11.0	11	11
84.47191364275066	11.0	11	11
84.57199884848853	10.0	10	10
84.67208405422639	10.0	10	10
84.77216925996424	10.0	10	10
84.8722544657021	10.0	10	10
84.97233967143995	10.0	10	10
85.07242487717781	12.0	12	12
85.17251008291566	12.0	12	12
85.27259528865352	11.0	11	11
85.37268049439137	11.0	11	11
85.47276570012923	11.0	11	11
85.57285090586709	11.0	11	11
85.67293611160494	10.0	10	10
85.7730213173428	8.0	8	8
85.87310652308066	8.0	8	8
85.97319172881852	8.0	8	8
86.07327693455638	9.0	9	9
86.17336214029423	9.0	9	9
86.27344734603209	9.0	9	9
86.37353255176994	9.0	9	9
86.4736177575078	8.0	8	8
86.57370296324565	9.0	9	9
86.6737881689835	8.0	8	8
86.77387337472136	6.0	6	6
86.87395858045922	6.0	6	6
86.97404378619707	6.0	6	6
87.07412899193493	6.0	6	6
87.17421419767278	6.0	6	6
87.27429940341065	6.0	6	6
87.3743846091485	6.0	6	6
87.47446981488636	6.0	6	6
87.57455502062422	6.0	6	6
87.67464022636207	6.0	6	6
87.77472543209993	6.0	6	6
87.87481063783778	6.0	6	6
87.97489584357564	6.0	6	6
88.0749810493135	6.0	6	6
88.17506625505135	5.0	5	5
88.2751514607892	5.0	5	5
88.37523666652706	4.0	4	4
88.47532187226491	4.0	4	4
88.57540707800278	4.0	4	4
88.67549228374064	4.0	4	4
88.7755774894785	4.0	4	4
88.87566269521635	4.0	4	4
88.9757479009542	4.0	4	4
89.07583310669206	4.0	4	4
89.17591831242991	4.0	4	4
89.27600351816777	4.0	4	4
89.37608872390562	4.0	4	4
89.47617392964348	4.0	4	4
89.57625913538133	5.0	5	5
89.67634434111919	5.0	5	5
89.77642954685705	5.0	5	5
89.87651475259491	5.0	5	5
89.97659995833277	5.0	5	5
90.07668516407062	5.0	5	5
90.17677036980848	6.0	6	6
90.27685557554634	6.0	6	6
90.37694078128419	6.0	6	6
90.47702598702205	6.0	6	6
90.5771111927599	6.0	6	6
90.67719639849776	6.0	6	6
90.77728160423561	6.0	6	6
90.87736680997347	7.0	7	7
90.97745201571132	7.0	7	7
91.07753722144918	7.0	7	7
91.17762242718705	6.0	6	6
91.2777076329249	6.0	6	6
91.37779283866276	6.0	6	6
91.47787804440061	6.0	6	6
91.57796325013847	6.0	6	6
91.67804845587632	6.0	6	6
91.77813366161418	6.0	6	6
91.87821886735203	6.0	6	6
91.97830407308989	6.0	6	6
92.07838927882774	6.0	6	6
92.1784744845656	6.0	6	6
92.27855969030345	7.0	7	7
92.37864489604131	7.0	7	7
92.47873010177916	7.0	7	7
92.57881530751703	6.0	6	6
92.67890051325489	7.0	7	7
92.77898571899274	7.0	7	7
92.8790709247306	6.0	6	6
92.97915613046845	6.0	6	6
93.07924133620631	6.0	6	6
93.17932654194416	6.0	6	6
93.27941174768202	6.0	6	6
93.37949695341987	5.0	5	5
93.47958215915773	5.0	5	5
93.57966736489558	6.0	6	6
93.67975257063344	6.0	6	6
93.7798377763713	5.0	5	5
93.87992298210916	4.0	4	4
93.98000818784702	5.0	5	5
94.08009339358487	5.0	5	5
94.18017859932273	6.0	6	6
94.28026380506059	6.0	6	6
94.38034901079844	7.0	7	7
94.4804342165363	7.0	7	7
94.58051942227415	8.0	8	8
94.680604628012	7.0	7	7
94.78068983374986	7.0	7	7
94.88077503948772	7.0	7	7
94.98086024522557	7.0	7	7
95.08094545096343	6.0	6	6
95.1810306567013	6.0	6	6
95.28111586243915	6.0	6	6
95.381201068177	6.0	6	6
95.48128627391486	6.0	6	6
95.58137147965272	6.0	6	6
95.68145668539057	5.0	5	5
95.78154189112843	5.0	5	5
95.88162709686628	5.0	5	5
95.98171230260414	5.0	5	5
96.08179750834199	4.0	4	4
96.18188271407985	4.0	4	4
96.2819679198177	4.0	4	4
96.38205312555556	4.0	4	4
96.48213833129341	4.0	4	4
96.58222353703128	4.0	4	4
96.68230874276914	4.0	4	4
96.78239394850699	4.0	4	4
96.88247915424485	4.0	4	4
96.9825643599827	4.0	4	4
97.08264956572056	4.0	4	4
97.18273477145841	3.0	3	3
97.28281997719627	3.0	3	3
97.38290518293412	3.0	3	3
97.48299038867198	3.0	3	3
97.58307559440983	3.0	3	3
97.68316080014769	3.0	3	3
97.78324600588554	4.0	4	4
97.88333121162341	4.0	4	4
97.98341641736127	4.0	4	4
98.08350162309912	4.0	4	4
98.18358682883698	4.0	4	4
98.28367203457483	4.0	4	4
98.38375724031269	4.0	4	4
98.48384244605055	4.0	4	4
98.5839276517884	4.0	4	4
98.68401285752626	4.0	4	4
98.78409806326411	5.0	5	5
98.88418326900197	5.0	5	5
98.98426847473982	4.0	4	4
99.08435368047768	4.0	4	4
99.18443888621555	4.0	4	4
99.2845240919534	4.0	4	4
99.38460929769126	4.0	4	4
99.48469450342911	5.0	5	5
99.58477970916697	5.0	5	5
99.68486491490482	5.0	5	5
99.78495012064268	5.0	5	5
99.88503532638053	5.0	5	5
99.98512053211839	5.0	5	5
100.08520573785624	6.0	6	6
100.1852909435941	6.0	6	6
100.28537614933195	6.0	6	6
100.38546135506981	6.0	6	6
100.48554656080766	6.0	6	6
100.58563176654553	6.0	6	6
100.68571697228339	6.0	6	6
100.78580217802124	6.0	6	6
100.8858873837591	6.0	6	6
100.98597258949695	6.0	6	6
101.08605779523481	5.0	5	5
101.18614300097266	5.0	5	5
101.28622820671052	5.0	5	5
101.38631341244837	5.0	5	5
101.48639861818623	5.0	5	5
101.58648382392408	5.0	5	5
101.68656902966194	5.0	5	5
101.7866542353998	4.0	4	4
101.88673944113766	4.0	4	4
101.98682464687552	4.0	4	4
102.08690985261337	4.0	4	4
102.18699505835123	4.0	4	4
102.28708026408908	4.0	4	4
102.38716546982694	4.0	4	4
102.4872506755648	4.0	4	4
102.58733588130265	4.0	4	4
102.6874210870405	4.0	4	4
102.78750629277836	4.0	4	4
102.88759149851622	4.0	4	4
102.98767670425407	4.0	4	4
103.08776190999193	4.0	4	4
103.1878471157298	4.0	4	4
103.28793232146765	5.0	5	5
103.3880175272055	5.0	5	5
103.48810273294336	5.0	5	5
103.58818793868122	5.0	5	5
103.68827314441907	5.0	5	5
103.78835835015693	5.0	5	5
103.88844355589478	5.0	5	5
103.98852876163264	5.0	5	5
104.08861396737049	5.0	5	5
104.18869917310835	5.0	5	5
104.2887843788462	5.0	5	5
104.38886958458406	5.0	5	5
104.48895479032193	5.0	5	5
104.58903999605978	5.0	5	5
104.68912520179764	5.0	5	5
104.78921040753549	5.0	5	5
104.88929561327335	5.0	5	5
104.9893808190112	5.0	5	5
105.08946602474906	5.0	5	5
105.18955123048691	5.0	5	5
105.28963643622477	5.0	5	5
105.38972164196262	5.0	5	5
105.48980684770048	5.0	5	5
105.58989205343833	5.0	5	5
105.68997725917619	5.0	5	5
105.79006246491404	5.0	5	5
105.89014767065191	5.0	5	5
105.99023287638977	5.0	5	5
106.09031808212762	5.0	5	5
106.19040328786548	5.0	5	5
106.29048849360333	4.0	4	4
106.39057369934119	4.0	4	4
106.49065890507904	4.0	4	4
106.5907441108169	4.0	4	4
106.69082931655475	4.0	4	4
106.79091452229261	4.0	4	4
106.89099972803047	4.0	4	4
106.99108493376832	4.0	4	4
107.09117013950618	4.0	4	4
107.19125534524404	4.0	4	4
107.2913405509819	4.0	4	4
107.39142575671976	4.0	4	4
107.49151096245761	4.0	4	4
107.59159616819547	4.0	4	4
107.69168137393332	4.0	4	4
107.79176657967118	4.0	4	4
107.89185178540903	4.0	4	4
107.99193699114689	4.0	4	4
108.09202219688474	4.0	4	4
108.1921074026226	4.0	4	4
108.29219260836045	4.0	4	4
108.3922778140983	4.0	4	4
108.49236301983618	4.0	4	4
108.59244822557403	4.0	4	4
108.69253343131189	4.0	4	4
108.79261863704974	4.0	4	4
108.8927038427876	4.0	4	4
108.99278904852545	4.0	4	4
109.09287425426331	4.0	4	4
109.19295946000116	4.0	4	4
109.29304466573902	4.0	4	4
109.39312987147687	4.0	4	4
109.49321507721473	4.0	4	4
109.59330028295258	4.0	4	4
109.69338548869044	4.0	4	4
109.7934706944283	4.0	4	4
109.89355590016616	4.0	4	4
109.99364110590402	4.0	4	4
110.09372631164187	4.0	4	4
110.19381151737973	4.0	4	4
110.29389672311758	4.0	4	4
110.39398192885544	4.0	4	4
110.4940671345933	4.0	4	4
110.59415234033115	4.0	4	4
110.694237546069	3.0	3	3
110.79432275180686	3.0	3	3
110.89440795754471	3.0	3	3
110.99449316328257	3.0	3	3
111.09457836902043	3.0	3	3
111.1946635747583	3.0	3	3
111.29474878049615	3.0	3	3
111.394833986234	3.0	3	3
111.49491919197186	3.0	3	3
111.59500439770972	3.0	3	3
111.69508960344757	3.0	3	3
111.79517480918543	3.0	3	3
111.89526001492328	3.0	3	3
111.99534522066114	2.0	2	2
112.09543042639899	2.0	2	2
112.19551563213685	2.0	2	2
112.2956008378747	2.0	2	2
112.39568604361256	2.0	2	2
112.49577124935043	2.0	2	2
112.59585645508828	2.0	2	2
112.69594166082614	2.0	2	2
112.79602686656399	2.0	2	2
112.89611207230185	2.0	2	2
112.9961972780397	2.0	2	2
113.09628248377756	1.0	1	1
113.19636768951541	0.0	0	0
113.29645289525327	0.0	0	0
113.39653810099112	0.0	0	0
113.49662330672898	0.0	0	0
113.59670851246683	0.0	0	0
113.69679371820469	0.0	0	0
113.79687892394254	0.0	0	0
113.89696412968041	0.0	0	0
113.99704933541827	1.0	1	1
114.09713454115612	1.0	1	1
114.19721974689398	1.0	1	1
114.29730495263183	1.0	1	1
114.39739015836969	1.0	1	1
114.49747536410754	1.0	1	1
114.5975605698454	1.0	1	1
114.69764577558325	1.0	1	1
114.79773098132111	1.0	1	1
114.89781618705896	1.0	1	1
114.99790139279682	1.0	1	1
115.09798659853467	1.0	1	1
115.19807180427254	1.0	1	1
115.2981570100104	1.0	1	1
115.39824221574825	1.0	1	1
115.49832742148611	1.0	1	1
115.59841262722396	1.0	1	1
115.69849783296182	1.0	1	1
115.79858303869968	1.0	1	1
115.89866824443753	1.0	1	1
115.99875345017539	0.0	0	0
116.09883865591324	0.0	0	0
116.1989238616511	0.0	0	0
116.29900906738895	0.0	0	0
116.3990942731268	0.0	0	0
116.49917947886468	0.0	0	0
116.59926468460253	0.0	0	0
116.69934989034039	0.0	0	0
116.79943509607824	0.0	0	0
116.8995203018161	0.0	0	0
116.99960550755395	0.0	0	0
117.0996907132918	0.0	0	0
117.19977591902966	0.0	0	0
117.29986112476752	0.0	0	0
117.39994633050537	0.0	0	0
117.50003153624323	0.0	0	0
117.60011674198108	0.0	0	0
117.70020194771894	0.0	0	0
117.80028715345681	0.0	0	0
117.90037235919466	0.0	0	0
118.00045756493252	0.0	0	0
118.10054277067037	0.0	0	0
118.20062797640823	0.0	0	0
118.30071318214608	0.0	0	0
118.40079838788394	0.0	0	0
118.5008835936218	0.0	0	0
118.60096879935965	0.0	0	0
118.7010540050975	0.0	0	0
118.80113921083536	0.0	0	0
118.90122441657321	0.0	0	0
119.00130962231107	0.0	0	0
119.10139482804892	0.0	0	0
119.2014800337868	0.0	0	0
119.30156523952465	0.0	0	0
119.4016504452625	0.0	0	0
119.50173565100036	0.0	0	0
119.60182085673821	0.0	0	0
119.70190606247607	0.0	0	0
119.80199126821392	0.0	0	0
119.90207647395178	0.0	0	0
120.00216167968964	0.0	0	0
120.10224688542749	0.0	0	0
120.20233209116535	0.0	0	0
120.3024172969032	0.0	0	0
120.40250250264106	0.0	0	0
120.50258770837893	0.0	0	0
120.60267291411678	0.0	0	0
120.70275811985464	0.0	0	0
120.80284332559249	0.0	0	0
120.90292853133035	0.0	0	0
121.0030137370682	0.0	0	0
121.10309894280606	0.0	0	0
121.20318414854391	0.0	0	0
121.30326935428177	0.0	0	0
121.40335456001962	0.0	0	0
121.50343976575748	0.0	0	0
121.60352497149533	0.0	0	0
121.70361017723319	0.0	0	0
121.80369538297106	0.0	0	0
121.90378058870891	0.0	0	0
122.00386579444677	0.0	0	0
122.10395100018462	0.0	0	0
122.20403620592248	0.0	0	0
122.30412141166033	0.0	0	0
122.40420661739819	0.0	0	0
122.50429182313604	0.0	0	0
122.6043770288739	0.0	0	0
122.70446223461175	0.0	0	0
122.80454744034961	0.0	0	0
122.90463264608746	0.0	0	0
123.00471785182532	0.0	0	0
123.10480305756317	0.0	0	0
123.20488826330104	0.0	0	0
123.3049734690389	0.0	0	0
123.40505867477675	0.0	0	0
123.50514388051461	0.0	0	0
123.60522908625246	0.0	0	0
123.70531429199032	0.0	0	0
123.80539949772817	0.0	0	0
123.90548470346603	0.0	0	0
124.00556990920389	0.0	0	0
124.10565511494174	0.0	0	0
124.2057403206796	0.0	0	0
124.30582552641745	0.0	0	0
124.4059107321553	0.0	0	0
124.50599593789318	0.0	0	0
124.60608114363103	0.0	0	0
124.70616634936889	0.0	0	0
124.80625155510674	0.0	0	0
124.9063367608446	0.0	0	0
125.00642196658245	0.0	0	0
125.1065071723203	0.0	0	0
125.20659237805816	0.0	0	0
125.30667758379602	0.0	0	0
125.40676278953387	0.0	0	0
125.50684799527173	0.0	0	0
125.60693320100958	0.0	0	0
125.70701840674744	0.0	0	0
125.8071036124853	0.0	0	0
125.90718881822316	0.0	0	0
126.00727402396102	0.0	0	0
126.10735922969887	0.0	0	0
126.20744443543673	0.0	0	0
126.30752964117458	0.0	0	0
126.40761484691244	0.0	0	0
126.50770005265029	0.0	0	0
126.60778525838815	1.0	1	1
126.707870464126	1.0	1	1
126.80795566986386	1.0	1	1
126.90804087560171	1.0	1	1
127.00812608133957	1.0	1	1
127.10821128707742	1.0	1	1
127.2082964928153	1.0	1	1
127.30838169855315	1.0	1	1
127.408466904291	1.0	1	1
127.50855211002886	1.0	1	1
127.60863731576671	1.0	1	1
127.70872252150457	1.0	1	1
127.80880772724242	1.0	1	1
127.90889293298028	2.0	2	2
128.00897813871813	2.0	2	2
128.109063344456	3.0	3	3
128.20914855019385	3.0	3	3
128.3092337559317	3.0	3	3
128.40931896166956	3.0	3	3
128.5094041674074	3.0	3	3
128.60948937314527	3.0	3	3
128.70957457888312	3.0	3	3
128.80965978462098	3.0	3	3
128.90974499035883	3.0	3	3
129.0098301960967	3.0	3	3
129.10991540183457	3.0	3	3
129.21000060757243	3.0	3	3
129.31008581331028	3.0	3	3
129.41017101904814	3.0	3	3
129.510256224786	3.0	3	3
129.61034143052385	3.0	3	3
129.7104266362617	3.0	3	3
129.81051184199956	4.0	4	4
129.9105970477374	4.0	4	4
130.01068225347527	4.0	4	4
130.11076745921312	3.0	3	3
130.21085266495098	3.0	3	3
130.31093787068883	2.0	2	2
130.4110230764267	2.0	2	2
130.51110828216454	2.0	2	2
130.6111934879024	2.0	2	2
130.71127869364025	2.0	2	2
130.8113638993781	2.0	2	2
130.91144910511596	2.0	2	2
131.01153431085382	2.0	2	2
131.11161951659167	2.0	2	2
131.21170472232953	2.0	2	2
131.31178992806738	2.0	2	2
131.41187513380524	2.0	2	2
131.5119603395431	2.0	2	2
131.61204554528095	2.0	2	2
131.7121307510188	2.0	2	2
131.8122159567567	2.0	2	2
131.91230116249454	2.0	2	2
132.0123863682324	1.0	1	1
132.11247157397025	1.0	1	1
132.2125567797081	1.0	1	1
132.31264198544596	1.0	1	1
132.41272719118382	1.0	1	1
132.51281239692167	1.0	1	1
132.61289760265953	1.0	1	1
132.71298280839738	1.0	1	1
132.81306801413524	1.0	1	1
132.9131532198731	1.0	1	1
133.01323842561095	1.0	1	1
133.1133236313488	1.0	1	1
133.21340883708666	0.0	0	0
133.31349404282452	0.0	0	0
133.41357924856237	0.0	0	0
133.51366445430023	0.0	0	0
133.61374966003808	0.0	0	0
133.71383486577594	1.0	1	1
133.8139200715138	1.0	1	1
133.91400527725165	1.0	1	1
134.0140904829895	1.0	1	1
134.11417568872736	1.0	1	1
134.2142608944652	1.0	1	1
134.31434610020307	1.0	1	1
134.41443130594092	1.0	1	1
134.5145165116788	1.0	1	1
134.61460171741666	1.0	1	1
134.71468692315452	1.0	1	1
134.81477212889237	1.0	1	1
134.91485733463023	2.0	2	2
135.01494254036808	2.0	2	2
135.11502774610594	2.0	2	2
135.2151129518438	2.0	2	2
135.31519815758165	2.0	2	2
135.4152833633195	2.0	2	2
135.51536856905736	2.0	2	2
135.6154537747952	2.0	2	2
135.71553898053307	2.0	2	2
135.81562418627092	2.0	2	2
135.91570939200878	2.0	2	2
136.01579459774663	2.0	2	2
136.1158798034845	2.0	2	2
136.21596500922234	2.0	2	2
136.3160502149602	2.0	2	2
136.41613542069805	2.0	2	2
136.5162206264359	2.0	2	2
136.61630583217377	2.0	2	2
136.71639103791162	2.0	2	2
136.81647624364948	2.0	2	2
136.91656144938733	2.0	2	2
137.0166466551252	2.0	2	2
137.11673186086307	1.0	1	1
137.21681706660092	1.0	1	1
137.31690227233878	2.0	2	2
137.41698747807663	2.0	2	2
137.5170726838145	3.0	3	3
137.61715788955235	3.0	3	3
137.7172430952902	3.0	3	3
137.81732830102806	3.0	3	3
137.9174135067659	3.0	3	3
138.01749871250377	3.0	3	3
138.11758391824162	3.0	3	3
138.21766912397948	3.0	3	3
138.31775432971733	3.0	3	3
138.4178395354552	3.0	3	3
138.51792474119304	3.0	3	3
138.6180099469309	3.0	3	3
138.71809515266875	3.0	3	3
138.8181803584066	3.0	3	3
138.91826556414446	3.0	3	3
139.01835076988232	3.0	3	3
139.11843597562017	3.0	3	3
139.21852118135803	3.0	3	3
139.31860638709588	3.0	3	3
139.41869159283374	2.0	2	2
139.5187767985716	2.0	2	2
139.61886200430945	2.0	2	2
139.7189472100473	2.0	2	2
139.8190324157852	1.0	1	1
139.91911762152304	1.0	1	1
140.0192028272609	1.0	1	1
140.11928803299875	1.0	1	1
140.2193732387366	1.0	1	1
140.31945844447446	1.0	1	1
140.41954365021232	1.0	1	1
140.51962885595017	1.0	1	1
140.61971406168803	1.0	1	1
140.71979926742588	1.0	1	1
140.81988447316374	1.0	1	1
140.9199696789016	1.0	1	1
141.02005488463945	1.0	1	1
141.1201400903773	1.0	1	1
141.22022529611516	0.0	0	0
141.32031050185302	0.0	0	0
141.42039570759087	0.0	0	0
141.52048091332873	0.0	0	0
141.62056611906658	0.0	0	0
141.72065132480444	0.0	0	0
141.8207365305423	0.0	0	0
141.92082173628015	0.0	0	0
142.020906942018	0.0	0	0
142.12099214775586	0.0	0	0
142.2210773534937	0.0	0	0
142.32116255923157	0.0	0	0
142.42124776496945	0.0	0	0
142.5213329707073	0.0	0	0
142.62141817644516	0.0	0	0
142.72150338218302	0.0	0	0
142.82158858792087	0.0	0	0
142.92167379365873	1.0	1	1
143.02175899939658	1.0	1	1
143.12184420513444	1.0	1	1
143.2219294108723	1.0	1	1
143.32201461661015	1.0	1	1
143.422099822348	1.0	1	1
143.52218502808586	1.0	1	1
143.6222702338237	1.0	1	1
143.72235543956157	1.0	1	1
143.82244064529942	2.0	2	2
143.92252585103728	2.0	2	2
144.02261105677513	2.0	2	2
144.122696262513	2.0	2	2
144.22278146825084	2.0	2	2
144.3228666739887	2.0	2	2
144.42295187972655	2.0	2	2
144.5230370854644	2.0	2	2
144.62312229120226	2.0	2	2
144.72320749694012	2.0	2	2
144.82329270267797	2.0	2	2
144.92337790841583	2.0	2	2
145.02346311415369	2.0	2	2
145.12354831989157	2.0	2	2
145.22363352562942	2.0	2	2
145.32371873136728	2.0	2	2
145.42380393710513	2.0	2	2
145.523889142843	2.0	2	2
145.62397434858084	2.0	2	2
145.7240595543187	2.0	2	2
145.82414476005656	2.0	2	2
145.9242299657944	2.0	2	2
146.02431517153227	2.0	2	2
146.12440037727012	2.0	2	2
146.22448558300798	2.0	2	2
146.32457078874583	2.0	2	2
146.4246559944837	2.0	2	2
146.52474120022154	2.0	2	2
146.6248264059594	2.0	2	2
146.72491161169725	2.0	2	2
146.8249968174351	2.0	2	2
146.92508202317296	2.0	2	2
147.02516722891082	2.0	2	2
147.12525243464867	2.0	2	2
147.22533764038653	2.0	2	2
147.32542284612438	2.0	2	2
147.42550805186224	2.0	2	2
147.5255932576001	2.0	2	2
147.62567846333795	2.0	2	2
147.7257636690758	2.0	2	2
147.8258488748137	2.0	2	2
147.92593408055154	2.0	2	2
148.0260192862894	2.0	2	2
148.12610449202725	2.0	2	2
148.2261896977651	2.0	2	2
148.32627490350296	2.0	2	2
148.42636010924082	2.0	2	2
148.52644531497867	2.0	2	2
148.62653052071653	2.0	2	2
148.72661572645438	2.0	2	2
148.82670093219224	2.0	2	2
148.9267861379301	2.0	2	2
149.02687134366795	2.0	2	2
149.1269565494058	2.0	2	2
149.22704175514366	2.0	2	2
149.32712696088151	2.0	2	2
149.42721216661937	2.0	2	2
149.52729737235722	2.0	2	2
149.62738257809508	2.0	2	2
149.72746778383294	2.0	2	2
149.8275529895708	2.0	2	2
149.92763819530865	3.0	3	3
150.0277234010465	3.0	3	3
150.12780860678436	3.0	3	3
150.2278938125222	3.0	3	3
150.32797901826007	3.0	3	3
150.42806422399795	3.0	3	3
150.5281494297358	3.0	3	3
150.62823463547366	3.0	3	3
150.72831984121152	3.0	3	3
150.82840504694937	3.0	3	3
150.92849025268723	3.0	3	3
151.02857545842508	3.0	3	3
151.12866066416294	3.0	3	3
151.2287458699008	3.0	3	3
151.32883107563865	3.0	3	3
151.4289162813765	3.0	3	3
151.52900148711436	3.0	3	3
151.6290866928522	3.0	3	3
151.72917189859007	3.0	3	3
151.82925710432792	3.0	3	3
151.92934231006578	3.0	3	3
152.02942751580363	3.0	3	3
152.1295127215415	3.0	3	3
152.22959792727934	3.0	3	3
152.3296831330172	2.0	2	2
152.42976833875505	2.0	2	2
152.5298535444929	2.0	2	2
152.62993875023076	2.0	2	2
152.73002395596862	2.0	2	2
152.83010916170647	2.0	2	2
152.93019436744433	2.0	2	2
153.03027957318218	2.0	2	2
153.13036477892007	2.0	2	2
153.23044998465792	2.0	2	2
153.33053519039578	2.0	2	2
153.43062039613363	2.0	2	2
153.5307056018715	2.0	2	2
153.63079080760934	2.0	2	2
153.7308760133472	2.0	2	2
153.83096121908505	2.0	2	2
153.9310464248229	2.0	2	2
154.03113163056076	2.0	2	2
154.13121683629862	2.0	2	2
154.23130204203648	2.0	2	2
154.33138724777433	2.0	2	2
154.43147245351219	2.0	2	2
154.53155765925004	2.0	2	2
154.6316428649879	2.0	2	2
154.73172807072575	2.0	2	2
154.8318132764636	2.0	2	2
154.93189848220146	2.0	2	2
155.03198368793932	2.0	2	2
155.13206889367717	2.0	2	2
155.23215409941503	2.0	2	2
155.33223930515288	2.0	2	2
155.43232451089074	2.0	2	2
155.5324097166286	2.0	2	2
155.63249492236645	2.0	2	2
155.73258012810433	2.0	2	2
155.8326653338422	2.0	2	2
155.93275053958004	2.0	2	2
156.0328357453179	2.0	2	2
156.13292095105575	2.0	2	2
156.2330061567936	2.0	2	2
156.33309136253146	2.0	2	2
156.43317656826932	2.0	2	2
156.53326177400717	2.0	2	2
156.63334697974503	2.0	2	2
156.73343218548288	2.0	2	2
156.83351739122074	2.0	2	2
156.9336025969586	2.0	2	2
157.03368780269645	2.0	2	2
157.1337730084343	2.0	2	2
157.23385821417216	2.0	2	2
157.33394341991	2.0	2	2
157.43402862564787	1.0	1	1
157.53411383138572	1.0	1	1
157.63419903712358	1.0	1	1
157.73428424286143	1.0	1	1
157.8343694485993	1.0	1	1
157.93445465433715	1.0	1	1
158.034539860075	1.0	1	1
158.13462506581286	1.0	1	1
158.2347102715507	1.0	1	1
158.33479547728857	1.0	1	1
158.43488068302645	1.0	1	1
158.5349658887643	1.0	1	1
158.63505109450216	1.0	1	1
158.73513630024001	1.0	1	1
158.83522150597787	1.0	1	1
158.93530671171573	0.0	0	0
159.03539191745358	0.0	0	0
159.13547712319144	0.0	0	0
159.2355623289293	0.0	0	0
159.33564753466715	0.0	0	0
159.435732740405	0.0	0	0
159.53581794614286	0.0	0	0
159.6359031518807	0.0	0	0
159.73598835761857	0.0	0	0
159.83607356335642	0.0	0	0
159.93615876909428	0.0	0	0
160.03624397483213	0.0	0	0
160.13632918057	0.0	0	0
160.23641438630784	0.0	0	0
160.3364995920457	0.0	0	0
160.43658479778355	0.0	0	0
160.5366700035214	0.0	0	0
160.63675520925926	0.0	0	0
160.73684041499712	0.0	0	0
160.83692562073497	0.0	0	0
160.93701082647283	0.0	0	0
161.03709603221068	0.0	0	0
161.13718123794857	1.0	1	1
161.23726644368642	1.0	1	1
161.33735164942428	1.0	1	1
161.43743685516213	1.0	1	1
161.5375220609	1.0	1	1
161.63760726663784	2.0	2	2
161.7376924723757	2.0	2	2
161.83777767811355	2.0	2	2
161.9378628838514	2.0	2	2
162.03794808958926	2.0	2	2
162.13803329532712	2.0	2	2
162.23811850106497	2.0	2	2
162.33820370680283	2.0	2	2
162.43828891254068	2.0	2	2
162.53837411827854	2.0	2	2
162.6384593240164	2.0	2	2
162.73854452975425	2.0	2	2
162.8386297354921	2.0	2	2
162.93871494122996	3.0	3	3
163.03880014696782	3.0	3	3
163.13888535270567	3.0	3	3
163.23897055844353	4.0	4	4
163.33905576418138	4.0	4	4
163.43914096991924	4.0	4	4
163.5392261756571	4.0	4	4
163.63931138139495	4.0	4	4
163.73939658713283	4.0	4	4
163.83948179287069	6.0	6	6
163.93956699860854	6.0	6	6
164.0396522043464	6.0	6	6
164.13973741008425	6.0	6	6
164.2398226158221	6.0	6	6
164.33990782155996	6.0	6	6
164.43999302729782	6.0	6	6
164.54007823303567	6.0	6	6
164.64016343877353	6.0	6	6
164.74024864451138	6.0	6	6
164.84033385024924	6.0	6	6
164.9404190559871	6.0	6	6
165.04050426172495	7.0	7	7
165.1405894674628	7.0	7	7
165.24067467320066	7.0	7	7
165.3407598789385	6.0	6	6
165.44084508467637	6.0	6	6
165.54093029041422	6.0	6	6
165.64101549615208	6.0	6	6
165.74110070188993	5.0	5	5
165.8411859076278	5.0	5	5
165.94127111336564	6.0	6	6
166.0413563191035	6.0	6	6
166.14144152484135	7.0	7	7
166.2415267305792	6.0	6	6
166.34161193631707	4.0	4	4
166.44169714205495	5.0	5	5
166.5417823477928	5.0	5	5
166.64186755353066	5.0	5	5
166.74195275926851	5.0	5	5
166.84203796500637	5.0	5	5
166.94212317074422	5.0	5	5
167.04220837648208	5.0	5	5
167.14229358221993	5.0	5	5
167.2423787879578	5.0	5	5
167.34246399369565	5.0	5	5
167.4425491994335	4.0	4	4
167.54263440517136	4.0	4	4
167.6427196109092	4.0	4	4
167.74280481664707	4.0	4	4
167.84289002238492	4.0	4	4
167.94297522812278	4.0	4	4
168.04306043386063	5.0	5	5
168.1431456395985	5.0	5	5
168.24323084533634	5.0	5	5
168.3433160510742	4.0	4	4
168.44340125681205	4.0	4	4
168.5434864625499	3.0	3	3
168.64357166828776	3.0	3	3
168.74365687402562	2.0	2	2
168.84374207976347	2.0	2	2
168.94382728550133	3.0	3	3
169.0439124912392	3.0	3	3
169.14399769697707	3.0	3	3
169.24408290271492	3.0	3	3
169.34416810845278	3.0	3	3
169.44425331419063	3.0	3	3
169.5443385199285	3.0	3	3
169.64442372566634	3.0	3	3
169.7445089314042	3.0	3	3
169.84459413714205	3.0	3	3
169.9446793428799	3.0	3	3
170.04476454861776	3.0	3	3
170.14484975435562	3.0	3	3
170.24493496009347	4.0	4	4
170.34502016583133	4.0	4	4
170.44510537156918	4.0	4	4
170.54519057730704	4.0	4	4
170.6452757830449	4.0	4	4
170.74536098878275	4.0	4	4
170.8454461945206	4.0	4	4
170.94553140025846	4.0	4	4
171.04561660599632	4.0	4	4
171.14570181173417	4.0	4	4
171.24578701747203	4.0	4	4
171.34587222320988	4.0	4	4
171.44595742894774	4.0	4	4
171.5460426346856	4.0	4	4
171.64612784042345	4.0	4	4
171.74621304616133	4.0	4	4
171.84629825189919	4.0	4	4
171.94638345763704	4.0	4	4
172.0464686633749	4.0	4	4
172.14655386911275	4.0	4	4
172.2466390748506	4.0	4	4
172.34672428058846	4.0	4	4
172.44680948632632	4.0	4	4
172.54689469206417	4.0	4	4
172.64697989780203	4.0	4	4
172.74706510353988	4.0	4	4
172.84715030927774	4.0	4	4
172.9472355150156	4.0	4	4
173.04732072075345	4.0	4	4
173.1474059264913	4.0	4	4
173.24749113222916	4.0	4	4
173.347576337967	4.0	4	4
173.44766154370487	4.0	4	4
173.54774674944272	4.0	4	4
173.64783195518058	4.0	4	4
173.74791716091843	4.0	4	4
173.8480023666563	4.0	4	4
173.94808757239414	4.0	4	4
174.048172778132	4.0	4	4
174.14825798386985	4.0	4	4
174.2483431896077	4.0	4	4
174.34842839534556	4.0	4	4
174.44851360108345	4.0	4	4
174.5485988068213	4.0	4	4
174.64868401255916	5.0	5	5
174.748769218297	5.0	5	5
174.84885442403487	5.0	5	5
174.94893962977272	5.0	5	5
175.04902483551058	5.0	5	5
175.14911004124843	5.0	5	5
175.2491952469863	5.0	5	5
175.34928045272414	5.0	5	5
175.449365658462	4.0	4	4
175.54945086419986	4.0	4	4
175.6495360699377	4.0	4	4
175.74962127567557	4.0	4	4
175.84970648141342	4.0	4	4
175.94979168715128	4.0	4	4
176.04987689288913	4.0	4	4
176.149962098627	4.0	4	4
176.25004730436484	4.0	4	4
176.3501325101027	4.0	4	4
176.45021771584055	4.0	4	4
176.5503029215784	4.0	4	4
176.65038812731626	4.0	4	4
176.75047333305412	4.0	4	4
176.85055853879197	4.0	4	4
176.95064374452983	4.0	4	4
177.0507289502677	4.0	4	4
177.15081415600557	4.0	4	4
177.25089936174342	4.0	4	4
177.35098456748128	4.0	4	4
177.45106977321913	4.0	4	4
177.551154978957	4.0	4	4
177.65124018469484	4.0	4	4
177.7513253904327	4.0	4	4
177.85141059617055	4.0	4	4
177.9514958019084	4.0	4	4
178.05158100764626	4.0	4	4
178.15166621338412	4.0	4	4
178.25175141912197	4.0	4	4
178.35183662485983	4.0	4	4
178.45192183059768	4.0	4	4
178.55200703633554	4.0	4	4
178.6520922420734	4.0	4	4
178.75217744781125	4.0	4	4
178.8522626535491	4.0	4	4
178.95234785928696	4.0	4	4
179.05243306502481	4.0	4	4
179.15251827076267	4.0	4	4
179.25260347650052	4.0	4	4
179.35268868223838	4.0	4	4
179.45277388797624	4.0	4	4
179.5528590937141	4.0	4	4
179.65294429945195	4.0	4	4
179.75302950518983	4.0	4	4
179.85311471092768	4.0	4	4
179.95319991666554	4.0	4	4
180.0532851224034	4.0	4	4
180.15337032814125	4.0	4	4
180.2534555338791	4.0	4	4
180.35354073961696	4.0	4	4
180.45362594535482	4.0	4	4
180.55371115109267	4.0	4	4
180.65379635683053	4.0	4	4
180.75388156256838	4.0	4	4
180.85396676830624	4.0	4	4
180.9540519740441	4.0	4	4
181.05413717978195	4.0	4	4
181.1542223855198	4.0	4	4
181.25430759125766	4.0	4	4
181.3543927969955	4.0	4	4
181.45447800273337	4.0	4	4
181.55456320847122	4.0	4	4
181.65464841420908	4.0	4	4
181.75473361994693	4.0	4	4
181.8548188256848	4.0	4	4
181.95490403142264	4.0	4	4
182.0549892371605	4.0	4	4
182.15507444289835	4.0	4	4
182.2551596486362	4.0	4	4
182.3552448543741	4.0	4	4
182.45533006011195	4.0	4	4
182.5554152658498	4.0	4	4
182.65550047158766	4.0	4	4
182.7555856773255	4.0	4	4
182.85567088306337	4.0	4	4
182.95575608880122	4.0	4	4
183.05584129453908	4.0	4	4
183.15592650027693	4.0	4	4
183.2560117060148	3.0	3	3
183.35609691175264	3.0	3	3
183.4561821174905	3.0	3	3
183.55626732322835	3.0	3	3
183.6563525289662	3.0	3	3
183.75643773470406	3.0	3	3
183.85652294044192	3.0	3	3
183.95660814617978	3.0	3	3
184.05669335191763	3.0	3	3
184.15677855765549	3.0	3	3
184.25686376339334	3.0	3	3
184.3569489691312	3.0	3	3
184.45703417486905	2.0	2	2
184.5571193806069	2.0	2	2
184.65720458634476	2.0	2	2
184.75728979208262	2.0	2	2
184.85737499782047	2.0	2	2
184.95746020355833	2.0	2	2
185.0575454092962	2.0	2	2
185.15763061503407	2.0	2	2
185.25771582077192	1.0	1	1
185.35780102650978	1.0	1	1
185.45788623224763	1.0	1	1
