time	diversity	m_div	M_div
0.0	2.0	2	2
0.10007286599423676	2.0	2	2
0.20014573198847352	2.0	2	2
0.3002185979827103	2.0	2	2
0.40029146397694704	2.0	2	2
0.5003643299711837	2.0	2	2
0.6004371959654206	1.0	1	1
0.7005100619596574	1.0	1	1
0.8005829279538941	1.0	1	1
0.9006557939481308	1.0	1	1
1.0007286599423675	1.0	1	1
1.1008015259366044	1.0	1	1
1.2008743919308411	1.0	1	1
1.3009472579250778	1.0	1	1
1.4010201239193147	1.0	1	1
1.5010929899135514	1.0	1	1
1.6011658559077881	1.0	1	1
1.7012387219020249	1.0	1	1
1.8013115878962616	1.0	1	1
1.9013844538904985	1.0	1	1
2.001457319884735	1.0	1	1
2.101530185878972	1.0	1	1
2.201603051873209	1.0	1	1
2.3016759178674455	1.0	1	1
2.4017487838616822	1.0	1	1
2.501821649855919	2.0	2	2
2.6018945158501556	2.0	2	2
2.7019673818443923	2.0	2	2
2.8020402478386295	2.0	2	2
2.902113113832866	2.0	2	2
3.002185979827103	2.0	2	2
3.1022588458213396	2.0	2	2
3.2023317118155763	2.0	2	2
3.302404577809813	3.0	3	3
3.4024774438040497	3.0	3	3
3.5025503097982864	3.0	3	3
3.602623175792523	3.0	3	3
3.7026960417867603	3.0	3	3
3.802768907780997	3.0	3	3
3.9028417737752337	3.0	3	3
4.00291463976947	3.0	3	3
4.102987505763707	3.0	3	3
4.203060371757944	3.0	3	3
4.3031332377521805	3.0	3	3
4.403206103746418	3.0	3	3
4.503278969740654	3.0	3	3
4.603351835734891	3.0	3	3
4.703424701729127	3.0	3	3
4.8034975677233644	3.0	3	3
4.903570433717602	3.0	3	3
5.003643299711838	3.0	3	3
5.103716165706075	3.0	3	3
5.203789031700311	3.0	3	3
5.303861897694548	3.0	3	3
5.403934763688785	3.0	3	3
5.504007629683022	3.0	3	3
5.604080495677259	3.0	3	3
5.704153361671495	3.0	3	3
5.804226227665732	3.0	3	3
5.904299093659969	3.0	3	3
6.004371959654206	3.0	3	3
6.104444825648442	3.0	3	3
6.204517691642679	3.0	3	3
6.3045905576369154	3.0	3	3
6.404663423631153	3.0	3	3
6.50473628962539	3.0	3	3
6.604809155619626	3.0	3	3
6.704882021613863	3.0	3	3
6.804954887608099	3.0	3	3
6.905027753602337	3.0	3	3
7.005100619596573	3.0	3	3
7.10517348559081	3.0	3	3
7.205246351585046	3.0	3	3
7.305319217579283	3.0	3	3
7.4053920835735205	3.0	3	3
7.505464949567757	3.0	3	3
7.605537815561994	3.0	3	3
7.70561068155623	3.0	3	3
7.805683547550467	3.0	3	3
7.905756413544704	3.0	3	3
8.00582927953894	3.0	3	3
8.105902145533177	3.0	3	3
8.205975011527414	3.0	3	3
8.306047877521651	3.0	3	3
8.406120743515888	3.0	3	3
8.506193609510124	3.0	3	3
8.606266475504361	3.0	3	3
8.706339341498598	3.0	3	3
8.806412207492835	3.0	3	3
8.906485073487072	3.0	3	3
9.006557939481308	3.0	3	3
9.106630805475545	3.0	3	3
9.206703671469782	3.0	3	3
9.30677653746402	3.0	3	3
9.406849403458255	3.0	3	3
9.506922269452492	3.0	3	3
9.606995135446729	3.0	3	3
9.707068001440966	3.0	3	3
9.807140867435203	3.0	3	3
9.907213733429439	3.0	3	3
10.007286599423676	3.0	3	3
10.107359465417913	3.0	3	3
10.20743233141215	3.0	3	3
10.307505197406385	3.0	3	3
10.407578063400623	3.0	3	3
10.50765092939486	3.0	3	3
10.607723795389097	3.0	3	3
10.707796661383334	3.0	3	3
10.80786952737757	3.0	3	3
10.907942393371806	3.0	3	3
11.008015259366044	3.0	3	3
11.10808812536028	3.0	3	3
11.208160991354518	3.0	3	3
11.308233857348753	3.0	3	3
11.40830672334299	3.0	3	3
11.508379589337228	3.0	3	3
11.608452455331465	3.0	3	3
11.7085253213257	3.0	3	3
11.808598187319937	3.0	3	3
11.908671053314174	3.0	3	3
12.008743919308412	3.0	3	3
12.108816785302649	3.0	3	3
12.208889651296884	3.0	3	3
12.308962517291121	3.0	3	3
12.409035383285358	3.0	3	3
12.509108249279596	3.0	3	3
12.609181115273831	3.0	3	3
12.709253981268068	3.0	3	3
12.809326847262305	3.0	3	3
12.909399713256542	3.0	3	3
13.00947257925078	3.0	3	3
13.109545445245015	3.0	3	3
13.209618311239252	3.0	3	3
13.30969117723349	4.0	4	4
13.409764043227726	4.0	4	4
13.509836909221962	4.0	4	4
13.609909775216199	4.0	4	4
13.709982641210436	4.0	4	4
13.810055507204673	4.0	4	4
13.91012837319891	4.0	4	4
14.010201239193146	4.0	4	4
14.110274105187383	4.0	4	4
14.21034697118162	4.0	4	4
14.310419837175857	4.0	4	4
14.410492703170092	4.0	4	4
14.51056556916433	4.0	4	4
14.610638435158567	4.0	4	4
14.710711301152804	4.0	4	4
14.810784167147041	4.0	4	4
14.910857033141276	4.0	4	4
15.010929899135514	4.0	4	4
15.11100276512975	4.0	4	4
15.211075631123988	4.0	4	4
15.311148497118225	4.0	4	4
15.41122136311246	4.0	4	4
15.511294229106698	4.0	4	4
15.611367095100935	4.0	4	4
15.711439961095172	4.0	4	4
15.811512827089407	4.0	4	4
15.911585693083644	4.0	4	4
16.01165855907788	4.0	4	4
16.11173142507212	4.0	4	4
16.211804291066354	4.0	4	4
16.311877157060593	4.0	4	4
16.41195002305483	4.0	4	4
16.512022889049064	4.0	4	4
16.612095755043303	4.0	4	4
16.712168621037538	4.0	4	4
16.812241487031777	4.0	4	4
16.912314353026012	4.0	4	4
17.012387219020248	4.0	4	4
17.112460085014487	4.0	4	4
17.212532951008722	5.0	5	5
17.31260581700296	5.0	5	5
17.412678682997196	5.0	5	5
17.51275154899143	5.0	5	5
17.61282441498567	5.0	5	5
17.712897280979906	5.0	5	5
17.812970146974145	5.0	5	5
17.91304301296838	5.0	5	5
18.013115878962616	5.0	5	5
18.113188744956854	5.0	5	5
18.21326161095109	5.0	5	5
18.313334476945325	5.0	5	5
18.413407342939564	5.0	5	5
18.5134802089338	5.0	5	5
18.61355307492804	5.0	5	5
18.713625940922274	5.0	5	5
18.81369880691651	5.0	5	5
18.913771672910748	5.0	5	5
19.013844538904983	5.0	5	5
19.113917404899222	5.0	5	5
19.213990270893458	5.0	5	5
19.314063136887693	5.0	5	5
19.414136002881932	5.0	5	5
19.514208868876167	5.0	5	5
19.614281734870406	5.0	5	5
19.71435460086464	5.0	5	5
19.814427466858877	5.0	5	5
19.914500332853116	5.0	5	5
20.01457319884735	5.0	5	5
20.11464606484159	5.0	5	5
20.214718930835826	5.0	5	5
20.31479179683006	5.0	5	5
20.4148646628243	5.0	5	5
20.514937528818535	5.0	5	5
20.61501039481277	5.0	5	5
20.71508326080701	5.0	5	5
20.815156126801245	5.0	5	5
20.915228992795484	5.0	5	5
21.01530185878972	4.0	4	4
21.115374724783955	4.0	4	4
21.215447590778194	4.0	4	4
21.31552045677243	4.0	4	4
21.415593322766668	4.0	4	4
21.515666188760903	3.0	3	3
21.61573905475514	3.0	3	3
21.715811920749378	3.0	3	3
21.815884786743613	3.0	3	3
21.915957652737852	3.0	3	3
22.016030518732087	3.0	3	3
22.116103384726323	2.0	2	2
22.21617625072056	2.0	2	2
22.316249116714797	2.0	2	2
22.416321982709036	2.0	2	2
22.51639484870327	2.0	2	2
22.616467714697507	2.0	2	2
22.716540580691746	2.0	2	2
22.81661344668598	2.0	2	2
22.916686312680216	2.0	2	2
23.016759178674455	2.0	2	2
23.11683204466869	2.0	2	2
23.21690491066293	2.0	2	2
23.316977776657165	1.0	1	1
23.4170506426514	1.0	1	1
23.51712350864564	1.0	1	1
23.617196374639875	1.0	1	1
23.717269240634113	1.0	1	1
23.81734210662835	1.0	1	1
23.917414972622584	1.0	1	1
24.017487838616823	1.0	1	1
24.11756070461106	1.0	1	1
24.217633570605297	1.0	1	1
24.317706436599533	1.0	1	1
24.417779302593768	1.0	1	1
24.517852168588007	1.0	1	1
24.617925034582242	1.0	1	1
24.717997900576478	1.0	1	1
24.818070766570717	1.0	1	1
24.918143632564952	1.0	1	1
25.01821649855919	1.0	1	1
25.118289364553426	1.0	1	1
25.218362230547662	1.0	1	1
25.3184350965419	1.0	1	1
25.418507962536136	1.0	1	1
25.518580828530375	1.0	1	1
25.61865369452461	1.0	1	1
25.718726560518846	1.0	1	1
25.818799426513085	1.0	1	1
25.91887229250732	1.0	1	1
26.01894515850156	1.0	1	1
26.119018024495794	1.0	1	1
26.21909089049003	1.0	1	1
26.31916375648427	1.0	1	1
26.419236622478504	1.0	1	1
26.519309488472743	1.0	1	1
26.61938235446698	1.0	1	1
26.719455220461214	1.0	1	1
26.819528086455453	1.0	1	1
26.919600952449688	1.0	1	1
27.019673818443923	1.0	1	1
27.119746684438162	1.0	1	1
27.219819550432398	1.0	1	1
27.319892416426637	1.0	1	1
27.419965282420872	1.0	1	1
27.520038148415107	1.0	1	1
27.620111014409346	1.0	1	1
27.72018388040358	1.0	1	1
27.82025674639782	1.0	1	1
27.920329612392056	1.0	1	1
28.02040247838629	1.0	1	1
28.12047534438053	1.0	1	1
28.220548210374766	1.0	1	1
28.320621076369004	1.0	1	1
28.42069394236324	1.0	1	1
28.520766808357475	1.0	1	1
28.620839674351714	1.0	1	1
28.72091254034595	1.0	1	1
28.820985406340185	1.0	1	1
28.921058272334424	1.0	1	1
29.02113113832866	1.0	1	1
29.121204004322898	1.0	1	1
29.221276870317134	1.0	1	1
29.32134973631137	1.0	1	1
29.421422602305608	1.0	1	1
29.521495468299843	1.0	1	1
29.621568334294082	1.0	1	1
29.721641200288317	1.0	1	1
29.821714066282553	1.0	1	1
29.92178693227679	1.0	1	1
30.021859798271027	2.0	2	2
30.121932664265266	2.0	2	2
30.2220055302595	2.0	2	2
30.322078396253737	2.0	2	2
30.422151262247976	2.0	2	2
30.52222412824221	2.0	2	2
30.62229699423645	2.0	2	2
30.722369860230685	2.0	2	2
30.82244272622492	2.0	2	2
30.92251559221916	2.0	2	2
31.022588458213395	2.0	2	2
31.12266132420763	2.0	2	2
31.22273419020187	2.0	2	2
31.322807056196105	2.0	2	2
31.422879922190344	2.0	2	2
31.52295278818458	2.0	2	2
31.623025654178814	2.0	2	2
31.723098520173053	2.0	2	2
31.82317138616729	1.0	1	1
31.923244252161528	1.0	1	1
32.02331711815576	1.0	1	1
32.12338998415	1.0	1	1
32.22346285014424	1.0	1	1
32.32353571613847	1.0	1	1
32.42360858213271	1.0	1	1
32.52368144812694	1.0	1	1
32.623754314121186	1.0	1	1
32.72382718011542	1.0	1	1
32.82390004610966	1.0	1	1
32.92397291210389	1.0	1	1
33.02404577809813	1.0	1	1
33.12411864409237	1.0	1	1
33.224191510086605	1.0	1	1
33.32426437608084	1.0	1	1
33.424337242075076	1.0	1	1
33.52441010806931	1.0	1	1
33.624482974063554	1.0	1	1
33.72455584005779	1.0	1	1
33.824628706052025	1.0	1	1
33.92470157204626	1.0	1	1
34.024774438040495	1.0	1	1
34.12484730403474	1.0	1	1
34.22492017002897	1.0	1	1
34.32499303602321	1.0	1	1
34.425065902017444	1.0	1	1
34.52513876801168	1.0	1	1
34.62521163400592	1.0	1	1
34.72528450000016	1.0	1	1
34.82535736599439	1.0	1	1
34.92543023198863	1.0	1	1
35.02550309798286	1.0	1	1
35.125575963977106	1.0	1	1
35.22564882997134	1.0	1	1
35.325721695965576	1.0	1	1
35.42579456195981	1.0	1	1
35.52586742795405	1.0	1	1
35.62594029394829	1.0	1	1
35.726013159942525	1.0	1	1
35.82608602593676	1.0	1	1
35.926158891930996	1.0	1	1
36.02623175792523	1.0	1	1
36.126304623919474	1.0	1	1
36.22637748991371	1.0	1	1
36.326450355907944	1.0	1	1
36.42652322190218	1.0	1	1
36.526596087896415	1.0	1	1
36.62666895389065	1.0	1	1
36.72674181988489	1.0	1	1
36.82681468587913	1.0	1	1
36.926887551873364	1.0	1	1
37.0269604178676	1.0	1	1
37.127033283861834	1.0	1	1
37.22710614985608	2.0	2	2
37.32717901585031	2.0	2	2
37.42725188184455	2.0	2	2
37.52732474783878	2.0	2	2
37.62739761383302	2.0	2	2
37.72747047982726	2.0	2	2
37.827543345821496	3.0	3	3
37.92761621181573	3.0	3	3
38.02768907780997	3.0	3	3
38.1277619438042	3.0	3	3
38.227834809798445	3.0	3	3
38.32790767579268	3.0	3	3
38.427980541786916	4.0	4	4
38.52805340778115	5.0	5	5
38.628126273775386	6.0	6	6
38.72819913976963	6.0	6	6
38.828272005763864	6.0	6	6
38.9283448717581	6.0	6	6
39.028417737752335	6.0	6	6
39.12849060374657	6.0	6	6
39.22856346974081	6.0	6	6
39.32863633573505	7.0	7	7
39.42870920172928	8.0	8	8
39.52878206772352	8.0	8	8
39.628854933717754	8.0	8	8
39.728927799712	8.0	8	8
39.82900066570623	8.0	8	8
39.92907353170047	9.0	9	9
40.0291463976947	10.0	10	10
40.12921926368894	10.0	10	10
40.22929212968318	10.0	10	10
40.329364995677416	10.0	10	10
40.42943786167165	11.0	11	11
40.52951072766589	11.0	11	11
40.62958359366012	11.0	11	11
40.72965645965436	11.0	11	11
40.8297293256486	11.0	11	11
40.929802191642835	11.0	11	11
41.02987505763707	11.0	11	11
41.129947923631306	11.0	11	11
41.23002078962554	11.0	11	11
41.330093655619784	11.0	11	11
41.43016652161402	11.0	11	11
41.530239387608255	11.0	11	11
41.63031225360249	11.0	11	11
41.730385119596725	11.0	11	11
41.83045798559097	11.0	11	11
41.9305308515852	11.0	11	11
42.03060371757944	11.0	11	11
42.130676583573674	12.0	12	12
42.23074944956791	12.0	12	12
42.33082231556215	12.0	12	12
42.43089518155639	12.0	12	12
42.53096804755062	12.0	12	12
42.63104091354486	12.0	12	12
42.73111377953909	12.0	12	12
42.831186645533336	12.0	12	12
42.93125951152757	12.0	12	12
43.03133237752181	12.0	12	12
43.13140524351604	12.0	12	12
43.23147810951028	12.0	12	12
43.33155097550452	12.0	12	12
43.431623841498755	12.0	12	12
43.53169670749299	11.0	11	11
43.631769573487226	11.0	11	11
43.73184243948146	11.0	11	11
43.831915305475704	11.0	11	11
43.93198817146994	11.0	11	11
44.032061037464175	11.0	11	11
44.13213390345841	11.0	11	11
44.232206769452645	11.0	11	11
44.33227963544689	11.0	11	11
44.43235250144112	11.0	11	11
44.53242536743536	11.0	11	11
44.632498233429594	11.0	11	11
44.73257109942383	11.0	11	11
44.83264396541807	11.0	11	11
44.93271683141231	11.0	11	11
45.03278969740654	11.0	11	11
45.13286256340078	11.0	11	11
45.23293542939501	11.0	11	11
45.33300829538925	11.0	11	11
45.43308116138349	11.0	11	11
45.533154027377726	11.0	11	11
45.63322689337196	11.0	11	11
45.7332997593662	10.0	10	10
45.83337262536043	10.0	10	10
45.933445491354675	10.0	10	10
46.03351835734891	10.0	10	10
46.133591223343146	10.0	10	10
46.23366408933738	10.0	10	10
46.33373695533162	11.0	11	11
46.43380982132586	11.0	11	11
46.533882687320094	11.0	11	11
46.63395555331433	11.0	11	11
46.734028419308565	11.0	11	11
46.8341012853028	11.0	11	11
46.93417415129704	11.0	11	11
47.03424701729128	12.0	12	12
47.134319883285514	12.0	12	12
47.23439274927975	14.0	14	14
47.334465615273984	14.0	14	14
47.43453848126823	14.0	14	14
47.53461134726246	14.0	14	14
47.6346842132567	13.0	13	13
47.73475707925093	13.0	13	13
47.83482994524517	13.0	13	13
47.93490281123941	13.0	13	13
48.034975677233646	14.0	14	14
48.13504854322788	14.0	14	14
48.23512140922212	14.0	14	14
48.33519427521635	14.0	14	14
48.435267141210595	14.0	14	14
48.53534000720483	14.0	14	14
48.635412873199066	14.0	14	14
48.7354857391933	14.0	14	14
48.835558605187536	14.0	14	14
48.93563147118178	14.0	14	14
49.035704337176014	14.0	14	14
49.13577720317025	14.0	14	14
49.235850069164485	14.0	14	14
49.33592293515872	14.0	14	14
49.435995801152956	14.0	14	14
49.5360686671472	14.0	14	14
49.63614153314143	14.0	14	14
49.73621439913567	14.0	14	14
49.836287265129904	14.0	14	14
49.93636013112414	13.0	13	13
50.03643299711838	13.0	13	13
50.13650586311262	13.0	13	13
50.23657872910685	13.0	13	13
50.33665159510109	13.0	13	13
50.436724461095324	13.0	13	13
50.536797327089566	13.0	13	13
50.6368701930838	13.0	13	13
50.73694305907804	13.0	13	13
50.83701592507227	13.0	13	13
50.93708879106651	13.0	13	13
51.03716165706075	12.0	12	12
51.137234523054985	12.0	12	12
51.23730738904922	12.0	12	12
51.337380255043456	12.0	12	12
51.43745312103769	12.0	12	12
51.537525987031934	13.0	13	13
51.63759885302617	14.0	14	14
51.737671719020405	14.0	14	14
51.83774458501464	14.0	14	14
51.937817451008875	14.0	14	14
52.03789031700312	14.0	14	14
52.13796318299735	14.0	14	14
52.23803604899159	14.0	14	14
52.338108914985824	14.0	14	14
52.43818178098006	15.0	15	15
52.5382546469743	15.0	15	15
52.63832751296854	15.0	15	15
52.73840037896277	15.0	15	15
52.83847324495701	15.0	15	15
52.93854611095124	15.0	15	15
53.038618976945486	15.0	15	15
53.13869184293972	15.0	15	15
53.23876470893396	15.0	15	15
53.33883757492819	14.0	14	14
53.43891044092243	13.0	13	13
53.53898330691666	12.0	12	12
53.639056172910905	12.0	12	12
53.73912903890514	12.0	12	12
53.839201904899376	12.0	12	12
53.93927477089361	12.0	12	12
54.03934763688785	11.0	11	11
54.13942050288209	11.0	11	11
54.239493368876325	11.0	11	11
54.33956623487056	11.0	11	11
54.439639100864795	11.0	11	11
54.53971196685903	11.0	11	11
54.63978483285327	11.0	11	11
54.73985769884751	11.0	11	11
54.839930564841744	11.0	11	11
54.94000343083598	11.0	11	11
55.040076296830215	11.0	11	11
55.14014916282446	11.0	11	11
55.24022202881869	12.0	12	12
55.34029489481293	10.0	10	10
55.44036776080716	10.0	10	10
55.5404406268014	10.0	10	10
55.64051349279564	12.0	12	12
55.740586358789876	15.0	15	15
55.84065922478411	14.0	14	14
55.94073209077835	13.0	13	13
56.04080495677258	13.0	13	13
56.140877822766825	12.0	12	12
56.24095068876106	12.0	12	12
56.341023554755296	11.0	11	11
56.44109642074953	11.0	11	11
56.54116928674377	11.0	11	11
56.64124215273801	11.0	11	11
56.741315018732244	11.0	11	11
56.84138788472648	10.0	10	10
56.941460750720715	9.0	9	9
57.04153361671495	7.0	7	7
57.14160648270919	5.0	5	5
57.24167934870343	5.0	5	5
57.341752214697664	5.0	5	5
57.4418250806919	5.0	5	5
57.541897946686134	5.0	5	5
57.64197081268037	5.0	5	5
57.74204367867461	5.0	5	5
57.84211654466885	5.0	5	5
57.94218941066308	5.0	5	5
58.04226227665732	6.0	6	6
58.142335142651554	6.0	6	6
58.242408008645796	8.0	8	8
58.34248087464003	8.0	8	8
58.44255374063427	8.0	8	8
58.5426266066285	8.0	8	8
58.64269947262274	8.0	8	8
58.74277233861698	8.0	8	8
58.842845204611216	8.0	8	8
58.94291807060545	7.0	7	7
59.042990936599686	7.0	7	7
59.14306380259392	6.0	6	6
59.243136668588164	7.0	7	7
59.3432095345824	5.0	5	5
59.443282400576635	5.0	5	5
59.54335526657087	5.0	5	5
59.643428132565106	5.0	5	5
59.74350099855935	5.0	5	5
59.84357386455358	5.0	5	5
59.94364673054782	6.0	6	6
60.043719596542054	5.0	5	5
60.14379246253629	5.0	5	5
60.24386532853053	4.0	4	4
60.34393819452477	4.0	4	4
60.444011060519	4.0	4	4
60.54408392651324	4.0	4	4
60.644156792507474	4.0	4	4
60.744229658501716	4.0	4	4
60.84430252449595	4.0	4	4
60.94437539049019	4.0	4	4
61.04444825648442	4.0	4	4
61.14452112247866	4.0	4	4
61.2445939884729	4.0	4	4
61.344666854467135	6.0	6	6
61.44473972046137	6.0	6	6
61.544812586455606	7.0	7	7
61.64488545244984	7.0	7	7
61.744958318444084	7.0	7	7
61.84503118443832	7.0	7	7
61.945104050432555	7.0	7	7
62.04517691642679	7.0	7	7
62.145249782421025	7.0	7	7
62.24532264841526	7.0	7	7
62.3453955144095	7.0	7	7
62.44546838040374	7.0	7	7
62.545541246397974	7.0	7	7
62.64561411239221	7.0	7	7
62.745686978386445	7.0	7	7
62.84575984438069	7.0	7	7
62.94583271037492	7.0	7	7
63.04590557636916	7.0	7	7
63.14597844236339	7.0	7	7
63.24605130835763	7.0	7	7
63.34612417435187	7.0	7	7
63.44619704034611	7.0	7	7
63.54626990634034	7.0	7	7
63.64634277233458	7.0	7	7
63.74641563832881	7.0	7	7
63.846488504323055	7.0	7	7
63.94656137031729	7.0	7	7
64.04663423631152	7.0	7	7
64.14670710230577	7.0	7	7
64.2467799683	6.0	6	6
64.34685283429424	6.0	6	6
64.44692570028847	6.0	6	6
64.54699856628271	6.0	6	6
64.64707143227695	5.0	5	5
64.74714429827118	5.0	5	5
64.84721716426542	6.0	6	6
64.94729003025965	6.0	6	6
65.04736289625389	6.0	6	6
65.14743576224814	6.0	6	6
65.24750862824237	6.0	6	6
65.34758149423661	6.0	6	6
65.44765436023084	6.0	6	6
65.54772722622508	7.0	7	7
65.64780009221931	11.0	11	11
65.74787295821355	13.0	13	13
65.84794582420778	14.0	14	14
65.94801869020202	15.0	15	15
66.04809155619625	16.0	16	16
66.1481644221905	16.0	16	16
66.24823728818474	16.0	16	16
66.34831015417898	17.0	17	17
66.44838302017321	17.0	17	17
66.54845588616745	17.0	17	17
66.64852875216168	17.0	17	17
66.74860161815592	17.0	17	17
66.84867448415015	16.0	16	16
66.94874735014439	15.0	15	15
67.04882021613862	15.0	15	15
67.14889308213287	15.0	15	15
67.24896594812711	15.0	15	15
67.34903881412134	16.0	16	16
67.44911168011558	17.0	17	17
67.54918454610981	17.0	17	17
67.64925741210405	17.0	17	17
67.74933027809828	17.0	17	17
67.84940314409252	18.0	18	18
67.94947601008676	18.0	18	18
68.04954887608099	17.0	17	17
68.14962174207524	17.0	17	17
68.24969460806948	17.0	17	17
68.34976747406371	17.0	17	17
68.44984034005795	17.0	17	17
68.54991320605218	17.0	17	17
68.64998607204642	17.0	17	17
68.75005893804065	17.0	17	17
68.85013180403489	17.0	17	17
68.95020467002912	17.0	17	17
69.05027753602336	16.0	16	16
69.1503504020176	16.0	16	16
69.25042326801184	16.0	16	16
69.35049613400608	17.0	17	17
69.45056900000031	18.0	18	18
69.55064186599455	18.0	18	18
69.65071473198878	18.0	18	18
69.75078759798302	18.0	18	18
69.85086046397726	19.0	19	19
69.95093332997149	20.0	20	20
70.05100619596573	21.0	21	21
70.15107906195996	20.0	20	20
70.25115192795421	20.0	20	20
70.35122479394845	20.0	20	20
70.45129765994268	20.0	20	20
70.55137052593692	21.0	21	21
70.65144339193115	23.0	23	23
70.75151625792539	22.0	22	22
70.85158912391962	22.0	22	22
70.95166198991386	21.0	21	21
71.0517348559081	19.0	19	19
71.15180772190233	19.0	19	19
71.25188058789658	18.0	18	18
71.35195345389081	18.0	18	18
71.45202631988505	16.0	16	16
71.55209918587929	15.0	15	15
71.65217205187352	15.0	15	15
71.75224491786776	15.0	15	15
71.85231778386199	14.0	14	14
71.95239064985623	14.0	14	14
72.05246351585046	14.0	14	14
72.1525363818447	14.0	14	14
72.25260924783895	13.0	13	13
72.35268211383318	14.0	14	14
72.45275497982742	15.0	15	15
72.55282784582165	15.0	15	15
72.65290071181589	15.0	15	15
72.75297357781012	15.0	15	15
72.85304644380436	15.0	15	15
72.9531193097986	15.0	15	15
73.05319217579283	15.0	15	15
73.15326504178707	15.0	15	15
73.2533379077813	14.0	14	14
73.35341077377555	15.0	15	15
73.45348363976979	15.0	15	15
73.55355650576402	15.0	15	15
73.65362937175826	15.0	15	15
73.75370223775249	15.0	15	15
73.85377510374673	15.0	15	15
73.95384796974096	16.0	16	16
74.0539208357352	15.0	15	15
74.15399370172943	15.0	15	15
74.25406656772367	15.0	15	15
74.35413943371792	15.0	15	15
74.45421229971215	15.0	15	15
74.55428516570639	14.0	14	14
74.65435803170062	14.0	14	14
74.75443089769486	14.0	14	14
74.8545037636891	14.0	14	14
74.95457662968333	14.0	14	14
75.05464949567757	14.0	14	14
75.1547223616718	14.0	14	14
75.25479522766604	14.0	14	14
75.35486809366029	14.0	14	14
75.45494095965452	14.0	14	14
75.55501382564876	14.0	14	14
75.65508669164299	14.0	14	14
75.75515955763723	13.0	13	13
75.85523242363146	13.0	13	13
75.9553052896257	13.0	13	13
76.05537815561993	13.0	13	13
76.15545102161417	13.0	13	13
76.2555238876084	13.0	13	13
76.35559675360265	13.0	13	13
76.45566961959689	13.0	13	13
76.55574248559113	13.0	13	13
76.65581535158536	13.0	13	13
76.7558882175796	13.0	13	13
76.85596108357383	13.0	13	13
76.95603394956807	14.0	14	14
77.0561068155623	14.0	14	14
77.15617968155654	13.0	13	13
77.25625254755077	13.0	13	13
77.35632541354501	13.0	13	13
77.45639827953926	13.0	13	13
77.5564711455335	12.0	12	12
77.65654401152773	12.0	12	12
77.75661687752196	12.0	12	12
77.8566897435162	12.0	12	12
77.95676260951043	12.0	12	12
78.05683547550467	12.0	12	12
78.1569083414989	12.0	12	12
78.25698120749314	12.0	12	12
78.35705407348738	12.0	12	12
78.45712693948163	12.0	12	12
78.55719980547586	12.0	12	12
78.6572726714701	11.0	11	11
78.75734553746433	11.0	11	11
78.85741840345857	11.0	11	11
78.9574912694528	11.0	11	11
79.05756413544704	11.0	11	11
79.15763700144127	11.0	11	11
79.25770986743551	11.0	11	11
79.35778273342974	11.0	11	11
79.457855599424	11.0	11	11
79.55792846541823	11.0	11	11
79.65800133141246	11.0	11	11
79.7580741974067	11.0	11	11
79.85814706340093	11.0	11	11
79.95821992939517	11.0	11	11
80.0582927953894	11.0	11	11
80.15836566138364	11.0	11	11
80.25843852737788	10.0	10	10
80.35851139337211	10.0	10	10
80.45858425936636	10.0	10	10
80.5586571253606	11.0	11	11
80.65872999135483	11.0	11	11
80.75880285734907	11.0	11	11
80.8588757233433	11.0	11	11
80.95894858933754	11.0	11	11
81.05902145533177	11.0	11	11
81.15909432132601	11.0	11	11
81.25916718732024	12.0	12	12
81.35924005331448	12.0	12	12
81.45931291930872	12.0	12	12
81.55938578530296	12.0	12	12
81.6594586512972	12.0	12	12
81.75953151729144	12.0	12	12
81.85960438328567	11.0	11	11
81.9596772492799	11.0	11	11
82.05975011527414	11.0	11	11
82.15982298126838	11.0	11	11
82.25989584726261	11.0	11	11
82.35996871325685	11.0	11	11
82.46004157925108	11.0	11	11
82.56011444524533	11.0	11	11
82.66018731123957	10.0	10	10
82.7602601772338	10.0	10	10
82.86033304322804	10.0	10	10
82.96040590922227	9.0	9	9
83.06047877521651	9.0	9	9
83.16055164121074	9.0	9	9
83.26062450720498	9.0	9	9
83.36069737319922	9.0	9	9
83.46077023919345	10.0	10	10
83.5608431051877	11.0	11	11
83.66091597118194	11.0	11	11
83.76098883717617	11.0	11	11
83.8610617031704	11.0	11	11
83.96113456916464	11.0	11	11
84.06120743515888	10.0	10	10
84.16128030115311	11.0	11	11
84.26135316714735	11.0	11	11
84.36142603314158	10.0	10	10
84.46149889913582	10.0	10	10
84.56157176513007	10.0	10	10
84.6616446311243	10.0	10	10
84.76171749711854	10.0	10	10
84.86179036311277	10.0	10	10
84.96186322910701	11.0	11	11
85.06193609510125	10.0	10	10
85.16200896109548	10.0	10	10
85.26208182708972	10.0	10	10
85.36215469308395	10.0	10	10
85.46222755907819	10.0	10	10
85.56230042507242	10.0	10	10
85.66237329106667	10.0	10	10
85.76244615706091	10.0	10	10
85.86251902305514	11.0	11	11
85.96259188904938	11.0	11	11
86.06266475504361	11.0	11	11
86.16273762103785	11.0	11	11
86.26281048703208	10.0	10	10
86.36288335302632	9.0	9	9
86.46295621902055	8.0	8	8
86.56302908501479	8.0	8	8
86.66310195100904	7.0	7	7
86.76317481700328	7.0	7	7
86.86324768299751	7.0	7	7
86.96332054899175	7.0	7	7
87.06339341498598	7.0	7	7
87.16346628098022	6.0	6	6
87.26353914697445	6.0	6	6
87.36361201296869	6.0	6	6
87.46368487896292	6.0	6	6
87.56375774495716	6.0	6	6
87.66383061095141	6.0	6	6
87.76390347694564	6.0	6	6
87.86397634293988	6.0	6	6
87.96404920893411	6.0	6	6
88.06412207492835	6.0	6	6
88.16419494092258	6.0	6	6
88.26426780691682	6.0	6	6
88.36434067291106	6.0	6	6
88.46441353890529	6.0	6	6
88.56448640489953	6.0	6	6
88.66455927089378	6.0	6	6
88.76463213688801	6.0	6	6
88.86470500288225	6.0	6	6
88.96477786887648	6.0	6	6
89.06485073487072	6.0	6	6
89.16492360086495	6.0	6	6
89.26499646685919	6.0	6	6
89.36506933285342	5.0	5	5
89.46514219884766	5.0	5	5
89.5652150648419	5.0	5	5
89.66528793083614	5.0	5	5
89.76536079683038	8.0	8	8
89.86543366282461	8.0	8	8
89.96550652881885	8.0	8	8
90.06557939481308	8.0	8	8
90.16565226080732	8.0	8	8
90.26572512680156	8.0	8	8
90.36579799279579	8.0	8	8
90.46587085879003	7.0	7	7
90.56594372478426	7.0	7	7
90.6660165907785	6.0	6	6
90.76608945677275	6.0	6	6
90.86616232276698	6.0	6	6
90.96623518876122	5.0	5	5
91.06630805475545	5.0	5	5
91.16638092074969	5.0	5	5
91.26645378674392	5.0	5	5
91.36652665273816	5.0	5	5
91.4665995187324	5.0	5	5
91.56667238472663	6.0	6	6
91.66674525072087	6.0	6	6
91.76681811671511	6.0	6	6
91.86689098270935	6.0	6	6
91.96696384870359	6.0	6	6
92.06703671469782	6.0	6	6
92.16710958069206	6.0	6	6
92.26718244668629	6.0	6	6
92.36725531268053	6.0	6	6
92.46732817867476	6.0	6	6
92.567401044669	7.0	7	7
92.66747391066323	7.0	7	7
92.76754677665748	7.0	7	7
92.86761964265172	7.0	7	7
92.96769250864595	7.0	7	7
93.06776537464019	7.0	7	7
93.16783824063442	7.0	7	7
93.26791110662866	7.0	7	7
93.3679839726229	7.0	7	7
93.46805683861713	7.0	7	7
93.56812970461137	7.0	7	7
93.6682025706056	6.0	6	6
93.76827543659985	5.0	5	5
93.86834830259409	5.0	5	5
93.96842116858832	5.0	5	5
94.06849403458256	5.0	5	5
94.16856690057679	5.0	5	5
94.26863976657103	6.0	6	6
94.36871263256526	6.0	6	6
94.4687854985595	6.0	6	6
94.56885836455373	7.0	7	7
94.66893123054797	6.0	6	6
94.7690040965422	5.0	5	5
94.86907696253645	5.0	5	5
94.96914982853069	5.0	5	5
95.06922269452492	5.0	5	5
95.16929556051916	5.0	5	5
95.2693684265134	6.0	6	6
95.36944129250763	6.0	6	6
95.46951415850187	6.0	6	6
95.5695870244961	6.0	6	6
95.66965989049034	6.0	6	6
95.76973275648457	5.0	5	5
95.86980562247882	5.0	5	5
95.96987848847306	5.0	5	5
96.06995135446729	6.0	6	6
96.17002422046153	6.0	6	6
96.27009708645576	5.0	5	5
96.37016995245	5.0	5	5
96.47024281844423	5.0	5	5
96.57031568443847	6.0	6	6
96.6703885504327	6.0	6	6
96.77046141642694	6.0	6	6
96.87053428242119	6.0	6	6
96.97060714841543	6.0	6	6
97.07068001440966	6.0	6	6
97.1707528804039	6.0	6	6
97.27082574639813	5.0	5	5
97.37089861239237	5.0	5	5
97.4709714783866	6.0	6	6
97.57104434438084	6.0	6	6
97.67111721037507	5.0	5	5
97.77119007636931	5.0	5	5
97.87126294236356	5.0	5	5
97.9713358083578	5.0	5	5
98.07140867435203	6.0	6	6
98.17148154034626	6.0	6	6
98.2715544063405	6.0	6	6
98.37162727233473	6.0	6	6
98.47170013832897	6.0	6	6
98.5717730043232	6.0	6	6
98.67184587031744	6.0	6	6
98.77191873631168	5.0	5	5
98.87199160230591	5.0	5	5
98.97206446830016	5.0	5	5
99.0721373342944	4.0	4	4
99.17221020028863	4.0	4	4
99.27228306628287	4.0	4	4
99.3723559322771	4.0	4	4
99.47242879827134	4.0	4	4
99.57250166426557	4.0	4	4
99.67257453025981	4.0	4	4
99.77264739625404	4.0	4	4
99.87272026224828	4.0	4	4
99.97279312824253	4.0	4	4
100.07286599423676	4.0	4	4
100.172938860231	4.0	4	4
100.27301172622523	4.0	4	4
100.37308459221947	4.0	4	4
100.4731574582137	4.0	4	4
100.57323032420794	4.0	4	4
100.67330319020218	4.0	4	4
100.77337605619641	4.0	4	4
100.87344892219065	4.0	4	4
100.9735217881849	4.0	4	4
101.07359465417913	5.0	5	5
101.17366752017337	5.0	5	5
101.2737403861676	5.0	5	5
101.37381325216184	5.0	5	5
101.47388611815607	5.0	5	5
101.57395898415031	5.0	5	5
101.67403185014454	4.0	4	4
101.77410471613878	4.0	4	4
101.87417758213302	4.0	4	4
101.97425044812726	4.0	4	4
102.0743233141215	4.0	4	4
102.17439618011574	4.0	4	4
102.27446904610997	4.0	4	4
102.3745419121042	4.0	4	4
102.47461477809844	4.0	4	4
102.57468764409268	4.0	4	4
102.67476051008691	4.0	4	4
102.77483337608115	4.0	4	4
102.87490624207538	4.0	4	4
102.97497910806962	4.0	4	4
103.07505197406387	4.0	4	4
103.1751248400581	4.0	4	4
103.27519770605234	4.0	4	4
103.37527057204657	4.0	4	4
103.47534343804081	4.0	4	4
103.57541630403504	4.0	4	4
103.67548917002928	4.0	4	4
103.77556203602352	4.0	4	4
103.87563490201775	4.0	4	4
103.97570776801199	4.0	4	4
104.07578063400624	4.0	4	4
104.17585350000047	4.0	4	4
104.2759263659947	4.0	4	4
104.37599923198894	4.0	4	4
104.47607209798318	4.0	4	4
104.57614496397741	4.0	4	4
104.67621782997165	4.0	4	4
104.77629069596588	4.0	4	4
104.87636356196012	4.0	4	4
104.97643642795435	4.0	4	4
105.0765092939486	4.0	4	4
105.17658215994284	4.0	4	4
105.27665502593707	4.0	4	4
105.37672789193131	4.0	4	4
105.47680075792555	4.0	4	4
105.57687362391978	5.0	5	5
105.67694648991402	4.0	4	4
105.77701935590825	4.0	4	4
105.87709222190249	4.0	4	4
105.97716508789672	4.0	4	4
106.07723795389097	4.0	4	4
106.17731081988521	4.0	4	4
106.27738368587944	4.0	4	4
106.37745655187368	4.0	4	4
106.47752941786791	4.0	4	4
106.57760228386215	4.0	4	4
106.67767514985638	4.0	4	4
106.77774801585062	4.0	4	4
106.87782088184485	4.0	4	4
106.97789374783909	4.0	4	4
107.07796661383333	4.0	4	4
107.17803947982758	4.0	4	4
107.27811234582181	4.0	4	4
107.37818521181605	4.0	4	4
107.47825807781028	4.0	4	4
107.57833094380452	4.0	4	4
107.67840380979875	3.0	3	3
107.77847667579299	3.0	3	3
107.87854954178722	3.0	3	3
107.97862240778146	3.0	3	3
108.0786952737757	3.0	3	3
108.17876813976994	3.0	3	3
108.27884100576418	3.0	3	3
108.37891387175841	3.0	3	3
108.47898673775265	3.0	3	3
108.57905960374688	3.0	3	3
108.67913246974112	3.0	3	3
108.77920533573536	3.0	3	3
108.87927820172959	3.0	3	3
108.97935106772383	3.0	3	3
109.07942393371806	3.0	3	3
109.17949679971231	3.0	3	3
109.27956966570655	3.0	3	3
109.37964253170078	3.0	3	3
109.47971539769502	3.0	3	3
109.57978826368925	3.0	3	3
109.67986112968349	3.0	3	3
109.77993399567772	3.0	3	3
109.88000686167196	3.0	3	3
109.9800797276662	3.0	3	3
110.08015259366043	3.0	3	3
110.18022545965468	3.0	3	3
110.28029832564891	3.0	3	3
110.38037119164315	3.0	3	3
110.48044405763738	3.0	3	3
110.58051692363162	3.0	3	3
110.68058978962586	3.0	3	3
110.78066265562009	3.0	3	3
110.88073552161433	3.0	3	3
110.98080838760856	3.0	3	3
111.0808812536028	3.0	3	3
111.18095411959703	3.0	3	3
111.28102698559128	3.0	3	3
111.38109985158552	3.0	3	3
111.48117271757975	3.0	3	3
111.58124558357399	3.0	3	3
111.68131844956822	3.0	3	3
111.78139131556246	3.0	3	3
111.8814641815567	3.0	3	3
111.98153704755093	3.0	3	3
112.08160991354517	3.0	3	3
112.1816827795394	3.0	3	3
112.28175564553365	3.0	3	3
112.38182851152789	2.0	2	2
112.48190137752212	2.0	2	2
112.58197424351636	2.0	2	2
112.68204710951059	1.0	1	1
112.78211997550483	1.0	1	1
112.88219284149906	1.0	1	1
112.9822657074933	1.0	1	1
113.08233857348753	1.0	1	1
113.18241143948177	1.0	1	1
113.28248430547602	1.0	1	1
113.38255717147025	1.0	1	1
113.48263003746449	1.0	1	1
113.58270290345872	1.0	1	1
113.68277576945296	1.0	1	1
113.7828486354472	1.0	1	1
113.88292150144143	1.0	1	1
113.98299436743567	1.0	1	1
114.0830672334299	0.0	0	0
114.18314009942414	0.0	0	0
114.28321296541839	0.0	0	0
114.38328583141262	0.0	0	0
114.48335869740686	0.0	0	0
114.58343156340109	0.0	0	0
114.68350442939533	0.0	0	0
114.78357729538956	0.0	0	0
114.8836501613838	0.0	0	0
114.98372302737803	0.0	0	0
115.08379589337227	0.0	0	0
115.1838687593665	0.0	0	0
115.28394162536074	0.0	0	0
115.38401449135499	0.0	0	0
115.48408735734922	0.0	0	0
115.58416022334346	0.0	0	0
115.6842330893377	0.0	0	0
115.78430595533193	0.0	0	0
115.88437882132617	0.0	0	0
115.9844516873204	0.0	0	0
116.08452455331464	0.0	0	0
116.18459741930887	0.0	0	0
116.28467028530311	0.0	0	0
116.38474315129736	0.0	0	0
116.48481601729159	0.0	0	0
116.58488888328583	0.0	0	0
116.68496174928006	0.0	0	0
116.7850346152743	0.0	0	0
116.88510748126853	0.0	0	0
116.98518034726277	0.0	0	0
117.085253213257	0.0	0	0
117.18532607925124	0.0	0	0
117.28539894524548	0.0	0	0
117.38547181123973	0.0	0	0
117.48554467723396	0.0	0	0
117.5856175432282	0.0	0	0
117.68569040922243	0.0	0	0
117.78576327521667	0.0	0	0
117.8858361412109	0.0	0	0
117.98590900720514	0.0	0	0
118.08598187319937	0.0	0	0
118.18605473919361	0.0	0	0
118.28612760518784	0.0	0	0
118.3862004711821	0.0	0	0
118.48627333717633	0.0	0	0
118.58634620317056	0.0	0	0
118.6864190691648	0.0	0	0
118.78649193515903	0.0	0	0
118.88656480115327	0.0	0	0
118.9866376671475	0.0	0	0
119.08671053314174	0.0	0	0
119.18678339913598	0.0	0	0
119.28685626513021	1.0	1	1
119.38692913112446	1.0	1	1
119.4870019971187	1.0	1	1
119.58707486311293	1.0	1	1
119.68714772910717	1.0	1	1
119.7872205951014	1.0	1	1
119.88729346109564	1.0	1	1
119.98736632708987	1.0	1	1
120.08743919308411	1.0	1	1
120.18751205907834	1.0	1	1
120.28758492507258	1.0	1	1
120.38765779106681	1.0	1	1
120.48773065706106	1.0	1	1
120.5878035230553	1.0	1	1
120.68787638904953	1.0	1	1
120.78794925504377	1.0	1	1
120.888022121038	1.0	1	1
120.98809498703224	1.0	1	1
121.08816785302648	1.0	1	1
121.18824071902071	1.0	1	1
121.28831358501495	0.0	0	0
121.38838645100918	0.0	0	0
121.48845931700343	0.0	0	0
121.58853218299767	0.0	0	0
121.6886050489919	0.0	0	0
121.78867791498614	0.0	0	0
121.88875078098037	0.0	0	0
121.98882364697461	0.0	0	0
122.08889651296884	0.0	0	0
122.18896937896308	0.0	0	0
122.28904224495732	0.0	0	0
122.38911511095155	0.0	0	0
122.4891879769458	0.0	0	0
122.58926084294004	0.0	0	0
122.68933370893427	0.0	0	0
122.7894065749285	0.0	0	0
122.88947944092274	0.0	0	0
122.98955230691698	0.0	0	0
123.08962517291121	0.0	0	0
123.18969803890545	0.0	0	0
123.28977090489968	0.0	0	0
123.38984377089392	0.0	0	0
123.48991663688817	0.0	0	0
123.5899895028824	0.0	0	0
123.69006236887664	0.0	0	0
123.79013523487087	0.0	0	0
123.89020810086511	0.0	0	0
123.99028096685934	0.0	0	0
124.09035383285358	0.0	0	0
124.19042669884782	0.0	0	0
124.29049956484205	0.0	0	0
124.39057243083629	0.0	0	0
124.49064529683052	0.0	0	0
124.59071816282477	0.0	0	0
124.690791028819	0.0	0	0
124.79086389481324	0.0	0	0
124.89093676080748	0.0	0	0
124.99100962680171	0.0	0	0
125.09108249279595	0.0	0	0
125.19115535879018	1.0	1	1
125.29122822478442	1.0	1	1
125.39130109077865	1.0	1	1
125.49137395677289	1.0	1	1
125.59144682276714	1.0	1	1
125.69151968876137	1.0	1	1
125.79159255475561	1.0	1	1
125.89166542074985	1.0	1	1
125.99173828674408	1.0	1	1
126.09181115273832	1.0	1	1
126.19188401873255	1.0	1	1
126.29195688472679	1.0	1	1
126.39202975072102	1.0	1	1
126.49210261671526	1.0	1	1
126.59217548270951	2.0	2	2
126.69224834870374	2.0	2	2
126.79232121469798	2.0	2	2
126.89239408069221	2.0	2	2
126.99246694668645	2.0	2	2
127.09253981268068	3.0	3	3
127.19261267867492	3.0	3	3
127.29268554466915	3.0	3	3
127.39275841066339	3.0	3	3
127.49283127665763	3.0	3	3
127.59290414265188	3.0	3	3
127.69297700864611	3.0	3	3
127.79304987464035	3.0	3	3
127.89312274063458	3.0	3	3
127.99319560662882	3.0	3	3
128.09326847262304	3.0	3	3
128.1933413386173	3.0	3	3
128.29341420461154	3.0	3	3
128.39348707060577	2.0	2	2
128.4935599366	2.0	2	2
128.59363280259424	2.0	2	2
128.69370566858848	2.0	2	2
128.7937785345827	3.0	3	3
128.89385140057695	2.0	2	2
128.99392426657118	2.0	2	2
129.09399713256542	2.0	2	2
129.19406999855966	2.0	2	2
129.2941428645539	2.0	2	2
129.39421573054813	2.0	2	2
129.49428859654236	2.0	2	2
129.5943614625366	2.0	2	2
129.69443432853083	2.0	2	2
129.79450719452507	2.0	2	2
129.8945800605193	2.0	2	2
129.99465292651354	2.0	2	2
130.09472579250777	2.0	2	2
130.19479865850204	2.0	2	2
130.29487152449627	2.0	2	2
130.3949443904905	2.0	2	2
130.49501725648474	2.0	2	2
130.59509012247898	2.0	2	2
130.69516298847321	2.0	2	2
130.79523585446745	1.0	1	1
130.89530872046168	1.0	1	1
130.99538158645592	1.0	1	1
131.09545445245016	1.0	1	1
131.1955273184444	1.0	1	1
131.29560018443863	1.0	1	1
131.39567305043286	1.0	1	1
131.4957459164271	1.0	1	1
131.59581878242133	1.0	1	1
131.69589164841557	1.0	1	1
131.7959645144098	1.0	1	1
131.89603738040404	1.0	1	1
131.99611024639827	1.0	1	1
132.0961831123925	1.0	1	1
132.19625597838677	1.0	1	1
132.296328844381	1.0	1	1
132.39640171037524	1.0	1	1
132.49647457636948	1.0	1	1
132.59654744236371	0.0	0	0
132.69662030835795	0.0	0	0
132.79669317435219	0.0	0	0
132.89676604034642	0.0	0	0
132.99683890634066	0.0	0	0
133.0969117723349	0.0	0	0
133.19698463832913	0.0	0	0
133.29705750432336	0.0	0	0
133.3971303703176	0.0	0	0
133.49720323631183	0.0	0	0
133.59727610230607	0.0	0	0
133.6973489683003	0.0	0	0
133.79742183429454	0.0	0	0
133.89749470028877	0.0	0	0
133.997567566283	0.0	0	0
134.09764043227725	0.0	0	0
134.19771329827148	0.0	0	0
134.29778616426574	0.0	0	0
134.39785903025998	0.0	0	0
134.49793189625422	0.0	0	0
134.59800476224845	0.0	0	0
134.6980776282427	0.0	0	0
134.79815049423692	0.0	0	0
134.89822336023116	0.0	0	0
134.9982962262254	0.0	0	0
135.09836909221963	0.0	0	0
135.19844195821386	0.0	0	0
135.2985148242081	0.0	0	0
135.39858769020233	0.0	0	0
135.49866055619657	0.0	0	0
135.5987334221908	1.0	1	1
135.69880628818504	1.0	1	1
135.79887915417928	1.0	1	1
135.8989520201735	1.0	1	1
135.99902488616775	1.0	1	1
136.09909775216198	1.0	1	1
136.19917061815622	1.0	1	1
136.29924348415048	1.0	1	1
136.39931635014472	1.0	1	1
136.49938921613895	1.0	1	1
136.5994620821332	1.0	1	1
136.69953494812742	1.0	1	1
136.79960781412166	1.0	1	1
136.8996806801159	1.0	1	1
136.99975354611013	1.0	1	1
137.09982641210436	1.0	1	1
137.1998992780986	1.0	1	1
137.29997214409283	1.0	1	1
137.40004501008707	1.0	1	1
137.5001178760813	3.0	3	3
137.60019074207554	2.0	2	2
137.70026360806978	2.0	2	2
137.800336474064	2.0	2	2
137.90040934005825	2.0	2	2
138.00048220605248	2.0	2	2
138.10055507204672	2.0	2	2
138.20062793804095	2.0	2	2
138.3007008040352	2.0	2	2
138.40077367002945	2.0	2	2
138.5008465360237	2.0	2	2
138.60091940201792	4.0	4	4
138.70099226801216	4.0	4	4
138.8010651340064	4.0	4	4
138.90113800000063	4.0	4	4
139.00121086599486	4.0	4	4
139.1012837319891	4.0	4	4
139.20135659798333	4.0	4	4
139.30142946397757	3.0	3	3
139.4015023299718	3.0	3	3
139.50157519596604	3.0	3	3
139.60164806196028	3.0	3	3
139.7017209279545	3.0	3	3
139.80179379394875	3.0	3	3
139.90186665994298	3.0	3	3
140.00193952593722	3.0	3	3
140.10201239193145	3.0	3	3
140.2020852579257	3.0	3	3
140.30215812391992	3.0	3	3
140.4022309899142	2.0	2	2
140.50230385590842	1.0	1	1
140.60237672190266	1.0	1	1
140.7024495878969	1.0	1	1
140.80252245389113	1.0	1	1
140.90259531988536	1.0	1	1
141.0026681858796	1.0	1	1
141.10274105187383	1.0	1	1
141.20281391786807	1.0	1	1
141.3028867838623	1.0	1	1
141.40295964985654	1.0	1	1
141.50303251585078	1.0	1	1
141.603105381845	1.0	1	1
141.70317824783925	1.0	1	1
141.80325111383348	1.0	1	1
141.90332397982772	1.0	1	1
142.00339684582195	1.0	1	1
142.1034697118162	1.0	1	1
142.20354257781042	1.0	1	1
142.30361544380466	1.0	1	1
142.4036883097989	1.0	1	1
142.50376117579316	1.0	1	1
142.6038340417874	1.0	1	1
142.70390690778163	1.0	1	1
142.80397977377586	1.0	1	1
142.9040526397701	1.0	1	1
143.00412550576434	1.0	1	1
143.10419837175857	1.0	1	1
143.2042712377528	1.0	1	1
143.30434410374704	1.0	1	1
143.40441696974128	1.0	1	1
143.5044898357355	1.0	1	1
143.60456270172975	1.0	1	1
143.70463556772398	1.0	1	1
143.80470843371822	1.0	1	1
143.90478129971245	1.0	1	1
144.0048541657067	1.0	1	1
144.10492703170092	1.0	1	1
144.20499989769516	1.0	1	1
144.3050727636894	1.0	1	1
144.40514562968363	1.0	1	1
144.5052184956779	1.0	1	1
144.60529136167213	1.0	1	1
144.70536422766637	1.0	1	1
144.8054370936606	1.0	1	1
144.90550995965484	1.0	1	1
145.00558282564907	1.0	1	1
145.1056556916433	1.0	1	1
145.20572855763754	1.0	1	1
145.30580142363178	1.0	1	1
145.405874289626	1.0	1	1
145.50594715562025	1.0	1	1
145.60602002161448	1.0	1	1
145.70609288760872	1.0	1	1
145.80616575360295	1.0	1	1
145.9062386195972	1.0	1	1
146.00631148559143	1.0	1	1
146.10638435158566	1.0	1	1
146.2064572175799	1.0	1	1
146.30653008357413	1.0	1	1
146.40660294956837	1.0	1	1
146.5066758155626	1.0	1	1
146.60674868155687	1.0	1	1
146.7068215475511	1.0	1	1
146.80689441354534	1.0	1	1
146.90696727953957	1.0	1	1
147.0070401455338	1.0	1	1
147.10711301152804	1.0	1	1
147.20718587752228	1.0	1	1
147.3072587435165	1.0	1	1
147.40733160951075	1.0	1	1
147.50740447550498	1.0	1	1
147.60747734149922	1.0	1	1
147.70755020749345	1.0	1	1
147.8076230734877	2.0	2	2
147.90769593948193	2.0	2	2
148.00776880547616	2.0	2	2
148.1078416714704	2.0	2	2
148.20791453746463	2.0	2	2
148.30798740345887	2.0	2	2
148.4080602694531	2.0	2	2
148.50813313544734	2.0	2	2
148.6082060014416	2.0	2	2
148.70827886743584	2.0	2	2
148.80835173343007	3.0	3	3
148.9084245994243	3.0	3	3
149.00849746541854	3.0	3	3
149.10857033141278	3.0	3	3
149.208643197407	3.0	3	3
149.30871606340125	3.0	3	3
149.40878892939548	3.0	3	3
149.50886179538972	3.0	3	3
149.60893466138396	3.0	3	3
149.7090075273782	3.0	3	3
149.80908039337243	3.0	3	3
149.90915325936666	3.0	3	3
150.0092261253609	3.0	3	3
150.10929899135513	3.0	3	3
150.20937185734937	3.0	3	3
150.3094447233436	3.0	3	3
150.40951758933784	3.0	3	3
150.50959045533207	3.0	3	3
150.6096633213263	2.0	2	2
150.70973618732057	2.0	2	2
150.8098090533148	2.0	2	2
150.90988191930904	2.0	2	2
151.00995478530328	2.0	2	2
151.11002765129751	2.0	2	2
151.21010051729175	2.0	2	2
151.31017338328598	2.0	2	2
151.41024624928022	2.0	2	2
151.51031911527446	2.0	2	2
151.6103919812687	2.0	2	2
151.71046484726293	2.0	2	2
151.81053771325716	2.0	2	2
151.9106105792514	2.0	2	2
152.01068344524563	2.0	2	2
152.11075631123987	2.0	2	2
152.2108291772341	2.0	2	2
152.31090204322834	2.0	2	2
152.41097490922257	2.0	2	2
152.5110477752168	2.0	2	2
152.61112064121104	2.0	2	2
152.7111935072053	2.0	2	2
152.81126637319954	2.0	2	2
152.91133923919378	2.0	2	2
153.01141210518801	2.0	2	2
153.11148497118225	2.0	2	2
153.21155783717649	2.0	2	2
153.31163070317072	2.0	2	2
153.41170356916496	2.0	2	2
153.5117764351592	2.0	2	2
153.61184930115343	2.0	2	2
153.71192216714766	2.0	2	2
153.8119950331419	2.0	2	2
153.91206789913613	2.0	2	2
154.01214076513037	2.0	2	2
154.1122136311246	2.0	2	2
154.21228649711884	2.0	2	2
154.31235936311307	2.0	2	2
154.4124322291073	2.0	2	2
154.51250509510155	2.0	2	2
154.61257796109578	2.0	2	2
154.71265082709002	2.0	2	2
154.81272369308428	2.0	2	2
154.91279655907852	2.0	2	2
155.01286942507275	2.0	2	2
155.112942291067	2.0	2	2
155.21301515706122	2.0	2	2
155.31308802305546	2.0	2	2
155.4131608890497	2.0	2	2
155.51323375504393	2.0	2	2
155.61330662103816	2.0	2	2
155.7133794870324	2.0	2	2
155.81345235302663	2.0	2	2
155.91352521902087	2.0	2	2
156.0135980850151	2.0	2	2
156.11367095100934	2.0	2	2
156.21374381700358	2.0	2	2
156.3138166829978	2.0	2	2
156.41388954899205	1.0	1	1
156.51396241498628	1.0	1	1
156.61403528098052	1.0	1	1
156.71410814697475	0.0	0	0
156.81418101296902	0.0	0	0
156.91425387896325	0.0	0	0
157.0143267449575	0.0	0	0
157.11439961095172	0.0	0	0
157.21447247694596	0.0	0	0
157.3145453429402	0.0	0	0
157.41461820893443	0.0	0	0
157.51469107492866	0.0	0	0
157.6147639409229	0.0	0	0
157.71483680691713	0.0	0	0
157.81490967291137	0.0	0	0
157.9149825389056	0.0	0	0
158.01505540489984	0.0	0	0
158.11512827089408	0.0	0	0
158.2152011368883	0.0	0	0
158.31527400288255	0.0	0	0
158.41534686887678	0.0	0	0
158.51541973487102	0.0	0	0
158.61549260086525	0.0	0	0
158.7155654668595	0.0	0	0
158.81563833285372	0.0	0	0
158.915711198848	0.0	0	0
159.01578406484222	0.0	0	0
159.11585693083646	0.0	0	0
159.2159297968307	0.0	0	0
159.31600266282493	0.0	0	0
159.41607552881916	0.0	0	0
159.5161483948134	0.0	0	0
159.61622126080763	0.0	0	0
159.71629412680187	0.0	0	0
159.8163669927961	0.0	0	0
159.91643985879034	0.0	0	0
160.01651272478458	0.0	0	0
160.1165855907788	0.0	0	0
160.21665845677305	0.0	0	0
160.31673132276728	0.0	0	0
160.41680418876152	0.0	0	0
160.51687705475575	0.0	0	0
160.61694992075	0.0	0	0
160.71702278674422	0.0	0	0
160.81709565273846	0.0	0	0
160.91716851873272	0.0	0	0
161.01724138472696	0.0	0	0
161.1173142507212	0.0	0	0
161.21738711671543	0.0	0	0
161.31745998270966	0.0	0	0
161.4175328487039	0.0	0	0
161.51760571469813	1.0	1	1
161.61767858069237	1.0	1	1
161.7177514466866	1.0	1	1
161.81782431268084	1.0	1	1
161.91789717867508	1.0	1	1
162.0179700446693	1.0	1	1
162.11804291066355	1.0	1	1
162.21811577665778	1.0	1	1
162.31818864265202	1.0	1	1
162.41826150864625	1.0	1	1
162.5183343746405	1.0	1	1
162.61840724063472	1.0	1	1
162.71848010662896	1.0	1	1
162.8185529726232	2.0	2	2
162.91862583861743	3.0	3	3
163.0186987046117	3.0	3	3
163.11877157060593	3.0	3	3
163.21884443660016	3.0	3	3
163.3189173025944	3.0	3	3
163.41899016858864	3.0	3	3
163.51906303458287	3.0	3	3
163.6191359005771	3.0	3	3
163.71920876657134	4.0	4	4
163.81928163256558	4.0	4	4
163.9193544985598	4.0	4	4
164.01942736455405	4.0	4	4
164.11950023054828	4.0	4	4
164.21957309654252	4.0	4	4
164.31964596253675	4.0	4	4
164.419718828531	4.0	4	4
164.51979169452522	4.0	4	4
164.61986456051946	4.0	4	4
164.7199374265137	4.0	4	4
164.82001029250793	4.0	4	4
164.92008315850217	4.0	4	4
165.02015602449643	4.0	4	4
165.12022889049067	4.0	4	4
165.2203017564849	4.0	4	4
165.32037462247914	4.0	4	4
165.42044748847337	4.0	4	4
165.5205203544676	4.0	4	4
165.62059322046184	4.0	4	4
165.72066608645608	4.0	4	4
165.8207389524503	5.0	5	5
165.92081181844455	5.0	5	5
166.02088468443878	5.0	5	5
166.12095755043302	6.0	6	6
166.22103041642725	5.0	5	5
166.3211032824215	5.0	5	5
166.42117614841573	5.0	5	5
166.52124901440996	5.0	5	5
166.6213218804042	6.0	6	6
166.72139474639843	4.0	4	4
166.82146761239267	4.0	4	4
166.9215404783869	4.0	4	4
167.02161334438114	5.0	5	5
167.1216862103754	5.0	5	5
167.22175907636964	5.0	5	5
167.32183194236387	5.0	5	5
167.4219048083581	5.0	5	5
167.52197767435234	6.0	6	6
167.62205054034658	6.0	6	6
167.7221234063408	5.0	5	5
167.82219627233505	5.0	5	5
167.92226913832928	4.0	4	4
168.02234200432352	4.0	4	4
168.12241487031775	4.0	4	4
168.222487736312	4.0	4	4
168.32256060230623	4.0	4	4
168.42263346830046	4.0	4	4
168.5227063342947	3.0	3	3
168.62277920028893	3.0	3	3
168.72285206628317	3.0	3	3
168.8229249322774	3.0	3	3
168.92299779827164	3.0	3	3
169.02307066426587	2.0	2	2
169.12314353026014	2.0	2	2
169.22321639625437	2.0	2	2
169.3232892622486	2.0	2	2
169.42336212824284	2.0	2	2
169.52343499423708	2.0	2	2
169.6235078602313	2.0	2	2
169.72358072622555	2.0	2	2
169.82365359221978	2.0	2	2
169.92372645821402	2.0	2	2
170.02379932420826	2.0	2	2
170.1238721902025	2.0	2	2
170.22394505619673	2.0	2	2
170.32401792219096	2.0	2	2
170.4240907881852	2.0	2	2
170.52416365417943	2.0	2	2
170.62423652017367	2.0	2	2
170.7243093861679	2.0	2	2
170.82438225216214	2.0	2	2
170.92445511815637	2.0	2	2
171.0245279841506	3.0	3	3
171.12460085014484	3.0	3	3
171.2246737161391	4.0	4	4
171.32474658213334	4.0	4	4
171.42481944812758	4.0	4	4
171.52489231412181	4.0	4	4
171.62496518011605	4.0	4	4
171.72503804611028	4.0	4	4
171.82511091210452	4.0	4	4
171.92518377809876	4.0	4	4
172.025256644093	4.0	4	4
172.12532951008723	4.0	4	4
172.22540237608146	4.0	4	4
172.3254752420757	4.0	4	4
172.42554810806993	4.0	4	4
172.52562097406417	4.0	4	4
172.6256938400584	4.0	4	4
172.72576670605264	4.0	4	4
172.82583957204687	4.0	4	4
172.9259124380411	4.0	4	4
173.02598530403534	4.0	4	4
173.12605817002958	4.0	4	4
173.22613103602384	4.0	4	4
173.32620390201808	4.0	4	4
173.42627676801231	4.0	4	4
173.52634963400655	4.0	4	4
173.62642250000079	4.0	4	4
173.72649536599502	4.0	4	4
173.82656823198926	4.0	4	4
173.9266410979835	4.0	4	4
174.02671396397773	4.0	4	4
174.12678682997196	4.0	4	4
174.2268596959662	4.0	4	4
174.32693256196043	4.0	4	4
174.42700542795467	4.0	4	4
174.5270782939489	4.0	4	4
174.62715115994314	4.0	4	4
174.72722402593737	4.0	4	4
174.8272968919316	4.0	4	4
174.92736975792585	4.0	4	4
175.02744262392008	4.0	4	4
175.12751548991432	4.0	4	4
175.22758835590855	4.0	4	4
175.32766122190282	4.0	4	4
175.42773408789705	4.0	4	4
175.5278069538913	4.0	4	4
175.62787981988552	3.0	3	3
175.72795268587976	3.0	3	3
175.828025551874	3.0	3	3
175.92809841786823	3.0	3	3
176.02817128386246	3.0	3	3
176.1282441498567	3.0	3	3
176.22831701585093	3.0	3	3
176.32838988184517	3.0	3	3
176.4284627478394	3.0	3	3
176.52853561383364	3.0	3	3
176.62860847982788	3.0	3	3
176.7286813458221	3.0	3	3
176.82875421181635	3.0	3	3
176.92882707781058	3.0	3	3
177.02889994380482	3.0	3	3
177.12897280979905	3.0	3	3
177.2290456757933	3.0	3	3
177.32911854178755	3.0	3	3
177.4291914077818	3.0	3	3
177.52926427377602	3.0	3	3
177.62933713977026	3.0	3	3
177.7294100057645	4.0	4	4
177.82948287175873	3.0	3	3
177.92955573775296	3.0	3	3
178.0296286037472	3.0	3	3
178.12970146974143	3.0	3	3
178.22977433573567	3.0	3	3
178.3298472017299	3.0	3	3
178.42992006772414	3.0	3	3
178.52999293371838	3.0	3	3
178.6300657997126	3.0	3	3
178.73013866570685	3.0	3	3
178.83021153170108	3.0	3	3
178.93028439769532	3.0	3	3
179.03035726368955	3.0	3	3
179.1304301296838	3.0	3	3
179.23050299567802	3.0	3	3
179.3305758616723	3.0	3	3
179.43064872766652	3.0	3	3
179.53072159366076	3.0	3	3
179.630794459655	3.0	3	3
179.73086732564923	3.0	3	3
179.83094019164346	3.0	3	3
179.9310130576377	3.0	3	3
180.03108592363193	3.0	3	3
180.13115878962617	3.0	3	3
180.2312316556204	3.0	3	3
180.33130452161464	3.0	3	3
180.43137738760888	3.0	3	3
180.5314502536031	3.0	3	3
180.63152311959735	3.0	3	3
180.73159598559158	3.0	3	3
180.83166885158582	3.0	3	3
180.93174171758005	3.0	3	3
181.0318145835743	3.0	3	3
181.13188744956852	3.0	3	3
181.23196031556276	3.0	3	3
181.332033181557	3.0	3	3
181.43210604755126	3.0	3	3
181.5321789135455	3.0	3	3
181.63225177953973	3.0	3	3
181.73232464553396	3.0	3	3
181.8323975115282	3.0	3	3
181.93247037752244	3.0	3	3
182.03254324351667	3.0	3	3
182.1326161095109	3.0	3	3
182.23268897550514	2.0	2	2
182.33276184149938	2.0	2	2
182.4328347074936	2.0	2	2
182.53290757348785	2.0	2	2
182.63298043948208	2.0	2	2
182.73305330547632	1.0	1	1
182.83312617147055	1.0	1	1
182.9331990374648	1.0	1	1
183.03327190345902	1.0	1	1
183.13334476945326	1.0	1	1
183.2334176354475	1.0	1	1
183.33349050144173	1.0	1	1
183.433563367436	1.0	1	1
183.53363623343023	1.0	1	1
183.63370909942446	1.0	1	1
183.7337819654187	1.0	1	1
183.83385483141294	1.0	1	1
183.93392769740717	1.0	1	1
184.0340005634014	1.0	1	1
184.13407342939564	1.0	1	1
184.23414629538988	1.0	1	1
184.3342191613841	1.0	1	1
184.43429202737835	1.0	1	1
184.53436489337258	1.0	1	1
