time	diversity	m_div	M_div
0.0	2.0	2	2
0.10005770386270367	2.0	2	2
0.20011540772540734	2.0	2	2
0.300173111588111	2.0	2	2
0.4002308154508147	2.0	2	2
0.5002885193135184	2.0	2	2
0.600346223176222	1.0	1	1
0.7004039270389257	1.0	1	1
0.8004616309016294	1.0	1	1
0.900519334764333	1.0	1	1
1.0005770386270367	1.0	1	1
1.1006347424897405	1.0	1	1
1.200692446352444	1.0	1	1
1.3007501502151477	1.0	1	1
1.4008078540778515	1.0	1	1
1.500865557940555	1.0	1	1
1.6009232618032587	1.0	1	1
1.7009809656659625	1.0	1	1
1.801038669528666	1.0	1	1
1.9010963733913697	1.0	1	1
2.0011540772540735	2.0	2	2
2.101211781116777	2.0	2	2
2.201269484979481	2.0	2	2
2.3013271888421842	2.0	2	2
2.401384892704888	2.0	2	2
2.5014425965675917	2.0	2	2
2.6015003004302955	2.0	2	2
2.701558004292999	2.0	2	2
2.801615708155703	2.0	2	2
2.9016734120184062	2.0	2	2
3.00173111588111	2.0	2	2
3.1017888197438137	3.0	3	3
3.2018465236065174	3.0	3	3
3.301904227469221	3.0	3	3
3.401961931331925	3.0	3	3
3.5020196351946287	3.0	3	3
3.602077339057332	3.0	3	3
3.7021350429200357	3.0	3	3
3.8021927467827394	3.0	3	3
3.902250450645443	3.0	3	3
4.002308154508147	3.0	3	3
4.102365858370851	3.0	3	3
4.202423562233554	3.0	3	3
4.302481266096258	3.0	3	3
4.402538969958962	3.0	3	3
4.502596673821665	3.0	3	3
4.6026543776843685	3.0	3	3
4.702712081547072	3.0	3	3
4.802769785409776	3.0	3	3
4.90282748927248	3.0	3	3
5.002885193135183	3.0	3	3
5.102942896997887	3.0	3	3
5.203000600860591	3.0	3	3
5.303058304723295	3.0	3	3
5.403116008585998	3.0	3	3
5.503173712448702	3.0	3	3
5.603231416311406	3.0	3	3
5.70328912017411	3.0	3	3
5.8033468240368125	3.0	3	3
5.903404527899516	3.0	3	3
6.00346223176222	3.0	3	3
6.103519935624924	3.0	3	3
6.203577639487627	3.0	3	3
6.303635343350331	3.0	3	3
6.403693047213035	3.0	3	3
6.503750751075739	3.0	3	3
6.603808454938442	3.0	3	3
6.703866158801146	3.0	3	3
6.80392386266385	3.0	3	3
6.903981566526554	3.0	3	3
7.004039270389257	3.0	3	3
7.10409697425196	3.0	3	3
7.204154678114664	4.0	4	4
7.304212381977368	4.0	4	4
7.404270085840071	4.0	4	4
7.504327789702775	4.0	4	4
7.604385493565479	4.0	4	4
7.704443197428183	4.0	4	4
7.804500901290886	4.0	4	4
7.90455860515359	4.0	4	4
8.004616309016294	4.0	4	4
8.104674012878997	4.0	4	4
8.204731716741701	4.0	4	4
8.304789420604404	4.0	4	4
8.404847124467109	4.0	4	4
8.504904828329812	4.0	4	4
8.604962532192516	4.0	4	4
8.70502023605522	4.0	4	4
8.805077939917924	4.0	4	4
8.905135643780627	4.0	4	4
9.00519334764333	4.0	4	4
9.105251051506034	4.0	4	4
9.205308755368737	4.0	4	4
9.305366459231442	4.0	4	4
9.405424163094144	4.0	4	4
9.505481866956849	4.0	4	4
9.605539570819552	4.0	4	4
9.705597274682257	4.0	4	4
9.80565497854496	4.0	4	4
9.905712682407664	4.0	4	4
10.005770386270367	4.0	4	4
10.105828090133071	4.0	4	4
10.205885793995774	4.0	4	4
10.305943497858477	4.0	4	4
10.406001201721182	4.0	4	4
10.506058905583885	4.0	4	4
10.60611660944659	4.0	4	4
10.706174313309292	4.0	4	4
10.806232017171997	4.0	4	4
10.9062897210347	4.0	4	4
11.006347424897404	4.0	4	4
11.106405128760107	4.0	4	4
11.206462832622812	4.0	4	4
11.306520536485515	4.0	4	4
11.40657824034822	4.0	4	4
11.506635944210922	4.0	4	4
11.606693648073625	4.0	4	4
11.70675135193633	4.0	4	4
11.806809055799032	4.0	4	4
11.906866759661737	4.0	4	4
12.00692446352444	4.0	4	4
12.106982167387145	4.0	4	4
12.207039871249847	4.0	4	4
12.307097575112552	4.0	4	4
12.407155278975255	4.0	4	4
12.50721298283796	4.0	4	4
12.607270686700662	4.0	4	4
12.707328390563367	4.0	4	4
12.80738609442607	4.0	4	4
12.907443798288773	4.0	4	4
13.007501502151477	4.0	4	4
13.10755920601418	4.0	4	4
13.207616909876885	4.0	4	4
13.307674613739588	4.0	4	4
13.407732317602292	4.0	4	4
13.507790021464995	4.0	4	4
13.6078477253277	4.0	4	4
13.707905429190403	4.0	4	4
13.807963133053107	4.0	4	4
13.90802083691581	4.0	4	4
14.008078540778515	4.0	4	4
14.108136244641218	4.0	4	4
14.20819394850392	4.0	4	4
14.308251652366625	4.0	4	4
14.408309356229328	4.0	4	4
14.508367060092032	4.0	4	4
14.608424763954735	4.0	4	4
14.70848246781744	4.0	4	4
14.808540171680143	4.0	4	4
14.908597875542847	4.0	4	4
15.00865557940555	4.0	4	4
15.108713283268255	4.0	4	4
15.208770987130958	4.0	4	4
15.308828690993662	4.0	4	4
15.408886394856365	4.0	4	4
15.508944098719068	4.0	4	4
15.609001802581773	4.0	4	4
15.709059506444476	4.0	4	4
15.80911721030718	4.0	4	4
15.909174914169883	4.0	4	4
16.009232618032588	4.0	4	4
16.10929032189529	4.0	4	4
16.209348025757993	4.0	4	4
16.3094057296207	4.0	4	4
16.409463433483403	4.0	4	4
16.509521137346105	4.0	4	4
16.60957884120881	4.0	4	4
16.70963654507151	5.0	5	5
16.809694248934218	5.0	5	5
16.90975195279692	5.0	5	5
17.009809656659623	5.0	5	5
17.109867360522326	5.0	5	5
17.209925064385033	5.0	5	5
17.309982768247735	5.0	5	5
17.41004047211044	5.0	5	5
17.51009817597314	5.0	5	5
17.610155879835848	5.0	5	5
17.71021358369855	5.0	5	5
17.810271287561253	5.0	5	5
17.910328991423956	5.0	5	5
18.01038669528666	5.0	5	5
18.110444399149365	5.0	5	5
18.210502103012068	5.0	5	5
18.31055980687477	5.0	5	5
18.410617510737474	5.0	5	5
18.51067521460018	5.0	5	5
18.610732918462883	5.0	5	5
18.710790622325586	5.0	5	5
18.81084832618829	5.0	5	5
18.910906030050995	5.0	5	5
19.010963733913698	5.0	5	5
19.1110214377764	5.0	5	5
19.211079141639104	5.0	5	5
19.311136845501807	5.0	5	5
19.411194549364513	5.0	5	5
19.511252253227216	5.0	5	5
19.61130995708992	5.0	5	5
19.71136766095262	5.0	5	5
19.811425364815328	5.0	5	5
19.91148306867803	5.0	5	5
20.011540772540734	5.0	5	5
20.111598476403437	5.0	5	5
20.211656180266143	5.0	5	5
20.311713884128846	5.0	5	5
20.41177158799155	5.0	5	5
20.51182929185425	5.0	5	5
20.611886995716954	5.0	5	5
20.71194469957966	5.0	5	5
20.812002403442364	5.0	5	5
20.912060107305066	5.0	5	5
21.01211781116777	5.0	5	5
21.112175515030476	4.0	4	4
21.21223321889318	4.0	4	4
21.31229092275588	4.0	4	4
21.412348626618584	4.0	4	4
21.51240633048129	4.0	4	4
21.612464034343994	4.0	4	4
21.712521738206696	4.0	4	4
21.8125794420694	4.0	4	4
21.912637145932102	4.0	4	4
22.01269484979481	3.0	3	3
22.11275255365751	3.0	3	3
22.212810257520214	3.0	3	3
22.312867961382917	3.0	3	3
22.412925665245623	3.0	3	3
22.512983369108326	3.0	3	3
22.61304107297103	3.0	3	3
22.713098776833732	3.0	3	3
22.81315648069644	3.0	3	3
22.91321418455914	3.0	3	3
23.013271888421844	3.0	3	3
23.113329592284547	3.0	3	3
23.21338729614725	3.0	3	3
23.313445000009956	3.0	3	3
23.41350270387266	3.0	3	3
23.513560407735362	2.0	2	2
23.613618111598065	2.0	2	2
23.71367581546077	1.0	1	1
23.813733519323474	1.0	1	1
23.913791223186177	1.0	1	1
24.01384892704888	1.0	1	1
24.113906630911586	1.0	1	1
24.21396433477429	1.0	1	1
24.314022038636992	1.0	1	1
24.414079742499695	1.0	1	1
24.514137446362398	1.0	1	1
24.614195150225104	1.0	1	1
24.714252854087807	1.0	1	1
24.81431055795051	1.0	1	1
24.914368261813213	1.0	1	1
25.01442596567592	1.0	1	1
25.11448366953862	1.0	1	1
25.214541373401325	1.0	1	1
25.314599077264027	1.0	1	1
25.414656781126734	1.0	1	1
25.514714484989437	1.0	1	1
25.61477218885214	1.0	1	1
25.714829892714842	1.0	1	1
25.814887596577545	1.0	1	1
25.91494530044025	1.0	1	1
26.015003004302955	1.0	1	1
26.115060708165657	1.0	1	1
26.21511841202836	1.0	1	1
26.315176115891067	1.0	1	1
26.41523381975377	1.0	1	1
26.515291523616472	1.0	1	1
26.615349227479175	1.0	1	1
26.71540693134188	1.0	1	1
26.815464635204584	1.0	1	1
26.915522339067287	0.0	0	0
27.01558004292999	0.0	0	0
27.115637746792693	0.0	0	0
27.2156954506554	0.0	0	0
27.315753154518102	0.0	0	0
27.415810858380805	0.0	0	0
27.515868562243508	0.0	0	0
27.615926266106214	0.0	0	0
27.715983969968917	0.0	0	0
27.81604167383162	0.0	0	0
27.916099377694323	0.0	0	0
28.01615708155703	0.0	0	0
28.116214785419732	0.0	0	0
28.216272489282435	0.0	0	0
28.316330193145138	0.0	0	0
28.41638789700784	0.0	0	0
28.516445600870547	0.0	0	0
28.61650330473325	0.0	0	0
28.716561008595953	0.0	0	0
28.816618712458656	0.0	0	0
28.916676416321362	0.0	0	0
29.016734120184065	0.0	0	0
29.116791824046768	0.0	0	0
29.21684952790947	0.0	0	0
29.316907231772177	0.0	0	0
29.41696493563488	0.0	0	0
29.517022639497583	0.0	0	0
29.617080343360286	0.0	0	0
29.71713804722299	0.0	0	0
29.817195751085695	0.0	0	0
29.917253454948398	0.0	0	0
30.0173111588111	0.0	0	0
30.117368862673803	0.0	0	0
30.21742656653651	0.0	0	0
30.317484270399213	0.0	0	0
30.417541974261916	0.0	0	0
30.51759967812462	0.0	0	0
30.617657381987325	0.0	0	0
30.717715085850028	0.0	0	0
30.81777278971273	0.0	0	0
30.917830493575433	0.0	0	0
31.017888197438136	0.0	0	0
31.117945901300843	0.0	0	0
31.218003605163545	0.0	0	0
31.31806130902625	0.0	0	0
31.41811901288895	0.0	0	0
31.518176716751658	0.0	0	0
31.61823442061436	0.0	0	0
31.718292124477063	0.0	0	0
31.818349828339766	0.0	0	0
31.918407532202473	0.0	0	0
32.018465236065175	0.0	0	0
32.11852293992788	0.0	0	0
32.21858064379058	0.0	0	0
32.318638347653284	0.0	0	0
32.41869605151599	0.0	0	0
32.51875375537869	0.0	0	0
32.6188114592414	0.0	0	0
32.7188691631041	0.0	0	0
32.818926866966805	0.0	0	0
32.91898457082951	0.0	0	0
33.01904227469221	0.0	0	0
33.119099978554914	0.0	0	0
33.21915768241762	0.0	0	0
33.31921538628032	0.0	0	0
33.41927309014302	0.0	0	0
33.51933079400573	0.0	0	0
33.619388497868435	0.0	0	0
33.71944620173114	1.0	1	1
33.81950390559384	1.0	1	1
33.919561609456544	1.0	1	1
34.01961931331925	1.0	1	1
34.11967701718195	1.0	1	1
34.21973472104465	1.0	1	1
34.31979242490736	1.0	1	1
34.419850128770065	1.0	1	1
34.51990783263277	1.0	1	1
34.61996553649547	1.0	1	1
34.720023240358174	1.0	1	1
34.82008094422088	1.0	1	1
34.92013864808358	1.0	1	1
35.02019635194628	1.0	1	1
35.120254055808985	1.0	1	1
35.220311759671695	1.0	1	1
35.3203694635344	1.0	1	1
35.4204271673971	1.0	1	1
35.520484871259804	1.0	1	1
35.620542575122506	1.0	1	1
35.72060027898521	1.0	1	1
35.82065798284791	1.0	1	1
35.920715686710615	1.0	1	1
36.02077339057332	1.0	1	1
36.12083109443603	1.0	1	1
36.22088879829873	1.0	1	1
36.32094650216143	1.0	1	1
36.421004206024136	1.0	1	1
36.52106190988684	1.0	1	1
36.62111961374954	1.0	1	1
36.721177317612245	1.0	1	1
36.82123502147495	1.0	1	1
36.92129272533766	1.0	1	1
37.02135042920036	1.0	1	1
37.12140813306306	1.0	1	1
37.221465836925766	1.0	1	1
37.32152354078847	1.0	1	1
37.42158124465117	2.0	2	2
37.521638948513875	2.0	2	2
37.62169665237658	2.0	2	2
37.72175435623928	3.0	3	3
37.82181206010199	3.0	3	3
37.92186976396469	3.0	3	3
38.021927467827396	3.0	3	3
38.1219851716901	3.0	3	3
38.2220428755528	3.0	3	3
38.322100579415505	3.0	3	3
38.42215828327821	3.0	3	3
38.52221598714091	3.0	3	3
38.62227369100361	4.0	4	4
38.72233139486632	4.0	4	4
38.822389098729026	4.0	4	4
38.92244680259173	5.0	5	5
39.02250450645443	6.0	6	6
39.122562210317135	6.0	6	6
39.22261991417984	6.0	6	6
39.32267761804254	6.0	6	6
39.42273532190524	6.0	6	6
39.52279302576795	6.0	6	6
39.622850729630656	8.0	8	8
39.72290843349336	9.0	9	9
39.82296613735606	9.0	9	9
39.923023841218765	10.0	10	10
40.02308154508147	10.0	10	10
40.12313924894417	10.0	10	10
40.22319695280687	9.0	9	9
40.323254656669576	9.0	9	9
40.423312360532286	9.0	9	9
40.52337006439499	9.0	9	9
40.62342776825769	9.0	9	9
40.723485472120394	9.0	9	9
40.8235431759831	9.0	9	9
40.9236008798458	10.0	10	10
41.0236585837085	10.0	10	10
41.123716287571206	10.0	10	10
41.22377399143391	10.0	10	10
41.32383169529662	10.0	10	10
41.42388939915932	10.0	10	10
41.523947103022024	10.0	10	10
41.62400480688473	10.0	10	10
41.72406251074743	10.0	10	10
41.82412021461013	10.0	10	10
41.924177918472836	10.0	10	10
42.02423562233554	10.0	10	10
42.12429332619825	10.0	10	10
42.22435103006095	10.0	10	10
42.324408733923654	10.0	10	10
42.42446643778636	11.0	11	11
42.52452414164906	11.0	11	11
42.62458184551176	12.0	12	12
42.724639549374466	12.0	12	12
42.82469725323717	12.0	12	12
42.92475495709987	12.0	12	12
43.02481266096258	12.0	12	12
43.124870364825284	12.0	12	12
43.22492806868799	12.0	12	12
43.32498577255069	12.0	12	12
43.42504347641339	12.0	12	12
43.525101180276096	12.0	12	12
43.6251588841388	12.0	12	12
43.7252165880015	12.0	12	12
43.825274291864204	12.0	12	12
43.925331995726914	12.0	12	12
44.02538969958962	12.0	12	12
44.12544740345232	12.0	12	12
44.22550510731502	12.0	12	12
44.325562811177726	12.0	12	12
44.42562051504043	12.0	12	12
44.52567821890313	13.0	13	13
44.625735922765834	13.0	13	13
44.725793626628544	13.0	13	13
44.82585133049125	13.0	13	13
44.92590903435395	13.0	13	13
45.02596673821665	13.0	13	13
45.126024442079355	13.0	13	13
45.22608214594206	12.0	12	12
45.32613984980476	12.0	12	12
45.426197553667464	12.0	12	12
45.52625525753017	12.0	12	12
45.62631296139288	12.0	12	12
45.72637066525558	12.0	12	12
45.82642836911828	12.0	12	12
45.926486072980985	12.0	12	12
46.02654377684369	12.0	12	12
46.12660148070639	12.0	12	12
46.226659184569094	11.0	11	11
46.3267168884318	11.0	11	11
46.4267745922945	11.0	11	11
46.52683229615721	11.0	11	11
46.62689000001991	11.0	11	11
46.726947703882615	11.0	11	11
46.82700540774532	12.0	12	12
46.92706311160802	12.0	12	12
47.027120815470724	12.0	12	12
47.12717851933343	12.0	12	12
47.22723622319613	12.0	12	12
47.32729392705884	12.0	12	12
47.42735163092154	12.0	12	12
47.527409334784245	12.0	12	12
47.62746703864695	12.0	12	12
47.72752474250965	12.0	12	12
47.827582446372354	12.0	12	12
47.92764015023506	12.0	12	12
48.02769785409776	12.0	12	12
48.12775555796046	12.0	12	12
48.22781326182317	12.0	12	12
48.327870965685875	12.0	12	12
48.42792866954858	14.0	14	14
48.52798637341128	14.0	14	14
48.628044077273984	14.0	14	14
48.72810178113669	15.0	15	15
48.82815948499939	15.0	15	15
48.92821718886209	15.0	15	15
49.028274892724795	15.0	15	15
49.128332596587505	16.0	16	16
49.22839030045021	16.0	16	16
49.32844800431291	16.0	16	16
49.428505708175614	16.0	16	16
49.52856341203832	16.0	16	16
49.62862111590102	16.0	16	16
49.72867881976372	16.0	16	16
49.828736523626425	16.0	16	16
49.928794227489135	16.0	16	16
50.02885193135184	16.0	16	16
50.12890963521454	16.0	16	16
50.22896733907724	16.0	16	16
50.329025042939946	15.0	15	15
50.42908274680265	16.0	16	16
50.52914045066535	16.0	16	16
50.629198154528055	16.0	16	16
50.72925585839076	15.0	15	15
50.82931356225347	15.0	15	15
50.92937126611617	15.0	15	15
51.02942896997887	15.0	15	15
51.129486673841576	15.0	15	15
51.22954437770428	15.0	15	15
51.32960208156698	15.0	15	15
51.429659785429685	15.0	15	15
51.52971748929239	15.0	15	15
51.62977519315509	15.0	15	15
51.7298328970178	15.0	15	15
51.8298906008805	15.0	15	15
51.929948304743206	15.0	15	15
52.03000600860591	15.0	15	15
52.13006371246861	15.0	15	15
52.230121416331315	15.0	15	15
52.33017912019402	15.0	15	15
52.43023682405672	15.0	15	15
52.53029452791942	15.0	15	15
52.63035223178213	15.0	15	15
52.730409935644836	15.0	15	15
52.83046763950754	15.0	15	15
52.93052534337024	15.0	15	15
53.030583047232945	14.0	14	14
53.13064075109565	15.0	15	15
53.23069845495835	15.0	15	15
53.33075615882105	15.0	15	15
53.43081386268376	15.0	15	15
53.530871566546466	15.0	15	15
53.63092927040917	16.0	16	16
53.73098697427187	16.0	16	16
53.831044678134575	15.0	15	15
53.93110238199728	15.0	15	15
54.03116008585998	15.0	15	15
54.13121778972268	15.0	15	15
54.231275493585386	14.0	14	14
54.331333197448096	14.0	14	14
54.4313909013108	14.0	14	14
54.5314486051735	14.0	14	14
54.631506309036205	14.0	14	14
54.73156401289891	13.0	13	13
54.83162171676161	13.0	13	13
54.93167942062431	13.0	13	13
55.031737124487016	13.0	13	13
55.13179482834972	13.0	13	13
55.23185253221243	14.0	14	14
55.33191023607513	12.0	12	12
55.431967939937834	11.0	11	11
55.53202564380054	11.0	11	11
55.63208334766324	11.0	11	11
55.73214105152594	11.0	11	11
55.832198755388646	10.0	10	10
55.93225645925135	10.0	10	10
56.03231416311406	10.0	10	10
56.13237186697676	9.0	9	9
56.232429570839464	8.0	8	8
56.33248727470217	11.0	11	11
56.43254497856487	11.0	11	11
56.53260268242757	11.0	11	11
56.632660386290276	11.0	11	11
56.73271809015298	10.0	10	10
56.83277579401568	10.0	10	10
56.93283349787839	11.0	11	11
57.032891201741094	11.0	11	11
57.1329489056038	11.0	11	11
57.2330066094665	11.0	11	11
57.3330643133292	10.0	10	10
57.433122017191906	10.0	10	10
57.53317972105461	10.0	10	10
57.63323742491731	8.0	8	8
57.733295128780014	8.0	8	8
57.833352832642724	7.0	7	7
57.93341053650543	7.0	7	7
58.03346824036813	7.0	7	7
58.13352594423083	8.0	8	8
58.233583648093536	8.0	8	8
58.33364135195624	7.0	7	7
58.43369905581894	7.0	7	7
58.533756759681644	6.0	6	6
58.633814463544354	7.0	7	7
58.73387216740706	7.0	7	7
58.83392987126976	7.0	7	7
58.93398757513246	8.0	8	8
59.034045278995166	7.0	7	7
59.13410298285787	7.0	7	7
59.23416068672057	7.0	7	7
59.334218390583274	7.0	7	7
59.43427609444598	7.0	7	7
59.53433379830869	6.0	6	6
59.63439150217139	6.0	6	6
59.73444920603409	6.0	6	6
59.834506909896795	7.0	7	7
59.9345646137595	6.0	6	6
60.0346223176222	6.0	6	6
60.134680021484904	6.0	6	6
60.23473772534761	6.0	6	6
60.33479542921031	6.0	6	6
60.43485313307302	6.0	6	6
60.53491083693572	6.0	6	6
60.634968540798425	6.0	6	6
60.73502624466113	6.0	6	6
60.83508394852383	5.0	5	5
60.935141652386534	5.0	5	5
61.03519935624924	5.0	5	5
61.13525706011194	5.0	5	5
61.23531476397465	5.0	5	5
61.33537246783735	5.0	5	5
61.435430171700055	5.0	5	5
61.53548787556276	5.0	5	5
61.63554557942546	5.0	5	5
61.735603283288164	5.0	5	5
61.83566098715087	6.0	6	6
61.93571869101357	6.0	6	6
62.03577639487627	7.0	7	7
62.13583409873898	7.0	7	7
62.235891802601685	7.0	7	7
62.33594950646439	7.0	7	7
62.43600721032709	7.0	7	7
62.536064914189794	7.0	7	7
62.6361226180525	7.0	7	7
62.7361803219152	7.0	7	7
62.8362380257779	7.0	7	7
62.936295729640605	7.0	7	7
63.036353433503315	7.0	7	7
63.13641113736602	7.0	7	7
63.23646884122872	7.0	7	7
63.336526545091424	7.0	7	7
63.43658424895413	7.0	7	7
63.53664195281683	6.0	6	6
63.63669965667953	6.0	6	6
63.736757360542235	7.0	7	7
63.836815064404945	7.0	7	7
63.93687276826765	7.0	7	7
64.03693047213035	7.0	7	7
64.13698817599305	7.0	7	7
64.23704587985576	7.0	7	7
64.33710358371846	7.0	7	7
64.43716128758116	7.0	7	7
64.53721899144386	7.0	7	7
64.63727669530657	7.0	7	7
64.73733439916927	7.0	7	7
64.83739210303197	6.0	6	6
64.93744980689468	6.0	6	6
65.03750751075738	6.0	6	6
65.1375652146201	6.0	6	6
65.2376229184828	8.0	8	8
65.3376806223455	8.0	8	8
65.4377383262082	8.0	8	8
65.53779603007091	9.0	9	9
65.63785373393361	9.0	9	9
65.73791143779631	9.0	9	9
65.83796914165902	11.0	11	11
65.93802684552172	12.0	12	12
66.03808454938442	13.0	13	13
66.13814225324712	13.0	13	13
66.23819995710983	14.0	14	14
66.33825766097253	15.0	15	15
66.43831536483523	16.0	16	16
66.53837306869794	16.0	16	16
66.63843077256064	16.0	16	16
66.73848847642334	16.0	16	16
66.83854618028604	16.0	16	16
66.93860388414876	16.0	16	16
67.03866158801146	15.0	15	15
67.13871929187417	14.0	14	14
67.23877699573687	13.0	13	13
67.33883469959957	13.0	13	13
67.43889240346228	14.0	14	14
67.53895010732498	13.0	13	13
67.63900781118768	13.0	13	13
67.73906551505038	13.0	13	13
67.83912321891309	12.0	12	12
67.93918092277579	13.0	13	13
68.0392386266385	14.0	14	14
68.1392963305012	14.0	14	14
68.2393540343639	14.0	14	14
68.3394117382266	15.0	15	15
68.4394694420893	16.0	16	16
68.53952714595201	16.0	16	16
68.63958484981472	16.0	16	16
68.73964255367743	16.0	16	16
68.83970025754013	16.0	16	16
68.93975796140283	16.0	16	16
69.03981566526554	16.0	16	16
69.13987336912824	16.0	16	16
69.23993107299094	15.0	15	15
69.33998877685364	16.0	16	16
69.44004648071635	17.0	17	17
69.54010418457905	17.0	17	17
69.64016188844175	17.0	17	17
69.74021959230446	17.0	17	17
69.84027729616716	17.0	17	17
69.94033500002986	17.0	17	17
70.04039270389256	17.0	17	17
70.14045040775527	17.0	17	17
70.24050811161797	16.0	16	16
70.34056581548069	16.0	16	16
70.44062351934339	16.0	16	16
70.5406812232061	16.0	16	16
70.6407389270688	17.0	17	17
70.7407966309315	20.0	20	20
70.8408543347942	20.0	20	20
70.9409120386569	20.0	20	20
71.04096974251961	20.0	20	20
71.14102744638231	20.0	20	20
71.24108515024501	20.0	20	20
71.34114285410772	20.0	20	20
71.44120055797042	21.0	21	21
71.54125826183312	21.0	21	21
71.64131596569582	20.0	20	20
71.74137366955853	19.0	19	19
71.84143137342123	19.0	19	19
71.94148907728393	19.0	19	19
72.04154678114664	19.0	19	19
72.14160448500935	18.0	18	18
72.24166218887206	18.0	18	18
72.34171989273476	18.0	18	18
72.44177759659746	18.0	18	18
72.54183530046016	16.0	16	16
72.64189300432287	16.0	16	16
72.74195070818557	15.0	15	15
72.84200841204827	15.0	15	15
72.94206611591098	16.0	16	16
73.04212381977368	16.0	16	16
73.14218152363638	16.0	16	16
73.24223922749908	15.0	15	15
73.34229693136179	15.0	15	15
73.44235463522449	15.0	15	15
73.54241233908719	15.0	15	15
73.6424700429499	14.0	14	14
73.7425277468126	14.0	14	14
73.84258545067532	14.0	14	14
73.94264315453802	14.0	14	14
74.04270085840072	14.0	14	14
74.14275856226342	14.0	14	14
74.24281626612613	14.0	14	14
74.34287396998883	14.0	14	14
74.44293167385153	15.0	15	15
74.54298937771424	15.0	15	15
74.64304708157694	15.0	15	15
74.74310478543964	15.0	15	15
74.84316248930234	15.0	15	15
74.94322019316505	15.0	15	15
75.04327789702775	15.0	15	15
75.14333560089045	15.0	15	15
75.24339330475316	15.0	15	15
75.34345100861586	14.0	14	14
75.44350871247856	15.0	15	15
75.54356641634128	15.0	15	15
75.64362412020398	15.0	15	15
75.74368182406668	15.0	15	15
75.84373952792939	15.0	15	15
75.94379723179209	15.0	15	15
76.04385493565479	15.0	15	15
76.1439126395175	15.0	15	15
76.2439703433802	15.0	15	15
76.3440280472429	15.0	15	15
76.4440857511056	15.0	15	15
76.5441434549683	15.0	15	15
76.64420115883101	15.0	15	15
76.74425886269371	15.0	15	15
76.84431656655642	15.0	15	15
76.94437427041912	15.0	15	15
77.04443197428182	15.0	15	15
77.14448967814452	15.0	15	15
77.24454738200723	15.0	15	15
77.34460508586994	15.0	15	15
77.44466278973265	16.0	16	16
77.54472049359535	15.0	15	15
77.64477819745805	15.0	15	15
77.74483590132076	15.0	15	15
77.84489360518346	15.0	15	15
77.94495130904616	15.0	15	15
78.04500901290886	15.0	15	15
78.14506671677157	15.0	15	15
78.24512442063427	15.0	15	15
78.34518212449697	15.0	15	15
78.44523982835968	15.0	15	15
78.54529753222238	15.0	15	15
78.64535523608508	15.0	15	15
78.74541293994778	15.0	15	15
78.84547064381049	14.0	14	14
78.94552834767319	14.0	14	14
79.0455860515359	14.0	14	14
79.14564375539861	14.0	14	14
79.24570145926131	14.0	14	14
79.34575916312401	14.0	14	14
79.44581686698672	14.0	14	14
79.54587457084942	13.0	13	13
79.64593227471212	13.0	13	13
79.74598997857483	13.0	13	13
79.84604768243753	13.0	13	13
79.94610538630023	13.0	13	13
80.04616309016293	12.0	12	12
80.14622079402564	11.0	11	11
80.24627849788834	11.0	11	11
80.34633620175104	12.0	12	12
80.44639390561375	12.0	12	12
80.54645160947645	11.0	11	11
80.64650931333915	11.0	11	11
80.74656701720185	11.0	11	11
80.84662472106457	11.0	11	11
80.94668242492727	11.0	11	11
81.04674012878998	11.0	11	11
81.14679783265268	11.0	11	11
81.24685553651538	10.0	10	10
81.34691324037809	10.0	10	10
81.44697094424079	10.0	10	10
81.54702864810349	10.0	10	10
81.6470863519662	10.0	10	10
81.7471440558289	10.0	10	10
81.8472017596916	11.0	11	11
81.9472594635543	11.0	11	11
82.047317167417	11.0	11	11
82.14737487127971	11.0	11	11
82.24743257514241	11.0	11	11
82.34749027900511	11.0	11	11
82.44754798286782	11.0	11	11
82.54760568673053	11.0	11	11
82.64766339059324	10.0	10	10
82.74772109445594	10.0	10	10
82.84777879831864	10.0	10	10
82.94783650218135	10.0	10	10
83.04789420604405	10.0	10	10
83.14795190990675	9.0	9	9
83.24800961376945	9.0	9	9
83.34806731763216	9.0	9	9
83.44812502149486	9.0	9	9
83.54818272535756	9.0	9	9
83.64824042922027	12.0	12	12
83.74829813308297	12.0	12	12
83.84835583694567	12.0	12	12
83.94841354080837	13.0	13	13
84.04847124467108	13.0	13	13
84.14852894853378	13.0	13	13
84.2485866523965	13.0	13	13
84.3486443562592	13.0	13	13
84.4487020601219	13.0	13	13
84.5487597639846	12.0	12	12
84.64881746784731	12.0	12	12
84.74887517171001	13.0	13	13
84.84893287557271	13.0	13	13
84.94899057943542	13.0	13	13
85.04904828329812	10.0	10	10
85.14910598716082	10.0	10	10
85.24916369102353	10.0	10	10
85.34922139488623	9.0	9	9
85.44927909874893	8.0	8	8
85.54933680261163	8.0	8	8
85.64939450647434	8.0	8	8
85.74945221033704	7.0	7	7
85.84950991419974	7.0	7	7
85.94956761806245	7.0	7	7
86.04962532192516	7.0	7	7
86.14968302578787	7.0	7	7
86.24974072965057	6.0	6	6
86.34979843351327	6.0	6	6
86.44985613737597	6.0	6	6
86.54991384123868	6.0	6	6
86.64997154510138	7.0	7	7
86.75002924896408	6.0	6	6
86.85008695282679	6.0	6	6
86.95014465668949	6.0	6	6
87.05020236055219	6.0	6	6
87.1502600644149	6.0	6	6
87.2503177682776	6.0	6	6
87.3503754721403	6.0	6	6
87.450433176003	6.0	6	6
87.5504908798657	6.0	6	6
87.65054858372841	6.0	6	6
87.75060628759113	6.0	6	6
87.85066399145383	6.0	6	6
87.95072169531653	6.0	6	6
88.05077939917923	6.0	6	6
88.15083710304194	6.0	6	6
88.25089480690464	5.0	5	5
88.35095251076734	5.0	5	5
88.45101021463005	5.0	5	5
88.55106791849275	5.0	5	5
88.65112562235545	4.0	4	4
88.75118332621815	4.0	4	4
88.85124103008086	4.0	4	4
88.95129873394356	5.0	5	5
89.05135643780626	5.0	5	5
89.15141414166897	5.0	5	5
89.25147184553167	5.0	5	5
89.35152954939437	5.0	5	5
89.45158725325709	5.0	5	5
89.55164495711979	5.0	5	5
89.6517026609825	5.0	5	5
89.7517603648452	5.0	5	5
89.8518180687079	5.0	5	5
89.9518757725706	5.0	5	5
90.0519334764333	6.0	6	6
90.15199118029601	6.0	6	6
90.25204888415871	6.0	6	6
90.35210658802141	6.0	6	6
90.45216429188412	5.0	5	5
90.55222199574682	5.0	5	5
90.65227969960952	6.0	6	6
90.75233740347223	6.0	6	6
90.85239510733493	6.0	6	6
90.95245281119763	6.0	6	6
91.05251051506033	6.0	6	6
91.15256821892304	6.0	6	6
91.25262592278575	6.0	6	6
91.35268362664846	6.0	6	6
91.45274133051116	6.0	6	6
91.55279903437386	7.0	7	7
91.65285673823657	7.0	7	7
91.75291444209927	7.0	7	7
91.85297214596197	6.0	6	6
91.95302984982467	6.0	6	6
92.05308755368738	6.0	6	6
92.15314525755008	6.0	6	6
92.25320296141278	6.0	6	6
92.35326066527549	6.0	6	6
92.45331836913819	6.0	6	6
92.55337607300089	7.0	7	7
92.6534337768636	7.0	7	7
92.7534914807263	7.0	7	7
92.853549184589	7.0	7	7
92.95360688845172	7.0	7	7
93.05366459231442	7.0	7	7
93.15372229617712	7.0	7	7
93.25378000003982	7.0	7	7
93.35383770390253	6.0	6	6
93.45389540776523	6.0	6	6
93.55395311162793	6.0	6	6
93.65401081549064	6.0	6	6
93.75406851935334	5.0	5	5
93.85412622321604	5.0	5	5
93.95418392707874	5.0	5	5
94.05424163094145	5.0	5	5
94.15429933480415	5.0	5	5
94.25435703866685	5.0	5	5
94.35441474252956	5.0	5	5
94.45447244639226	5.0	5	5
94.55453015025496	7.0	7	7
94.65458785411768	6.0	6	6
94.75464555798038	6.0	6	6
94.85470326184308	6.0	6	6
94.95476096570579	7.0	7	7
95.05481866956849	7.0	7	7
95.1548763734312	7.0	7	7
95.2549340772939	8.0	8	8
95.3549917811566	8.0	8	8
95.4550494850193	7.0	7	7
95.555107188882	7.0	7	7
95.65516489274471	6.0	6	6
95.75522259660741	6.0	6	6
95.85528030047011	6.0	6	6
95.95533800433282	7.0	7	7
96.05539570819552	7.0	7	7
96.15545341205822	6.0	6	6
96.25551111592092	6.0	6	6
96.35556881978363	6.0	6	6
96.45562652364634	5.0	5	5
96.55568422750905	5.0	5	5
96.65574193137175	5.0	5	5
96.75579963523445	5.0	5	5
96.85585733909716	5.0	5	5
96.95591504295986	4.0	4	4
97.05597274682256	4.0	4	4
97.15603045068526	4.0	4	4
97.25608815454797	4.0	4	4
97.35614585841067	4.0	4	4
97.45620356227337	4.0	4	4
97.55626126613608	5.0	5	5
97.65631896999878	5.0	5	5
97.75637667386148	5.0	5	5
97.85643437772418	5.0	5	5
97.95649208158689	5.0	5	5
98.05654978544959	5.0	5	5
98.15660748931231	5.0	5	5
98.25666519317501	5.0	5	5
98.35672289703771	5.0	5	5
98.45678060090042	5.0	5	5
98.55683830476312	5.0	5	5
98.65689600862582	5.0	5	5
98.75695371248852	5.0	5	5
98.85701141635123	5.0	5	5
98.95706912021393	5.0	5	5
99.05712682407663	4.0	4	4
99.15718452793934	4.0	4	4
99.25724223180204	4.0	4	4
99.35729993566474	4.0	4	4
99.45735763952744	4.0	4	4
99.55741534339015	4.0	4	4
99.65747304725285	3.0	3	3
99.75753075111555	3.0	3	3
99.85758845497827	3.0	3	3
99.95764615884097	3.0	3	3
100.05770386270368	4.0	4	4
100.15776156656638	4.0	4	4
100.25781927042908	4.0	4	4
100.35787697429178	4.0	4	4
100.45793467815449	4.0	4	4
100.55799238201719	4.0	4	4
100.65805008587989	4.0	4	4
100.7581077897426	4.0	4	4
100.8581654936053	4.0	4	4
100.958223197468	4.0	4	4
101.0582809013307	4.0	4	4
101.1583386051934	5.0	5	5
101.25839630905611	5.0	5	5
101.35845401291881	5.0	5	5
101.45851171678152	5.0	5	5
101.55856942064422	4.0	4	4
101.65862712450694	4.0	4	4
101.75868482836964	4.0	4	4
101.85874253223234	4.0	4	4
101.95880023609504	4.0	4	4
102.05885793995775	4.0	4	4
102.15891564382045	4.0	4	4
102.25897334768315	4.0	4	4
102.35903105154586	4.0	4	4
102.45908875540856	4.0	4	4
102.55914645927126	4.0	4	4
102.65920416313396	5.0	5	5
102.75926186699667	4.0	4	4
102.85931957085937	4.0	4	4
102.95937727472207	4.0	4	4
103.05943497858478	4.0	4	4
103.15949268244748	4.0	4	4
103.25955038631018	4.0	4	4
103.3596080901729	4.0	4	4
103.4596657940356	4.0	4	4
103.5597234978983	4.0	4	4
103.659781201761	4.0	4	4
103.75983890562371	4.0	4	4
103.85989660948641	4.0	4	4
103.95995431334912	4.0	4	4
104.06001201721182	4.0	4	4
104.16006972107452	4.0	4	4
104.26012742493722	4.0	4	4
104.36018512879993	4.0	4	4
104.46024283266263	4.0	4	4
104.56030053652533	4.0	4	4
104.66035824038804	4.0	4	4
104.76041594425074	4.0	4	4
104.86047364811344	4.0	4	4
104.96053135197614	4.0	4	4
105.06058905583885	4.0	4	4
105.16064675970156	4.0	4	4
105.26070446356427	4.0	4	4
105.36076216742697	4.0	4	4
105.46081987128967	4.0	4	4
105.56087757515238	4.0	4	4
105.66093527901508	4.0	4	4
105.76099298287778	4.0	4	4
105.86105068674048	4.0	4	4
105.96110839060319	4.0	4	4
106.06116609446589	4.0	4	4
106.16122379832859	4.0	4	4
106.2612815021913	4.0	4	4
106.361339206054	4.0	4	4
106.4613969099167	4.0	4	4
106.5614546137794	4.0	4	4
106.6615123176421	4.0	4	4
106.76157002150481	4.0	4	4
106.86162772536753	4.0	4	4
106.96168542923023	4.0	4	4
107.06174313309293	4.0	4	4
107.16180083695563	4.0	4	4
107.26185854081834	4.0	4	4
107.36191624468104	4.0	4	4
107.46197394854374	4.0	4	4
107.56203165240645	4.0	4	4
107.66208935626915	4.0	4	4
107.76214706013185	4.0	4	4
107.86220476399455	4.0	4	4
107.96226246785726	4.0	4	4
108.06232017171996	4.0	4	4
108.16237787558266	4.0	4	4
108.26243557944537	4.0	4	4
108.36249328330807	4.0	4	4
108.46255098717077	4.0	4	4
108.56260869103349	4.0	4	4
108.66266639489619	3.0	3	3
108.7627240987589	3.0	3	3
108.8627818026216	3.0	3	3
108.9628395064843	3.0	3	3
109.062897210347	3.0	3	3
109.1629549142097	3.0	3	3
109.26301261807241	3.0	3	3
109.36307032193511	3.0	3	3
109.46312802579781	3.0	3	3
109.56318572966052	3.0	3	3
109.66324343352322	3.0	3	3
109.76330113738592	3.0	3	3
109.86335884124863	3.0	3	3
109.96341654511133	3.0	3	3
110.06347424897403	3.0	3	3
110.16353195283673	3.0	3	3
110.26358965669944	3.0	3	3
110.36364736056215	3.0	3	3
110.46370506442486	3.0	3	3
110.56376276828756	3.0	3	3
110.66382047215026	3.0	3	3
110.76387817601297	3.0	3	3
110.86393587987567	3.0	3	3
110.96399358373837	3.0	3	3
111.06405128760107	3.0	3	3
111.16410899146378	3.0	3	3
111.26416669532648	3.0	3	3
111.36422439918918	3.0	3	3
111.46428210305189	3.0	3	3
111.56433980691459	3.0	3	3
111.66439751077729	3.0	3	3
111.76445521464	3.0	3	3
111.8645129185027	3.0	3	3
111.9645706223654	3.0	3	3
112.06462832622812	3.0	3	3
112.16468603009082	3.0	3	3
112.26474373395352	3.0	3	3
112.36480143781623	3.0	3	3
112.46485914167893	3.0	3	3
112.56491684554163	2.0	2	2
112.66497454940433	2.0	2	2
112.76503225326704	2.0	2	2
112.86508995712974	2.0	2	2
112.96514766099244	2.0	2	2
113.06520536485515	2.0	2	2
113.16526306871785	2.0	2	2
113.26532077258055	2.0	2	2
113.36537847644325	2.0	2	2
113.46543618030596	2.0	2	2
113.56549388416866	2.0	2	2
113.66555158803136	2.0	2	2
113.76560929189408	2.0	2	2
113.86566699575678	2.0	2	2
113.96572469961949	2.0	2	2
114.06578240348219	1.0	1	1
114.16584010734489	1.0	1	1
114.2658978112076	1.0	1	1
114.3659555150703	1.0	1	1
114.466013218933	1.0	1	1
114.5660709227957	1.0	1	1
114.6661286266584	1.0	1	1
114.76618633052111	1.0	1	1
114.86624403438381	0.0	0	0
114.96630173824651	0.0	0	0
115.06635944210922	0.0	0	0
115.16641714597192	0.0	0	0
115.26647484983462	0.0	0	0
115.36653255369733	0.0	0	0
115.46659025756003	0.0	0	0
115.56664796142275	0.0	0	0
115.66670566528545	0.0	0	0
115.76676336914815	0.0	0	0
115.86682107301085	1.0	1	1
115.96687877687356	1.0	1	1
116.06693648073626	1.0	1	1
116.16699418459896	1.0	1	1
116.26705188846167	1.0	1	1
116.36710959232437	1.0	1	1
116.46716729618707	1.0	1	1
116.56722500004977	1.0	1	1
116.66728270391248	1.0	1	1
116.76734040777518	1.0	1	1
116.86739811163788	1.0	1	1
116.96745581550059	1.0	1	1
117.06751351936329	1.0	1	1
117.16757122322599	1.0	1	1
117.26762892708871	1.0	1	1
117.36768663095141	1.0	1	1
117.46774433481411	1.0	1	1
117.56780203867682	1.0	1	1
117.66785974253952	1.0	1	1
117.76791744640222	1.0	1	1
117.86797515026493	0.0	0	0
117.96803285412763	0.0	0	0
118.06809055799033	0.0	0	0
118.16814826185303	0.0	0	0
118.26820596571574	0.0	0	0
118.36826366957844	0.0	0	0
118.46832137344114	0.0	0	0
118.56837907730385	0.0	0	0
118.66843678116655	0.0	0	0
118.76849448502925	0.0	0	0
118.86855218889195	0.0	0	0
118.96860989275467	0.0	0	0
119.06866759661737	0.0	0	0
119.16872530048008	0.0	0	0
119.26878300434278	0.0	0	0
119.36884070820548	0.0	0	0
119.46889841206819	0.0	0	0
119.56895611593089	0.0	0	0
119.66901381979359	0.0	0	0
119.7690715236563	0.0	0	0
119.869129227519	0.0	0	0
119.9691869313817	0.0	0	0
120.0692446352444	0.0	0	0
120.1693023391071	0.0	0	0
120.26936004296981	0.0	0	0
120.36941774683251	0.0	0	0
120.46947545069521	0.0	0	0
120.56953315455792	0.0	0	0
120.66959085842062	0.0	0	0
120.76964856228334	0.0	0	0
120.86970626614604	0.0	0	0
120.96976397000874	0.0	0	0
121.06982167387145	0.0	0	0
121.16987937773415	0.0	0	0
121.26993708159685	0.0	0	0
121.36999478545955	0.0	0	0
121.47005248932226	0.0	0	0
121.57011019318496	0.0	0	0
121.67016789704766	0.0	0	0
121.77022560091036	0.0	0	0
121.87028330477307	0.0	0	0
121.97034100863577	0.0	0	0
122.07039871249847	0.0	0	0
122.17045641636118	0.0	0	0
122.27051412022388	0.0	0	0
122.37057182408658	0.0	0	0
122.4706295279493	0.0	0	0
122.570687231812	0.0	0	0
122.6707449356747	0.0	0	0
122.77080263953741	0.0	0	0
122.87086034340011	0.0	0	0
122.97091804726281	0.0	0	0
123.07097575112552	0.0	0	0
123.17103345498822	0.0	0	0
123.27109115885092	0.0	0	0
123.37114886271362	0.0	0	0
123.47120656657633	0.0	0	0
123.57126427043903	0.0	0	0
123.67132197430173	0.0	0	0
123.77137967816444	0.0	0	0
123.87143738202714	0.0	0	0
123.97149508588984	0.0	0	0
124.07155278975254	0.0	0	0
124.17161049361526	0.0	0	0
124.27166819747796	0.0	0	0
124.37172590134067	0.0	0	0
124.47178360520337	0.0	0	0
124.57184130906607	0.0	0	0
124.67189901292878	0.0	0	0
124.77195671679148	0.0	0	0
124.87201442065418	0.0	0	0
124.97207212451688	0.0	0	0
125.07212982837959	0.0	0	0
125.17218753224229	0.0	0	0
125.272245236105	0.0	0	0
125.3723029399677	0.0	0	0
125.4723606438304	0.0	0	0
125.5724183476931	0.0	0	0
125.6724760515558	0.0	0	0
125.77253375541851	0.0	0	0
125.87259145928121	1.0	1	1
125.97264916314393	1.0	1	1
126.07270686700663	1.0	1	1
126.17276457086933	1.0	1	1
126.27282227473204	1.0	1	1
126.37287997859474	1.0	1	1
126.47293768245744	1.0	1	1
126.57299538632014	2.0	2	2
126.67305309018285	2.0	2	2
126.77311079404555	2.0	2	2
126.87316849790825	2.0	2	2
126.97322620177096	2.0	2	2
127.07328390563366	2.0	2	2
127.17334160949636	2.0	2	2
127.27339931335906	2.0	2	2
127.37345701722177	2.0	2	2
127.47351472108447	2.0	2	2
127.57357242494717	2.0	2	2
127.67363012880989	2.0	2	2
127.77368783267259	2.0	2	2
127.8737455365353	2.0	2	2
127.973803240398	1.0	1	1
128.0738609442607	1.0	1	1
128.1739186481234	1.0	1	1
128.2739763519861	1.0	1	1
128.3740340558488	1.0	1	1
128.4740917597115	1.0	1	1
128.57414946357423	1.0	1	1
128.67420716743692	1.0	1	1
128.77426487129964	2.0	2	2
128.87432257516232	2.0	2	2
128.97438027902504	2.0	2	2
129.07443798288773	2.0	2	2
129.17449568675045	2.0	2	2
129.27455339061314	2.0	2	2
129.37461109447585	2.0	2	2
129.47466879833854	2.0	2	2
129.57472650220126	2.0	2	2
129.67478420606395	2.0	2	2
129.77484190992666	2.0	2	2
129.87489961378935	2.0	2	2
129.97495731765207	2.0	2	2
130.07501502151476	2.0	2	2
130.17507272537748	2.0	2	2
130.2751304292402	2.0	2	2
130.37518813310288	2.0	2	2
130.4752458369656	2.0	2	2
130.5753035408283	2.0	2	2
130.675361244691	2.0	2	2
130.7754189485537	1.0	1	1
130.8754766524164	1.0	1	1
130.9755343562791	1.0	1	1
131.07559206014182	1.0	1	1
131.1756497640045	1.0	1	1
131.27570746786722	1.0	1	1
131.3757651717299	1.0	1	1
131.47582287559263	1.0	1	1
131.57588057945532	1.0	1	1
131.67593828331803	1.0	1	1
131.77599598718072	1.0	1	1
131.87605369104344	1.0	1	1
131.97611139490613	1.0	1	1
132.07616909876884	1.0	1	1
132.17622680263156	1.0	1	1
132.27628450649425	1.0	1	1
132.37634221035697	1.0	1	1
132.47639991421966	1.0	1	1
132.57645761808237	1.0	1	1
132.67651532194506	1.0	1	1
132.77657302580778	1.0	1	1
132.87663072967047	1.0	1	1
132.97668843353318	1.0	1	1
133.07674613739587	1.0	1	1
133.1768038412586	1.0	1	1
133.27686154512128	1.0	1	1
133.376919248984	1.0	1	1
133.47697695284668	1.0	1	1
133.5770346567094	1.0	1	1
133.6770923605721	1.0	1	1
133.7771500644348	1.0	1	1
133.87720776829752	1.0	1	1
133.9772654721602	1.0	1	1
134.07732317602293	1.0	1	1
134.17738087988562	1.0	1	1
134.27743858374834	1.0	1	1
134.37749628761102	1.0	1	1
134.47755399147374	0.0	0	0
134.57761169533643	0.0	0	0
134.67766939919915	0.0	0	0
134.77772710306184	0.0	0	0
134.87778480692455	0.0	0	0
134.97784251078724	0.0	0	0
135.07790021464996	2.0	2	2
135.17795791851265	2.0	2	2
135.27801562237536	2.0	2	2
135.37807332623805	2.0	2	2
135.47813103010077	2.0	2	2
135.5781887339635	2.0	2	2
135.67824643782617	2.0	2	2
135.7783041416889	2.0	2	2
135.87836184555158	2.0	2	2
135.9784195494143	2.0	2	2
136.078477253277	2.0	2	2
136.1785349571397	2.0	2	2
136.2785926610024	2.0	2	2
136.3786503648651	2.0	2	2
136.4787080687278	3.0	3	3
136.57876577259051	3.0	3	3
136.6788234764532	3.0	3	3
136.77888118031592	3.0	3	3
136.8789388841786	3.0	3	3
136.97899658804133	3.0	3	3
137.07905429190401	2.0	2	2
137.17911199576673	3.0	3	3
137.27916969962945	3.0	3	3
137.37922740349214	3.0	3	3
137.47928510735485	3.0	3	3
137.57934281121754	3.0	3	3
137.67940051508026	3.0	3	3
137.77945821894295	3.0	3	3
137.87951592280567	3.0	3	3
137.97957362666835	3.0	3	3
138.07963133053107	3.0	3	3
138.17968903439376	3.0	3	3
138.27974673825648	3.0	3	3
138.37980444211917	3.0	3	3
138.47986214598188	2.0	2	2
138.57991984984457	2.0	2	2
138.6799775537073	2.0	2	2
138.78003525756998	2.0	2	2
138.8800929614327	2.0	2	2
138.9801506652954	2.0	2	2
139.0802083691581	2.0	2	2
139.18026607302082	1.0	1	1
139.2803237768835	1.0	1	1
139.38038148074622	1.0	1	1
139.4804391846089	1.0	1	1
139.58049688847163	1.0	1	1
139.68055459233432	1.0	1	1
139.78061229619703	1.0	1	1
139.88067000005972	1.0	1	1
139.98072770392244	1.0	1	1
140.08078540778513	1.0	1	1
140.18084311164785	1.0	1	1
140.28090081551053	1.0	1	1
140.38095851937325	1.0	1	1
140.48101622323594	0.0	0	0
140.58107392709866	1.0	1	1
140.68113163096137	1.0	1	1
140.78118933482406	1.0	1	1
140.88124703868678	1.0	1	1
140.98130474254947	1.0	1	1
141.0813624464122	1.0	1	1
141.18142015027487	1.0	1	1
141.2814778541376	1.0	1	1
141.38153555800028	1.0	1	1
141.481593261863	1.0	1	1
141.5816509657257	1.0	1	1
141.6817086695884	1.0	1	1
141.7817663734511	1.0	1	1
141.8818240773138	1.0	1	1
141.9818817811765	1.0	1	1
142.08193948503921	1.0	1	1
142.1819971889019	1.0	1	1
142.28205489276462	1.0	1	1
142.3821125966273	1.0	1	1
142.48217030049003	1.0	1	1
142.58222800435274	1.0	1	1
142.68228570821543	1.0	1	1
142.78234341207815	1.0	1	1
142.88240111594084	1.0	1	1
142.98245881980355	1.0	1	1
143.08251652366624	1.0	1	1
143.18257422752896	1.0	1	1
143.28263193139165	1.0	1	1
143.38268963525437	1.0	1	1
143.48274733911705	1.0	1	1
143.58280504297977	1.0	1	1
143.68286274684246	1.0	1	1
143.78292045070518	1.0	1	1
143.88297815456787	1.0	1	1
143.98303585843058	1.0	1	1
144.08309356229327	1.0	1	1
144.183151266156	1.0	1	1
144.2832089700187	1.0	1	1
144.3832666738814	1.0	1	1
144.4833243777441	1.0	1	1
144.5833820816068	1.0	1	1
144.68343978546952	1.0	1	1
144.7834974893322	1.0	1	1
144.88355519319492	1.0	1	1
144.9836128970576	1.0	1	1
145.08367060092033	1.0	1	1
145.18372830478302	1.0	1	1
145.28378600864573	1.0	1	1
145.38384371250842	1.0	1	1
145.48390141637114	1.0	1	1
145.58395912023383	1.0	1	1
145.68401682409655	1.0	1	1
145.78407452795923	1.0	1	1
145.88413223182195	1.0	1	1
145.98418993568467	1.0	1	1
146.08424763954736	1.0	1	1
146.18430534341007	2.0	2	2
146.28436304727276	2.0	2	2
146.38442075113548	2.0	2	2
146.48447845499817	2.0	2	2
146.58453615886089	2.0	2	2
146.68459386272357	2.0	2	2
146.7846515665863	2.0	2	2
146.88470927044898	2.0	2	2
146.9847669743117	2.0	2	2
147.08482467817439	2.0	2	2
147.1848823820371	2.0	2	2
147.2849400858998	2.0	2	2
147.3849977897625	2.0	2	2
147.4850554936252	2.0	2	2
147.5851131974879	2.0	2	2
147.68517090135063	2.0	2	2
147.78522860521332	2.0	2	2
147.88528630907604	2.0	2	2
147.98534401293873	2.0	2	2
148.08540171680144	2.0	2	2
148.18545942066413	2.0	2	2
148.28551712452685	3.0	3	3
148.38557482838954	3.0	3	3
148.48563253225225	3.0	3	3
148.58569023611494	3.0	3	3
148.68574793997766	3.0	3	3
148.78580564384035	3.0	3	3
148.88586334770307	3.0	3	3
148.98592105156575	3.0	3	3
149.08597875542847	3.0	3	3
149.18603645929116	3.0	3	3
149.28609416315388	3.0	3	3
149.3861518670166	3.0	3	3
149.48620957087928	3.0	3	3
149.586267274742	3.0	3	3
149.6863249786047	3.0	3	3
149.7863826824674	3.0	3	3
149.8864403863301	3.0	3	3
149.9864980901928	3.0	3	3
150.0865557940555	3.0	3	3
150.18661349791822	3.0	3	3
150.2866712017809	3.0	3	3
150.38672890564362	3.0	3	3
150.4867866095063	3.0	3	3
150.58684431336903	2.0	2	2
150.68690201723172	2.0	2	2
150.78695972109443	2.0	2	2
150.88701742495712	2.0	2	2
150.98707512881984	2.0	2	2
151.08713283268256	2.0	2	2
151.18719053654524	2.0	2	2
151.28724824040796	2.0	2	2
151.38730594427065	2.0	2	2
151.48736364813337	2.0	2	2
151.58742135199606	2.0	2	2
151.68747905585877	2.0	2	2
151.78753675972146	2.0	2	2
151.88759446358418	2.0	2	2
151.98765216744687	2.0	2	2
152.08770987130958	2.0	2	2
152.18776757517227	2.0	2	2
152.287825279035	2.0	2	2
152.38788298289768	2.0	2	2
152.4879406867604	2.0	2	2
152.58799839062308	2.0	2	2
152.6880560944858	2.0	2	2
152.7881137983485	2.0	2	2
152.8881715022112	2.0	2	2
152.98822920607392	2.0	2	2
153.0882869099366	2.0	2	2
153.18834461379933	2.0	2	2
153.28840231766202	2.0	2	2
153.38846002152474	2.0	2	2
153.48851772538742	2.0	2	2
153.58857542925014	2.0	2	2
153.68863313311283	2.0	2	2
153.78869083697555	2.0	2	2
153.88874854083824	2.0	2	2
153.98880624470095	2.0	2	2
154.08886394856364	2.0	2	2
154.18892165242636	2.0	2	2
154.28897935628905	2.0	2	2
154.38903706015176	2.0	2	2
154.48909476401445	2.0	2	2
154.58915246787717	2.0	2	2
154.6892101717399	2.0	2	2
154.78926787560258	2.0	2	2
154.8893255794653	2.0	2	2
154.98938328332798	2.0	2	2
155.0894409871907	2.0	2	2
155.1894986910534	2.0	2	2
155.2895563949161	2.0	2	2
155.3896140987788	1.0	1	1
155.4896718026415	1.0	1	1
155.5897295065042	1.0	1	1
155.68978721036692	1.0	1	1
155.7898449142296	1.0	1	1
155.88990261809232	1.0	1	1
155.989960321955	1.0	1	1
156.09001802581773	1.0	1	1
156.19007572968042	1.0	1	1
156.29013343354313	1.0	1	1
156.39019113740585	1.0	1	1
156.49024884126854	1.0	1	1
156.59030654513126	1.0	1	1
156.69036424899394	1.0	1	1
156.79042195285666	1.0	1	1
156.89047965671935	1.0	1	1
156.99053736058207	1.0	1	1
157.09059506444476	1.0	1	1
157.19065276830747	1.0	1	1
157.29071047217016	1.0	1	1
157.39076817603288	1.0	1	1
157.49082587989557	1.0	1	1
157.59088358375828	1.0	1	1
157.69094128762097	1.0	1	1
157.7909989914837	1.0	1	1
157.89105669534638	1.0	1	1
157.9911143992091	1.0	1	1
158.0911721030718	1.0	1	1
158.1912298069345	1.0	1	1
158.29128751079722	1.0	1	1
158.3913452146599	1.0	1	1
158.49140291852262	1.0	1	1
158.5914606223853	1.0	1	1
158.69151832624803	1.0	1	1
158.79157603011072	1.0	1	1
158.89163373397344	1.0	1	1
158.99169143783612	1.0	1	1
159.09174914169884	0.0	0	0
159.19180684556153	0.0	0	0
159.29186454942425	0.0	0	0
159.39192225328694	0.0	0	0
159.49197995714965	0.0	0	0
159.59203766101234	0.0	0	0
159.69209536487506	0.0	0	0
159.79215306873778	0.0	0	0
159.89221077260046	0.0	0	0
159.99226847646318	0.0	0	0
160.09232618032587	1.0	1	1
160.1923838841886	1.0	1	1
160.29244158805128	1.0	1	1
160.392499291914	1.0	1	1
160.49255699577668	1.0	1	1
160.5926146996394	1.0	1	1
160.6926724035021	1.0	1	1
160.7927301073648	1.0	1	1
160.8927878112275	1.0	1	1
160.9928455150902	1.0	1	1
161.0929032189529	1.0	1	1
161.19296092281562	1.0	1	1
161.2930186266783	1.0	1	1
161.39307633054102	1.0	1	1
161.4931340344037	1.0	1	1
161.59319173826643	1.0	1	1
161.69324944212914	1.0	1	1
161.79330714599183	1.0	1	1
161.89336484985455	1.0	1	1
161.99342255371724	1.0	1	1
162.09348025757996	1.0	1	1
162.19353796144264	1.0	1	1
162.29359566530536	1.0	1	1
162.39365336916805	1.0	1	1
162.49371107303077	1.0	1	1
162.59376877689346	2.0	2	2
162.69382648075617	2.0	2	2
162.79388418461886	3.0	3	3
162.89394188848158	3.0	3	3
162.99399959234427	3.0	3	3
163.09405729620698	3.0	3	3
163.19411500006967	3.0	3	3
163.2941727039324	4.0	4	4
163.3942304077951	4.0	4	4
163.4942881116578	4.0	4	4
163.5943458155205	4.0	4	4
163.6944035193832	4.0	4	4
163.79446122324592	4.0	4	4
163.8945189271086	4.0	4	4
163.99457663097132	5.0	5	5
164.094634334834	5.0	5	5
164.19469203869673	5.0	5	5
164.29474974255942	5.0	5	5
164.39480744642213	5.0	5	5
164.49486515028482	5.0	5	5
164.59492285414754	5.0	5	5
164.69498055801023	5.0	5	5
164.79503826187295	6.0	6	6
164.89509596573563	6.0	6	6
164.99515366959835	6.0	6	6
165.09521137346107	5.0	5	5
165.19526907732376	6.0	6	6
165.29532678118647	6.0	6	6
165.39538448504916	6.0	6	6
165.49544218891188	5.0	5	5
165.59549989277457	5.0	5	5
165.6955575966373	5.0	5	5
165.79561530049997	5.0	5	5
165.8956730043627	5.0	5	5
165.99573070822538	5.0	5	5
166.0957884120881	5.0	5	5
166.1958461159508	4.0	4	4
166.2959038198135	4.0	4	4
166.3959615236762	5.0	5	5
166.4960192275389	5.0	5	5
166.5960769314016	5.0	5	5
166.69613463526431	5.0	5	5
166.79619233912703	6.0	6	6
166.89625004298972	5.0	5	5
166.99630774685244	4.0	4	4
167.09636545071513	5.0	5	5
167.19642315457784	5.0	5	5
167.29648085844053	4.0	4	4
167.39653856230325	4.0	4	4
167.49659626616594	4.0	4	4
167.59665397002865	4.0	4	4
167.69671167389134	5.0	5	5
167.79676937775406	5.0	5	5
167.89682708161675	5.0	5	5
167.99688478547947	5.0	5	5
168.09694248934215	5.0	5	5
168.19700019320487	5.0	5	5
168.29705789706756	5.0	5	5
168.39711560093028	5.0	5	5
168.497173304793	5.0	5	5
168.59723100865568	4.0	4	4
168.6972887125184	4.0	4	4
168.7973464163811	4.0	4	4
168.8974041202438	4.0	4	4
168.9974618241065	3.0	3	3
169.0975195279692	3.0	3	3
169.1975772318319	3.0	3	3
169.29763493569462	3.0	3	3
169.3976926395573	2.0	2	2
169.49775034342002	2.0	2	2
169.5978080472827	2.0	2	2
169.69786575114543	2.0	2	2
169.79792345500812	2.0	2	2
169.89798115887083	2.0	2	2
169.99803886273352	2.0	2	2
170.09809656659624	2.0	2	2
170.19815427045896	3.0	3	3
170.29821197432165	3.0	3	3
170.39826967818436	3.0	3	3
170.49832738204705	3.0	3	3
170.59838508590977	3.0	3	3
170.69844278977246	3.0	3	3
170.79850049363517	4.0	4	4
170.89855819749786	4.0	4	4
170.99861590136058	4.0	4	4
171.09867360522327	4.0	4	4
171.19873130908599	4.0	4	4
171.29878901294867	4.0	4	4
171.3988467168114	4.0	4	4
171.49890442067408	4.0	4	4
171.5989621245368	4.0	4	4
171.69901982839949	4.0	4	4
171.7990775322622	4.0	4	4
171.8991352361249	4.0	4	4
171.9991929399876	4.0	4	4
172.09925064385033	4.0	4	4
172.199308347713	4.0	4	4
172.29936605157573	4.0	4	4
172.39942375543842	4.0	4	4
172.49948145930114	4.0	4	4
172.59953916316383	4.0	4	4
172.69959686702654	4.0	4	4
172.79965457088923	4.0	4	4
172.89971227475195	4.0	4	4
172.99976997861464	4.0	4	4
173.09982768247735	4.0	4	4
173.19988538634004	4.0	4	4
173.29994309020276	4.0	4	4
173.40000079406545	5.0	5	5
173.50005849792817	5.0	5	5
173.60011620179085	5.0	5	5
173.70017390565357	5.0	5	5
173.8002316095163	5.0	5	5
173.90028931337898	5.0	5	5
174.0003470172417	5.0	5	5
174.10040472110438	5.0	5	5
174.2004624249671	5.0	5	5
174.3005201288298	5.0	5	5
174.4005778326925	5.0	5	5
174.5006355365552	5.0	5	5
174.6006932404179	4.0	4	4
174.7007509442806	4.0	4	4
174.80080864814332	4.0	4	4
174.900866352006	4.0	4	4
175.00092405586872	4.0	4	4
175.1009817597314	4.0	4	4
175.20103946359413	4.0	4	4
175.30109716745682	4.0	4	4
175.40115487131953	4.0	4	4
175.50121257518225	4.0	4	4
175.60127027904494	4.0	4	4
175.70132798290766	4.0	4	4
175.80138568677035	4.0	4	4
175.90144339063306	4.0	4	4
176.00150109449575	4.0	4	4
176.10155879835847	4.0	4	4
176.20161650222116	4.0	4	4
176.30167420608387	4.0	4	4
176.40173190994656	4.0	4	4
176.50178961380928	4.0	4	4
176.60184731767197	4.0	4	4
176.70190502153469	4.0	4	4
176.80196272539737	4.0	4	4
176.9020204292601	4.0	4	4
177.00207813312278	4.0	4	4
177.1021358369855	4.0	4	4
177.2021935408482	4.0	4	4
177.3022512447109	4.0	4	4
177.40230894857362	4.0	4	4
177.5023666524363	4.0	4	4
177.60242435629903	4.0	4	4
177.7024820601617	4.0	4	4
177.80253976402443	4.0	4	4
177.90259746788712	4.0	4	4
178.00265517174984	4.0	4	4
178.10271287561253	4.0	4	4
178.20277057947524	4.0	4	4
178.30282828333793	4.0	4	4
178.40288598720065	4.0	4	4
178.50294369106334	4.0	4	4
178.60300139492605	4.0	4	4
178.70305909878874	4.0	4	4
178.80311680265146	4.0	4	4
178.90317450651418	4.0	4	4
179.00323221037686	4.0	4	4
179.10328991423958	4.0	4	4
179.20334761810227	4.0	4	4
179.303405321965	4.0	4	4
179.40346302582768	4.0	4	4
179.5035207296904	4.0	4	4
179.60357843355308	4.0	4	4
179.7036361374158	4.0	4	4
179.8036938412785	4.0	4	4
179.9037515451412	4.0	4	4
180.0038092490039	4.0	4	4
180.1038669528666	4.0	4	4
180.2039246567293	4.0	4	4
180.30398236059202	4.0	4	4
180.4040400644547	3.0	3	3
180.50409776831742	3.0	3	3
180.6041554721801	3.0	3	3
180.70421317604283	3.0	3	3
180.80427087990554	3.0	3	3
180.90432858376823	3.0	3	3
181.00438628763095	3.0	3	3
181.10444399149364	3.0	3	3
181.20450169535636	3.0	3	3
181.30455939921904	3.0	3	3
181.40461710308176	3.0	3	3
181.50467480694445	3.0	3	3
181.60473251080717	3.0	3	3
181.70479021466986	3.0	3	3
181.80484791853257	3.0	3	3
181.90490562239526	3.0	3	3
182.00496332625798	3.0	3	3
182.10502103012067	3.0	3	3
182.20507873398338	3.0	3	3
182.30513643784607	3.0	3	3
182.4051941417088	2.0	2	2
182.5052518455715	2.0	2	2
182.6053095494342	2.0	2	2
182.7053672532969	2.0	2	2
182.8054249571596	2.0	2	2
182.90548266102232	2.0	2	2
183.005540364885	2.0	2	2
183.10559806874772	2.0	2	2
183.2056557726104	2.0	2	2
183.30571347647313	1.0	1	1
183.40577118033582	1.0	1	1
183.50582888419854	1.0	1	1
183.60588658806122	1.0	1	1
183.70594429192394	1.0	1	1
183.80600199578663	1.0	1	1
183.90605969964935	1.0	1	1
184.00611740351204	1.0	1	1
184.10617510737475	1.0	1	1
184.20623281123747	1.0	1	1
184.30629051510016	1.0	1	1
184.40634821896288	1.0	1	1
184.50640592282556	1.0	1	1
184.60646362668828	1.0	1	1
184.70652133055097	1.0	1	1
184.8065790344137	1.0	1	1
184.90663673827638	1.0	1	1
185.0066944421391	1.0	1	1
185.10675214600178	1.0	1	1
185.2068098498645	1.0	1	1
185.3068675537272	1.0	1	1
