time	diversity	m_div	M_div
0.0	2.0	2	2
0.10009101087263393	2.0	2	2
0.20018202174526786	2.0	2	2
0.3002730326179018	2.0	2	2
0.4003640434905357	2.0	2	2
0.5004550543631696	2.0	2	2
0.6005460652358036	2.0	2	2
0.7006370761084375	2.0	2	2
0.8007280869810715	1.0	1	1
0.9008190978537054	1.0	1	1
1.0009101087263392	1.0	1	1
1.1010011195989733	1.0	1	1
1.2010921304716071	1.0	1	1
1.3011831413442412	1.0	1	1
1.401274152216875	1.0	1	1
1.501365163089509	1.0	1	1
1.601456173962143	1.0	1	1
1.7015471848347767	1.0	1	1
1.8016381957074108	1.0	1	1
1.9017292065800446	1.0	1	1
2.0018202174526785	1.0	1	1
2.1019112283253127	1.0	1	1
2.2020022391979466	1.0	1	1
2.3020932500705804	1.0	1	1
2.4021842609432142	1.0	1	1
2.502275271815848	1.0	1	1
2.6023662826884824	1.0	1	1
2.702457293561116	1.0	1	1
2.80254830443375	1.0	1	1
2.902639315306384	1.0	1	1
3.002730326179018	3.0	3	3
3.102821337051652	3.0	3	3
3.202912347924286	3.0	3	3
3.3030033587969196	3.0	3	3
3.4030943696695535	3.0	3	3
3.5031853805421878	3.0	3	3
3.6032763914148216	3.0	3	3
3.7033674022874554	3.0	3	3
3.8034584131600893	4.0	4	4
3.9035494240327235	4.0	4	4
4.003640434905357	4.0	4	4
4.103731445777991	4.0	4	4
4.2038224566506255	4.0	4	4
4.303913467523259	4.0	4	4
4.404004478395893	4.0	4	4
4.5040954892685265	4.0	4	4
4.604186500141161	4.0	4	4
4.704277511013795	4.0	4	4
4.8043685218864285	4.0	4	4
4.904459532759063	4.0	4	4
5.004550543631696	4.0	4	4
5.10464155450433	4.0	4	4
5.204732565376965	4.0	4	4
5.304823576249598	4.0	4	4
5.404914587122232	4.0	4	4
5.505005597994867	4.0	4	4
5.6050966088675	4.0	4	4
5.705187619740134	4.0	4	4
5.805278630612768	4.0	4	4
5.905369641485402	4.0	4	4
6.005460652358036	4.0	4	4
6.10555166323067	4.0	4	4
6.205642674103304	4.0	4	4
6.305733684975937	4.0	4	4
6.405824695848572	4.0	4	4
6.505915706721206	4.0	4	4
6.606006717593839	4.0	4	4
6.706097728466474	4.0	4	4
6.806188739339107	4.0	4	4
6.906279750211741	4.0	4	4
7.0063707610843755	4.0	4	4
7.106461771957009	4.0	4	4
7.206552782829643	4.0	4	4
7.306643793702277	4.0	4	4
7.406734804574911	4.0	4	4
7.506825815447545	4.0	4	4
7.6069168263201785	4.0	4	4
7.707007837192813	4.0	4	4
7.807098848065447	4.0	4	4
7.9071898589380805	4.0	4	4
8.007280869810714	4.0	4	4
8.107371880683349	4.0	4	4
8.207462891555982	4.0	4	4
8.307553902428616	4.0	4	4
8.407644913301251	4.0	4	4
8.507735924173884	4.0	4	4
8.607826935046518	4.0	4	4
8.707917945919153	4.0	4	4
8.808008956791786	4.0	4	4
8.90809996766442	4.0	4	4
9.008190978537053	4.0	4	4
9.108281989409688	4.0	4	4
9.208373000282322	4.0	4	4
9.308464011154955	4.0	4	4
9.40855502202759	4.0	4	4
9.508646032900224	4.0	4	4
9.608737043772857	4.0	4	4
9.708828054645492	4.0	4	4
9.808919065518126	4.0	4	4
9.909010076390759	4.0	4	4
10.009101087263392	4.0	4	4
10.109192098136027	4.0	4	4
10.20928310900866	4.0	4	4
10.309374119881294	4.0	4	4
10.40946513075393	4.0	4	4
10.509556141626563	4.0	4	4
10.609647152499196	4.0	4	4
10.709738163371831	4.0	4	4
10.809829174244465	4.0	4	4
10.909920185117098	4.0	4	4
11.010011195989733	4.0	4	4
11.110102206862367	4.0	4	4
11.210193217735	4.0	4	4
11.310284228607633	4.0	4	4
11.410375239480269	4.0	4	4
11.510466250352902	4.0	4	4
11.610557261225535	4.0	4	4
11.71064827209817	4.0	4	4
11.810739282970804	4.0	4	4
11.910830293843437	4.0	4	4
12.010921304716073	4.0	4	4
12.111012315588706	4.0	4	4
12.21110332646134	4.0	4	4
12.311194337333973	4.0	4	4
12.411285348206608	4.0	4	4
12.511376359079241	4.0	4	4
12.611467369951875	4.0	4	4
12.71155838082451	4.0	4	4
12.811649391697143	4.0	4	4
12.911740402569777	4.0	4	4
13.011831413442412	4.0	4	4
13.111922424315045	4.0	4	4
13.212013435187679	4.0	4	4
13.312104446060314	4.0	4	4
13.412195456932947	4.0	4	4
13.51228646780558	4.0	4	4
13.612377478678214	4.0	4	4
13.712468489550849	4.0	4	4
13.812559500423482	4.0	4	4
13.912650511296116	4.0	4	4
14.012741522168751	4.0	4	4
14.112832533041384	4.0	4	4
14.212923543914018	4.0	4	4
14.313014554786653	4.0	4	4
14.413105565659286	4.0	4	4
14.51319657653192	4.0	4	4
14.613287587404553	4.0	4	4
14.713378598277188	4.0	4	4
14.813469609149822	4.0	4	4
14.913560620022455	4.0	4	4
15.01365163089509	4.0	4	4
15.113742641767724	4.0	4	4
15.213833652640357	4.0	4	4
15.313924663512992	4.0	4	4
15.414015674385626	4.0	4	4
15.514106685258259	4.0	4	4
15.614197696130894	4.0	4	4
15.714288707003528	4.0	4	4
15.814379717876161	4.0	4	4
15.914470728748794	4.0	4	4
16.014561739621428	4.0	4	4
16.114652750494063	4.0	4	4
16.214743761366698	4.0	4	4
16.31483477223933	4.0	4	4
16.414925783111965	4.0	4	4
16.5150167939846	4.0	4	4
16.61510780485723	4.0	4	4
16.715198815729867	4.0	4	4
16.815289826602502	4.0	4	4
16.915380837475134	4.0	4	4
17.01547184834777	4.0	4	4
17.115562859220404	4.0	4	4
17.215653870093035	4.0	4	4
17.31574488096567	4.0	4	4
17.415835891838306	4.0	4	4
17.515926902710937	4.0	4	4
17.616017913583573	4.0	4	4
17.716108924456204	4.0	4	4
17.81619993532884	4.0	4	4
17.916290946201475	4.0	4	4
18.016381957074106	4.0	4	4
18.11647296794674	4.0	4	4
18.216563978819377	4.0	4	4
18.316654989692008	4.0	4	4
18.416746000564643	4.0	4	4
18.51683701143728	4.0	4	4
18.61692802230991	4.0	4	4
18.717019033182545	5.0	5	5
18.81711004405518	5.0	5	5
18.917201054927812	5.0	5	5
19.017292065800447	5.0	5	5
19.117383076673082	5.0	5	5
19.217474087545714	5.0	5	5
19.31756509841835	5.0	5	5
19.417656109290984	5.0	5	5
19.517747120163616	5.0	5	5
19.61783813103625	5.0	5	5
19.717929141908886	5.0	5	5
19.818020152781518	5.0	5	5
19.918111163654153	5.0	5	5
20.018202174526785	5.0	5	5
20.11829318539942	5.0	5	5
20.218384196272055	5.0	5	5
20.318475207144687	5.0	5	5
20.41856621801732	5.0	5	5
20.518657228889957	5.0	5	5
20.61874823976259	5.0	5	5
20.718839250635224	5.0	5	5
20.81893026150786	5.0	5	5
20.91902127238049	5.0	5	5
21.019112283253126	5.0	5	5
21.11920329412576	5.0	5	5
21.219294304998392	5.0	5	5
21.319385315871028	5.0	5	5
21.419476326743663	4.0	4	4
21.519567337616294	4.0	4	4
21.61965834848893	3.0	3	3
21.719749359361565	3.0	3	3
21.819840370234196	3.0	3	3
21.91993138110683	3.0	3	3
22.020022391979467	3.0	3	3
22.1201134028521	3.0	3	3
22.220204413724733	3.0	3	3
22.320295424597365	3.0	3	3
22.42038643547	3.0	3	3
22.520477446342635	3.0	3	3
22.620568457215267	3.0	3	3
22.720659468087902	3.0	3	3
22.820750478960537	3.0	3	3
22.92084148983317	3.0	3	3
23.020932500705804	3.0	3	3
23.12102351157844	3.0	3	3
23.22111452245107	3.0	3	3
23.321205533323706	3.0	3	3
23.42129654419634	3.0	3	3
23.521387555068973	2.0	2	2
23.621478565941608	2.0	2	2
23.721569576814243	2.0	2	2
23.821660587686875	2.0	2	2
23.92175159855951	2.0	2	2
24.021842609432145	2.0	2	2
24.121933620304777	2.0	2	2
24.222024631177412	2.0	2	2
24.322115642050047	2.0	2	2
24.42220665292268	2.0	2	2
24.522297663795314	2.0	2	2
24.622388674667945	2.0	2	2
24.72247968554058	2.0	2	2
24.822570696413216	1.0	1	1
24.922661707285847	1.0	1	1
25.022752718158483	1.0	1	1
25.122843729031118	1.0	1	1
25.22293473990375	1.0	1	1
25.323025750776385	1.0	1	1
25.42311676164902	1.0	1	1
25.52320777252165	1.0	1	1
25.623298783394286	1.0	1	1
25.72338979426692	1.0	1	1
25.823480805139553	1.0	1	1
25.92357181601219	1.0	1	1
26.023662826884824	1.0	1	1
26.123753837757455	1.0	1	1
26.22384484863009	1.0	1	1
26.323935859502726	1.0	1	1
26.424026870375357	1.0	1	1
26.524117881247992	1.0	1	1
26.624208892120627	1.0	1	1
26.72429990299326	1.0	1	1
26.824390913865894	1.0	1	1
26.924481924738526	1.0	1	1
27.02457293561116	1.0	1	1
27.124663946483796	1.0	1	1
27.224754957356428	1.0	1	1
27.324845968229063	1.0	1	1
27.424936979101698	1.0	1	1
27.52502798997433	1.0	1	1
27.625119000846965	1.0	1	1
27.7252100117196	1.0	1	1
27.82530102259223	1.0	1	1
27.925392033464867	1.0	1	1
28.025483044337502	1.0	1	1
28.125574055210134	1.0	1	1
28.22566506608277	1.0	1	1
28.325756076955404	1.0	1	1
28.425847087828036	1.0	1	1
28.52593809870067	1.0	1	1
28.626029109573306	1.0	1	1
28.726120120445938	1.0	1	1
28.826211131318573	2.0	2	2
28.926302142191208	2.0	2	2
29.02639315306384	2.0	2	2
29.126484163936475	2.0	2	2
29.226575174809106	2.0	2	2
29.32666618568174	2.0	2	2
29.426757196554377	2.0	2	2
29.526848207427008	2.0	2	2
29.626939218299643	2.0	2	2
29.72703022917228	2.0	2	2
29.82712124004491	2.0	2	2
29.927212250917545	2.0	2	2
30.02730326179018	2.0	2	2
30.127394272662812	2.0	2	2
30.227485283535447	2.0	2	2
30.327576294408082	2.0	2	2
30.427667305280714	2.0	2	2
30.52775831615335	2.0	2	2
30.627849327025984	2.0	2	2
30.727940337898616	2.0	2	2
30.82803134877125	2.0	2	2
30.928122359643886	2.0	2	2
31.028213370516518	2.0	2	2
31.128304381389153	1.0	1	1
31.22839539226179	1.0	1	1
31.32848640313442	1.0	1	1
31.428577414007055	1.0	1	1
31.528668424879687	1.0	1	1
31.628759435752322	1.0	1	1
31.728850446624957	1.0	1	1
31.82894145749759	1.0	1	1
31.929032468370224	1.0	1	1
32.029123479242855	1.0	1	1
32.129214490115494	1.0	1	1
32.229305500988126	1.0	1	1
32.32939651186076	1.0	1	1
32.429487522733396	1.0	1	1
32.52957853360603	1.0	1	1
32.62966954447866	1.0	1	1
32.7297605553513	1.0	1	1
32.82985156622393	1.0	1	1
32.92994257709656	1.0	1	1
33.0300335879692	1.0	1	1
33.13012459884183	1.0	1	1
33.23021560971446	1.0	1	1
33.3303066205871	1.0	1	1
33.43039763145973	1.0	1	1
33.530488642332365	1.0	1	1
33.630579653205004	1.0	1	1
33.730670664077635	1.0	1	1
33.83076167495027	1.0	1	1
33.930852685822906	1.0	1	1
34.03094369669554	1.0	1	1
34.13103470756817	1.0	1	1
34.23112571844081	1.0	1	1
34.33121672931344	1.0	1	1
34.43130774018607	1.0	1	1
34.53139875105871	1.0	1	1
34.63148976193134	1.0	1	1
34.73158077280397	1.0	1	1
34.83167178367661	1.0	1	1
34.93176279454924	1.0	1	1
35.031853805421875	1.0	1	1
35.13194481629451	1.0	1	1
35.232035827167145	1.0	1	1
35.33212683803978	1.0	1	1
35.43221784891241	1.0	1	1
35.53230885978505	1.0	1	1
35.63239987065768	1.0	1	1
35.73249088153031	1.0	1	1
35.83258189240295	1.0	1	1
35.93267290327558	1.0	1	1
36.03276391414821	1.0	1	1
36.13285492502085	1.0	1	1
36.23294593589348	1.0	1	1
36.333036946766114	1.0	1	1
36.43312795763875	1.0	1	1
36.533218968511385	1.0	1	1
36.633309979384016	1.0	1	1
36.733400990256655	1.0	1	1
36.83349200112929	1.0	1	1
36.93358301200192	1.0	1	1
37.03367402287456	1.0	1	1
37.13376503374719	1.0	1	1
37.23385604461982	1.0	1	1
37.33394705549246	1.0	1	1
37.43403806636509	1.0	1	1
37.53412907723772	1.0	1	1
37.63422008811036	1.0	1	1
37.73431109898299	1.0	1	1
37.834402109855624	2.0	2	2
37.93449312072826	2.0	2	2
38.034584131600894	2.0	2	2
38.134675142473526	2.0	2	2
38.234766153346165	2.0	2	2
38.334857164218796	2.0	2	2
38.43494817509143	2.0	2	2
38.53503918596407	2.0	2	2
38.6351301968367	2.0	2	2
38.73522120770933	2.0	2	2
38.83531221858197	3.0	3	3
38.9354032294546	3.0	3	3
39.03549424032723	5.0	5	5
39.13558525119987	5.0	5	5
39.2356762620725	6.0	6	6
39.335767272945134	6.0	6	6
39.43585828381777	6.0	6	6
39.535949294690404	7.0	7	7
39.636040305563036	9.0	9	9
39.73613131643567	9.0	9	9
39.836222327308306	10.0	10	10
39.93631333818094	11.0	11	11
40.03640434905357	11.0	11	11
40.13649535992621	11.0	11	11
40.23658637079884	11.0	11	11
40.33667738167147	12.0	12	12
40.43676839254411	12.0	12	12
40.53685940341674	12.0	12	12
40.63695041428937	12.0	12	12
40.73704142516201	12.0	12	12
40.83713243603464	12.0	12	12
40.937223446907275	12.0	12	12
41.037314457779914	12.0	12	12
41.137405468652545	12.0	12	12
41.23749647952518	12.0	12	12
41.337587490397816	12.0	12	12
41.43767850127045	12.0	12	12
41.53776951214308	12.0	12	12
41.63786052301572	12.0	12	12
41.73795153388835	12.0	12	12
41.83804254476098	13.0	13	13
41.93813355563362	13.0	13	13
42.03822456650625	13.0	13	13
42.13831557737888	13.0	13	13
42.23840658825152	13.0	13	13
42.33849759912415	13.0	13	13
42.438588609996785	13.0	13	13
42.538679620869424	12.0	12	12
42.638770631742055	12.0	12	12
42.73886164261469	12.0	12	12
42.838952653487326	12.0	12	12
42.93904366435996	12.0	12	12
43.03913467523259	12.0	12	12
43.13922568610523	12.0	12	12
43.23931669697786	12.0	12	12
43.33940770785049	12.0	12	12
43.43949871872313	12.0	12	12
43.53958972959576	12.0	12	12
43.63968074046839	12.0	12	12
43.73977175134103	12.0	12	12
43.83986276221366	12.0	12	12
43.939953773086295	12.0	12	12
44.04004478395893	12.0	12	12
44.140135794831565	12.0	12	12
44.2402268057042	12.0	12	12
44.34031781657683	12.0	12	12
44.44040882744947	12.0	12	12
44.5404998383221	12.0	12	12
44.64059084919473	12.0	12	12
44.74068186006737	13.0	13	13
44.84077287094	13.0	13	13
44.94086388181263	13.0	13	13
45.04095489268527	14.0	14	14
45.1410459035579	14.0	14	14
45.241136914430534	14.0	14	14
45.34122792530317	14.0	14	14
45.441318936175804	14.0	14	14
45.541409947048436	15.0	15	15
45.641500957921075	15.0	15	15
45.741591968793706	15.0	15	15
45.84168297966634	15.0	15	15
45.94177399053898	15.0	15	15
46.04186500141161	15.0	15	15
46.14195601228424	14.0	14	14
46.24204702315688	15.0	15	15
46.34213803402951	15.0	15	15
46.44222904490214	16.0	16	16
46.54232005577478	16.0	16	16
46.64241106664741	16.0	16	16
46.742502077520044	16.0	16	16
46.84259308839268	16.0	16	16
46.942684099265314	16.0	16	16
47.042775110137946	17.0	17	17
47.142866121010584	17.0	17	17
47.242957131883216	17.0	17	17
47.34304814275585	17.0	17	17
47.443139153628486	17.0	17	17
47.54323016450112	17.0	17	17
47.64332117537375	17.0	17	17
47.74341218624639	17.0	17	17
47.84350319711902	17.0	17	17
47.94359420799165	17.0	17	17
48.04368521886429	17.0	17	17
48.14377622973692	17.0	17	17
48.24386724060955	17.0	17	17
48.34395825148219	17.0	17	17
48.444049262354824	18.0	18	18
48.544140273227455	18.0	18	18
48.644231284100094	18.0	18	18
48.744322294972726	18.0	18	18
48.84441330584536	18.0	18	18
48.94450431671799	17.0	17	17
49.04459532759063	17.0	17	17
49.14468633846326	17.0	17	17
49.24477734933589	18.0	18	18
49.34486836020853	18.0	18	18
49.44495937108116	18.0	18	18
49.54505038195379	18.0	18	18
49.64514139282643	18.0	18	18
49.74523240369906	18.0	18	18
49.845323414571695	18.0	18	18
49.94541442544433	19.0	19	19
50.045505436316965	18.0	18	18
50.1455964471896	18.0	18	18
50.245687458062235	18.0	18	18
50.34577846893487	18.0	18	18
50.4458694798075	18.0	18	18
50.54596049068014	18.0	18	18
50.64605150155277	18.0	18	18
50.7461425124254	18.0	18	18
50.84623352329804	16.0	16	16
50.94632453417067	16.0	16	16
51.0464155450433	17.0	17	17
51.14650655591594	17.0	17	17
51.24659756678857	16.0	16	16
51.346688577661205	16.0	16	16
51.44677958853384	16.0	16	16
51.546870599406475	16.0	16	16
51.64696161027911	16.0	16	16
51.747052621151745	16.0	16	16
51.84714363202438	16.0	16	16
51.94723464289701	16.0	16	16
52.04732565376965	16.0	16	16
52.14741666464228	16.0	16	16
52.24750767551491	16.0	16	16
52.34759868638755	16.0	16	16
52.44768969726018	16.0	16	16
52.54778070813281	16.0	16	16
52.64787171900545	16.0	16	16
52.74796272987808	16.0	16	16
52.848053740750714	15.0	15	15
52.94814475162335	15.0	15	15
53.048235762495985	15.0	15	15
53.148326773368616	14.0	14	14
53.248417784241255	14.0	14	14
53.34850879511389	14.0	14	14
53.44859980598652	13.0	13	13
53.54869081685916	13.0	13	13
53.64878182773179	13.0	13	13
53.74887283860442	13.0	13	13
53.84896384947705	12.0	12	12
53.94905486034969	12.0	12	12
54.04914587122232	12.0	12	12
54.149236882094954	12.0	12	12
54.24932789296759	13.0	13	13
54.349418903840224	13.0	13	13
54.449509914712856	13.0	13	13
54.549600925585494	13.0	13	13
54.649691936458126	13.0	13	13
54.74978294733076	13.0	13	13
54.849873958203396	13.0	13	13
54.94996496907603	13.0	13	13
55.05005597994866	12.0	12	12
55.1501469908213	12.0	12	12
55.25023800169393	12.0	12	12
55.35032901256656	11.0	11	11
55.4504200234392	14.0	14	14
55.55051103431183	14.0	14	14
55.65060204518446	14.0	14	14
55.7506930560571	14.0	14	14
55.850784066929734	13.0	13	13
55.950875077802365	15.0	15	15
56.050966088675004	14.0	14	14
56.151057099547636	14.0	14	14
56.25114811042027	13.0	13	13
56.351239121292906	12.0	12	12
56.45133013216554	12.0	12	12
56.55142114303817	12.0	12	12
56.65151215391081	12.0	12	12
56.75160316478344	12.0	12	12
56.85169417565607	11.0	11	11
56.95178518652871	10.0	10	10
57.05187619740134	10.0	10	10
57.15196720827397	9.0	9	9
57.25205821914661	9.0	9	9
57.35214923001924	9.0	9	9
57.452240240891875	8.0	8	8
57.552331251764514	7.0	7	7
57.652422262637145	7.0	7	7
57.75251327350978	7.0	7	7
57.852604284382416	8.0	8	8
57.95269529525505	7.0	7	7
58.05278630612768	7.0	7	7
58.15287731700032	7.0	7	7
58.25296832787295	7.0	7	7
58.35305933874558	7.0	7	7
58.45315034961821	6.0	6	6
58.55324136049085	6.0	6	6
58.65333237136348	6.0	6	6
58.753423382236114	6.0	6	6
58.85351439310875	6.0	6	6
58.953605403981385	6.0	6	6
59.053696414854016	6.0	6	6
59.153787425726655	6.0	6	6
59.25387843659929	5.0	5	5
59.35396944747192	5.0	5	5
59.45406045834456	5.0	5	5
59.55415146921719	5.0	5	5
59.65424248008982	6.0	6	6
59.75433349096246	6.0	6	6
59.85442450183509	4.0	4	4
59.95451551270772	4.0	4	4
60.05460652358036	5.0	5	5
60.15469753445299	5.0	5	5
60.254788545325624	5.0	5	5
60.35487955619826	5.0	5	5
60.454970567070895	5.0	5	5
60.555061577943526	5.0	5	5
60.655152588816165	5.0	5	5
60.7552435996888	5.0	5	5
60.85533461056143	4.0	4	4
60.95542562143407	4.0	4	4
61.0555166323067	4.0	4	4
61.15560764317933	6.0	6	6
61.25569865405197	7.0	7	7
61.3557896649246	7.0	7	7
61.45588067579723	7.0	7	7
61.55597168666987	7.0	7	7
61.6560626975425	7.0	7	7
61.756153708415134	7.0	7	7
61.85624471928777	7.0	7	7
61.956335730160404	7.0	7	7
62.056426741033036	8.0	8	8
62.156517751905675	8.0	8	8
62.256608762778306	7.0	7	7
62.35669977365094	7.0	7	7
62.45679078452358	7.0	7	7
62.55688179539621	7.0	7	7
62.65697280626884	8.0	8	8
62.75706381714148	8.0	8	8
62.85715482801411	8.0	8	8
62.95724583888674	8.0	8	8
63.05733684975937	7.0	7	7
63.15742786063201	7.0	7	7
63.257518871504644	7.0	7	7
63.357609882377275	7.0	7	7
63.457700893249914	7.0	7	7
63.557791904122546	6.0	6	6
63.65788291499518	6.0	6	6
63.757973925867816	6.0	6	6
63.85806493674045	6.0	6	6
63.95815594761308	6.0	6	6
64.05824695848571	6.0	6	6
64.15833796935836	6.0	6	6
64.25842898023099	6.0	6	6
64.35851999110362	6.0	6	6
64.45861100197625	6.0	6	6
64.55870201284888	6.0	6	6
64.65879302372151	6.0	6	6
64.75888403459416	6.0	6	6
64.85897504546679	5.0	5	5
64.95906605633942	5.0	5	5
65.05915706721206	5.0	5	5
65.15924807808469	5.0	5	5
65.25933908895732	5.0	5	5
65.35943009982995	5.0	5	5
65.4595211107026	8.0	8	8
65.55961212157523	10.0	10	10
65.65970313244786	12.0	12	12
65.75979414332049	14.0	14	14
65.85988515419312	14.0	14	14
65.95997616506575	15.0	15	15
66.0600671759384	15.0	15	15
66.16015818681103	14.0	14	14
66.26024919768366	14.0	14	14
66.3603402085563	15.0	15	15
66.46043121942893	16.0	16	16
66.56052223030156	16.0	16	16
66.6606132411742	16.0	16	16
66.76070425204684	16.0	16	16
66.86079526291947	15.0	15	15
66.9608862737921	16.0	16	16
67.06097728466473	16.0	16	16
67.16106829553736	15.0	15	15
67.26115930641001	14.0	14	14
67.36125031728264	15.0	15	15
67.46134132815527	15.0	15	15
67.5614323390279	16.0	16	16
67.66152334990053	16.0	16	16
67.76161436077317	18.0	18	18
67.86170537164581	18.0	18	18
67.96179638251844	19.0	19	19
68.06188739339107	19.0	19	19
68.1619784042637	19.0	19	19
68.26206941513634	18.0	18	18
68.36216042600897	18.0	18	18
68.46225143688162	18.0	18	18
68.56234244775425	18.0	18	18
68.66243345862688	17.0	17	17
68.76252446949951	17.0	17	17
68.86261548037214	17.0	17	17
68.96270649124477	17.0	17	17
69.06279750211742	17.0	17	17
69.16288851299005	17.0	17	17
69.26297952386268	18.0	18	18
69.36307053473531	18.0	18	18
69.46316154560795	18.0	18	18
69.56325255648058	18.0	18	18
69.66334356735322	16.0	16	16
69.76343457822585	16.0	16	16
69.86352558909849	16.0	16	16
69.96361659997112	16.0	16	16
70.06370761084375	17.0	17	17
70.16379862171638	16.0	16	16
70.26388963258901	16.0	16	16
70.36398064346166	16.0	16	16
70.46407165433429	15.0	15	15
70.56416266520692	16.0	16	16
70.66425367607955	16.0	16	16
70.76434468695219	16.0	16	16
70.86443569782482	16.0	16	16
70.96452670869746	17.0	17	17
71.0646177195701	17.0	17	17
71.16470873044273	17.0	17	17
71.26479974131536	17.0	17	17
71.36489075218799	17.0	17	17
71.46498176306062	16.0	16	16
71.56507277393327	16.0	16	16
71.6651637848059	17.0	17	17
71.76525479567853	17.0	17	17
71.86534580655116	17.0	17	17
71.9654368174238	17.0	17	17
72.06552782829642	16.0	16	16
72.16561883916907	16.0	16	16
72.2657098500417	16.0	16	16
72.36580086091433	16.0	16	16
72.46589187178697	16.0	16	16
72.5659828826596	14.0	14	14
72.66607389353223	14.0	14	14
72.76616490440487	14.0	14	14
72.8662559152775	14.0	14	14
72.96634692615014	14.0	14	14
73.06643793702277	13.0	13	13
73.1665289478954	12.0	12	12
73.26661995876803	12.0	12	12
73.36671096964068	12.0	12	12
73.46680198051331	12.0	12	12
73.56689299138594	12.0	12	12
73.66698400225857	12.0	12	12
73.7670750131312	12.0	12	12
73.86716602400384	14.0	14	14
73.96725703487648	14.0	14	14
74.06734804574911	14.0	14	14
74.16743905662175	14.0	14	14
74.26753006749438	15.0	15	15
74.36762107836701	15.0	15	15
74.46771208923964	15.0	15	15
74.56780310011227	15.0	15	15
74.66789411098492	15.0	15	15
74.76798512185755	14.0	14	14
74.86807613273018	14.0	14	14
74.96816714360281	14.0	14	14
75.06825815447544	14.0	14	14
75.16834916534808	14.0	14	14
75.26844017622072	14.0	14	14
75.36853118709335	14.0	14	14
75.46862219796598	14.0	14	14
75.56871320883862	14.0	14	14
75.66880421971125	14.0	14	14
75.76889523058388	14.0	14	14
75.86898624145653	14.0	14	14
75.96907725232916	13.0	13	13
76.06916826320179	13.0	13	13
76.16925927407442	13.0	13	13
76.26935028494705	13.0	13	13
76.36944129581968	13.0	13	13
76.46953230669233	12.0	12	12
76.56962331756496	12.0	12	12
76.66971432843759	12.0	12	12
76.76980533931022	12.0	12	12
76.86989635018286	12.0	12	12
76.96998736105549	12.0	12	12
77.07007837192813	12.0	12	12
77.17016938280076	12.0	12	12
77.2702603936734	12.0	12	12
77.37035140454603	12.0	12	12
77.47044241541866	13.0	13	13
77.57053342629129	12.0	12	12
77.67062443716394	12.0	12	12
77.77071544803657	12.0	12	12
77.8708064589092	11.0	11	11
77.97089746978183	11.0	11	11
78.07098848065446	11.0	11	11
78.1710794915271	11.0	11	11
78.27117050239974	11.0	11	11
78.37126151327237	11.0	11	11
78.471352524145	11.0	11	11
78.57144353501764	11.0	11	11
78.67153454589027	10.0	10	10
78.7716255567629	10.0	10	10
78.87171656763554	10.0	10	10
78.97180757850818	10.0	10	10
79.07189858938081	10.0	10	10
79.17198960025344	10.0	10	10
79.27208061112607	9.0	9	9
79.3721716219987	9.0	9	9
79.47226263287133	9.0	9	9
79.57235364374398	9.0	9	9
79.67244465461661	9.0	9	9
79.77253566548924	9.0	9	9
79.87262667636188	9.0	9	9
79.9727176872345	9.0	9	9
80.07280869810714	9.0	9	9
80.17289970897978	9.0	9	9
80.27299071985242	9.0	9	9
80.37308173072505	10.0	10	10
80.47317274159768	10.0	10	10
80.57326375247031	10.0	10	10
80.67335476334294	10.0	10	10
80.77344577421559	10.0	10	10
80.87353678508822	10.0	10	10
80.97362779596085	10.0	10	10
81.07371880683348	10.0	10	10
81.17380981770611	10.0	10	10
81.27390082857875	10.0	10	10
81.37399183945139	10.0	10	10
81.47408285032402	10.0	10	10
81.57417386119666	10.0	10	10
81.67426487206929	10.0	10	10
81.77435588294192	10.0	10	10
81.87444689381455	10.0	10	10
81.9745379046872	9.0	9	9
82.07462891555983	9.0	9	9
82.17471992643246	9.0	9	9
82.27481093730509	9.0	9	9
82.37490194817772	9.0	9	9
82.47499295905035	9.0	9	9
82.575083969923	9.0	9	9
82.67517498079563	9.0	9	9
82.77526599166826	9.0	9	9
82.8753570025409	9.0	9	9
82.97544801341353	9.0	9	9
83.07553902428616	10.0	10	10
83.1756300351588	11.0	11	11
83.27572104603144	11.0	11	11
83.37581205690407	11.0	11	11
83.4759030677767	11.0	11	11
83.57599407864933	11.0	11	11
83.67608508952196	11.0	11	11
83.77617610039461	11.0	11	11
83.87626711126724	12.0	12	12
83.97635812213987	12.0	12	12
84.0764491330125	12.0	12	12
84.17654014388513	12.0	12	12
84.27663115475777	12.0	12	12
84.3767221656304	11.0	11	11
84.47681317650304	9.0	9	9
84.57690418737567	9.0	9	9
84.6769951982483	8.0	8	8
84.77708620912094	8.0	8	8
84.87717721999357	8.0	8	8
84.9772682308662	8.0	8	8
85.07735924173885	8.0	8	8
85.17745025261148	9.0	9	9
85.27754126348411	9.0	9	9
85.37763227435674	9.0	9	9
85.47772328522937	9.0	9	9
85.577814296102	9.0	9	9
85.67790530697465	9.0	9	9
85.77799631784728	9.0	9	9
85.87808732871991	9.0	9	9
85.97817833959255	9.0	9	9
86.07826935046518	9.0	9	9
86.17836036133781	8.0	8	8
86.27845137221045	9.0	9	9
86.37854238308309	9.0	9	9
86.47863339395572	9.0	9	9
86.57872440482835	8.0	8	8
86.67881541570098	8.0	8	8
86.77890642657361	7.0	7	7
86.87899743744626	6.0	6	6
86.97908844831889	6.0	6	6
87.07917945919152	5.0	5	5
87.17927047006415	5.0	5	5
87.27936148093679	5.0	5	5
87.37945249180942	6.0	6	6
87.47954350268206	6.0	6	6
87.5796345135547	6.0	6	6
87.67972552442733	6.0	6	6
87.77981653529996	6.0	6	6
87.87990754617259	6.0	6	6
87.97999855704522	6.0	6	6
88.08008956791787	6.0	6	6
88.1801805787905	6.0	6	6
88.28027158966313	6.0	6	6
88.38036260053576	6.0	6	6
88.4804536114084	6.0	6	6
88.58054462228102	6.0	6	6
88.68063563315366	6.0	6	6
88.7807266440263	6.0	6	6
88.88081765489893	6.0	6	6
88.98090866577157	6.0	6	6
89.0809996766442	7.0	7	7
89.18109068751683	7.0	7	7
89.28118169838946	7.0	7	7
89.3812727092621	7.0	7	7
89.48136372013474	7.0	7	7
89.58145473100737	7.0	7	7
89.68154574188	7.0	7	7
89.78163675275263	7.0	7	7
89.88172776362526	7.0	7	7
89.98181877449791	7.0	7	7
90.08190978537054	7.0	7	7
90.18200079624317	7.0	7	7
90.2820918071158	6.0	6	6
90.38218281798844	6.0	6	6
90.48227382886107	6.0	6	6
90.58236483973371	6.0	6	6
90.68245585060635	6.0	6	6
90.78254686147898	5.0	5	5
90.88263787235161	5.0	5	5
90.98272888322424	5.0	5	5
91.08281989409687	6.0	6	6
91.18291090496952	6.0	6	6
91.28300191584215	6.0	6	6
91.38309292671478	7.0	7	7
91.48318393758741	7.0	7	7
91.58327494846004	7.0	7	7
91.68336595933268	7.0	7	7
91.78345697020532	8.0	8	8
91.88354798107795	8.0	8	8
91.98363899195058	8.0	8	8
92.08373000282322	8.0	8	8
92.18382101369585	8.0	8	8
92.28391202456848	8.0	8	8
92.38400303544113	8.0	8	8
92.48409404631376	7.0	7	7
92.58418505718639	7.0	7	7
92.68427606805902	7.0	7	7
92.78436707893165	7.0	7	7
92.88445808980428	7.0	7	7
92.98454910067693	6.0	6	6
93.08464011154956	4.0	4	4
93.18473112242219	4.0	4	4
93.28482213329482	4.0	4	4
93.38491314416746	4.0	4	4
93.48500415504009	4.0	4	4
93.58509516591272	3.0	3	3
93.68518617678536	3.0	3	3
93.785277187658	5.0	5	5
93.88536819853063	5.0	5	5
93.98545920940326	6.0	6	6
94.08555022027589	7.0	7	7
94.18564123114852	7.0	7	7
94.28573224202117	7.0	7	7
94.3858232528938	7.0	7	7
94.48591426376643	7.0	7	7
94.58600527463906	8.0	8	8
94.6860962855117	8.0	8	8
94.78618729638433	8.0	8	8
94.88627830725697	8.0	8	8
94.9863693181296	7.0	7	7
95.08646032900224	7.0	7	7
95.18655133987487	6.0	6	6
95.2866423507475	5.0	5	5
95.38673336162013	5.0	5	5
95.48682437249278	5.0	5	5
95.58691538336541	6.0	6	6
95.68700639423804	6.0	6	6
95.78709740511067	6.0	6	6
95.8871884159833	6.0	6	6
95.98727942685593	6.0	6	6
96.08737043772858	6.0	6	6
96.18746144860121	6.0	6	6
96.28755245947384	6.0	6	6
96.38764347034648	7.0	7	7
96.4877344812191	7.0	7	7
96.58782549209174	6.0	6	6
96.68791650296438	6.0	6	6
96.78800751383702	6.0	6	6
96.88809852470965	6.0	6	6
96.98818953558228	6.0	6	6
97.08828054645491	6.0	6	6
97.18837155732754	5.0	5	5
97.28846256820019	5.0	5	5
97.38855357907282	6.0	6	6
97.48864458994545	6.0	6	6
97.58873560081808	6.0	6	6
97.68882661169071	5.0	5	5
97.78891762256335	5.0	5	5
97.88900863343598	5.0	5	5
97.98909964430862	5.0	5	5
98.08919065518126	5.0	5	5
98.18928166605389	5.0	5	5
98.28937267692652	5.0	5	5
98.38946368779915	5.0	5	5
98.48955469867178	5.0	5	5
98.58964570954443	5.0	5	5
98.68973672041706	4.0	4	4
98.78982773128969	4.0	4	4
98.88991874216232	4.0	4	4
98.99000975303495	4.0	4	4
99.09010076390759	4.0	4	4
99.19019177478023	4.0	4	4
99.29028278565286	4.0	4	4
99.3903737965255	4.0	4	4
99.49046480739813	4.0	4	4
99.59055581827076	4.0	4	4
99.69064682914339	4.0	4	4
99.79073784001604	5.0	5	5
99.89082885088867	5.0	5	5
99.9909198617613	5.0	5	5
100.09101087263393	5.0	5	5
100.19110188350656	5.0	5	5
100.2911928943792	5.0	5	5
100.39128390525184	5.0	5	5
100.49137491612447	5.0	5	5
100.5914659269971	5.0	5	5
100.69155693786973	5.0	5	5
100.79164794874237	5.0	5	5
100.891738959615	5.0	5	5
100.99182997048764	4.0	4	4
101.09192098136027	4.0	4	4
101.1920119922329	4.0	4	4
101.29210300310554	4.0	4	4
101.39219401397817	4.0	4	4
101.4922850248508	3.0	3	3
101.59237603572345	3.0	3	3
101.69246704659608	3.0	3	3
101.79255805746871	3.0	3	3
101.89264906834134	4.0	4	4
101.99274007921397	4.0	4	4
102.0928310900866	4.0	4	4
102.19292210095925	4.0	4	4
102.29301311183188	4.0	4	4
102.39310412270451	4.0	4	4
102.49319513357715	4.0	4	4
102.59328614444978	4.0	4	4
102.69337715532241	5.0	5	5
102.79346816619504	5.0	5	5
102.89355917706769	5.0	5	5
102.99365018794032	5.0	5	5
103.09374119881295	5.0	5	5
103.19383220968558	5.0	5	5
103.29392322055821	5.0	5	5
103.39401423143084	5.0	5	5
103.49410524230349	5.0	5	5
103.59419625317612	5.0	5	5
103.69428726404875	5.0	5	5
103.79437827492139	5.0	5	5
103.89446928579402	5.0	5	5
103.99456029666665	5.0	5	5
104.0946513075393	5.0	5	5
104.19474231841193	5.0	5	5
104.29483332928456	5.0	5	5
104.39492434015719	5.0	5	5
104.49501535102982	5.0	5	5
104.59510636190245	5.0	5	5
104.6951973727751	5.0	5	5
104.79528838364773	5.0	5	5
104.89537939452036	5.0	5	5
104.995470405393	5.0	5	5
105.09556141626562	5.0	5	5
105.19565242713826	5.0	5	5
105.2957434380109	5.0	5	5
105.39583444888353	5.0	5	5
105.49592545975617	5.0	5	5
105.5960164706288	5.0	5	5
105.69610748150143	5.0	5	5
105.79619849237406	5.0	5	5
105.8962895032467	5.0	5	5
105.99638051411934	5.0	5	5
106.09647152499197	5.0	5	5
106.1965625358646	4.0	4	4
106.29665354673723	4.0	4	4
106.39674455760986	4.0	4	4
106.49683556848251	4.0	4	4
106.59692657935514	4.0	4	4
106.69701759022777	4.0	4	4
106.7971086011004	4.0	4	4
106.89719961197304	4.0	4	4
106.99729062284567	4.0	4	4
107.09738163371831	4.0	4	4
107.19747264459095	4.0	4	4
107.29756365546358	4.0	4	4
107.39765466633621	4.0	4	4
107.49774567720884	4.0	4	4
107.59783668808147	4.0	4	4
107.6979276989541	4.0	4	4
107.79801870982675	4.0	4	4
107.89810972069938	4.0	4	4
107.99820073157201	4.0	4	4
108.09829174244464	4.0	4	4
108.19838275331728	3.0	3	3
108.29847376418991	3.0	3	3
108.39856477506255	3.0	3	3
108.49865578593518	3.0	3	3
108.59874679680782	3.0	3	3
108.69883780768045	3.0	3	3
108.79892881855308	3.0	3	3
108.89901982942571	3.0	3	3
108.99911084029836	3.0	3	3
109.09920185117099	3.0	3	3
109.19929286204362	3.0	3	3
109.29938387291625	3.0	3	3
109.39947488378888	3.0	3	3
109.49956589466152	3.0	3	3
109.59965690553416	3.0	3	3
109.69974791640679	3.0	3	3
109.79983892727942	3.0	3	3
109.89992993815206	3.0	3	3
110.00002094902469	3.0	3	3
110.10011195989732	3.0	3	3
110.20020297076996	3.0	3	3
110.3002939816426	3.0	3	3
110.40038499251523	3.0	3	3
110.50047600338786	3.0	3	3
110.60056701426049	3.0	3	3
110.70065802513312	3.0	3	3
110.80074903600577	3.0	3	3
110.9008400468784	3.0	3	3
111.00093105775103	3.0	3	3
111.10102206862366	3.0	3	3
111.2011130794963	3.0	3	3
111.30120409036893	3.0	3	3
111.40129510124157	3.0	3	3
111.5013861121142	3.0	3	3
111.60147712298684	3.0	3	3
111.70156813385947	3.0	3	3
111.8016591447321	3.0	3	3
111.90175015560473	3.0	3	3
112.00184116647736	3.0	3	3
112.10193217735001	3.0	3	3
112.20202318822264	2.0	2	2
112.30211419909527	2.0	2	2
112.4022052099679	2.0	2	2
112.50229622084053	2.0	2	2
112.60238723171317	2.0	2	2
112.70247824258581	2.0	2	2
112.80256925345844	1.0	1	1
112.90266026433108	1.0	1	1
113.0027512752037	1.0	1	1
113.10284228607634	1.0	1	1
113.20293329694897	1.0	1	1
113.30302430782162	1.0	1	1
113.40311531869425	1.0	1	1
113.50320632956688	1.0	1	1
113.60329734043951	1.0	1	1
113.70338835131214	0.0	0	0
113.80347936218477	0.0	0	0
113.90357037305742	0.0	0	0
114.00366138393005	0.0	0	0
114.10375239480268	0.0	0	0
114.20384340567531	0.0	0	0
114.30393441654795	0.0	0	0
114.40402542742058	0.0	0	0
114.50411643829322	0.0	0	0
114.60420744916586	0.0	0	0
114.70429846003849	0.0	0	0
114.80438947091112	0.0	0	0
114.90448048178375	0.0	0	0
115.00457149265638	0.0	0	0
115.10466250352903	0.0	0	0
115.20475351440166	0.0	0	0
115.30484452527429	0.0	0	0
115.40493553614692	0.0	0	0
115.50502654701955	0.0	0	0
115.60511755789219	0.0	0	0
115.70520856876483	0.0	0	0
115.80529957963746	0.0	0	0
115.9053905905101	0.0	0	0
116.00548160138273	0.0	0	0
116.10557261225536	0.0	0	0
116.20566362312799	0.0	0	0
116.30575463400064	0.0	0	0
116.40584564487327	0.0	0	0
116.5059366557459	0.0	0	0
116.60602766661853	0.0	0	0
116.70611867749116	0.0	0	0
116.8062096883638	0.0	0	0
116.90630069923643	0.0	0	0
117.00639171010907	0.0	0	0
117.1064827209817	0.0	0	0
117.20657373185433	0.0	0	0
117.30666474272697	0.0	0	0
117.4067557535996	0.0	0	0
117.50684676447223	0.0	0	0
117.60693777534487	0.0	0	0
117.7070287862175	0.0	0	0
117.80711979709014	0.0	0	0
117.90721080796277	0.0	0	0
118.0073018188354	0.0	0	0
118.10739282970803	0.0	0	0
118.20748384058068	0.0	0	0
118.30757485145331	0.0	0	0
118.40766586232594	0.0	0	0
118.50775687319857	0.0	0	0
118.6078478840712	0.0	0	0
118.70793889494384	0.0	0	0
118.80802990581648	0.0	0	0
118.90812091668911	0.0	0	0
119.00821192756175	0.0	0	0
119.10830293843438	0.0	0	0
119.20839394930701	0.0	0	0
119.30848496017964	0.0	0	0
119.40857597105229	0.0	0	0
119.50866698192492	0.0	0	0
119.60875799279755	0.0	0	0
119.70884900367018	0.0	0	0
119.80894001454281	0.0	0	0
119.90903102541544	1.0	1	1
120.00912203628809	1.0	1	1
120.10921304716072	1.0	1	1
120.20930405803335	1.0	1	1
120.30939506890599	1.0	1	1
120.40948607977862	1.0	1	1
120.50957709065125	1.0	1	1
120.6096681015239	1.0	1	1
120.70975911239653	1.0	1	1
120.80985012326916	1.0	1	1
120.90994113414179	1.0	1	1
121.01003214501442	1.0	1	1
121.11012315588705	1.0	1	1
121.21021416675968	1.0	1	1
121.31030517763233	1.0	1	1
121.41039618850496	1.0	1	1
121.5104871993776	1.0	1	1
121.61057821025022	1.0	1	1
121.71066922112286	1.0	1	1
121.81076023199549	0.0	0	0
121.91085124286813	0.0	0	0
122.01094225374077	0.0	0	0
122.1110332646134	0.0	0	0
122.21112427548603	0.0	0	0
122.31121528635866	0.0	0	0
122.41130629723129	0.0	0	0
122.51139730810394	0.0	0	0
122.61148831897657	0.0	0	0
122.7115793298492	0.0	0	0
122.81167034072183	0.0	0	0
122.91176135159446	0.0	0	0
123.0118523624671	0.0	0	0
123.11194337333974	0.0	0	0
123.21203438421237	0.0	0	0
123.312125395085	0.0	0	0
123.41221640595764	0.0	0	0
123.51230741683027	0.0	0	0
123.6123984277029	0.0	0	0
123.71248943857555	0.0	0	0
123.81258044944818	0.0	0	0
123.91267146032081	0.0	0	0
124.01276247119344	0.0	0	0
124.11285348206607	0.0	0	0
124.2129444929387	0.0	0	0
124.31303550381135	0.0	0	0
124.41312651468398	0.0	0	0
124.51321752555661	0.0	0	0
124.61330853642924	0.0	0	0
124.71339954730188	0.0	0	0
124.81349055817451	0.0	0	0
124.91358156904715	0.0	0	0
125.01367257991978	0.0	0	0
125.11376359079242	0.0	0	0
125.21385460166505	0.0	0	0
125.31394561253768	1.0	1	1
125.41403662341031	1.0	1	1
125.51412763428296	1.0	1	1
125.61421864515559	1.0	1	1
125.71430965602822	1.0	1	1
125.81440066690085	2.0	2	2
125.91449167777348	2.0	2	2
126.01458268864612	2.0	2	2
126.11467369951875	2.0	2	2
126.21476471039139	2.0	2	2
126.31485572126402	2.0	2	2
126.41494673213666	2.0	2	2
126.51503774300929	2.0	2	2
126.61512875388192	2.0	2	2
126.71521976475455	2.0	2	2
126.8153107756272	2.0	2	2
126.91540178649983	2.0	2	2
127.01549279737246	2.0	2	2
127.11558380824509	2.0	2	2
127.21567481911772	2.0	2	2
127.31576582999035	2.0	2	2
127.415856840863	2.0	2	2
127.51594785173563	2.0	2	2
127.61603886260826	2.0	2	2
127.7161298734809	2.0	2	2
127.81622088435353	3.0	3	3
127.91631189522616	2.0	2	2
128.0164029060988	2.0	2	2
128.11649391697142	2.0	2	2
128.21658492784405	2.0	2	2
128.3166759387167	2.0	2	2
128.41676694958934	2.0	2	2
128.51685796046198	2.0	2	2
128.6169489713346	3.0	3	3
128.71703998220724	3.0	3	3
128.81713099307987	3.0	3	3
128.9172220039525	3.0	3	3
129.01731301482513	3.0	3	3
129.11740402569777	3.0	3	3
129.2174950365704	3.0	3	3
129.31758604744303	3.0	3	3
129.41767705831566	3.0	3	3
129.51776806918832	3.0	3	3
129.61785908006095	2.0	2	2
129.71795009093358	2.0	2	2
129.81804110180622	2.0	2	2
129.91813211267885	2.0	2	2
130.01822312355148	2.0	2	2
130.1183141344241	2.0	2	2
130.21840514529674	2.0	2	2
130.31849615616937	2.0	2	2
130.418587167042	2.0	2	2
130.51867817791464	2.0	2	2
130.61876918878727	2.0	2	2
130.7188601996599	1.0	1	1
130.81895121053256	1.0	1	1
130.9190422214052	1.0	1	1
131.01913323227782	1.0	1	1
131.11922424315046	1.0	1	1
131.2193152540231	1.0	1	1
131.31940626489572	1.0	1	1
131.41949727576835	1.0	1	1
131.51958828664098	1.0	1	1
131.6196792975136	1.0	1	1
131.71977030838625	1.0	1	1
131.81986131925888	1.0	1	1
131.9199523301315	1.0	1	1
132.02004334100417	1.0	1	1
132.1201343518768	1.0	1	1
132.22022536274943	1.0	1	1
132.32031637362206	1.0	1	1
132.4204073844947	1.0	1	1
132.52049839536733	1.0	1	1
132.62058940623996	1.0	1	1
132.7206804171126	1.0	1	1
132.82077142798522	1.0	1	1
132.92086243885785	1.0	1	1
133.02095344973048	1.0	1	1
133.12104446060312	1.0	1	1
133.22113547147578	1.0	1	1
133.3212264823484	1.0	1	1
133.42131749322104	1.0	1	1
133.52140850409367	1.0	1	1
133.6214995149663	1.0	1	1
133.72159052583893	1.0	1	1
133.82168153671157	1.0	1	1
133.9217725475842	1.0	1	1
134.02186355845683	1.0	1	1
134.12195456932946	1.0	1	1
134.2220455802021	1.0	1	1
134.32213659107472	1.0	1	1
134.42222760194738	1.0	1	1
134.52231861282002	1.0	1	1
134.62240962369265	1.0	1	1
134.72250063456528	1.0	1	1
134.8225916454379	1.0	1	1
134.92268265631054	1.0	1	1
135.02277366718317	1.0	1	1
135.1228646780558	1.0	1	1
135.22295568892844	1.0	1	1
135.32304669980107	2.0	2	2
135.4231377106737	2.0	2	2
135.52322872154633	2.0	2	2
135.62331973241896	2.0	2	2
135.72341074329162	3.0	3	3
135.82350175416425	3.0	3	3
135.9235927650369	2.0	2	2
136.02368377590952	2.0	2	2
136.12377478678215	2.0	2	2
136.22386579765478	2.0	2	2
136.3239568085274	3.0	3	3
136.42404781940004	3.0	3	3
136.52413883027268	3.0	3	3
136.6242298411453	3.0	3	3
136.72432085201794	3.0	3	3
136.82441186289057	4.0	4	4
136.92450287376323	4.0	4	4
137.02459388463586	4.0	4	4
137.1246848955085	4.0	4	4
137.22477590638113	4.0	4	4
137.32486691725376	4.0	4	4
137.4249579281264	4.0	4	4
137.52504893899902	4.0	4	4
137.62513994987165	4.0	4	4
137.72523096074428	3.0	3	3
137.82532197161692	3.0	3	3
137.92541298248955	3.0	3	3
138.02550399336218	3.0	3	3
138.12559500423484	3.0	3	3
138.22568601510747	3.0	3	3
138.3257770259801	1.0	1	1
138.42586803685273	1.0	1	1
138.52595904772537	1.0	1	1
138.626050058598	1.0	1	1
138.72614106947063	0.0	0	0
138.82623208034326	0.0	0	0
138.9263230912159	0.0	0	0
139.02641410208852	0.0	0	0
139.12650511296115	0.0	0	0
139.2265961238338	0.0	0	0
139.32668713470645	0.0	0	0
139.42677814557908	0.0	0	0
139.5268691564517	1.0	1	1
139.62696016732434	1.0	1	1
139.72705117819697	1.0	1	1
139.8271421890696	1.0	1	1
139.92723319994224	1.0	1	1
140.02732421081487	1.0	1	1
140.1274152216875	1.0	1	1
140.22750623256013	1.0	1	1
140.32759724343276	1.0	1	1
140.4276882543054	1.0	1	1
140.52777926517803	1.0	1	1
140.6278702760507	1.0	1	1
140.72796128692332	1.0	1	1
140.82805229779595	1.0	1	1
140.92814330866858	1.0	1	1
141.0282343195412	1.0	1	1
141.12832533041384	1.0	1	1
141.22841634128648	1.0	1	1
141.3285073521591	1.0	1	1
141.42859836303174	1.0	1	1
141.52868937390437	1.0	1	1
141.628780384777	1.0	1	1
141.72887139564963	1.0	1	1
141.8289624065223	1.0	1	1
141.92905341739493	1.0	1	1
142.02914442826756	1.0	1	1
142.1292354391402	1.0	1	1
142.22932645001282	1.0	1	1
142.32941746088545	1.0	1	1
142.42950847175808	1.0	1	1
142.52959948263072	1.0	1	1
142.62969049350335	1.0	1	1
142.72978150437598	1.0	1	1
142.8298725152486	1.0	1	1
142.92996352612124	1.0	1	1
143.0300545369939	1.0	1	1
143.13014554786653	1.0	1	1
143.23023655873916	1.0	1	1
143.3303275696118	1.0	1	1
143.43041858048443	1.0	1	1
143.53050959135706	1.0	1	1
143.6306006022297	1.0	1	1
143.73069161310232	1.0	1	1
143.83078262397495	1.0	1	1
143.9308736348476	1.0	1	1
144.03096464572022	1.0	1	1
144.13105565659285	1.0	1	1
144.2311466674655	1.0	1	1
144.33123767833814	1.0	1	1
144.43132868921077	1.0	1	1
144.5314197000834	1.0	1	1
144.63151071095604	1.0	1	1
144.73160172182867	1.0	1	1
144.8316927327013	1.0	1	1
144.93178374357393	1.0	1	1
145.03187475444656	1.0	1	1
145.1319657653192	1.0	1	1
145.23205677619183	1.0	1	1
145.33214778706446	2.0	2	2
145.4322387979371	2.0	2	2
145.53232980880975	2.0	2	2
145.63242081968238	2.0	2	2
145.732511830555	2.0	2	2
145.83260284142764	2.0	2	2
145.93269385230028	2.0	2	2
146.0327848631729	2.0	2	2
146.13287587404554	2.0	2	2
146.23296688491817	2.0	2	2
146.3330578957908	2.0	2	2
146.43314890666343	2.0	2	2
146.53323991753606	2.0	2	2
146.6333309284087	2.0	2	2
146.73342193928136	2.0	2	2
146.833512950154	2.0	2	2
146.93360396102662	2.0	2	2
147.03369497189925	2.0	2	2
147.13378598277188	2.0	2	2
147.23387699364451	2.0	2	2
147.33396800451715	2.0	2	2
147.43405901538978	2.0	2	2
147.5341500262624	2.0	2	2
147.63424103713504	2.0	2	2
147.73433204800767	2.0	2	2
147.8344230588803	2.0	2	2
147.93451406975296	2.0	2	2
148.0346050806256	2.0	2	2
148.13469609149823	3.0	3	3
148.23478710237086	3.0	3	3
148.3348781132435	3.0	3	3
148.43496912411612	3.0	3	3
148.53506013498875	3.0	3	3
148.63515114586139	3.0	3	3
148.73524215673402	3.0	3	3
148.83533316760665	3.0	3	3
148.93542417847928	3.0	3	3
149.0355151893519	3.0	3	3
149.13560620022454	3.0	3	3
149.2356972110972	3.0	3	3
149.33578822196984	3.0	3	3
149.43587923284247	3.0	3	3
149.5359702437151	3.0	3	3
149.63606125458773	3.0	3	3
149.73615226546036	3.0	3	3
149.836243276333	3.0	3	3
149.93633428720563	3.0	3	3
150.03642529807826	3.0	3	3
150.1365163089509	3.0	3	3
150.23660731982352	2.0	2	2
150.33669833069615	2.0	2	2
150.4367893415688	2.0	2	2
150.53688035244144	2.0	2	2
150.63697136331407	2.0	2	2
150.7370623741867	2.0	2	2
150.83715338505934	2.0	2	2
150.93724439593197	2.0	2	2
151.0373354068046	2.0	2	2
151.13742641767723	2.0	2	2
151.23751742854986	2.0	2	2
151.3376084394225	2.0	2	2
151.43769945029513	2.0	2	2
151.53779046116776	2.0	2	2
151.63788147204042	2.0	2	2
151.73797248291305	2.0	2	2
151.83806349378568	2.0	2	2
151.9381545046583	2.0	2	2
152.03824551553095	2.0	2	2
152.13833652640358	2.0	2	2
152.2384275372762	2.0	2	2
152.33851854814884	2.0	2	2
152.43860955902147	2.0	2	2
152.5387005698941	2.0	2	2
152.63879158076674	2.0	2	2
152.73888259163937	2.0	2	2
152.83897360251203	2.0	2	2
152.93906461338466	2.0	2	2
153.0391556242573	2.0	2	2
153.13924663512992	2.0	2	2
153.23933764600255	2.0	2	2
153.33942865687519	2.0	2	2
153.43951966774782	2.0	2	2
153.53961067862045	2.0	2	2
153.63970168949308	2.0	2	2
153.7397927003657	2.0	2	2
153.83988371123834	2.0	2	2
153.93997472211097	2.0	2	2
154.0400657329836	2.0	2	2
154.14015674385627	2.0	2	2
154.2402477547289	2.0	2	2
154.34033876560153	2.0	2	2
154.44042977647416	2.0	2	2
154.5405207873468	2.0	2	2
154.64061179821942	2.0	2	2
154.74070280909206	2.0	2	2
154.8407938199647	2.0	2	2
154.94088483083732	2.0	2	2
155.04097584170995	2.0	2	2
155.14106685258258	2.0	2	2
155.24115786345521	2.0	2	2
155.34124887432787	2.0	2	2
155.4413398852005	2.0	2	2
155.54143089607314	2.0	2	2
155.64152190694577	2.0	2	2
155.7416129178184	2.0	2	2
155.84170392869103	2.0	2	2
155.94179493956366	2.0	2	2
156.0418859504363	2.0	2	2
156.14197696130893	2.0	2	2
156.24206797218156	2.0	2	2
156.3421589830542	2.0	2	2
156.44224999392682	2.0	2	2
156.54234100479948	2.0	2	2
156.6424320156721	2.0	2	2
156.74252302654475	2.0	2	2
156.84261403741738	2.0	2	2
156.94270504829	2.0	2	2
157.04279605916264	2.0	2	2
157.14288707003527	2.0	2	2
157.2429780809079	2.0	2	2
157.34306909178054	2.0	2	2
157.44316010265317	2.0	2	2
157.5432511135258	2.0	2	2
157.64334212439843	1.0	1	1
157.7434331352711	1.0	1	1
157.84352414614372	1.0	1	1
157.94361515701635	1.0	1	1
158.04370616788898	1.0	1	1
158.14379717876162	1.0	1	1
158.24388818963425	0.0	0	0
158.34397920050688	0.0	0	0
158.4440702113795	0.0	0	0
158.54416122225214	0.0	0	0
158.64425223312477	0.0	0	0
158.7443432439974	0.0	0	0
158.84443425487004	0.0	0	0
158.94452526574267	0.0	0	0
159.04461627661533	0.0	0	0
159.14470728748796	0.0	0	0
159.2447982983606	1.0	1	1
159.34488930923322	1.0	1	1
159.44498032010586	1.0	1	1
159.5450713309785	1.0	1	1
159.64516234185112	1.0	1	1
159.74525335272375	1.0	1	1
159.84534436359638	1.0	1	1
159.945435374469	1.0	1	1
160.04552638534165	1.0	1	1
160.14561739621428	1.0	1	1
160.24570840708694	1.0	1	1
160.34579941795957	1.0	1	1
160.4458904288322	1.0	1	1
160.54598143970483	1.0	1	1
160.64607245057746	1.0	1	1
160.7461634614501	1.0	1	1
160.84625447232273	1.0	1	1
160.94634548319536	1.0	1	1
161.046436494068	1.0	1	1
161.14652750494062	1.0	1	1
161.24661851581325	1.0	1	1
161.34670952668588	1.0	1	1
161.44680053755854	1.0	1	1
161.54689154843118	1.0	1	1
161.6469825593038	1.0	1	1
161.74707357017644	1.0	1	1
161.84716458104907	1.0	1	1
161.9472555919217	1.0	1	1
162.04734660279433	1.0	1	1
162.14743761366697	1.0	1	1
162.2475286245396	1.0	1	1
162.34761963541223	1.0	1	1
162.44771064628486	1.0	1	1
162.5478016571575	1.0	1	1
162.64789266803015	1.0	1	1
162.74798367890278	1.0	1	1
162.84807468977542	1.0	1	1
162.94816570064805	1.0	1	1
163.04825671152068	2.0	2	2
163.1483477223933	2.0	2	2
163.24843873326594	2.0	2	2
163.34852974413857	2.0	2	2
163.4486207550112	2.0	2	2
163.54871176588384	2.0	2	2
163.64880277675647	2.0	2	2
163.7488937876291	2.0	2	2
163.84898479850173	2.0	2	2
163.9490758093744	2.0	2	2
164.04916682024702	2.0	2	2
164.14925783111966	3.0	3	3
164.2493488419923	3.0	3	3
164.34943985286492	3.0	3	3
164.44953086373755	3.0	3	3
164.54962187461018	3.0	3	3
164.6497128854828	3.0	3	3
164.74980389635544	4.0	4	4
164.84989490722808	4.0	4	4
164.9499859181007	4.0	4	4
165.05007692897334	3.0	3	3
165.150167939846	4.0	4	4
165.25025895071863	5.0	5	5
165.35034996159126	5.0	5	5
165.4504409724639	6.0	6	6
165.55053198333653	6.0	6	6
165.65062299420916	6.0	6	6
165.7507140050818	6.0	6	6
165.85080501595442	7.0	7	7
165.95089602682705	7.0	7	7
166.05098703769968	7.0	7	7
166.15107804857232	8.0	8	8
166.25116905944495	9.0	9	9
166.3512600703176	9.0	9	9
166.45135108119024	9.0	9	9
166.55144209206287	9.0	9	9
166.6515331029355	9.0	9	9
166.75162411380813	8.0	8	8
166.85171512468077	8.0	8	8
166.9518061355534	8.0	8	8
167.05189714642603	7.0	7	7
167.15198815729866	6.0	6	6
167.2520791681713	6.0	6	6
167.35217017904392	5.0	5	5
167.45226118991656	5.0	5	5
167.55235220078922	5.0	5	5
167.65244321166185	5.0	5	5
167.75253422253448	5.0	5	5
167.8526252334071	5.0	5	5
167.95271624427974	4.0	4	4
168.05280725515237	4.0	4	4
168.152898266025	2.0	2	2
168.25298927689764	2.0	2	2
168.35308028777027	2.0	2	2
168.4531712986429	2.0	2	2
168.55326230951553	2.0	2	2
168.65335332038816	2.0	2	2
168.7534443312608	2.0	2	2
168.85353534213345	2.0	2	2
168.9536263530061	2.0	2	2
169.05371736387872	2.0	2	2
169.15380837475135	2.0	2	2
169.25389938562398	2.0	2	2
169.3539903964966	2.0	2	2
169.45408140736924	2.0	2	2
169.55417241824188	2.0	2	2
169.6542634291145	2.0	2	2
169.75435443998714	2.0	2	2
169.85444545085977	2.0	2	2
169.9545364617324	2.0	2	2
170.05462747260506	2.0	2	2
170.1547184834777	2.0	2	2
170.25480949435033	2.0	2	2
170.35490050522296	3.0	3	3
170.4549915160956	3.0	3	3
170.55508252696822	3.0	3	3
170.65517353784085	3.0	3	3
170.75526454871348	3.0	3	3
170.85535555958612	4.0	4	4
170.95544657045875	4.0	4	4
171.05553758133138	4.0	4	4
171.155628592204	4.0	4	4
171.25571960307667	4.0	4	4
171.3558106139493	4.0	4	4
171.45590162482193	4.0	4	4
171.55599263569457	4.0	4	4
171.6560836465672	4.0	4	4
171.75617465743983	4.0	4	4
171.85626566831246	4.0	4	4
171.9563566791851	4.0	4	4
172.05644769005772	4.0	4	4
172.15653870093035	4.0	4	4
172.256629711803	4.0	4	4
172.35672072267562	3.0	3	3
172.45681173354825	3.0	3	3
172.5569027444209	3.0	3	3
172.65699375529354	3.0	3	3
172.75708476616617	3.0	3	3
172.8571757770388	3.0	3	3
172.95726678791144	3.0	3	3
173.05735779878407	3.0	3	3
173.1574488096567	3.0	3	3
173.25753982052933	3.0	3	3
173.35763083140196	3.0	3	3
173.4577218422746	3.0	3	3
173.55781285314723	3.0	3	3
173.65790386401986	3.0	3	3
173.75799487489252	3.0	3	3
173.85808588576515	3.0	3	3
173.95817689663778	3.0	3	3
174.0582679075104	3.0	3	3
174.15835891838304	3.0	3	3
174.25844992925568	3.0	3	3
174.3585409401283	3.0	3	3
174.45863195100094	3.0	3	3
174.55872296187357	3.0	3	3
174.6588139727462	3.0	3	3
174.75890498361883	3.0	3	3
174.85899599449147	3.0	3	3
174.95908700536413	3.0	3	3
175.05917801623676	3.0	3	3
175.1592690271094	3.0	3	3
175.25936003798202	3.0	3	3
175.35945104885465	3.0	3	3
175.45954205972728	3.0	3	3
175.55963307059992	3.0	3	3
175.65972408147255	3.0	3	3
175.75981509234518	3.0	3	3
175.8599061032178	3.0	3	3
175.95999711409044	3.0	3	3
176.06008812496307	3.0	3	3
176.16017913583573	3.0	3	3
176.26027014670836	3.0	3	3
176.360361157581	3.0	3	3
176.46045216845363	3.0	3	3
176.56054317932626	3.0	3	3
176.6606341901989	3.0	3	3
176.76072520107152	3.0	3	3
176.86081621194415	3.0	3	3
176.9609072228168	3.0	3	3
177.06099823368942	2.0	2	2
177.16108924456205	2.0	2	2
177.26118025543468	2.0	2	2
177.3612712663073	2.0	2	2
177.46136227717997	2.0	2	2
177.5614532880526	2.0	2	2
177.66154429892524	3.0	3	3
177.76163530979787	3.0	3	3
177.8617263206705	3.0	3	3
177.96181733154313	3.0	3	3
178.06190834241576	3.0	3	3
178.1619993532884	3.0	3	3
178.26209036416103	3.0	3	3
178.36218137503366	3.0	3	3
178.4622723859063	3.0	3	3
178.56236339677892	3.0	3	3
178.66245440765158	3.0	3	3
178.7625454185242	3.0	3	3
178.86263642939684	3.0	3	3
178.96272744026948	3.0	3	3
179.0628184511421	3.0	3	3
179.16290946201474	3.0	3	3
179.26300047288737	3.0	3	3
179.36309148376	3.0	3	3
179.46318249463263	3.0	3	3
179.56327350550526	2.0	2	2
179.6633645163779	2.0	2	2
179.76345552725053	2.0	2	2
179.8635465381232	2.0	2	2
179.96363754899582	2.0	2	2
180.06372855986845	2.0	2	2
180.16381957074108	2.0	2	2
180.26391058161371	2.0	2	2
180.36400159248635	2.0	2	2
180.46409260335898	2.0	2	2
180.5641836142316	2.0	2	2
180.66427462510424	2.0	2	2
180.76436563597687	2.0	2	2
180.8644566468495	2.0	2	2
180.96454765772214	2.0	2	2
181.0646386685948	2.0	2	2
181.16472967946743	2.0	2	2
181.26482069034006	2.0	2	2
181.3649117012127	1.0	1	1
181.46500271208532	1.0	1	1
181.56509372295795	1.0	1	1
181.66518473383059	1.0	1	1
181.76527574470322	1.0	1	1
181.86536675557585	1.0	1	1
181.96545776644848	1.0	1	1
182.0655487773211	1.0	1	1
182.16563978819374	1.0	1	1
182.26573079906638	1.0	1	1
182.36582180993904	1.0	1	1
182.46591282081167	1.0	1	1
182.5660038316843	1.0	1	1
182.66609484255693	1.0	1	1
182.76618585342956	1.0	1	1
182.8662768643022	1.0	1	1
