time	diversity	m_div	M_div
0.0	2.0	2	2
0.10010453948596754	2.0	2	2
0.20020907897193507	2.0	2	2
0.3003136184579026	2.0	2	2
0.40041815794387015	2.0	2	2
0.5005226974298377	2.0	2	2
0.6006272369158052	2.0	2	2
0.7007317764017728	2.0	2	2
0.8008363158877403	2.0	2	2
0.9009408553737078	2.0	2	2
1.0010453948596754	1.0	1	1
1.101149934345643	1.0	1	1
1.2012544738316104	1.0	1	1
1.3013590133175779	1.0	1	1
1.4014635528035455	1.0	1	1
1.5015680922895132	1.0	1	1
1.6016726317754806	1.0	1	1
1.701777171261448	1.0	1	1
1.8018817107474157	1.0	1	1
1.9019862502333833	1.0	1	1
2.0020907897193507	1.0	1	1
2.102195329205318	2.0	2	2
2.202299868691286	2.0	2	2
2.3024044081772534	2.0	2	2
2.402508947663221	2.0	2	2
2.5026134871491883	2.0	2	2
2.6027180266351557	2.0	2	2
2.7028225661211236	2.0	2	2
2.802927105607091	2.0	2	2
2.9030316450930584	2.0	2	2
3.0031361845790263	2.0	2	2
3.1032407240649937	2.0	2	2
3.203345263550961	2.0	2	2
3.3034498030369286	2.0	2	2
3.403554342522896	2.0	2	2
3.503658882008864	2.0	2	2
3.6037634214948313	4.0	4	4
3.7038679609807987	4.0	4	4
3.8039725004667666	4.0	4	4
3.904077039952734	4.0	4	4
4.0041815794387015	4.0	4	4
4.104286118924669	4.0	4	4
4.204390658410636	4.0	4	4
4.304495197896604	4.0	4	4
4.404599737382572	4.0	4	4
4.504704276868539	4.0	4	4
4.604808816354507	4.0	4	4
4.704913355840474	4.0	4	4
4.805017895326442	4.0	4	4
4.90512243481241	4.0	4	4
5.005226974298377	4.0	4	4
5.1053315137843445	4.0	4	4
5.2054360532703114	4.0	4	4
5.305540592756279	4.0	4	4
5.405645132242247	4.0	4	4
5.505749671728214	4.0	4	4
5.605854211214182	4.0	4	4
5.70595875070015	4.0	4	4
5.806063290186117	4.0	4	4
5.906167829672085	4.0	4	4
6.006272369158053	4.0	4	4
6.10637690864402	4.0	4	4
6.2064814481299875	4.0	4	4
6.3065859876159545	4.0	4	4
6.406690527101922	4.0	4	4
6.50679506658789	4.0	4	4
6.606899606073857	4.0	4	4
6.707004145559825	4.0	4	4
6.807108685045792	4.0	4	4
6.90721322453176	4.0	4	4
7.007317764017728	4.0	4	4
7.107422303503695	4.0	4	4
7.207526842989663	4.0	4	4
7.3076313824756305	4.0	4	4
7.4077359219615975	4.0	4	4
7.507840461447565	4.0	4	4
7.607945000933533	4.0	4	4
7.7080495404195	4.0	4	4
7.808154079905468	4.0	4	4
7.908258619391435	4.0	4	4
8.008363158877403	4.0	4	4
8.10846769836337	4.0	4	4
8.208572237849339	4.0	4	4
8.308676777335306	4.0	4	4
8.408781316821273	4.0	4	4
8.508885856307241	4.0	4	4
8.608990395793208	4.0	4	4
8.709094935279175	4.0	4	4
8.809199474765144	4.0	4	4
8.909304014251111	4.0	4	4
9.009408553737078	4.0	4	4
9.109513093223045	4.0	4	4
9.209617632709014	4.0	4	4
9.30972217219498	4.0	4	4
9.409826711680948	4.0	4	4
9.509931251166917	4.0	4	4
9.610035790652883	4.0	4	4
9.71014033013885	4.0	4	4
9.81024486962482	4.0	4	4
9.910349409110786	4.0	4	4
10.010453948596753	4.0	4	4
10.110558488082722	4.0	4	4
10.210663027568689	4.0	4	4
10.310767567054656	4.0	4	4
10.410872106540623	4.0	4	4
10.510976646026592	4.0	4	4
10.611081185512559	4.0	4	4
10.711185724998526	4.0	4	4
10.811290264484494	4.0	4	4
10.911394803970461	4.0	4	4
11.011499343456428	4.0	4	4
11.111603882942397	4.0	4	4
11.211708422428364	4.0	4	4
11.311812961914331	4.0	4	4
11.4119175014003	4.0	4	4
11.512022040886267	4.0	4	4
11.612126580372234	4.0	4	4
11.712231119858203	4.0	4	4
11.81233565934417	4.0	4	4
11.912440198830136	4.0	4	4
12.012544738316105	4.0	4	4
12.112649277802072	4.0	4	4
12.21275381728804	4.0	4	4
12.312858356774006	4.0	4	4
12.412962896259975	4.0	4	4
12.513067435745942	4.0	4	4
12.613171975231909	4.0	4	4
12.713276514717878	4.0	4	4
12.813381054203845	4.0	4	4
12.913485593689812	4.0	4	4
13.01359013317578	4.0	4	4
13.113694672661747	4.0	4	4
13.213799212147714	4.0	4	4
13.313903751633683	4.0	4	4
13.41400829111965	4.0	4	4
13.514112830605617	4.0	4	4
13.614217370091584	4.0	4	4
13.714321909577553	4.0	4	4
13.81442644906352	4.0	4	4
13.914530988549487	4.0	4	4
14.014635528035456	4.0	4	4
14.114740067521423	4.0	4	4
14.21484460700739	4.0	4	4
14.314949146493358	4.0	4	4
14.415053685979325	4.0	4	4
14.515158225465292	4.0	4	4
14.615262764951261	4.0	4	4
14.715367304437228	4.0	4	4
14.815471843923195	4.0	4	4
14.915576383409164	4.0	4	4
15.01568092289513	4.0	4	4
15.115785462381098	4.0	4	4
15.215890001867066	4.0	4	4
15.315994541353033	4.0	4	4
15.416099080839	4.0	4	4
15.516203620324967	4.0	4	4
15.616308159810936	4.0	4	4
15.716412699296903	4.0	4	4
15.81651723878287	4.0	4	4
15.916621778268839	4.0	4	4
16.016726317754806	4.0	4	4
16.116830857240775	4.0	4	4
16.21693539672674	4.0	4	4
16.31703993621271	4.0	4	4
16.417144475698677	4.0	4	4
16.517249015184643	4.0	4	4
16.61735355467061	4.0	4	4
16.71745809415658	5.0	5	5
16.817562633642545	5.0	5	5
16.917667173128514	5.0	5	5
17.017771712614483	5.0	5	5
17.117876252100448	5.0	5	5
17.217980791586417	5.0	5	5
17.318085331072385	5.0	5	5
17.41818987055835	5.0	5	5
17.51829441004432	5.0	5	5
17.618398949530288	5.0	5	5
17.718503489016253	5.0	5	5
17.818608028502222	5.0	5	5
17.918712567988187	5.0	5	5
18.018817107474156	5.0	5	5
18.118921646960125	5.0	5	5
18.21902618644609	5.0	5	5
18.31913072593206	5.0	5	5
18.419235265418028	5.0	5	5
18.519339804903993	5.0	5	5
18.61944434438996	5.0	5	5
18.71954888387593	5.0	5	5
18.819653423361896	5.0	5	5
18.919757962847864	5.0	5	5
19.019862502333833	5.0	5	5
19.1199670418198	5.0	5	5
19.220071581305767	5.0	5	5
19.320176120791736	5.0	5	5
19.4202806602777	5.0	5	5
19.52038519976367	5.0	5	5
19.62048973924964	5.0	5	5
19.720594278735604	5.0	5	5
19.820698818221572	5.0	5	5
19.92080335770754	5.0	5	5
20.020907897193506	5.0	5	5
20.121012436679475	5.0	5	5
20.221116976165444	5.0	5	5
20.32122151565141	5.0	5	5
20.421326055137378	5.0	5	5
20.521430594623347	5.0	5	5
20.621535134109312	5.0	5	5
20.72163967359528	5.0	5	5
20.821744213081246	5.0	5	5
20.921848752567215	5.0	5	5
21.021953292053183	5.0	5	5
21.12205783153915	5.0	5	5
21.222162371025117	4.0	4	4
21.322266910511086	4.0	4	4
21.42237144999705	4.0	4	4
21.52247598948302	4.0	4	4
21.62258052896899	4.0	4	4
21.722685068454954	4.0	4	4
21.822789607940923	4.0	4	4
21.92289414742689	4.0	4	4
22.022998686912857	4.0	4	4
22.123103226398825	4.0	4	4
22.223207765884794	4.0	4	4
22.32331230537076	3.0	3	3
22.423416844856728	3.0	3	3
22.523521384342697	3.0	3	3
22.623625923828662	3.0	3	3
22.72373046331463	3.0	3	3
22.8238350028006	3.0	3	3
22.923939542286565	3.0	3	3
23.024044081772534	3.0	3	3
23.124148621258502	3.0	3	3
23.224253160744468	3.0	3	3
23.324357700230436	3.0	3	3
23.424462239716405	3.0	3	3
23.52456677920237	3.0	3	3
23.62467131868834	3.0	3	3
23.724775858174308	3.0	3	3
23.824880397660273	3.0	3	3
23.92498493714624	3.0	3	3
24.02508947663221	2.0	2	2
24.125194016118176	2.0	2	2
24.225298555604144	2.0	2	2
24.32540309509011	2.0	2	2
24.42550763457608	2.0	2	2
24.525612174062047	2.0	2	2
24.625716713548012	2.0	2	2
24.72582125303398	2.0	2	2
24.82592579251995	2.0	2	2
24.926030332005915	2.0	2	2
25.026134871491884	2.0	2	2
25.126239410977853	2.0	2	2
25.226343950463818	2.0	2	2
25.326448489949787	2.0	2	2
25.426553029435755	2.0	2	2
25.52665756892172	2.0	2	2
25.62676210840769	2.0	2	2
25.726866647893658	2.0	2	2
25.826971187379623	2.0	2	2
25.927075726865592	2.0	2	2
26.02718026635156	2.0	2	2
26.127284805837526	2.0	2	2
26.227389345323495	2.0	2	2
26.327493884809464	2.0	2	2
26.42759842429543	2.0	2	2
26.527702963781397	2.0	2	2
26.627807503267366	2.0	2	2
26.72791204275333	2.0	2	2
26.8280165822393	2.0	2	2
26.92812112172527	2.0	2	2
27.028225661211234	2.0	2	2
27.128330200697203	2.0	2	2
27.228434740183168	2.0	2	2
27.328539279669137	2.0	2	2
27.428643819155106	2.0	2	2
27.52874835864107	2.0	2	2
27.62885289812704	2.0	2	2
27.72895743761301	2.0	2	2
27.829061977098974	2.0	2	2
27.929166516584942	2.0	2	2
28.02927105607091	2.0	2	2
28.129375595556876	2.0	2	2
28.229480135042845	2.0	2	2
28.329584674528814	2.0	2	2
28.42968921401478	2.0	2	2
28.529793753500748	2.0	2	2
28.629898292986717	2.0	2	2
28.73000283247268	2.0	2	2
28.83010737195865	1.0	1	1
28.93021191144462	1.0	1	1
29.030316450930584	1.0	1	1
29.130420990416553	1.0	1	1
29.230525529902522	0.0	0	0
29.330630069388487	0.0	0	0
29.430734608874456	0.0	0	0
29.530839148360425	0.0	0	0
29.63094368784639	0.0	0	0
29.73104822733236	0.0	0	0
29.831152766818327	0.0	0	0
29.931257306304293	0.0	0	0
30.03136184579026	0.0	0	0
30.13146638527623	0.0	0	0
30.231570924762195	0.0	0	0
30.331675464248164	0.0	0	0
30.431780003734133	0.0	0	0
30.531884543220098	0.0	0	0
30.631989082706067	0.0	0	0
30.732093622192032	0.0	0	0
30.832198161678	0.0	0	0
30.93230270116397	0.0	0	0
31.032407240649935	0.0	0	0
31.132511780135903	0.0	0	0
31.232616319621872	0.0	0	0
31.332720859107837	0.0	0	0
31.432825398593806	0.0	0	0
31.532929938079775	0.0	0	0
31.63303447756574	0.0	0	0
31.73313901705171	0.0	0	0
31.833243556537678	0.0	0	0
31.933348096023643	0.0	0	0
32.03345263550961	0.0	0	0
32.13355717499558	0.0	0	0
32.23366171448155	0.0	0	0
32.33376625396751	0.0	0	0
32.43387079345348	0.0	0	0
32.53397533293945	0.0	0	0
32.63407987242542	0.0	0	0
32.734184411911386	0.0	0	0
32.834288951397355	0.0	0	0
32.934393490883316	0.0	0	0
33.034498030369285	0.0	0	0
33.134602569855254	0.0	0	0
33.23470710934122	0.0	0	0
33.33481164882719	1.0	1	1
33.43491618831316	1.0	1	1
33.53502072779912	1.0	1	1
33.63512526728509	1.0	1	1
33.73522980677106	1.0	1	1
33.83533434625703	1.0	1	1
33.935438885743	1.0	1	1
34.035543425228965	1.0	1	1
34.13564796471493	1.0	1	1
34.235752504200896	1.0	1	1
34.335857043686865	1.0	1	1
34.43596158317283	1.0	1	1
34.5360661226588	1.0	1	1
34.63617066214477	1.0	1	1
34.73627520163073	1.0	1	1
34.8363797411167	1.0	1	1
34.93648428060267	1.0	1	1
35.03658882008864	1.0	1	1
35.13669335957461	1.0	1	1
35.236797899060576	1.0	1	1
35.33690243854654	1.0	1	1
35.43700697803251	1.0	1	1
35.537111517518476	1.0	1	1
35.637216057004444	1.0	1	1
35.73732059649041	1.0	1	1
35.837425135976375	1.0	1	1
35.93752967546234	1.0	1	1
36.03763421494831	1.0	1	1
36.13773875443428	1.0	1	1
36.23784329392025	1.0	1	1
36.33794783340622	1.0	1	1
36.43805237289218	1.0	1	1
36.53815691237815	1.0	1	1
36.63826145186412	1.0	1	1
36.738365991350086	1.0	1	1
36.838470530836055	1.0	1	1
36.938575070322024	1.0	1	1
37.038679609807986	1.0	1	1
37.138784149293954	1.0	1	1
37.23888868877992	1.0	1	1
37.33899322826589	2.0	2	2
37.43909776775186	2.0	2	2
37.53920230723783	2.0	2	2
37.63930684672379	2.0	2	2
37.73941138620976	2.0	2	2
37.83951592569573	3.0	3	3
37.9396204651817	3.0	3	3
38.039725004667666	3.0	3	3
38.139829544153635	3.0	3	3
38.2399340836396	3.0	3	3
38.340038623125565	3.0	3	3
38.440143162611534	3.0	3	3
38.5402477020975	4.0	4	4
38.64035224158347	5.0	5	5
38.74045678106943	5.0	5	5
38.8405613205554	5.0	5	5
38.94066586004137	5.0	5	5
39.04077039952734	5.0	5	5
39.14087493901331	5.0	5	5
39.24097947849928	6.0	6	6
39.34108401798524	8.0	8	8
39.44118855747121	8.0	8	8
39.541293096957176	10.0	10	10
39.641397636443145	11.0	11	11
39.741502175929114	10.0	10	10
39.84160671541508	10.0	10	10
39.941711254901044	10.0	10	10
40.04181579438701	10.0	10	10
40.14192033387298	11.0	11	11
40.24202487335895	11.0	11	11
40.34212941284492	11.0	11	11
40.44223395233089	11.0	11	11
40.54233849181685	11.0	11	11
40.64244303130282	11.0	11	11
40.74254757078879	11.0	11	11
40.842652110274756	12.0	12	12
40.942756649760724	12.0	12	12
41.04286118924669	12.0	12	12
41.142965728732655	12.0	12	12
41.243070268218624	12.0	12	12
41.34317480770459	12.0	12	12
41.44327934719056	12.0	12	12
41.54338388667653	12.0	12	12
41.64348842616249	12.0	12	12
41.74359296564846	12.0	12	12
41.84369750513443	12.0	12	12
41.9438020446204	12.0	12	12
42.04390658410637	12.0	12	12
42.144011123592335	12.0	12	12
42.2441156630783	13.0	13	13
42.344220202564266	13.0	13	13
42.444324742050235	13.0	13	13
42.5444292815362	13.0	13	13
42.64453382102217	13.0	13	13
42.74463836050814	13.0	13	13
42.8447428999941	13.0	13	13
42.94484743948007	13.0	13	13
43.04495197896604	13.0	13	13
43.14505651845201	13.0	13	13
43.24516105793798	13.0	13	13
43.345265597423946	13.0	13	13
43.44537013690991	13.0	13	13
43.54547467639588	13.0	13	13
43.645579215881845	13.0	13	13
43.745683755367814	13.0	13	13
43.84578829485378	13.0	13	13
43.94589283433975	13.0	13	13
44.04599737382571	13.0	13	13
44.14610191331168	13.0	13	13
44.24620645279765	13.0	13	13
44.34631099228362	13.0	13	13
44.44641553176959	13.0	13	13
44.54652007125556	13.0	13	13
44.64662461074152	13.0	13	13
44.74672915022749	13.0	13	13
44.846833689713456	13.0	13	13
44.946938229199425	13.0	13	13
45.047042768685394	13.0	13	13
45.147147308171355	13.0	13	13
45.247251847657324	12.0	12	12
45.34735638714329	13.0	13	13
45.44746092662926	13.0	13	13
45.54756546611523	13.0	13	13
45.6476700056012	13.0	13	13
45.74777454508716	13.0	13	13
45.84787908457313	13.0	13	13
45.9479836240591	13.0	13	13
46.04808816354507	13.0	13	13
46.148192703031036	13.0	13	13
46.248297242517005	13.0	13	13
46.348401782002966	13.0	13	13
46.448506321488935	13.0	13	13
46.548610860974904	13.0	13	13
46.64871540046087	13.0	13	13
46.74881993994684	13.0	13	13
46.84892447943281	13.0	13	13
46.94902901891877	13.0	13	13
47.04913355840474	13.0	13	13
47.14923809789071	13.0	13	13
47.24934263737668	14.0	14	14
47.34944717686265	14.0	14	14
47.449551716348616	14.0	14	14
47.54965625583458	14.0	14	14
47.649760795320546	14.0	14	14
47.749865334806515	14.0	14	14
47.84996987429248	14.0	14	14
47.95007441377845	14.0	14	14
48.05017895326442	15.0	15	15
48.15028349275038	15.0	15	15
48.25038803223635	15.0	15	15
48.35049257172232	15.0	15	15
48.45059711120829	14.0	14	14
48.55070165069426	14.0	14	14
48.65080619018022	14.0	14	14
48.75091072966619	14.0	14	14
48.85101526915216	14.0	14	14
48.951119808638126	15.0	15	15
49.051224348124094	16.0	16	16
49.15132888761006	16.0	16	16
49.251433427096025	15.0	15	15
49.35153796658199	15.0	15	15
49.45164250606796	15.0	15	15
49.55174704555393	16.0	16	16
49.6518515850399	16.0	16	16
49.75195612452587	16.0	16	16
49.85206066401183	16.0	16	16
49.9521652034978	16.0	16	16
50.05226974298377	16.0	16	16
50.15237428246974	16.0	16	16
50.252478821955705	17.0	17	17
50.352583361441674	17.0	17	17
50.452687900927636	17.0	17	17
50.552792440413604	17.0	17	17
50.65289697989957	17.0	17	17
50.75300151938554	17.0	17	17
50.85310605887151	17.0	17	17
50.95321059835748	16.0	16	16
51.05331513784344	16.0	16	16
51.15341967732941	15.0	15	15
51.25352421681538	15.0	15	15
51.35362875630135	15.0	15	15
51.453733295787316	14.0	14	14
51.55383783527328	13.0	13	13
51.65394237475925	13.0	13	13
51.754046914245215	13.0	13	13
51.854151453731184	13.0	13	13
51.95425599321715	13.0	13	13
52.05436053270312	13.0	13	13
52.15446507218908	13.0	13	13
52.25456961167505	13.0	13	13
52.35467415116102	13.0	13	13
52.45477869064699	13.0	13	13
52.55488323013296	13.0	13	13
52.65498776961893	13.0	13	13
52.75509230910489	13.0	13	13
52.85519684859086	13.0	13	13
52.955301388076826	13.0	13	13
53.055405927562795	13.0	13	13
53.155510467048764	12.0	12	12
53.25561500653473	12.0	12	12
53.355719546020694	11.0	11	11
53.45582408550666	11.0	11	11
53.55592862499263	11.0	11	11
53.6560331644786	11.0	11	11
53.75613770396457	11.0	11	11
53.85624224345054	11.0	11	11
53.9563467829365	11.0	11	11
54.05645132242247	11.0	11	11
54.15655586190844	11.0	11	11
54.256660401394406	11.0	11	11
54.356764940880375	11.0	11	11
54.456869480366336	11.0	11	11
54.556974019852305	11.0	11	11
54.657078559338274	11.0	11	11
54.75718309882424	11.0	11	11
54.85728763831021	11.0	11	11
54.95739217779618	11.0	11	11
55.05749671728214	11.0	11	11
55.15760125676811	11.0	11	11
55.25770579625408	10.0	10	10
55.35781033574005	9.0	9	9
55.45791487522602	10.0	10	10
55.558019414711985	12.0	12	12
55.65812395419795	13.0	13	13
55.758228493683916	12.0	12	12
55.858333033169885	11.0	11	11
55.95843757265585	10.0	10	10
56.05854211214182	10.0	10	10
56.15864665162779	11.0	11	11
56.25875119111375	11.0	11	11
56.35885573059972	11.0	11	11
56.45896027008569	11.0	11	11
56.55906480957166	11.0	11	11
56.65916934905763	11.0	11	11
56.759273888543596	11.0	11	11
56.85937842802956	10.0	10	10
56.95948296751553	10.0	10	10
57.059587507001496	9.0	9	9
57.159692046487464	9.0	9	9
57.25979658597343	7.0	7	7
57.3599011254594	7.0	7	7
57.46000566494536	6.0	6	6
57.56011020443133	6.0	6	6
57.6602147439173	5.0	5	5
57.76031928340327	6.0	6	6
57.86042382288924	6.0	6	6
57.9605283623752	6.0	6	6
58.06063290186117	6.0	6	6
58.16073744134714	6.0	6	6
58.260841980833106	6.0	6	6
58.360946520319075	6.0	6	6
58.461051059805044	6.0	6	6
58.561155599291006	6.0	6	6
58.661260138776974	7.0	7	7
58.76136467826294	8.0	8	8
58.86146921774891	8.0	8	8
58.96157375723488	7.0	7	7
59.06167829672085	7.0	7	7
59.16178283620681	7.0	7	7
59.26188737569278	5.0	5	5
59.36199191517875	6.0	6	6
59.46209645466472	6.0	6	6
59.562200994150686	6.0	6	6
59.662305533636655	6.0	6	6
59.762410073122616	5.0	5	5
59.862514612608585	4.0	4	4
59.962619152094554	4.0	4	4
60.06272369158052	4.0	4	4
60.16282823106649	4.0	4	4
60.26293277055246	4.0	4	4
60.36303731003842	5.0	5	5
60.46314184952439	5.0	5	5
60.56324638901036	5.0	5	5
60.66335092849633	5.0	5	5
60.7634554679823	5.0	5	5
60.863560007468266	5.0	5	5
60.96366454695423	6.0	6	6
61.063769086440196	6.0	6	6
61.163873625926165	6.0	6	6
61.263978165412134	6.0	6	6
61.3640827048981	6.0	6	6
61.464187244384064	6.0	6	6
61.56429178387003	6.0	6	6
61.664396323356	6.0	6	6
61.76450086284197	6.0	6	6
61.86460540232794	6.0	6	6
61.96470994181391	7.0	7	7
62.06481448129987	7.0	7	7
62.16491902078584	7.0	7	7
62.26502356027181	7.0	7	7
62.365128099757776	7.0	7	7
62.465232639243744	7.0	7	7
62.56533717872971	7.0	7	7
62.665441718215675	7.0	7	7
62.765546257701644	7.0	7	7
62.86565079718761	7.0	7	7
62.96575533667358	7.0	7	7
63.06585987615955	7.0	7	7
63.16596441564552	7.0	7	7
63.26606895513148	7.0	7	7
63.36617349461745	7.0	7	7
63.46627803410342	7.0	7	7
63.56638257358939	7.0	7	7
63.666487113075355	7.0	7	7
63.766591652561324	7.0	7	7
63.866696192047286	7.0	7	7
63.966800731533255	7.0	7	7
64.06690527101922	7.0	7	7
64.16700981050519	7.0	7	7
64.26711434999116	7.0	7	7
64.36721888947713	7.0	7	7
64.4673234289631	7.0	7	7
64.56742796844907	7.0	7	7
64.66753250793502	7.0	7	7
64.76763704742099	7.0	7	7
64.86774158690696	7.0	7	7
64.96784612639293	7.0	7	7
65.0679506658789	7.0	7	7
65.16805520536487	8.0	8	8
65.26815974485083	9.0	9	9
65.3682642843368	12.0	12	12
65.46836882382277	13.0	13	13
65.56847336330874	14.0	14	14
65.66857790279471	14.0	14	14
65.76868244228068	14.0	14	14
65.86878698176663	14.0	14	14
65.9688915212526	14.0	14	14
66.06899606073857	16.0	16	16
66.16910060022454	16.0	16	16
66.26920513971051	18.0	18	18
66.36930967919648	17.0	17	17
66.46941421868245	19.0	19	19
66.56951875816841	19.0	19	19
66.66962329765438	19.0	19	19
66.76972783714035	19.0	19	19
66.86983237662632	18.0	18	18
66.96993691611229	18.0	18	18
67.07004145559824	18.0	18	18
67.17014599508421	18.0	18	18
67.27025053457018	18.0	18	18
67.37035507405615	18.0	18	18
67.47045961354212	18.0	18	18
67.57056415302809	18.0	18	18
67.67066869251406	18.0	18	18
67.77077323200002	19.0	19	19
67.870877771486	19.0	19	19
67.97098231097196	18.0	18	18
68.07108685045793	18.0	18	18
68.17119138994389	18.0	18	18
68.27129592942985	17.0	17	17
68.37140046891582	17.0	17	17
68.47150500840179	17.0	17	17
68.57160954788776	17.0	17	17
68.67171408737373	17.0	17	17
68.7718186268597	17.0	17	17
68.87192316634567	18.0	18	18
68.97202770583164	19.0	19	19
69.0721322453176	19.0	19	19
69.17223678480357	19.0	19	19
69.27234132428954	19.0	19	19
69.3724458637755	19.0	19	19
69.47255040326147	19.0	19	19
69.57265494274743	20.0	20	20
69.6727594822334	20.0	20	20
69.77286402171937	19.0	19	19
69.87296856120534	19.0	19	19
69.97307310069131	19.0	19	19
70.07317764017728	19.0	19	19
70.17328217966325	19.0	19	19
70.27338671914922	19.0	19	19
70.37349125863518	21.0	21	21
70.47359579812115	19.0	19	19
70.57370033760711	18.0	18	18
70.67380487709308	18.0	18	18
70.77390941657904	18.0	18	18
70.87401395606501	17.0	17	17
70.97411849555098	17.0	17	17
71.07422303503695	18.0	18	18
71.17432757452292	18.0	18	18
71.27443211400889	18.0	18	18
71.37453665349486	18.0	18	18
71.47464119298083	17.0	17	17
71.5747457324668	16.0	16	16
71.67485027195275	17.0	17	17
71.77495481143872	17.0	17	17
71.87505935092469	17.0	17	17
71.97516389041066	17.0	17	17
72.07526842989662	17.0	17	17
72.1753729693826	17.0	17	17
72.27547750886856	18.0	18	18
72.37558204835453	18.0	18	18
72.4756865878405	18.0	18	18
72.57579112732647	18.0	18	18
72.67589566681244	18.0	18	18
72.7760002062984	17.0	17	17
72.87610474578436	17.0	17	17
72.97620928527033	16.0	16	16
73.0763138247563	14.0	14	14
73.17641836424227	13.0	13	13
73.27652290372824	14.0	14	14
73.3766274432142	14.0	14	14
73.47673198270017	14.0	14	14
73.57683652218614	14.0	14	14
73.67694106167211	14.0	14	14
73.77704560115808	14.0	14	14
73.87715014064405	14.0	14	14
73.97725468013	14.0	14	14
74.07735921961597	14.0	14	14
74.17746375910194	14.0	14	14
74.27756829858791	14.0	14	14
74.37767283807388	14.0	14	14
74.47777737755985	14.0	14	14
74.57788191704581	14.0	14	14
74.67798645653178	14.0	14	14
74.77809099601775	14.0	14	14
74.87819553550372	14.0	14	14
74.97830007498969	14.0	14	14
75.07840461447566	14.0	14	14
75.17850915396161	14.0	14	14
75.27861369344758	14.0	14	14
75.37871823293355	14.0	14	14
75.47882277241952	14.0	14	14
75.57892731190549	14.0	14	14
75.67903185139146	14.0	14	14
75.77913639087743	14.0	14	14
75.8792409303634	14.0	14	14
75.97934546984936	14.0	14	14
76.07945000933533	14.0	14	14
76.1795545488213	14.0	14	14
76.27965908830727	14.0	14	14
76.37976362779322	14.0	14	14
76.4798681672792	14.0	14	14
76.57997270676516	15.0	15	15
76.68007724625113	15.0	15	15
76.7801817857371	14.0	14	14
76.88028632522307	14.0	14	14
76.98039086470904	14.0	14	14
77.080495404195	14.0	14	14
77.18059994368097	14.0	14	14
77.28070448316694	14.0	14	14
77.38080902265291	14.0	14	14
77.48091356213887	14.0	14	14
77.58101810162484	14.0	14	14
77.6811226411108	14.0	14	14
77.78122718059677	13.0	13	13
77.88133172008274	13.0	13	13
77.98143625956871	13.0	13	13
78.08154079905468	13.0	13	13
78.18164533854065	13.0	13	13
78.28174987802662	13.0	13	13
78.38185441751259	12.0	12	12
78.48195895699855	12.0	12	12
78.58206349648452	12.0	12	12
78.68216803597048	12.0	12	12
78.78227257545645	12.0	12	12
78.88237711494241	12.0	12	12
78.98248165442838	12.0	12	12
79.08258619391435	11.0	11	11
79.18269073340032	11.0	11	11
79.28279527288629	11.0	11	11
79.38289981237226	11.0	11	11
79.48300435185823	11.0	11	11
79.5831088913442	10.0	10	10
79.68321343083016	10.0	10	10
79.78331797031613	10.0	10	10
79.88342250980209	10.0	10	10
79.98352704928806	10.0	10	10
80.08363158877403	10.0	10	10
80.18373612826	11.0	11	11
80.28384066774596	11.0	11	11
80.38394520723193	11.0	11	11
80.4840497467179	11.0	11	11
80.58415428620387	11.0	11	11
80.68425882568984	11.0	11	11
80.7843633651758	11.0	11	11
80.88446790466178	11.0	11	11
80.98457244414773	11.0	11	11
81.0846769836337	10.0	10	10
81.18478152311967	10.0	10	10
81.28488606260564	10.0	10	10
81.3849906020916	10.0	10	10
81.48509514157757	10.0	10	10
81.58519968106354	10.0	10	10
81.68530422054951	10.0	10	10
81.78540876003548	10.0	10	10
81.88551329952145	10.0	10	10
81.98561783900742	10.0	10	10
82.08572237849339	10.0	10	10
82.18582691797934	10.0	10	10
82.28593145746531	9.0	9	9
82.38603599695128	9.0	9	9
82.48614053643725	10.0	10	10
82.58624507592322	10.0	10	10
82.68634961540918	10.0	10	10
82.78645415489515	10.0	10	10
82.88655869438112	10.0	10	10
82.98666323386709	11.0	11	11
83.08676777335306	11.0	11	11
83.18687231283903	11.0	11	11
83.28697685232498	11.0	11	11
83.38708139181095	10.0	10	10
83.48718593129692	10.0	10	10
83.58729047078289	10.0	10	10
83.68739501026886	11.0	11	11
83.78749954975483	13.0	13	13
83.8876040892408	12.0	12	12
83.98770862872676	11.0	11	11
84.08781316821273	11.0	11	11
84.1879177076987	11.0	11	11
84.28802224718467	12.0	12	12
84.38812678667064	12.0	12	12
84.4882313261566	11.0	11	11
84.58833586564256	11.0	11	11
84.68844040512853	11.0	11	11
84.7885449446145	11.0	11	11
84.88864948410047	11.0	11	11
84.98875402358644	12.0	12	12
85.0888585630724	12.0	12	12
85.18896310255838	11.0	11	11
85.28906764204434	10.0	10	10
85.38917218153031	10.0	10	10
85.48927672101628	10.0	10	10
85.58938126050225	10.0	10	10
85.6894857999882	10.0	10	10
85.78959033947417	9.0	9	9
85.88969487896014	9.0	9	9
85.98979941844611	9.0	9	9
86.08990395793208	9.0	9	9
86.19000849741805	9.0	9	9
86.29011303690402	9.0	9	9
86.39021757638999	7.0	7	7
86.49032211587595	6.0	6	6
86.59042665536192	6.0	6	6
86.69053119484789	6.0	6	6
86.79063573433385	5.0	5	5
86.89074027381982	5.0	5	5
86.99084481330578	5.0	5	5
87.09094935279175	5.0	5	5
87.19105389227772	5.0	5	5
87.29115843176369	5.0	5	5
87.39126297124966	5.0	5	5
87.49136751073563	5.0	5	5
87.5914720502216	5.0	5	5
87.69157658970757	5.0	5	5
87.79168112919353	5.0	5	5
87.8917856686795	5.0	5	5
87.99189020816546	5.0	5	5
88.09199474765143	5.0	5	5
88.1920992871374	5.0	5	5
88.29220382662336	5.0	5	5
88.39230836610933	5.0	5	5
88.4924129055953	5.0	5	5
88.59251744508127	6.0	6	6
88.69262198456724	6.0	6	6
88.79272652405321	5.0	5	5
88.89283106353918	5.0	5	5
88.99293560302515	5.0	5	5
89.09304014251111	5.0	5	5
89.19314468199707	5.0	5	5
89.29324922148304	5.0	5	5
89.393353760969	6.0	6	6
89.49345830045498	6.0	6	6
89.59356283994094	6.0	6	6
89.69366737942691	6.0	6	6
89.79377191891288	6.0	6	6
89.89387645839885	7.0	7	7
89.99398099788482	8.0	8	8
90.09408553737079	8.0	8	8
90.19419007685676	8.0	8	8
90.29429461634271	8.0	8	8
90.39439915582868	8.0	8	8
90.49450369531465	8.0	8	8
90.59460823480062	7.0	7	7
90.69471277428659	6.0	6	6
90.79481731377255	6.0	6	6
90.89492185325852	6.0	6	6
90.99502639274449	5.0	5	5
91.09513093223046	5.0	5	5
91.19523547171643	5.0	5	5
91.2953400112024	5.0	5	5
91.39544455068837	5.0	5	5
91.49554909017432	7.0	7	7
91.59565362966029	7.0	7	7
91.69575816914626	7.0	7	7
91.79586270863223	7.0	7	7
91.8959672481182	7.0	7	7
91.99607178760417	7.0	7	7
92.09617632709013	7.0	7	7
92.1962808665761	7.0	7	7
92.29638540606207	7.0	7	7
92.39648994554804	7.0	7	7
92.49659448503401	6.0	6	6
92.59669902451998	5.0	5	5
92.69680356400593	3.0	3	3
92.7969081034919	3.0	3	3
92.89701264297787	3.0	3	3
92.99711718246384	3.0	3	3
93.09722172194981	3.0	3	3
93.19732626143578	3.0	3	3
93.29743080092175	3.0	3	3
93.39753534040771	3.0	3	3
93.49763987989368	3.0	3	3
93.59774441937965	3.0	3	3
93.69784895886562	3.0	3	3
93.79795349835157	3.0	3	3
93.89805803783754	3.0	3	3
93.99816257732351	4.0	4	4
94.09826711680948	5.0	5	5
94.19837165629545	5.0	5	5
94.29847619578142	5.0	5	5
94.39858073526739	5.0	5	5
94.49868527475336	5.0	5	5
94.59878981423932	6.0	6	6
94.6988943537253	6.0	6	6
94.79899889321126	6.0	6	6
94.89910343269723	5.0	5	5
94.99920797218319	7.0	7	7
95.09931251166915	6.0	6	6
95.19941705115512	6.0	6	6
95.29952159064109	6.0	6	6
95.39962613012706	6.0	6	6
95.49973066961303	7.0	7	7
95.599835209099	7.0	7	7
95.69993974858497	5.0	5	5
95.80004428807094	5.0	5	5
95.9001488275569	5.0	5	5
96.00025336704287	3.0	3	3
96.10035790652884	3.0	3	3
96.2004624460148	3.0	3	3
96.30056698550077	3.0	3	3
96.40067152498673	3.0	3	3
96.5007760644727	3.0	3	3
96.60088060395867	3.0	3	3
96.70098514344464	3.0	3	3
96.80108968293061	3.0	3	3
96.90119422241658	3.0	3	3
97.00129876190255	3.0	3	3
97.10140330138852	3.0	3	3
97.20150784087448	3.0	3	3
97.30161238036044	3.0	3	3
97.40171691984641	3.0	3	3
97.50182145933238	3.0	3	3
97.60192599881834	3.0	3	3
97.70203053830431	3.0	3	3
97.80213507779028	4.0	4	4
97.90223961727625	4.0	4	4
98.00234415676222	4.0	4	4
98.10244869624819	4.0	4	4
98.20255323573416	4.0	4	4
98.30265777522013	4.0	4	4
98.4027623147061	4.0	4	4
98.50286685419205	4.0	4	4
98.60297139367802	4.0	4	4
98.70307593316399	4.0	4	4
98.80318047264996	3.0	3	3
98.90328501213592	3.0	3	3
99.0033895516219	3.0	3	3
99.10349409110786	3.0	3	3
99.20359863059383	3.0	3	3
99.3037031700798	3.0	3	3
99.40380770956577	4.0	4	4
99.50391224905174	5.0	5	5
99.60401678853769	5.0	5	5
99.70412132802366	5.0	5	5
99.80422586750963	5.0	5	5
99.9043304069956	5.0	5	5
100.00443494648157	6.0	6	6
100.10453948596754	6.0	6	6
100.2046440254535	6.0	6	6
100.30474856493947	6.0	6	6
100.40485310442544	6.0	6	6
100.50495764391141	6.0	6	6
100.60506218339738	6.0	6	6
100.70516672288335	6.0	6	6
100.8052712623693	6.0	6	6
100.90537580185527	5.0	5	5
101.00548034134124	5.0	5	5
101.10558488082721	5.0	5	5
101.20568942031318	5.0	5	5
101.30579395979915	5.0	5	5
101.40589849928512	5.0	5	5
101.50600303877108	5.0	5	5
101.60610757825705	5.0	5	5
101.70621211774302	5.0	5	5
101.80631665722899	5.0	5	5
101.90642119671496	5.0	5	5
102.00652573620091	5.0	5	5
102.10663027568688	5.0	5	5
102.20673481517285	5.0	5	5
102.30683935465882	5.0	5	5
102.40694389414479	5.0	5	5
102.50704843363076	5.0	5	5
102.60715297311673	5.0	5	5
102.7072575126027	5.0	5	5
102.80736205208866	5.0	5	5
102.90746659157463	5.0	5	5
103.0075711310606	5.0	5	5
103.10767567054656	5.0	5	5
103.20778021003252	5.0	5	5
103.3078847495185	5.0	5	5
103.40798928900446	5.0	5	5
103.50809382849043	5.0	5	5
103.6081983679764	5.0	5	5
103.70830290746237	5.0	5	5
103.80840744694834	5.0	5	5
103.9085119864343	5.0	5	5
104.00861652592027	5.0	5	5
104.10872106540624	5.0	5	5
104.20882560489221	5.0	5	5
104.30893014437817	5.0	5	5
104.40903468386414	5.0	5	5
104.5091392233501	5.0	5	5
104.60924376283607	5.0	5	5
104.70934830232204	5.0	5	5
104.80945284180801	5.0	5	5
104.90955738129398	5.0	5	5
105.00966192077995	5.0	5	5
105.10976646026592	5.0	5	5
105.20987099975189	5.0	5	5
105.30997553923785	5.0	5	5
105.41008007872382	5.0	5	5
105.51018461820978	5.0	5	5
105.61028915769575	5.0	5	5
105.71039369718171	5.0	5	5
105.81049823666768	5.0	5	5
105.91060277615365	5.0	5	5
106.01070731563962	5.0	5	5
106.11081185512559	5.0	5	5
106.21091639461156	5.0	5	5
106.31102093409753	5.0	5	5
106.4111254735835	5.0	5	5
106.51123001306946	5.0	5	5
106.61133455255542	5.0	5	5
106.71143909204139	5.0	5	5
106.81154363152736	5.0	5	5
106.91164817101333	5.0	5	5
107.0117527104993	5.0	5	5
107.11185724998526	5.0	5	5
107.21196178947123	5.0	5	5
107.3120663289572	5.0	5	5
107.41217086844317	5.0	5	5
107.51227540792914	4.0	4	4
107.6123799474151	4.0	4	4
107.71248448690108	4.0	4	4
107.81258902638703	4.0	4	4
107.912693565873	4.0	4	4
108.01279810535897	4.0	4	4
108.11290264484494	4.0	4	4
108.2130071843309	4.0	4	4
108.31311172381687	4.0	4	4
108.41321626330284	4.0	4	4
108.51332080278881	4.0	4	4
108.61342534227478	4.0	4	4
108.71352988176075	4.0	4	4
108.81363442124672	4.0	4	4
108.91373896073267	4.0	4	4
109.01384350021864	4.0	4	4
109.11394803970461	4.0	4	4
109.21405257919058	4.0	4	4
109.31415711867655	4.0	4	4
109.41426165816252	4.0	4	4
109.51436619764849	4.0	4	4
109.61447073713445	4.0	4	4
109.71457527662042	4.0	4	4
109.81467981610639	4.0	4	4
109.91478435559236	4.0	4	4
110.01488889507833	4.0	4	4
110.11499343456428	4.0	4	4
110.21509797405025	4.0	4	4
110.31520251353622	4.0	4	4
110.41530705302219	4.0	4	4
110.51541159250816	4.0	4	4
110.61551613199413	4.0	4	4
110.7156206714801	4.0	4	4
110.81572521096606	4.0	4	4
110.91582975045203	4.0	4	4
111.015934289938	4.0	4	4
111.11603882942397	4.0	4	4
111.21614336890994	4.0	4	4
111.3162479083959	4.0	4	4
111.41635244788186	4.0	4	4
111.51645698736783	4.0	4	4
111.6165615268538	4.0	4	4
111.71666606633977	4.0	4	4
111.81677060582574	4.0	4	4
111.9168751453117	4.0	4	4
112.01697968479768	4.0	4	4
112.11708422428364	4.0	4	4
112.21718876376961	4.0	4	4
112.31729330325558	4.0	4	4
112.41739784274154	4.0	4	4
112.5175023822275	3.0	3	3
112.61760692171347	3.0	3	3
112.71771146119944	3.0	3	3
112.81781600068541	3.0	3	3
112.91792054017138	3.0	3	3
113.01802507965735	3.0	3	3
113.11812961914332	3.0	3	3
113.21823415862929	3.0	3	3
113.31833869811526	2.0	2	2
113.41844323760122	2.0	2	2
113.51854777708719	2.0	2	2
113.61865231657315	2.0	2	2
113.71875685605912	2.0	2	2
113.81886139554508	2.0	2	2
113.91896593503105	2.0	2	2
114.01907047451702	2.0	2	2
114.11917501400299	2.0	2	2
114.21927955348896	1.0	1	1
114.31938409297493	1.0	1	1
114.4194886324609	1.0	1	1
114.51959317194687	1.0	1	1
114.61969771143283	1.0	1	1
114.7198022509188	1.0	1	1
114.81990679040476	1.0	1	1
114.92001132989073	1.0	1	1
115.0201158693767	1.0	1	1
115.12022040886266	0.0	0	0
115.22032494834863	0.0	0	0
115.3204294878346	0.0	0	0
115.42053402732057	0.0	0	0
115.52063856680654	0.0	0	0
115.62074310629251	0.0	0	0
115.72084764577848	0.0	0	0
115.82095218526445	0.0	0	0
115.9210567247504	0.0	0	0
116.02116126423637	0.0	0	0
116.12126580372234	0.0	0	0
116.2213703432083	0.0	0	0
116.32147488269428	0.0	0	0
116.42157942218024	0.0	0	0
116.52168396166621	0.0	0	0
116.62178850115218	0.0	0	0
116.72189304063815	0.0	0	0
116.82199758012412	0.0	0	0
116.92210211961009	0.0	0	0
117.02220665909606	0.0	0	0
117.12231119858201	0.0	0	0
117.22241573806798	0.0	0	0
117.32252027755395	0.0	0	0
117.42262481703992	0.0	0	0
117.52272935652589	0.0	0	0
117.62283389601185	0.0	0	0
117.72293843549782	0.0	0	0
117.82304297498379	0.0	0	0
117.92314751446976	0.0	0	0
118.02325205395573	0.0	0	0
118.1233565934417	0.0	0	0
118.22346113292767	0.0	0	0
118.32356567241362	0.0	0	0
118.42367021189959	0.0	0	0
118.52377475138556	0.0	0	0
118.62387929087153	0.0	0	0
118.7239838303575	0.0	0	0
118.82408836984347	0.0	0	0
118.92419290932943	0.0	0	0
119.0242974488154	0.0	0	0
119.12440198830137	0.0	0	0
119.22450652778734	0.0	0	0
119.32461106727331	0.0	0	0
119.42471560675926	0.0	0	0
119.52482014624523	0.0	0	0
119.6249246857312	0.0	0	0
119.72502922521717	0.0	0	0
119.82513376470314	0.0	0	0
119.92523830418911	1.0	1	1
120.02534284367508	1.0	1	1
120.12544738316105	1.0	1	1
120.22555192264701	1.0	1	1
120.32565646213298	1.0	1	1
120.42576100161895	1.0	1	1
120.52586554110492	1.0	1	1
120.62597008059087	1.0	1	1
120.72607462007684	1.0	1	1
120.82617915956281	1.0	1	1
120.92628369904878	1.0	1	1
121.02638823853475	1.0	1	1
121.12649277802072	1.0	1	1
121.22659731750669	1.0	1	1
121.32670185699266	1.0	1	1
121.42680639647863	1.0	1	1
121.5269109359646	1.0	1	1
121.62701547545056	1.0	1	1
121.72712001493653	1.0	1	1
121.82722455442249	1.0	1	1
121.92732909390845	1.0	1	1
122.02743363339442	1.0	1	1
122.12753817288039	1.0	1	1
122.22764271236636	1.0	1	1
122.32774725185233	0.0	0	0
122.4278517913383	0.0	0	0
122.52795633082427	0.0	0	0
122.62806087031024	0.0	0	0
122.7281654097962	0.0	0	0
122.82826994928217	0.0	0	0
122.92837448876813	0.0	0	0
123.0284790282541	0.0	0	0
123.12858356774007	0.0	0	0
123.22868810722603	0.0	0	0
123.328792646712	0.0	0	0
123.42889718619797	0.0	0	0
123.52900172568394	0.0	0	0
123.62910626516991	0.0	0	0
123.72921080465588	0.0	0	0
123.82931534414185	0.0	0	0
123.92941988362782	0.0	0	0
124.02952442311378	0.0	0	0
124.12962896259974	0.0	0	0
124.22973350208571	0.0	0	0
124.32983804157168	0.0	0	0
124.42994258105765	0.0	0	0
124.53004712054361	0.0	0	0
124.63015166002958	0.0	0	0
124.73025619951555	0.0	0	0
124.83036073900152	0.0	0	0
124.93046527848749	0.0	0	0
125.03056981797346	0.0	0	0
125.13067435745943	0.0	0	0
125.23077889694538	0.0	0	0
125.33088343643135	1.0	1	1
125.43098797591732	1.0	1	1
125.53109251540329	1.0	1	1
125.63119705488926	1.0	1	1
125.73130159437522	1.0	1	1
125.8314061338612	1.0	1	1
125.93151067334716	1.0	1	1
126.03161521283313	1.0	1	1
126.1317197523191	1.0	1	1
126.23182429180507	1.0	1	1
126.33192883129104	1.0	1	1
126.43203337077699	1.0	1	1
126.53213791026296	1.0	1	1
126.63224244974893	1.0	1	1
126.7323469892349	1.0	1	1
126.83245152872087	1.0	1	1
126.93255606820684	1.0	1	1
127.0326606076928	1.0	1	1
127.13276514717877	1.0	1	1
127.23286968666474	1.0	1	1
127.33297422615071	1.0	1	1
127.43307876563668	1.0	1	1
127.53318330512265	1.0	1	1
127.6332878446086	1.0	1	1
127.73339238409457	0.0	0	0
127.83349692358054	0.0	0	0
127.93360146306651	0.0	0	0
128.0337060025525	0.0	0	0
128.13381054203845	0.0	0	0
128.2339150815244	0.0	0	0
128.33401962101038	0.0	0	0
128.43412416049634	0.0	0	0
128.53422869998232	1.0	1	1
128.63433323946828	2.0	2	2
128.73443777895426	2.0	2	2
128.8345423184402	2.0	2	2
128.9346468579262	2.0	2	2
129.03475139741215	2.0	2	2
129.13485593689813	2.0	2	2
129.2349604763841	2.0	2	2
129.33506501587004	2.0	2	2
129.43516955535603	3.0	3	3
129.53527409484198	3.0	3	3
129.63537863432796	3.0	3	3
129.73548317381392	3.0	3	3
129.8355877132999	3.0	3	3
129.93569225278586	3.0	3	3
130.03579679227184	3.0	3	3
130.1359013317578	3.0	3	3
130.23600587124378	3.0	3	3
130.33611041072973	3.0	3	3
130.4362149502157	3.0	3	3
130.53631948970167	3.0	3	3
130.63642402918762	3.0	3	3
130.7365285686736	2.0	2	2
130.83663310815956	2.0	2	2
130.93673764764554	2.0	2	2
131.0368421871315	2.0	2	2
131.13694672661748	2.0	2	2
131.23705126610344	2.0	2	2
131.33715580558942	2.0	2	2
131.43726034507537	2.0	2	2
131.53736488456136	2.0	2	2
131.6374694240473	2.0	2	2
131.73757396353326	1.0	1	1
131.83767850301925	1.0	1	1
131.9377830425052	1.0	1	1
132.03788758199119	1.0	1	1
132.13799212147714	1.0	1	1
132.23809666096312	1.0	1	1
132.33820120044908	1.0	1	1
132.43830573993506	1.0	1	1
132.53841027942102	1.0	1	1
132.638514818907	1.0	1	1
132.73861935839295	1.0	1	1
132.8387238978789	1.0	1	1
132.9388284373649	1.0	1	1
133.03893297685084	1.0	1	1
133.13903751633683	1.0	1	1
133.23914205582278	1.0	1	1
133.33924659530877	1.0	1	1
133.43935113479472	1.0	1	1
133.5394556742807	1.0	1	1
133.63956021376666	0.0	0	0
133.73966475325264	0.0	0	0
133.8397692927386	0.0	0	0
133.93987383222458	0.0	0	0
134.03997837171053	0.0	0	0
134.1400829111965	1.0	1	1
134.24018745068247	1.0	1	1
134.34029199016842	1.0	1	1
134.4403965296544	1.0	1	1
134.54050106914036	1.0	1	1
134.64060560862634	1.0	1	1
134.7407101481123	1.0	1	1
134.84081468759828	1.0	1	1
134.94091922708424	1.0	1	1
135.04102376657022	1.0	1	1
135.14112830605617	1.0	1	1
135.24123284554213	1.0	1	1
135.3413373850281	1.0	1	1
135.44144192451407	1.0	1	1
135.54154646400005	1.0	1	1
135.641651003486	1.0	1	1
135.741755542972	2.0	2	2
135.84186008245794	2.0	2	2
135.94196462194392	2.0	2	2
136.04206916142988	2.0	2	2
136.14217370091586	2.0	2	2
136.24227824040182	2.0	2	2
136.34238277988777	3.0	3	3
136.44248731937375	3.0	3	3
136.5425918588597	3.0	3	3
136.6426963983457	3.0	3	3
136.74280093783165	3.0	3	3
136.84290547731763	3.0	3	3
136.94301001680358	3.0	3	3
137.04311455628957	3.0	3	3
137.14321909577552	3.0	3	3
137.2433236352615	3.0	3	3
137.34342817474746	3.0	3	3
137.44353271423344	4.0	4	4
137.5436372537194	4.0	4	4
137.64374179320535	4.0	4	4
137.74384633269133	4.0	4	4
137.8439508721773	4.0	4	4
137.94405541166327	4.0	4	4
138.04415995114923	4.0	4	4
138.1442644906352	3.0	3	3
138.24436903012116	3.0	3	3
138.34447356960715	3.0	3	3
138.4445781090931	3.0	3	3
138.54468264857908	3.0	3	3
138.64478718806504	2.0	2	2
138.744891727551	2.0	2	2
138.84499626703698	2.0	2	2
138.94510080652293	2.0	2	2
139.0452053460089	2.0	2	2
139.14530988549487	3.0	3	3
139.24541442498085	3.0	3	3
139.3455189644668	3.0	3	3
139.4456235039528	3.0	3	3
139.54572804343874	3.0	3	3
139.64583258292473	3.0	3	3
139.74593712241068	2.0	2	2
139.84604166189663	1.0	1	1
139.94614620138262	1.0	1	1
140.04625074086857	1.0	1	1
140.14635528035456	1.0	1	1
140.2464598198405	1.0	1	1
140.3465643593265	1.0	1	1
140.44666889881245	1.0	1	1
140.54677343829843	1.0	1	1
140.64687797778438	1.0	1	1
140.74698251727037	1.0	1	1
140.84708705675632	1.0	1	1
140.9471915962423	1.0	1	1
141.04729613572826	1.0	1	1
141.14740067521421	1.0	1	1
141.2475052147002	1.0	1	1
141.34760975418615	1.0	1	1
141.44771429367213	1.0	1	1
141.5478188331581	1.0	1	1
141.64792337264407	1.0	1	1
141.74802791213003	1.0	1	1
141.848132451616	1.0	1	1
141.94823699110196	1.0	1	1
142.04834153058795	1.0	1	1
142.1484460700739	1.0	1	1
142.24855060955986	1.0	1	1
142.34865514904584	1.0	1	1
142.4487596885318	1.0	1	1
142.54886422801778	1.0	1	1
142.64896876750373	1.0	1	1
142.74907330698971	1.0	1	1
142.84917784647567	1.0	1	1
142.94928238596165	1.0	1	1
143.0493869254476	1.0	1	1
143.1494914649336	1.0	1	1
143.24959600441954	1.0	1	1
143.3497005439055	1.0	1	1
143.44980508339148	1.0	1	1
143.54990962287744	1.0	1	1
143.65001416236342	1.0	1	1
143.75011870184937	1.0	1	1
143.85022324133536	1.0	1	1
143.9503277808213	1.0	1	1
144.0504323203073	1.0	1	1
144.15053685979325	1.0	1	1
144.25064139927923	1.0	1	1
144.3507459387652	1.0	1	1
144.45085047825114	1.0	1	1
144.55095501773712	1.0	1	1
144.65105955722308	1.0	1	1
144.75116409670906	1.0	1	1
144.85126863619502	1.0	1	1
144.951373175681	1.0	1	1
145.05147771516695	1.0	1	1
145.15158225465294	2.0	2	2
145.2516867941389	2.0	2	2
145.35179133362487	2.0	2	2
145.45189587311083	2.0	2	2
145.5520004125968	2.0	2	2
145.65210495208277	2.0	2	2
145.75220949156872	2.0	2	2
145.8523140310547	2.0	2	2
145.95241857054066	2.0	2	2
146.05252311002664	2.0	2	2
146.1526276495126	2.0	2	2
146.25273218899858	2.0	2	2
146.35283672848453	2.0	2	2
146.45294126797052	2.0	2	2
146.55304580745647	2.0	2	2
146.65315034694245	2.0	2	2
146.7532548864284	2.0	2	2
146.85335942591436	2.0	2	2
146.95346396540035	2.0	2	2
147.0535685048863	2.0	2	2
147.15367304437228	2.0	2	2
147.25377758385824	2.0	2	2
147.35388212334422	2.0	2	2
147.45398666283018	2.0	2	2
147.55409120231616	2.0	2	2
147.6541957418021	2.0	2	2
147.7543002812881	2.0	2	2
147.85440482077405	2.0	2	2
147.95450936026	2.0	2	2
148.054613899746	2.0	2	2
148.15471843923194	2.0	2	2
148.25482297871793	2.0	2	2
148.35492751820388	2.0	2	2
148.45503205768986	2.0	2	2
148.55513659717582	2.0	2	2
148.6552411366618	2.0	2	2
148.75534567614775	2.0	2	2
148.85545021563374	2.0	2	2
148.9555547551197	2.0	2	2
149.05565929460568	2.0	2	2
149.15576383409163	2.0	2	2
149.25586837357758	2.0	2	2
149.35597291306357	2.0	2	2
149.45607745254952	2.0	2	2
149.5561819920355	2.0	2	2
149.65628653152146	2.0	2	2
149.75639107100744	2.0	2	2
149.8564956104934	2.0	2	2
149.95660014997938	2.0	2	2
150.05670468946533	2.0	2	2
150.15680922895132	2.0	2	2
150.25691376843727	2.0	2	2
150.35701830792323	2.0	2	2
150.4571228474092	2.0	2	2
150.55722738689516	2.0	2	2
150.65733192638115	3.0	3	3
150.7574364658671	3.0	3	3
150.85754100535308	3.0	3	3
150.95764554483904	3.0	3	3
151.05775008432502	3.0	3	3
151.15785462381098	3.0	3	3
151.25795916329696	3.0	3	3
151.3580637027829	3.0	3	3
151.45816824226887	3.0	3	3
151.55827278175485	3.0	3	3
151.6583773212408	3.0	3	3
151.7584818607268	3.0	3	3
151.85858640021274	3.0	3	3
151.95869093969873	3.0	3	3
152.05879547918468	3.0	3	3
152.15890001867066	3.0	3	3
152.25900455815662	3.0	3	3
152.3591090976426	3.0	3	3
152.45921363712856	3.0	3	3
152.55931817661454	2.0	2	2
152.6594227161005	2.0	2	2
152.75952725558645	2.0	2	2
152.85963179507243	2.0	2	2
152.9597363345584	2.0	2	2
153.05984087404437	2.0	2	2
153.15994541353032	2.0	2	2
153.2600499530163	2.0	2	2
153.36015449250226	2.0	2	2
153.46025903198824	2.0	2	2
153.5603635714742	2.0	2	2
153.66046811096018	2.0	2	2
153.76057265044614	2.0	2	2
153.8606771899321	2.0	2	2
153.96078172941807	2.0	2	2
154.06088626890403	2.0	2	2
154.16099080839	2.0	2	2
154.26109534787597	2.0	2	2
154.36119988736195	2.0	2	2
154.4613044268479	2.0	2	2
154.5614089663339	2.0	2	2
154.66151350581984	2.0	2	2
154.76161804530582	2.0	2	2
154.86172258479178	1.0	1	1
154.96182712427773	1.0	1	1
155.06193166376372	1.0	1	1
155.16203620324967	1.0	1	1
155.26214074273565	1.0	1	1
155.3622452822216	1.0	1	1
155.4623498217076	1.0	1	1
155.56245436119355	1.0	1	1
155.66255890067953	1.0	1	1
155.76266344016548	1.0	1	1
155.86276797965147	1.0	1	1
155.96287251913742	1.0	1	1
156.0629770586234	1.0	1	1
156.16308159810936	1.0	1	1
156.2631861375953	1.0	1	1
156.3632906770813	0.0	0	0
156.46339521656725	0.0	0	0
156.56349975605323	0.0	0	0
156.6636042955392	0.0	0	0
156.76370883502517	0.0	0	0
156.86381337451112	0.0	0	0
156.9639179139971	0.0	0	0
157.06402245348306	0.0	0	0
157.16412699296905	0.0	0	0
157.264231532455	0.0	0	0
157.36433607194095	0.0	0	0
157.46444061142694	0.0	0	0
157.5645451509129	0.0	0	0
157.66464969039887	0.0	0	0
157.76475422988483	0.0	0	0
157.8648587693708	0.0	0	0
157.96496330885677	0.0	0	0
158.06506784834275	0.0	0	0
158.1651723878287	0.0	0	0
158.2652769273147	0.0	0	0
158.36538146680064	0.0	0	0
158.4654860062866	0.0	0	0
158.56559054577258	0.0	0	0
158.66569508525853	0.0	0	0
158.76579962474452	0.0	0	0
158.86590416423047	0.0	0	0
158.96600870371645	0.0	0	0
159.0661132432024	0.0	0	0
159.1662177826884	0.0	0	0
159.26632232217435	0.0	0	0
159.36642686166033	0.0	0	0
159.46653140114628	0.0	0	0
159.56663594063227	1.0	1	1
159.66674048011822	1.0	1	1
159.76684501960418	1.0	1	1
159.86694955909016	1.0	1	1
159.9670540985761	1.0	1	1
160.0671586380621	1.0	1	1
160.16726317754805	1.0	1	1
160.26736771703403	1.0	1	1
160.36747225652	1.0	1	1
160.46757679600597	1.0	1	1
160.56768133549193	1.0	1	1
160.6677858749779	1.0	1	1
160.76789041446386	1.0	1	1
160.86799495394982	1.0	1	1
160.9680994934358	1.0	1	1
161.06820403292176	1.0	1	1
161.16830857240774	1.0	1	1
161.2684131118937	1.0	1	1
161.36851765137968	1.0	1	1
161.46862219086563	1.0	1	1
161.5687267303516	1.0	1	1
161.66883126983757	1.0	1	1
161.76893580932355	1.0	1	1
161.8690403488095	1.0	1	1
161.96914488829546	1.0	1	1
162.06924942778144	2.0	2	2
162.1693539672674	2.0	2	2
162.26945850675338	2.0	2	2
162.36956304623934	3.0	3	3
162.46966758572532	3.0	3	3
162.56977212521127	3.0	3	3
162.66987666469726	3.0	3	3
162.7699812041832	3.0	3	3
162.8700857436692	3.0	3	3
162.97019028315515	3.0	3	3
163.07029482264113	3.0	3	3
163.17039936212709	3.0	3	3
163.27050390161304	3.0	3	3
163.37060844109902	3.0	3	3
163.47071298058498	4.0	4	4
163.57081752007096	4.0	4	4
163.67092205955691	4.0	4	4
163.7710265990429	4.0	4	4
163.87113113852885	4.0	4	4
163.97123567801484	4.0	4	4
164.0713402175008	4.0	4	4
164.17144475698677	4.0	4	4
164.27154929647273	5.0	5	5
164.37165383595868	5.0	5	5
164.47175837544467	4.0	4	4
164.57186291493062	4.0	4	4
164.6719674544166	5.0	5	5
164.77207199390256	5.0	5	5
164.87217653338854	5.0	5	5
164.9722810728745	5.0	5	5
165.07238561236048	5.0	5	5
165.17249015184643	5.0	5	5
165.27259469133242	5.0	5	5
165.37269923081837	6.0	6	6
165.47280377030432	5.0	5	5
165.5729083097903	6.0	6	6
165.67301284927626	6.0	6	6
165.77311738876224	6.0	6	6
165.8732219282482	6.0	6	6
165.97332646773418	6.0	6	6
166.07343100722014	6.0	6	6
166.17353554670612	7.0	7	7
166.27364008619207	6.0	6	6
166.37374462567806	6.0	6	6
166.473849165164	6.0	6	6
166.57395370464997	5.0	5	5
166.67405824413595	5.0	5	5
166.7741627836219	4.0	4	4
166.8742673231079	4.0	4	4
166.97437186259384	4.0	4	4
167.07447640207982	5.0	5	5
167.17458094156578	5.0	5	5
167.27468548105176	5.0	5	5
167.37479002053772	4.0	4	4
167.4748945600237	3.0	3	3
167.57499909950965	4.0	4	4
167.67510363899564	4.0	4	4
167.7752081784816	4.0	4	4
167.87531271796755	4.0	4	4
167.97541725745353	4.0	4	4
168.07552179693948	4.0	4	4
168.17562633642547	3.0	3	3
168.27573087591142	3.0	3	3
168.3758354153974	3.0	3	3
168.47593995488336	3.0	3	3
168.57604449436934	3.0	3	3
168.6761490338553	3.0	3	3
168.77625357334128	3.0	3	3
168.87635811282723	3.0	3	3
168.9764626523132	3.0	3	3
169.07656719179917	2.0	2	2
169.17667173128513	2.0	2	2
169.2767762707711	2.0	2	2
169.37688081025706	2.0	2	2
169.47698534974305	2.0	2	2
169.577089889229	2.0	2	2
169.67719442871498	2.0	2	2
169.77729896820094	2.0	2	2
169.87740350768692	2.0	2	2
169.97750804717288	2.0	2	2
170.07761258665883	2.0	2	2
170.1777171261448	2.0	2	2
170.27782166563077	2.0	2	2
170.37792620511675	2.0	2	2
170.4780307446027	2.0	2	2
170.5781352840887	2.0	2	2
170.67823982357464	2.0	2	2
170.77834436306063	2.0	2	2
170.87844890254658	2.0	2	2
170.97855344203256	3.0	3	3
171.07865798151852	3.0	3	3
171.1787625210045	3.0	3	3
171.27886706049046	3.0	3	3
171.3789715999764	3.0	3	3
171.4790761394624	3.0	3	3
171.57918067894835	3.0	3	3
171.67928521843433	3.0	3	3
171.77938975792028	3.0	3	3
171.87949429740627	3.0	3	3
171.97959883689222	3.0	3	3
172.0797033763782	4.0	4	4
172.17980791586416	4.0	4	4
172.27991245535014	4.0	4	4
172.3800169948361	3.0	3	3
172.48012153432205	3.0	3	3
172.58022607380803	3.0	3	3
172.680330613294	3.0	3	3
172.78043515277997	3.0	3	3
172.88053969226593	3.0	3	3
172.9806442317519	3.0	3	3
173.08074877123786	3.0	3	3
173.18085331072385	3.0	3	3
173.2809578502098	3.0	3	3
173.38106238969578	3.0	3	3
173.48116692918174	3.0	3	3
173.5812714686677	3.0	3	3
173.68137600815368	3.0	3	3
173.78148054763963	3.0	3	3
173.88158508712561	3.0	3	3
173.98168962661157	3.0	3	3
174.08179416609755	3.0	3	3
174.1818987055835	3.0	3	3
174.2820032450695	3.0	3	3
174.38210778455544	3.0	3	3
174.48221232404143	3.0	3	3
174.58231686352738	3.0	3	3
174.68242140301336	3.0	3	3
174.78252594249932	3.0	3	3
174.88263048198527	3.0	3	3
174.98273502147126	3.0	3	3
175.0828395609572	3.0	3	3
175.1829441004432	3.0	3	3
175.28304863992915	3.0	3	3
175.38315317941513	3.0	3	3
175.4832577189011	3.0	3	3
175.58336225838707	3.0	3	3
175.68346679787302	3.0	3	3
175.783571337359	3.0	3	3
175.88367587684496	3.0	3	3
175.98378041633092	3.0	3	3
176.0838849558169	3.0	3	3
176.18398949530285	3.0	3	3
176.28409403478884	3.0	3	3
176.3841985742748	3.0	3	3
176.48430311376077	3.0	3	3
176.58440765324673	3.0	3	3
176.6845121927327	3.0	3	3
176.78461673221867	3.0	3	3
176.88472127170465	3.0	3	3
176.9848258111906	3.0	3	3
177.08493035067656	3.0	3	3
177.18503489016254	3.0	3	3
177.2851394296485	3.0	3	3
177.38524396913448	3.0	3	3
177.48534850862043	3.0	3	3
177.58545304810642	3.0	3	3
177.68555758759237	3.0	3	3
177.78566212707835	3.0	3	3
177.8857666665643	3.0	3	3
177.9858712060503	3.0	3	3
178.08597574553625	3.0	3	3
178.18608028502223	2.0	2	2
178.28618482450818	2.0	2	2
178.38628936399414	2.0	2	2
178.48639390348012	2.0	2	2
178.58649844296608	2.0	2	2
178.68660298245206	2.0	2	2
178.786707521938	2.0	2	2
178.886812061424	2.0	2	2
178.98691660090995	2.0	2	2
179.08702114039593	2.0	2	2
179.1871256798819	2.0	2	2
179.28723021936787	2.0	2	2
179.38733475885383	2.0	2	2
179.48743929833978	2.0	2	2
179.58754383782576	2.0	2	2
179.68764837731172	2.0	2	2
179.7877529167977	2.0	2	2
179.88785745628365	2.0	2	2
179.98796199576964	2.0	2	2
180.0880665352556	2.0	2	2
180.18817107474158	2.0	2	2
180.28827561422753	3.0	3	3
180.3883801537135	3.0	3	3
180.48848469319947	3.0	3	3
180.58858923268542	3.0	3	3
180.6886937721714	3.0	3	3
180.78879831165736	3.0	3	3
180.88890285114334	3.0	3	3
180.9890073906293	3.0	3	3
181.08911193011528	3.0	3	3
181.18921646960123	3.0	3	3
181.28932100908722	3.0	3	3
181.38942554857317	3.0	3	3
181.48953008805915	3.0	3	3
181.5896346275451	3.0	3	3
181.6897391670311	3.0	3	3
181.78984370651705	3.0	3	3
181.889948246003	3.0	3	3
181.99005278548898	3.0	3	3
182.09015732497494	3.0	3	3
182.19026186446092	3.0	3	3
182.29036640394688	3.0	3	3
182.39047094343286	3.0	3	3
182.4905754829188	2.0	2	2
182.5906800224048	1.0	1	1
182.69078456189075	1.0	1	1
182.79088910137673	1.0	1	1
182.8909936408627	1.0	1	1
182.99109818034864	1.0	1	1
183.09120271983463	1.0	1	1
183.19130725932058	1.0	1	1
183.29141179880656	1.0	1	1
183.39151633829252	1.0	1	1
183.4916208777785	1.0	1	1
183.59172541726446	1.0	1	1
183.69182995675044	1.0	1	1
183.7919344962364	1.0	1	1
183.89203903572238	1.0	1	1
