time	diversity	m_div	M_div
0.0	38.0	38	38
0.10009273901224905	38.0	38	38
0.2001854780244981	38.0	38	38
0.3002782170367472	38.0	38	38
0.4003709560489962	38.0	38	38
0.5004636950612452	38.0	38	38
0.6005564340734943	38.0	38	38
0.7006491730857434	37.0	37	37
0.8007419120979924	37.0	37	37
0.9008346511102414	35.0	35	35
1.0009273901224904	35.0	35	35
1.1010201291347395	35.0	35	35
1.2011128681469887	35.0	35	35
1.3012056071592377	35.0	35	35
1.4012983461714867	35.0	35	35
1.5013910851837358	33.0	33	33
1.6014838241959848	31.0	31	31
1.7015765632082338	31.0	31	31
1.8016693022204828	31.0	31	31
1.9017620412327318	31.0	31	31
2.001854780244981	31.0	31	31
2.10194751925723	31.0	31	31
2.202040258269479	30.0	30	30
2.302132997281728	30.0	30	30
2.4022257362939774	30.0	30	30
2.502318475306226	31.0	31	31
2.6024112143184754	31.0	31	31
2.7025039533307242	31.0	31	31
2.8025966923429735	31.0	31	31
2.9026894313552223	31.0	31	31
3.0027821703674715	31.0	31	31
3.1028749093797203	31.0	31	31
3.2029676483919696	31.0	31	31
3.303060387404219	31.0	31	31
3.4031531264164676	32.0	32	32
3.503245865428717	32.0	32	32
3.6033386044409657	32.0	32	32
3.703431343453215	30.0	30	30
3.8035240824654637	28.0	28	28
3.903616821477713	28.0	28	28
4.003709560489962	27.0	27	27
4.103802299502211	27.0	27	27
4.20389503851446	27.0	27	27
4.303987777526709	27.0	27	27
4.404080516538958	25.0	25	25
4.5041732555512075	25.0	25	25
4.604265994563456	25.0	25	25
4.704358733575705	23.0	23	23
4.804451472587955	23.0	23	23
4.904544211600204	23.0	23	23
5.004636950612452	23.0	23	23
5.104729689624701	23.0	23	23
5.204822428636951	23.0	23	23
5.3049151676492	23.0	23	23
5.4050079066614485	22.0	22	22
5.505100645673697	20.0	20	20
5.605193384685947	20.0	20	20
5.705286123698196	20.0	20	20
5.805378862710445	19.0	19	19
5.905471601722694	17.0	17	17
6.005564340734943	15.0	15	15
6.105657079747192	15.0	15	15
6.205749818759441	15.0	15	15
6.30584255777169	15.0	15	15
6.405935296783939	15.0	15	15
6.506028035796188	15.0	15	15
6.606120774808438	15.0	15	15
6.706213513820686	14.0	14	14
6.806306252832935	13.0	13	13
6.906398991845184	3.0	3	3
7.006491730857434	3.0	3	3
7.1065844698696825	3.0	3	3
7.206677208881931	3.0	3	3
7.306769947894181	3.0	3	3
7.40686268690643	3.0	3	3
7.506955425918679	3.0	3	3
7.607048164930927	3.0	3	3
7.707140903943177	3.0	3	3
7.807233642955426	3.0	3	3
7.907326381967675	3.0	3	3
8.007419120979923	3.0	3	3
8.107511859992172	3.0	3	3
8.207604599004423	3.0	3	3
8.307697338016672	3.0	3	3
8.40779007702892	3.0	3	3
8.50788281604117	3.0	3	3
8.607975555053418	3.0	3	3
8.708068294065667	3.0	3	3
8.808161033077916	3.0	3	3
8.908253772090166	3.0	3	3
9.008346511102415	3.0	3	3
9.108439250114664	3.0	3	3
9.208531989126913	3.0	3	3
9.308624728139161	3.0	3	3
9.40871746715141	3.0	3	3
9.508810206163659	3.0	3	3
9.60890294517591	3.0	3	3
9.708995684188158	4.0	4	4
9.809088423200407	4.0	4	4
9.909181162212656	4.0	4	4
10.009273901224905	4.0	4	4
10.109366640237154	4.0	4	4
10.209459379249402	4.0	4	4
10.309552118261651	4.0	4	4
10.409644857273902	4.0	4	4
10.50973759628615	4.0	4	4
10.6098303352984	4.0	4	4
10.709923074310648	4.0	4	4
10.810015813322897	4.0	4	4
10.910108552335146	4.0	4	4
11.010201291347395	4.0	4	4
11.110294030359645	4.0	4	4
11.210386769371894	4.0	4	4
11.310479508384143	4.0	4	4
11.410572247396392	4.0	4	4
11.51066498640864	4.0	4	4
11.61075772542089	4.0	4	4
11.710850464433138	4.0	4	4
11.810943203445389	4.0	4	4
11.911035942457637	4.0	4	4
12.011128681469886	4.0	4	4
12.111221420482135	4.0	4	4
12.211314159494384	4.0	4	4
12.311406898506633	4.0	4	4
12.411499637518881	4.0	4	4
12.511592376531132	4.0	4	4
12.61168511554338	4.0	4	4
12.71177785455563	4.0	4	4
12.811870593567878	4.0	4	4
12.911963332580127	4.0	4	4
13.012056071592376	4.0	4	4
13.112148810604625	4.0	4	4
13.212241549616875	4.0	4	4
13.312334288629124	4.0	4	4
13.412427027641373	4.0	4	4
13.512519766653622	4.0	4	4
13.61261250566587	4.0	4	4
13.71270524467812	4.0	4	4
13.812797983690368	4.0	4	4
13.912890722702619	4.0	4	4
14.012983461714867	4.0	4	4
14.113076200727116	4.0	4	4
14.213168939739365	4.0	4	4
14.313261678751614	4.0	4	4
14.413354417763863	4.0	4	4
14.513447156776111	5.0	5	5
14.613539895788362	5.0	5	5
14.71363263480061	5.0	5	5
14.81372537381286	5.0	5	5
14.913818112825108	5.0	5	5
15.013910851837357	5.0	5	5
15.114003590849606	5.0	5	5
15.214096329861855	5.0	5	5
15.314189068874105	5.0	5	5
15.414281807886354	5.0	5	5
15.514374546898603	5.0	5	5
15.614467285910852	5.0	5	5
15.7145600249231	5.0	5	5
15.81465276393535	5.0	5	5
15.914745502947598	5.0	5	5
16.014838241959847	5.0	5	5
16.114930980972098	5.0	5	5
16.215023719984345	5.0	5	5
16.315116458996595	5.0	5	5
16.415209198008846	5.0	5	5
16.515301937021093	5.0	5	5
16.615394676033343	5.0	5	5
16.71548741504559	5.0	5	5
16.81558015405784	5.0	5	5
16.915672893070088	5.0	5	5
17.01576563208234	5.0	5	5
17.11585837109459	5.0	5	5
17.215951110106836	5.0	5	5
17.316043849119087	5.0	5	5
17.416136588131334	5.0	5	5
17.516229327143584	5.0	5	5
17.61632206615583	5.0	5	5
17.716414805168082	5.0	5	5
17.816507544180332	5.0	5	5
17.91660028319258	5.0	5	5
18.01669302220483	5.0	5	5
18.116785761217077	5.0	5	5
18.216878500229328	5.0	5	5
18.316971239241575	5.0	5	5
18.417063978253825	5.0	5	5
18.517156717266076	5.0	5	5
18.617249456278323	5.0	5	5
18.717342195290573	5.0	5	5
18.81743493430282	5.0	5	5
18.91752767331507	5.0	5	5
19.017620412327318	5.0	5	5
19.11771315133957	5.0	5	5
19.21780589035182	5.0	5	5
19.317898629364066	5.0	5	5
19.417991368376317	5.0	5	5
19.518084107388564	5.0	5	5
19.618176846400814	5.0	5	5
19.71826958541306	5.0	5	5
19.818362324425312	4.0	4	4
19.91845506343756	4.0	4	4
20.01854780244981	4.0	4	4
20.11864054146206	4.0	4	4
20.218733280474307	4.0	4	4
20.318826019486558	4.0	4	4
20.418918758498805	4.0	4	4
20.519011497511055	4.0	4	4
20.619104236523302	4.0	4	4
20.719196975535553	4.0	4	4
20.819289714547804	4.0	4	4
20.91938245356005	4.0	4	4
21.0194751925723	4.0	4	4
21.119567931584548	4.0	4	4
21.2196606705968	4.0	4	4
21.319753409609046	4.0	4	4
21.419846148621296	4.0	4	4
21.519938887633547	4.0	4	4
21.620031626645794	4.0	4	4
21.720124365658044	4.0	4	4
21.82021710467029	4.0	4	4
21.920309843682542	4.0	4	4
22.02040258269479	4.0	4	4
22.12049532170704	4.0	4	4
22.22058806071929	4.0	4	4
22.320680799731537	4.0	4	4
22.420773538743788	4.0	4	4
22.520866277756035	4.0	4	4
22.620959016768285	4.0	4	4
22.721051755780532	4.0	4	4
22.821144494792783	4.0	4	4
22.921237233805034	4.0	4	4
23.02132997281728	4.0	4	4
23.12142271182953	4.0	4	4
23.22151545084178	4.0	4	4
23.32160818985403	4.0	4	4
23.421700928866276	3.0	3	3
23.521793667878526	3.0	3	3
23.621886406890777	1.0	1	1
23.721979145903024	1.0	1	1
23.822071884915275	1.0	1	1
23.92216462392752	1.0	1	1
24.022257362939772	1.0	1	1
24.12235010195202	1.0	1	1
24.22244284096427	1.0	1	1
24.32253557997652	1.0	1	1
24.422628318988767	1.0	1	1
24.522721058001018	1.0	1	1
24.622813797013265	1.0	1	1
24.722906536025516	1.0	1	1
24.822999275037763	1.0	1	1
24.923092014050013	1.0	1	1
25.023184753062264	1.0	1	1
25.12327749207451	1.0	1	1
25.22337023108676	1.0	1	1
25.32346297009901	1.0	1	1
25.42355570911126	1.0	1	1
25.523648448123506	1.0	1	1
25.623741187135757	1.0	1	1
25.723833926148007	1.0	1	1
25.823926665160254	1.0	1	1
25.924019404172505	1.0	1	1
26.02411214318475	1.0	1	1
26.124204882197002	1.0	1	1
26.22429762120925	1.0	1	1
26.3243903602215	1.0	1	1
26.42448309923375	1.0	1	1
26.524575838245998	1.0	1	1
26.624668577258248	1.0	1	1
26.724761316270495	1.0	1	1
26.824854055282746	1.0	1	1
26.924946794294993	1.0	1	1
27.025039533307243	1.0	1	1
27.125132272319494	1.0	1	1
27.22522501133174	1.0	1	1
27.32531775034399	1.0	1	1
27.42541048935624	1.0	1	1
27.52550322836849	1.0	1	1
27.625595967380736	1.0	1	1
27.725688706392987	1.0	1	1
27.825781445405237	1.0	1	1
27.925874184417484	1.0	1	1
28.025966923429735	1.0	1	1
28.126059662441982	1.0	1	1
28.226152401454232	1.0	1	1
28.32624514046648	1.0	1	1
28.42633787947873	1.0	1	1
28.52643061849098	1.0	1	1
28.626523357503228	1.0	1	1
28.726616096515478	1.0	1	1
28.826708835527725	1.0	1	1
28.926801574539976	1.0	1	1
29.026894313552223	1.0	1	1
29.126987052564473	1.0	1	1
29.227079791576724	1.0	1	1
29.32717253058897	1.0	1	1
29.42726526960122	1.0	1	1
29.52735800861347	1.0	1	1
29.62745074762572	1.0	1	1
29.727543486637966	1.0	1	1
29.827636225650217	1.0	1	1
29.927728964662467	1.0	1	1
30.027821703674714	1.0	1	1
30.127914442686965	1.0	1	1
30.228007181699212	1.0	1	1
30.328099920711463	1.0	1	1
30.42819265972371	1.0	1	1
30.52828539873596	1.0	1	1
30.62837813774821	1.0	1	1
30.728470876760458	1.0	1	1
30.82856361577271	1.0	1	1
30.928656354784955	1.0	1	1
31.028749093797206	1.0	1	1
31.128841832809453	1.0	1	1
31.228934571821704	1.0	1	1
31.329027310833954	1.0	1	1
31.4291200498462	1.0	1	1
31.52921278885845	1.0	1	1
31.6293055278707	1.0	1	1
31.72939826688295	1.0	1	1
31.829491005895196	1.0	1	1
31.929583744907447	1.0	1	1
32.029676483919694	1.0	1	1
32.12976922293195	1.0	1	1
32.229861961944195	1.0	1	1
32.32995470095644	1.0	1	1
32.43004743996869	1.0	1	1
32.53014017898094	1.0	1	1
32.63023291799319	1.0	1	1
32.73032565700544	1.0	1	1
32.83041839601769	1.0	1	1
32.93051113502994	1.0	1	1
33.030603874042185	1.0	1	1
33.13069661305443	1.0	1	1
33.23078935206669	1.0	1	1
33.330882091078934	1.0	1	1
33.43097483009118	1.0	1	1
33.531067569103435	1.0	1	1
33.63116030811568	1.0	1	1
33.73125304712793	1.0	1	1
33.831345786140176	1.0	1	1
33.93143852515243	1.0	1	1
34.03153126416468	1.0	1	1
34.131624003176924	1.0	1	1
34.23171674218918	2.0	2	2
34.331809481201425	2.0	2	2
34.43190222021367	2.0	2	2
34.53199495922592	2.0	2	2
34.63208769823817	2.0	2	2
34.73218043725042	2.0	2	2
34.83227317626267	2.0	2	2
34.93236591527492	2.0	2	2
35.03245865428717	2.0	2	2
35.132551393299416	2.0	2	2
35.23264413231166	2.0	2	2
35.33273687132392	2.0	2	2
35.432829610336164	2.0	2	2
35.53292234934841	2.0	2	2
35.633015088360665	2.0	2	2
35.73310782737291	2.0	2	2
35.83320056638516	2.0	2	2
35.933293305397406	2.0	2	2
36.03338604440966	2.0	2	2
36.13347878342191	2.0	2	2
36.233571522434154	2.0	2	2
36.33366426144641	2.0	2	2
36.433757000458655	2.0	2	2
36.5338497394709	2.0	2	2
36.63394247848315	2.0	2	2
36.7340352174954	2.0	2	2
36.83412795650765	2.0	2	2
36.9342206955199	2.0	2	2
37.03431343453215	2.0	2	2
37.1344061735444	2.0	2	2
37.234498912556646	2.0	2	2
37.33459165156889	2.0	2	2
37.43468439058115	2.0	2	2
37.534777129593394	2.0	2	2
37.63486986860564	3.0	3	3
37.734962607617895	4.0	4	4
37.83505534663014	4.0	4	4
37.93514808564239	4.0	4	4
38.035240824654636	4.0	4	4
38.13533356366689	4.0	4	4
38.23542630267914	4.0	4	4
38.335519041691384	4.0	4	4
38.43561178070364	4.0	4	4
38.535704519715885	4.0	4	4
38.63579725872813	4.0	4	4
38.73588999774038	5.0	5	5
38.835982736752634	4.0	4	4
38.93607547576488	4.0	4	4
39.03616821477713	5.0	5	5
39.136260953789375	5.0	5	5
39.23635369280163	5.0	5	5
39.336446431813876	6.0	6	6
39.43653917082612	8.0	8	8
39.53663190983838	9.0	9	9
39.636724648850624	10.0	10	10
39.73681738786287	10.0	10	10
39.83691012687512	10.0	10	10
39.93700286588737	10.0	10	10
40.03709560489962	10.0	10	10
40.137188343911866	10.0	10	10
40.23728108292412	11.0	11	11
40.33737382193637	11.0	11	11
40.437466560948614	11.0	11	11
40.53755929996086	11.0	11	11
40.637652038973116	11.0	11	11
40.73774477798536	11.0	11	11
40.83783751699761	11.0	11	11
40.937930256009864	11.0	11	11
41.03802299502211	11.0	11	11
41.13811573403436	11.0	11	11
41.238208473046605	11.0	11	11
41.33830121205886	11.0	11	11
41.438393951071106	11.0	11	11
41.53848669008335	11.0	11	11
41.63857942909561	11.0	11	11
41.738672168107854	11.0	11	11
41.8387649071201	11.0	11	11
41.93885764613235	11.0	11	11
42.0389503851446	11.0	11	11
42.13904312415685	11.0	11	11
42.239135863169096	11.0	11	11
42.33922860218135	11.0	11	11
42.4393213411936	11.0	11	11
42.539414080205844	11.0	11	11
42.63950681921809	11.0	11	11
42.739599558230346	11.0	11	11
42.83969229724259	11.0	11	11
42.93978503625484	11.0	11	11
43.039877775267094	11.0	11	11
43.13997051427934	11.0	11	11
43.24006325329159	11.0	11	11
43.340155992303835	11.0	11	11
43.44024873131609	11.0	11	11
43.540341470328336	11.0	11	11
43.64043420934058	11.0	11	11
43.74052694835284	11.0	11	11
43.840619687365084	11.0	11	11
43.94071242637733	11.0	11	11
44.04080516538958	11.0	11	11
44.14089790440183	11.0	11	11
44.24099064341408	11.0	11	11
44.341083382426326	11.0	11	11
44.44117612143858	11.0	11	11
44.54126886045083	11.0	11	11
44.641361599463075	11.0	11	11
44.74145433847532	11.0	11	11
44.841547077487576	11.0	11	11
44.94163981649982	11.0	11	11
45.04173255551207	11.0	11	11
45.141825294524324	10.0	10	10
45.24191803353657	10.0	10	10
45.34201077254882	10.0	10	10
45.442103511561065	10.0	10	10
45.54219625057332	10.0	10	10
45.642288989585566	10.0	10	10
45.74238172859781	10.0	10	10
45.84247446761007	10.0	10	10
45.942567206622314	10.0	10	10
46.04265994563456	11.0	11	11
46.14275268464681	12.0	12	12
46.24284542365906	13.0	13	13
46.34293816267131	13.0	13	13
46.44303090168356	13.0	13	13
46.54312364069581	13.0	13	13
46.64321637970806	13.0	13	13
46.743309118720305	14.0	14	14
46.84340185773255	14.0	14	14
46.943494596744806	14.0	14	14
47.04358733575705	14.0	14	14
47.1436800747693	14.0	14	14
47.243772813781554	15.0	15	15
47.3438655527938	16.0	16	16
47.44395829180605	17.0	17	17
47.544051030818295	16.0	16	16
47.64414376983055	16.0	16	16
47.744236508842796	17.0	17	17
47.84432924785504	17.0	17	17
47.9444219868673	17.0	17	17
48.044514725879544	17.0	17	17
48.14460746489179	17.0	17	17
48.24470020390404	17.0	17	17
48.34479294291629	17.0	17	17
48.44488568192854	17.0	17	17
48.54497842094079	17.0	17	17
48.64507115995304	17.0	17	17
48.74516389896529	17.0	17	17
48.845256637977535	17.0	17	17
48.94534937698978	17.0	17	17
49.045442116002036	17.0	17	17
49.14553485501428	17.0	17	17
49.24562759402653	17.0	17	17
49.345720333038784	17.0	17	17
49.44581307205103	17.0	17	17
49.54590581106328	17.0	17	17
49.645998550075525	17.0	17	17
49.74609128908778	17.0	17	17
49.846184028100026	16.0	16	16
49.94627676711227	16.0	16	16
50.04636950612453	16.0	16	16
50.146462245136775	15.0	15	15
50.24655498414902	15.0	15	15
50.34664772316127	15.0	15	15
50.44674046217352	15.0	15	15
50.54683320118577	15.0	15	15
50.64692594019802	15.0	15	15
50.74701867921027	15.0	15	15
50.84711141822252	16.0	16	16
50.947204157234765	16.0	16	16
51.04729689624701	16.0	16	16
51.147389635259266	16.0	16	16
51.24748237427151	16.0	16	16
51.34757511328376	16.0	16	16
51.447667852296014	16.0	16	16
51.54776059130826	16.0	16	16
51.64785333032051	16.0	16	16
51.747946069332755	16.0	16	16
51.84803880834501	16.0	16	16
51.94813154735726	16.0	16	16
52.0482242863695	16.0	16	16
52.14831702538176	16.0	16	16
52.248409764394005	16.0	16	16
52.34850250340625	16.0	16	16
52.4485952424185	16.0	16	16
52.54868798143075	16.0	16	16
52.648780720443	16.0	16	16
52.74887345945525	16.0	16	16
52.8489661984675	16.0	16	16
52.94905893747975	16.0	16	16
53.049151676491995	16.0	16	16
53.14924441550424	16.0	16	16
53.249337154516496	16.0	16	16
53.34942989352874	15.0	15	15
53.44952263254099	14.0	14	14
53.549615371553244	14.0	14	14
53.64970811056549	14.0	14	14
53.74980084957774	14.0	14	14
53.849893588589985	14.0	14	14
53.94998632760224	13.0	13	13
54.05007906661449	13.0	13	13
54.150171805626734	13.0	13	13
54.25026454463899	13.0	13	13
54.350357283651235	14.0	14	14
54.45045002266348	14.0	14	14
54.55054276167573	14.0	14	14
54.65063550068798	14.0	14	14
54.75072823970023	14.0	14	14
54.85082097871248	14.0	14	14
54.95091371772473	14.0	14	14
55.05100645673698	12.0	12	12
55.151099195749225	12.0	12	12
55.25119193476147	11.0	11	11
55.351284673773726	12.0	12	12
55.45137741278597	12.0	12	12
55.55147015179822	12.0	12	12
55.651562890810474	12.0	12	12
55.75165562982272	11.0	11	11
55.85174836883497	11.0	11	11
55.951841107847216	12.0	12	12
56.05193384685947	12.0	12	12
56.15202658587172	12.0	12	12
56.252119324883964	11.0	11	11
56.35221206389622	11.0	11	11
56.452304802908465	11.0	11	11
56.55239754192071	12.0	12	12
56.65249028093296	12.0	12	12
56.75258301994521	10.0	10	10
56.85267575895746	8.0	8	8
56.95276849796971	8.0	8	8
57.05286123698196	8.0	8	8
57.15295397599421	8.0	8	8
57.253046715006455	9.0	9	9
57.3531394540187	7.0	7	7
57.453232193030956	8.0	8	8
57.5533249320432	8.0	8	8
57.65341767105545	8.0	8	8
57.753510410067705	8.0	8	8
57.85360314907995	9.0	9	9
57.9536958880922	8.0	8	8
58.053788627104446	8.0	8	8
58.1538813661167	9.0	9	9
58.25397410512895	9.0	9	9
58.354066844141194	9.0	9	9
58.45415958315345	9.0	9	9
58.554252322165695	9.0	9	9
58.65434506117794	8.0	8	8
58.75443780019019	7.0	7	7
58.85453053920244	6.0	6	6
58.95462327821469	6.0	6	6
59.05471601722694	6.0	6	6
59.15480875623919	6.0	6	6
59.25490149525144	4.0	4	4
59.354994234263685	3.0	3	3
59.45508697327593	4.0	4	4
59.55517971228819	4.0	4	4
59.65527245130043	4.0	4	4
59.75536519031268	5.0	5	5
59.855457929324935	5.0	5	5
59.95555066833718	5.0	5	5
60.05564340734943	5.0	5	5
60.155736146361676	5.0	5	5
60.25582888537393	5.0	5	5
60.35592162438618	5.0	5	5
60.456014363398424	5.0	5	5
60.55610710241068	5.0	5	5
60.656199841422925	4.0	4	4
60.75629258043517	4.0	4	4
60.85638531944742	5.0	5	5
60.95647805845967	5.0	5	5
61.05657079747192	6.0	6	6
61.15666353648417	6.0	6	6
61.25675627549642	6.0	6	6
61.35684901450867	6.0	6	6
61.456941753520915	6.0	6	6
61.55703449253316	6.0	6	6
61.65712723154542	5.0	5	5
61.757219970557664	5.0	5	5
61.85731270956991	5.0	5	5
61.957405448582165	5.0	5	5
62.05749818759441	5.0	5	5
62.15759092660666	5.0	5	5
62.257683665618906	6.0	6	6
62.35777640463116	6.0	6	6
62.45786914364341	7.0	7	7
62.557961882655654	7.0	7	7
62.65805462166791	7.0	7	7
62.758147360680155	7.0	7	7
62.8582400996924	7.0	7	7
62.95833283870465	7.0	7	7
63.0584255777169	7.0	7	7
63.15851831672915	7.0	7	7
63.2586110557414	6.0	6	6
63.35870379475365	6.0	6	6
63.4587965337659	7.0	7	7
63.558889272778146	7.0	7	7
63.65898201179039	7.0	7	7
63.75907475080265	7.0	7	7
63.859167489814894	7.0	7	7
63.95926022882714	7.0	7	7
64.05935296783939	7.0	7	7
64.15944570685164	6.0	6	6
64.2595384458639	6.0	6	6
64.35963118487614	6.0	6	6
64.45972392388839	6.0	6	6
64.55981666290063	6.0	6	6
64.65990940191288	6.0	6	6
64.76000214092514	6.0	6	6
64.86009487993738	6.0	6	6
64.96018761894963	6.0	6	6
65.06028035796189	6.0	6	6
65.16037309697413	6.0	6	6
65.26046583598638	6.0	6	6
65.36055857499863	6.0	6	6
65.46065131401087	5.0	5	5
65.56074405302313	7.0	7	7
65.66083679203538	9.0	9	9
65.76092953104762	9.0	9	9
65.86102227005988	11.0	11	11
65.96111500907212	11.0	11	11
66.06120774808437	11.0	11	11
66.16130048709663	11.0	11	11
66.26139322610886	13.0	13	13
66.36148596512112	14.0	14	14
66.46157870413337	14.0	14	14
66.56167144314561	15.0	15	15
66.66176418215787	15.0	15	15
66.76185692117012	16.0	16	16
66.86194966018236	16.0	16	16
66.96204239919462	16.0	16	16
67.06213513820687	17.0	17	17
67.16222787721911	16.0	16	16
67.26232061623136	16.0	16	16
67.3624133552436	16.0	16	16
67.46250609425586	16.0	16	16
67.56259883326811	17.0	17	17
67.66269157228035	17.0	17	17
67.7627843112926	17.0	17	17
67.86287705030486	17.0	17	17
67.9629697893171	16.0	16	16
68.06306252832935	16.0	16	16
68.16315526734161	16.0	16	16
68.26324800635385	17.0	17	17
68.3633407453661	18.0	18	18
68.46343348437836	18.0	18	18
68.5635262233906	18.0	18	18
68.66361896240285	18.0	18	18
68.76371170141509	18.0	18	18
68.86380444042734	17.0	17	17
68.9638971794396	17.0	17	17
69.06398991845184	17.0	17	17
69.16408265746409	17.0	17	17
69.26417539647635	16.0	16	16
69.36426813548859	16.0	16	16
69.46436087450084	16.0	16	16
69.5644536135131	15.0	15	15
69.66454635252533	15.0	15	15
69.76463909153759	15.0	15	15
69.86473183054984	14.0	14	14
69.96482456956208	14.0	14	14
70.06491730857434	15.0	15	15
70.16501004758658	14.0	14	14
70.26510278659883	14.0	14	14
70.36519552561109	14.0	14	14
70.46528826462333	15.0	15	15
70.56538100363558	15.0	15	15
70.66547374264783	15.0	15	15
70.76556648166007	14.0	14	14
70.86565922067233	14.0	14	14
70.96575195968458	14.0	14	14
71.06584469869682	12.0	12	12
71.16593743770908	12.0	12	12
71.26603017672133	12.0	12	12
71.36612291573357	12.0	12	12
71.46621565474582	12.0	12	12
71.56630839375806	12.0	12	12
71.66640113277032	13.0	13	13
71.76649387178257	14.0	14	14
71.86658661079481	14.0	14	14
71.96667934980707	14.0	14	14
72.06677208881932	15.0	15	15
72.16686482783156	15.0	15	15
72.26695756684381	14.0	14	14
72.36705030585607	14.0	14	14
72.46714304486831	14.0	14	14
72.56723578388056	13.0	13	13
72.66732852289282	13.0	13	13
72.76742126190506	13.0	13	13
72.86751400091731	13.0	13	13
72.96760673992955	13.0	13	13
73.0676994789418	14.0	14	14
73.16779221795406	14.0	14	14
73.2678849569663	14.0	14	14
73.36797769597855	14.0	14	14
73.4680704349908	14.0	14	14
73.56816317400305	14.0	14	14
73.6682559130153	14.0	14	14
73.76834865202756	13.0	13	13
73.8684413910398	13.0	13	13
73.96853413005205	13.0	13	13
74.0686268690643	13.0	13	13
74.16871960807654	14.0	14	14
74.2688123470888	14.0	14	14
74.36890508610104	14.0	14	14
74.46899782511329	14.0	14	14
74.56909056412555	14.0	14	14
74.66918330313779	14.0	14	14
74.76927604215004	14.0	14	14
74.8693687811623	14.0	14	14
74.96946152017453	14.0	14	14
75.06955425918679	14.0	14	14
75.16964699819904	14.0	14	14
75.26973973721128	14.0	14	14
75.36983247622354	14.0	14	14
75.46992521523579	15.0	15	15
75.57001795424803	15.0	15	15
75.67011069326028	15.0	15	15
75.77020343227252	15.0	15	15
75.87029617128478	15.0	15	15
75.97038891029703	15.0	15	15
76.07048164930927	15.0	15	15
76.17057438832153	15.0	15	15
76.27066712733378	15.0	15	15
76.37075986634602	15.0	15	15
76.47085260535827	15.0	15	15
76.57094534437053	14.0	14	14
76.67103808338277	14.0	14	14
76.77113082239502	14.0	14	14
76.87122356140728	14.0	14	14
76.97131630041952	14.0	14	14
77.07140903943177	14.0	14	14
77.17150177844401	14.0	14	14
77.27159451745626	14.0	14	14
77.37168725646852	13.0	13	13
77.47177999548076	13.0	13	13
77.57187273449301	13.0	13	13
77.67196547350527	13.0	13	13
77.7720582125175	13.0	13	13
77.87215095152976	13.0	13	13
77.97224369054202	13.0	13	13
78.07233642955426	13.0	13	13
78.17242916856651	13.0	13	13
78.27252190757875	13.0	13	13
78.372614646591	13.0	13	13
78.47270738560326	13.0	13	13
78.5728001246155	13.0	13	13
78.67289286362775	13.0	13	13
78.77298560264	13.0	13	13
78.87307834165225	13.0	13	13
78.9731710806645	13.0	13	13
79.07326381967675	13.0	13	13
79.173356558689	13.0	13	13
79.27344929770125	13.0	13	13
79.3735420367135	13.0	13	13
79.47363477572574	13.0	13	13
79.573727514738	13.0	13	13
79.67382025375024	13.0	13	13
79.77391299276249	12.0	12	12
79.87400573177474	12.0	12	12
79.97409847078698	12.0	12	12
80.07419120979924	12.0	12	12
80.17428394881149	13.0	13	13
80.27437668782373	13.0	13	13
80.37446942683599	13.0	13	13
80.47456216584824	13.0	13	13
80.57465490486048	13.0	13	13
80.67474764387273	12.0	12	12
80.77484038288499	12.0	12	12
80.87493312189723	12.0	12	12
80.97502586090948	12.0	12	12
81.07511859992172	12.0	12	12
81.17521133893398	12.0	12	12
81.27530407794623	13.0	13	13
81.37539681695847	13.0	13	13
81.47548955597073	13.0	13	13
81.57558229498298	13.0	13	13
81.67567503399522	13.0	13	13
81.77576777300747	13.0	13	13
81.87586051201973	13.0	13	13
81.97595325103197	13.0	13	13
82.07604599004422	13.0	13	13
82.17613872905648	13.0	13	13
82.27623146806872	13.0	13	13
82.37632420708097	13.0	13	13
82.47641694609321	13.0	13	13
82.57650968510546	13.0	13	13
82.67660242411772	13.0	13	13
82.77669516312996	11.0	11	11
82.87678790214221	10.0	10	10
82.97688064115447	10.0	10	10
83.0769733801667	10.0	10	10
83.17706611917896	10.0	10	10
83.27715885819121	10.0	10	10
83.37725159720345	10.0	10	10
83.47734433621571	10.0	10	10
83.57743707522796	10.0	10	10
83.6775298142402	11.0	11	11
83.77762255325246	11.0	11	11
83.8777152922647	11.0	11	11
83.97780803127695	11.0	11	11
84.0779007702892	12.0	12	12
84.17799350930144	12.0	12	12
84.2780862483137	12.0	12	12
84.37817898732595	12.0	12	12
84.47827172633819	12.0	12	12
84.57836446535045	11.0	11	11
84.6784572043627	11.0	11	11
84.77854994337494	11.0	11	11
84.8786426823872	12.0	12	12
84.97873542139945	12.0	12	12
85.07882816041169	13.0	13	13
85.17892089942394	12.0	12	12
85.27901363843618	12.0	12	12
85.37910637744844	12.0	12	12
85.47919911646069	12.0	12	12
85.57929185547293	10.0	10	10
85.67938459448519	10.0	10	10
85.77947733349744	9.0	9	9
85.87957007250968	8.0	8	8
85.97966281152193	8.0	8	8
86.07975555053419	8.0	8	8
86.17984828954643	8.0	8	8
86.27994102855868	8.0	8	8
86.38003376757094	7.0	7	7
86.48012650658318	7.0	7	7
86.58021924559543	7.0	7	7
86.68031198460767	6.0	6	6
86.78040472361992	6.0	6	6
86.88049746263218	6.0	6	6
86.98059020164442	5.0	5	5
87.08068294065667	5.0	5	5
87.18077567966893	5.0	5	5
87.28086841868117	5.0	5	5
87.38096115769342	5.0	5	5
87.48105389670567	6.0	6	6
87.58114663571791	6.0	6	6
87.68123937473017	6.0	6	6
87.78133211374242	6.0	6	6
87.88142485275466	6.0	6	6
87.98151759176692	6.0	6	6
88.08161033077916	6.0	6	6
88.18170306979141	6.0	6	6
88.28179580880366	6.0	6	6
88.3818885478159	6.0	6	6
88.48198128682816	5.0	5	5
88.58207402584041	5.0	5	5
88.68216676485265	5.0	5	5
88.7822595038649	5.0	5	5
88.88235224287716	5.0	5	5
88.9824449818894	5.0	5	5
89.08253772090166	5.0	5	5
89.18263045991391	5.0	5	5
89.28272319892615	5.0	5	5
89.3828159379384	5.0	5	5
89.48290867695064	4.0	4	4
89.5830014159629	5.0	5	5
89.68309415497515	6.0	6	6
89.78318689398739	6.0	6	6
89.88327963299965	6.0	6	6
89.9833723720119	6.0	6	6
90.08346511102414	6.0	6	6
90.1835578500364	6.0	6	6
90.28365058904865	6.0	6	6
90.38374332806089	6.0	6	6
90.48383606707314	7.0	7	7
90.5839288060854	7.0	7	7
90.68402154509764	7.0	7	7
90.78411428410989	7.0	7	7
90.88420702312213	7.0	7	7
90.98429976213438	7.0	7	7
91.08439250114664	7.0	7	7
91.18448524015888	7.0	7	7
91.28457797917113	7.0	7	7
91.38467071818339	7.0	7	7
91.48476345719563	6.0	6	6
91.58485619620788	6.0	6	6
91.68494893522013	6.0	6	6
91.78504167423237	6.0	6	6
91.88513441324463	6.0	6	6
91.98522715225688	6.0	6	6
92.08531989126912	6.0	6	6
92.18541263028138	6.0	6	6
92.28550536929362	6.0	6	6
92.38559810830587	6.0	6	6
92.48569084731812	6.0	6	6
92.58578358633036	6.0	6	6
92.68587632534262	5.0	5	5
92.78596906435487	5.0	5	5
92.88606180336711	4.0	4	4
92.98615454237937	4.0	4	4
93.08624728139162	4.0	4	4
93.18634002040386	4.0	4	4
93.28643275941612	4.0	4	4
93.38652549842837	3.0	3	3
93.48661823744061	4.0	4	4
93.58671097645286	5.0	5	5
93.6868037154651	5.0	5	5
93.78689645447736	5.0	5	5
93.88698919348961	6.0	6	6
93.98708193250185	6.0	6	6
94.0871746715141	6.0	6	6
94.18726741052636	6.0	6	6
94.2873601495386	7.0	7	7
94.38745288855085	7.0	7	7
94.48754562756311	7.0	7	7
94.58763836657535	7.0	7	7
94.6877311055876	6.0	6	6
94.78782384459986	6.0	6	6
94.8879165836121	6.0	6	6
94.98800932262435	7.0	7	7
95.08810206163659	7.0	7	7
95.18819480064884	8.0	8	8
95.2882875396611	8.0	8	8
95.38838027867334	8.0	8	8
95.48847301768559	8.0	8	8
95.58856575669785	8.0	8	8
95.68865849571009	8.0	8	8
95.78875123472234	7.0	7	7
95.8888439737346	7.0	7	7
95.98893671274683	6.0	6	6
96.08902945175909	5.0	5	5
96.18912219077134	4.0	4	4
96.28921492978358	4.0	4	4
96.38930766879584	3.0	3	3
96.48940040780808	3.0	3	3
96.58949314682033	3.0	3	3
96.68958588583259	3.0	3	3
96.78967862484483	3.0	3	3
96.88977136385708	3.0	3	3
96.98986410286933	3.0	3	3
97.08995684188157	3.0	3	3
97.19004958089383	3.0	3	3
97.29014231990608	3.0	3	3
97.39023505891832	4.0	4	4
97.49032779793058	4.0	4	4
97.59042053694283	4.0	4	4
97.69051327595507	4.0	4	4
97.79060601496732	4.0	4	4
97.89069875397956	4.0	4	4
97.99079149299182	4.0	4	4
98.09088423200407	4.0	4	4
98.19097697101631	4.0	4	4
98.29106971002857	4.0	4	4
98.39116244904082	4.0	4	4
98.49125518805306	4.0	4	4
98.59134792706531	3.0	3	3
98.69144066607757	4.0	4	4
98.79153340508981	4.0	4	4
98.89162614410206	4.0	4	4
98.99171888311432	4.0	4	4
99.09181162212656	4.0	4	4
99.19190436113881	4.0	4	4
99.29199710015105	4.0	4	4
99.3920898391633	5.0	5	5
99.49218257817556	5.0	5	5
99.5922753171878	5.0	5	5
99.69236805620005	5.0	5	5
99.7924607952123	5.0	5	5
99.89255353422455	5.0	5	5
99.9926462732368	5.0	5	5
100.09273901224906	5.0	5	5
100.1928317512613	5.0	5	5
100.29292449027355	5.0	5	5
100.3930172292858	5.0	5	5
100.49310996829804	5.0	5	5
100.5932027073103	5.0	5	5
100.69329544632254	5.0	5	5
100.79338818533479	5.0	5	5
100.89348092434705	4.0	4	4
100.99357366335929	4.0	4	4
101.09366640237154	3.0	3	3
101.1937591413838	3.0	3	3
101.29385188039603	3.0	3	3
101.39394461940829	4.0	4	4
101.49403735842054	4.0	4	4
101.59413009743278	4.0	4	4
101.69422283644504	4.0	4	4
101.79431557545729	4.0	4	4
101.89440831446953	4.0	4	4
101.99450105348178	4.0	4	4
102.09459379249402	4.0	4	4
102.19468653150628	4.0	4	4
102.29477927051853	4.0	4	4
102.39487200953077	4.0	4	4
102.49496474854303	4.0	4	4
102.59505748755528	4.0	4	4
102.69515022656752	4.0	4	4
102.79524296557977	4.0	4	4
102.89533570459203	4.0	4	4
102.99542844360427	4.0	4	4
103.09552118261652	4.0	4	4
103.19561392162876	4.0	4	4
103.29570666064102	4.0	4	4
103.39579939965327	4.0	4	4
103.49589213866551	4.0	4	4
103.59598487767776	4.0	4	4
103.69607761669002	4.0	4	4
103.79617035570226	4.0	4	4
103.89626309471451	4.0	4	4
103.99635583372677	4.0	4	4
104.096448572739	4.0	4	4
104.19654131175126	4.0	4	4
104.29663405076352	4.0	4	4
104.39672678977576	4.0	4	4
104.49681952878801	4.0	4	4
104.59691226780025	4.0	4	4
104.6970050068125	4.0	4	4
104.79709774582476	4.0	4	4
104.897190484837	4.0	4	4
104.99728322384925	4.0	4	4
105.0973759628615	5.0	5	5
105.19746870187375	5.0	5	5
105.297561440886	5.0	5	5
105.39765417989825	5.0	5	5
105.4977469189105	5.0	5	5
105.59783965792275	5.0	5	5
105.697932396935	5.0	5	5
105.79802513594724	5.0	5	5
105.8981178749595	5.0	5	5
105.99821061397174	5.0	5	5
106.09830335298399	5.0	5	5
106.19839609199624	5.0	5	5
106.29848883100848	5.0	5	5
106.39858157002074	5.0	5	5
106.49867430903299	5.0	5	5
106.59876704804523	4.0	4	4
106.69885978705749	4.0	4	4
106.79895252606974	4.0	4	4
106.89904526508198	4.0	4	4
106.99913800409423	4.0	4	4
107.09923074310649	4.0	4	4
107.19932348211873	4.0	4	4
107.29941622113098	4.0	4	4
107.39950896014322	4.0	4	4
107.49960169915548	4.0	4	4
107.59969443816773	4.0	4	4
107.69978717717997	4.0	4	4
107.79987991619222	4.0	4	4
107.89997265520448	4.0	4	4
108.00006539421672	4.0	4	4
108.10015813322897	4.0	4	4
108.20025087224123	4.0	4	4
108.30034361125347	4.0	4	4
108.40043635026572	4.0	4	4
108.50052908927798	4.0	4	4
108.60062182829022	4.0	4	4
108.70071456730247	4.0	4	4
108.80080730631471	4.0	4	4
108.90090004532696	4.0	4	4
109.00099278433922	4.0	4	4
109.10108552335146	4.0	4	4
109.20117826236371	4.0	4	4
109.30127100137597	4.0	4	4
109.4013637403882	4.0	4	4
109.50145647940046	4.0	4	4
109.60154921841271	4.0	4	4
109.70164195742495	4.0	4	4
109.80173469643721	4.0	4	4
109.90182743544946	4.0	4	4
110.0019201744617	4.0	4	4
110.10201291347396	4.0	4	4
110.2021056524862	4.0	4	4
110.30219839149845	4.0	4	4
110.4022911305107	4.0	4	4
110.50238386952294	4.0	4	4
110.6024766085352	3.0	3	3
110.70256934754745	3.0	3	3
110.80266208655969	3.0	3	3
110.90275482557195	3.0	3	3
111.0028475645842	3.0	3	3
111.10294030359644	3.0	3	3
111.2030330426087	3.0	3	3
111.30312578162095	3.0	3	3
111.40321852063319	3.0	3	3
111.50331125964544	3.0	3	3
111.60340399865768	3.0	3	3
111.70349673766994	3.0	3	3
111.80358947668219	3.0	3	3
111.90368221569443	3.0	3	3
112.00377495470669	3.0	3	3
112.10386769371894	3.0	3	3
112.20396043273118	3.0	3	3
112.30405317174343	3.0	3	3
112.40414591075569	3.0	3	3
112.50423864976793	3.0	3	3
112.60433138878018	3.0	3	3
112.70442412779244	3.0	3	3
112.80451686680468	3.0	3	3
112.90460960581693	3.0	3	3
113.00470234482917	3.0	3	3
113.10479508384142	3.0	3	3
113.20488782285368	3.0	3	3
113.30498056186592	3.0	3	3
113.40507330087817	3.0	3	3
113.50516603989043	3.0	3	3
113.60525877890267	3.0	3	3
113.70535151791492	3.0	3	3
113.80544425692717	3.0	3	3
113.90553699593941	3.0	3	3
114.00562973495167	3.0	3	3
114.10572247396392	2.0	2	2
114.20581521297616	2.0	2	2
114.30590795198842	1.0	1	1
114.40600069100066	0.0	0	0
114.50609343001291	0.0	0	0
114.60618616902516	0.0	0	0
114.7062789080374	0.0	0	0
114.80637164704966	0.0	0	0
114.90646438606191	0.0	0	0
115.00655712507415	0.0	0	0
115.1066498640864	0.0	0	0
115.20674260309866	0.0	0	0
115.3068353421109	0.0	0	0
115.40692808112316	0.0	0	0
115.50702082013541	0.0	0	0
115.60711355914765	0.0	0	0
115.7072062981599	0.0	0	0
115.80729903717214	0.0	0	0
115.9073917761844	0.0	0	0
116.00748451519665	0.0	0	0
116.10757725420889	0.0	0	0
116.20766999322115	0.0	0	0
116.3077627322334	0.0	0	0
116.40785547124564	0.0	0	0
116.5079482102579	0.0	0	0
116.60804094927015	0.0	0	0
116.70813368828239	0.0	0	0
116.80822642729464	0.0	0	0
116.9083191663069	0.0	0	0
117.00841190531914	0.0	0	0
117.10850464433139	0.0	0	0
117.20859738334363	0.0	0	0
117.30869012235588	0.0	0	0
117.40878286136814	0.0	0	0
117.50887560038038	0.0	0	0
117.60896833939263	0.0	0	0
117.70906107840489	0.0	0	0
117.80915381741713	0.0	0	0
117.90924655642938	0.0	0	0
118.00933929544163	0.0	0	0
118.10943203445387	0.0	0	0
118.20952477346613	0.0	0	0
118.30961751247838	0.0	0	0
118.40971025149062	0.0	0	0
118.50980299050288	0.0	0	0
118.60989572951512	0.0	0	0
118.70998846852737	0.0	0	0
118.81008120753962	0.0	0	0
118.91017394655186	0.0	0	0
119.01026668556412	0.0	0	0
119.11035942457637	0.0	0	0
119.21045216358861	0.0	0	0
119.31054490260087	0.0	0	0
119.41063764161312	0.0	0	0
119.51073038062536	0.0	0	0
119.61082311963762	0.0	0	0
119.71091585864987	0.0	0	0
119.81100859766211	0.0	0	0
119.91110133667436	0.0	0	0
120.0111940756866	0.0	0	0
120.11128681469886	0.0	0	0
120.21137955371111	0.0	0	0
120.31147229272335	0.0	0	0
120.4115650317356	0.0	0	0
120.51165777074786	0.0	0	0
120.6117505097601	0.0	0	0
120.71184324877235	0.0	0	0
120.81193598778461	0.0	0	0
120.91202872679685	0.0	0	0
121.0121214658091	0.0	0	0
121.11221420482136	0.0	0	0
121.2123069438336	1.0	1	1
121.31239968284585	1.0	1	1
121.41249242185809	1.0	1	1
121.51258516087034	1.0	1	1
121.6126778998826	1.0	1	1
121.71277063889484	1.0	1	1
121.81286337790709	1.0	1	1
121.91295611691935	1.0	1	1
122.01304885593159	1.0	1	1
122.11314159494384	1.0	1	1
122.2132343339561	1.0	1	1
122.31332707296833	1.0	1	1
122.41341981198059	1.0	1	1
122.51351255099284	1.0	1	1
122.61360529000508	1.0	1	1
122.71369802901734	1.0	1	1
122.81379076802958	1.0	1	1
122.91388350704183	1.0	1	1
123.01397624605409	1.0	1	1
123.11406898506633	0.0	0	0
123.21416172407858	0.0	0	0
123.31425446309083	0.0	0	0
123.41434720210307	0.0	0	0
123.51443994111533	0.0	0	0
123.61453268012758	0.0	0	0
123.71462541913982	0.0	0	0
123.81471815815208	0.0	0	0
123.91481089716433	0.0	0	0
124.01490363617657	0.0	0	0
124.11499637518882	0.0	0	0
124.21508911420106	0.0	0	0
124.31518185321332	0.0	0	0
124.41527459222557	0.0	0	0
124.51536733123781	0.0	0	0
124.61546007025007	0.0	0	0
124.71555280926232	0.0	0	0
124.81564554827456	0.0	0	0
124.91573828728681	0.0	0	0
125.01583102629907	0.0	0	0
125.11592376531131	0.0	0	0
125.21601650432356	0.0	0	0
125.31610924333582	0.0	0	0
125.41620198234806	0.0	0	0
125.51629472136031	0.0	0	0
125.61638746037255	0.0	0	0
125.7164801993848	0.0	0	0
125.81657293839706	0.0	0	0
125.9166656774093	0.0	0	0
126.01675841642155	0.0	0	0
126.1168511554338	0.0	0	0
126.21694389444605	0.0	0	0
126.3170366334583	1.0	1	1
126.41712937247055	1.0	1	1
126.5172221114828	1.0	1	1
126.61731485049505	1.0	1	1
126.7174075895073	1.0	1	1
126.81750032851954	1.0	1	1
126.9175930675318	1.0	1	1
127.01768580654404	1.0	1	1
127.11777854555629	1.0	1	1
127.21787128456855	1.0	1	1
127.31796402358079	1.0	1	1
127.41805676259304	1.0	1	1
127.5181495016053	1.0	1	1
127.61824224061753	2.0	2	2
127.71833497962979	2.0	2	2
127.81842771864204	2.0	2	2
127.91852045765428	2.0	2	2
128.01861319666654	2.0	2	2
128.11870593567878	2.0	2	2
128.21879867469104	2.0	2	2
128.31889141370328	2.0	2	2
128.41898415271552	2.0	2	2
128.5190768917278	3.0	3	3
128.61916963074003	3.0	3	3
128.71926236975227	3.0	3	3
128.8193551087645	3.0	3	3
128.91944784777678	3.0	3	3
129.01954058678902	3.0	3	3
129.11963332580126	3.0	3	3
129.21972606481353	4.0	4	4
129.31981880382577	4.0	4	4
129.419911542838	4.0	4	4
129.52000428185028	3.0	3	3
129.62009702086252	3.0	3	3
129.72018975987476	3.0	3	3
129.82028249888702	3.0	3	3
129.92037523789926	3.0	3	3
130.0204679769115	3.0	3	3
130.12056071592377	3.0	3	3
130.220653454936	3.0	3	3
130.32074619394825	3.0	3	3
130.42083893296052	3.0	3	3
130.52093167197276	3.0	3	3
130.621024410985	2.0	2	2
130.72111714999727	2.0	2	2
130.8212098890095	2.0	2	2
130.92130262802175	2.0	2	2
131.02139536703402	2.0	2	2
131.12148810604626	2.0	2	2
131.2215808450585	2.0	2	2
131.32167358407077	1.0	1	1
131.421766323083	1.0	1	1
131.52185906209525	1.0	1	1
131.62195180110749	1.0	1	1
131.72204454011975	1.0	1	1
131.822137279132	1.0	1	1
131.92223001814423	1.0	1	1
132.0223227571565	1.0	1	1
132.12241549616874	1.0	1	1
132.22250823518098	1.0	1	1
132.32260097419325	1.0	1	1
132.4226937132055	1.0	1	1
132.52278645221773	1.0	1	1
132.62287919123	1.0	1	1
132.72297193024224	1.0	1	1
132.82306466925448	1.0	1	1
132.92315740826675	1.0	1	1
133.023250147279	1.0	1	1
133.12334288629123	1.0	1	1
133.2234356253035	1.0	1	1
133.32352836431573	1.0	1	1
133.42362110332797	1.0	1	1
133.52371384234024	1.0	1	1
133.62380658135248	1.0	1	1
133.72389932036472	1.0	1	1
133.823992059377	1.0	1	1
133.92408479838923	1.0	1	1
134.02417753740147	1.0	1	1
134.12427027641374	1.0	1	1
134.22436301542598	2.0	2	2
134.32445575443822	2.0	2	2
134.42454849345046	2.0	2	2
134.52464123246273	3.0	3	3
134.62473397147497	4.0	4	4
134.7248267104872	4.0	4	4
134.82491944949948	4.0	4	4
134.92501218851172	4.0	4	4
135.02510492752396	4.0	4	4
135.12519766653622	4.0	4	4
135.22529040554846	4.0	4	4
135.3253831445607	4.0	4	4
135.42547588357297	4.0	4	4
135.5255686225852	4.0	4	4
135.62566136159745	4.0	4	4
135.72575410060972	4.0	4	4
135.82584683962196	4.0	4	4
135.9259395786342	4.0	4	4
136.02603231764647	3.0	3	3
136.1261250566587	3.0	3	3
136.22621779567095	3.0	3	3
136.32631053468322	3.0	3	3
136.42640327369546	3.0	3	3
136.5264960127077	3.0	3	3
136.62658875171996	3.0	3	3
136.7266814907322	1.0	1	1
136.82677422974444	0.0	0	0
136.9268669687567	0.0	0	0
137.02695970776895	0.0	0	0
137.1270524467812	0.0	0	0
137.22714518579343	0.0	0	0
137.3272379248057	0.0	0	0
137.42733066381794	0.0	0	0
137.52742340283018	0.0	0	0
137.62751614184245	0.0	0	0
137.7276088808547	0.0	0	0
137.82770161986693	0.0	0	0
137.9277943588792	0.0	0	0
138.02788709789144	1.0	1	1
138.12797983690368	1.0	1	1
138.22807257591595	1.0	1	1
138.32816531492819	1.0	1	1
138.42825805394043	1.0	1	1
138.5283507929527	1.0	1	1
138.62844353196493	1.0	1	1
138.72853627097717	1.0	1	1
138.82862900998944	1.0	1	1
138.92872174900168	1.0	1	1
139.02881448801392	1.0	1	1
139.1289072270262	1.0	1	1
139.22899996603843	1.0	1	1
139.32909270505067	1.0	1	1
139.42918544406294	1.0	1	1
139.52927818307518	1.0	1	1
139.62937092208742	1.0	1	1
139.7294636610997	1.0	1	1
139.82955640011193	1.0	1	1
139.92964913912417	1.0	1	1
140.0297418781364	1.0	1	1
140.12983461714867	2.0	2	2
140.2299273561609	2.0	2	2
140.33002009517315	1.0	1	1
140.43011283418542	1.0	1	1
140.53020557319766	1.0	1	1
140.6302983122099	1.0	1	1
140.73039105122217	1.0	1	1
140.8304837902344	1.0	1	1
140.93057652924665	1.0	1	1
141.03066926825892	1.0	1	1
141.13076200727116	1.0	1	1
141.2308547462834	1.0	1	1
141.33094748529567	1.0	1	1
141.4310402243079	1.0	1	1
141.53113296332015	1.0	1	1
141.63122570233242	1.0	1	1
141.73131844134465	1.0	1	1
141.8314111803569	1.0	1	1
141.93150391936916	1.0	1	1
142.0315966583814	1.0	1	1
142.13168939739364	1.0	1	1
142.2317821364059	1.0	1	1
142.33187487541815	1.0	1	1
142.4319676144304	1.0	1	1
142.53206035344266	1.0	1	1
142.6321530924549	1.0	1	1
142.73224583146714	1.0	1	1
142.83233857047938	1.0	1	1
142.93243130949165	1.0	1	1
143.0325240485039	1.0	1	1
143.13261678751613	1.0	1	1
143.2327095265284	1.0	1	1
143.33280226554064	1.0	1	1
143.43289500455288	1.0	1	1
143.53298774356514	2.0	2	2
143.63308048257738	2.0	2	2
143.73317322158962	2.0	2	2
143.8332659606019	2.0	2	2
143.93335869961413	2.0	2	2
144.03345143862637	2.0	2	2
144.13354417763864	2.0	2	2
144.23363691665088	2.0	2	2
144.33372965566312	2.0	2	2
144.4338223946754	2.0	2	2
144.53391513368763	2.0	2	2
144.63400787269987	2.0	2	2
144.73410061171214	2.0	2	2
144.83419335072438	2.0	2	2
144.93428608973662	2.0	2	2
145.03437882874888	2.0	2	2
145.13447156776112	2.0	2	2
145.23456430677336	2.0	2	2
145.33465704578563	2.0	2	2
145.43474978479787	2.0	2	2
145.5348425238101	2.0	2	2
145.63493526282235	2.0	2	2
145.73502800183462	2.0	2	2
145.83512074084686	2.0	2	2
145.9352134798591	2.0	2	2
146.03530621887137	2.0	2	2
146.1353989578836	2.0	2	2
146.23549169689585	2.0	2	2
146.33558443590812	2.0	2	2
146.43567717492036	2.0	2	2
146.5357699139326	2.0	2	2
146.63586265294487	2.0	2	2
146.7359553919571	2.0	2	2
146.83604813096935	2.0	2	2
146.9361408699816	2.0	2	2
147.03623360899385	2.0	2	2
147.1363263480061	2.0	2	2
147.23641908701836	2.0	2	2
147.3365118260306	2.0	2	2
147.43660456504284	2.0	2	2
147.5366973040551	2.0	2	2
147.63679004306735	2.0	2	2
147.7368827820796	2.0	2	2
147.83697552109186	2.0	2	2
147.9370682601041	2.0	2	2
148.03716099911634	2.0	2	2
148.1372537381286	2.0	2	2
148.23734647714085	2.0	2	2
148.3374392161531	2.0	2	2
148.43753195516533	2.0	2	2
148.5376246941776	2.0	2	2
148.63771743318983	2.0	2	2
148.73781017220207	3.0	3	3
148.83790291121434	3.0	3	3
148.93799565022658	3.0	3	3
149.03808838923882	3.0	3	3
149.1381811282511	3.0	3	3
149.23827386726333	3.0	3	3
149.33836660627557	3.0	3	3
149.43845934528784	3.0	3	3
149.53855208430008	3.0	3	3
149.63864482331232	3.0	3	3
149.7387375623246	3.0	3	3
149.83883030133683	3.0	3	3
149.93892304034907	3.0	3	3
150.03901577936134	3.0	3	3
150.13910851837358	3.0	3	3
150.23920125738582	3.0	3	3
150.33929399639808	3.0	3	3
150.43938673541032	3.0	3	3
150.53947947442256	3.0	3	3
150.63957221343483	3.0	3	3
150.73966495244707	3.0	3	3
150.8397576914593	3.0	3	3
150.93985043047158	2.0	2	2
151.03994316948382	2.0	2	2
151.14003590849606	2.0	2	2
151.2401286475083	2.0	2	2
151.34022138652057	2.0	2	2
151.4403141255328	2.0	2	2
151.54040686454505	2.0	2	2
151.64049960355732	2.0	2	2
151.74059234256956	2.0	2	2
151.8406850815818	2.0	2	2
151.94077782059406	2.0	2	2
152.0408705596063	2.0	2	2
152.14096329861854	2.0	2	2
152.2410560376308	2.0	2	2
152.34114877664305	2.0	2	2
152.4412415156553	2.0	2	2
152.54133425466756	2.0	2	2
152.6414269936798	2.0	2	2
152.74151973269204	2.0	2	2
152.8416124717043	2.0	2	2
152.94170521071655	2.0	2	2
153.0417979497288	2.0	2	2
153.14189068874106	2.0	2	2
153.2419834277533	2.0	2	2
153.34207616676554	2.0	2	2
153.4421689057778	2.0	2	2
153.54226164479005	2.0	2	2
153.64235438380229	2.0	2	2
153.74244712281455	2.0	2	2
153.8425398618268	2.0	2	2
153.94263260083903	2.0	2	2
154.04272533985127	2.0	2	2
154.14281807886354	2.0	2	2
154.24291081787578	2.0	2	2
154.34300355688802	2.0	2	2
154.4430962959003	2.0	2	2
154.54318903491253	2.0	2	2
154.64328177392477	2.0	2	2
154.74337451293704	2.0	2	2
154.84346725194928	1.0	1	1
154.94355999096152	1.0	1	1
155.0436527299738	1.0	1	1
155.14374546898603	1.0	1	1
155.24383820799827	1.0	1	1
155.34393094701053	1.0	1	1
155.44402368602277	1.0	1	1
155.544116425035	1.0	1	1
155.64420916404728	1.0	1	1
155.74430190305952	1.0	1	1
155.84439464207176	1.0	1	1
155.94448738108403	1.0	1	1
156.04458012009627	1.0	1	1
156.1446728591085	0.0	0	0
156.24476559812078	0.0	0	0
156.34485833713302	0.0	0	0
156.44495107614526	0.0	0	0
156.5450438151575	0.0	0	0
156.64513655416977	0.0	0	0
156.745229293182	0.0	0	0
156.84532203219425	0.0	0	0
156.94541477120652	0.0	0	0
157.04550751021875	0.0	0	0
157.145600249231	0.0	0	0
157.24569298824326	0.0	0	0
157.3457857272555	0.0	0	0
157.44587846626774	0.0	0	0
157.54597120528	0.0	0	0
157.64606394429225	0.0	0	0
157.7461566833045	0.0	0	0
157.84624942231676	0.0	0	0
157.946342161329	1.0	1	1
158.04643490034124	1.0	1	1
158.1465276393535	1.0	1	1
158.24662037836575	1.0	1	1
158.346713117378	1.0	1	1
158.44680585639026	1.0	1	1
158.5468985954025	1.0	1	1
158.64699133441474	1.0	1	1
158.747084073427	1.0	1	1
158.84717681243924	1.0	1	1
158.94726955145148	1.0	1	1
159.04736229046375	1.0	1	1
159.147455029476	1.0	1	1
159.24754776848823	1.0	1	1
159.34764050750047	1.0	1	1
159.44773324651274	1.0	1	1
159.54782598552498	1.0	1	1
159.64791872453722	1.0	1	1
159.7480114635495	1.0	1	1
159.84810420256173	1.0	1	1
159.94819694157397	1.0	1	1
160.04828968058624	1.0	1	1
160.14838241959848	1.0	1	1
160.24847515861072	1.0	1	1
160.34856789762298	1.0	1	1
160.44866063663522	1.0	1	1
160.54875337564746	1.0	1	1
160.64884611465973	1.0	1	1
160.74893885367197	1.0	1	1
160.8490315926842	1.0	1	1
160.94912433169648	1.0	1	1
161.04921707070872	1.0	1	1
161.14930980972096	1.0	1	1
161.24940254873323	1.0	1	1
161.34949528774547	1.0	1	1
161.4495880267577	1.0	1	1
161.54968076576998	1.0	1	1
161.64977350478222	1.0	1	1
161.74986624379446	1.0	1	1
161.84995898280673	1.0	1	1
161.95005172181897	1.0	1	1
162.0501444608312	1.0	1	1
162.15023719984345	1.0	1	1
162.2503299388557	1.0	1	1
162.35042267786795	1.0	1	1
162.4505154168802	1.0	1	1
162.55060815589246	3.0	3	3
162.6507008949047	3.0	3	3
162.75079363391694	3.0	3	3
162.8508863729292	3.0	3	3
162.95097911194145	3.0	3	3
163.0510718509537	3.0	3	3
163.15116458996596	3.0	3	3
163.2512573289782	3.0	3	3
163.35135006799044	3.0	3	3
163.4514428070027	3.0	3	3
163.55153554601495	3.0	3	3
163.6516282850272	4.0	4	4
163.75172102403945	4.0	4	4
163.8518137630517	5.0	5	5
163.95190650206393	5.0	5	5
164.0519992410762	5.0	5	5
164.15209198008844	6.0	6	6
164.25218471910068	6.0	6	6
164.35227745811295	6.0	6	6
164.4523701971252	6.0	6	6
164.55246293613743	6.0	6	6
164.6525556751497	6.0	6	6
164.75264841416194	5.0	5	5
164.85274115317418	4.0	4	4
164.95283389218642	4.0	4	4
165.0529266311987	4.0	4	4
165.15301937021093	4.0	4	4
165.25311210922317	4.0	4	4
165.35320484823544	4.0	4	4
165.45329758724768	4.0	4	4
165.55339032625992	4.0	4	4
165.65348306527218	4.0	4	4
165.75357580428442	3.0	3	3
165.85366854329666	3.0	3	3
165.95376128230893	3.0	3	3
166.05385402132117	3.0	3	3
166.1539467603334	3.0	3	3
166.25403949934568	3.0	3	3
166.35413223835792	3.0	3	3
166.45422497737016	2.0	2	2
166.55431771638243	2.0	2	2
166.65441045539467	2.0	2	2
166.7545031944069	3.0	3	3
166.85459593341918	4.0	4	4
166.95468867243142	4.0	4	4
167.05478141144366	5.0	5	5
167.15487415045592	5.0	5	5
167.25496688946816	5.0	5	5
167.3550596284804	5.0	5	5
167.45515236749267	5.0	5	5
167.5552451065049	5.0	5	5
167.65533784551715	5.0	5	5
167.7554305845294	5.0	5	5
167.85552332354166	5.0	5	5
167.9556160625539	5.0	5	5
168.05570880156614	5.0	5	5
168.1558015405784	4.0	4	4
168.25589427959065	4.0	4	4
168.3559870186029	4.0	4	4
168.45607975761516	4.0	4	4
168.5561724966274	4.0	4	4
168.65626523563964	5.0	5	5
168.7563579746519	4.0	4	4
168.85645071366415	3.0	3	3
168.95654345267639	3.0	3	3
169.05663619168865	3.0	3	3
169.1567289307009	2.0	2	2
169.25682166971313	2.0	2	2
169.3569144087254	2.0	2	2
169.45700714773764	2.0	2	2
169.55709988674988	2.0	2	2
169.65719262576215	2.0	2	2
169.7572853647744	2.0	2	2
169.85737810378663	2.0	2	2
169.9574708427989	2.0	2	2
170.05756358181114	2.0	2	2
170.15765632082338	2.0	2	2
170.25774905983565	2.0	2	2
170.3578417988479	2.0	2	2
170.45793453786013	2.0	2	2
170.55802727687237	2.0	2	2
170.65812001588463	3.0	3	3
170.75821275489687	3.0	3	3
170.8583054939091	3.0	3	3
170.95839823292138	3.0	3	3
171.05849097193362	3.0	3	3
171.15858371094586	3.0	3	3
171.25867644995813	3.0	3	3
171.35876918897037	3.0	3	3
171.4588619279826	3.0	3	3
171.55895466699488	3.0	3	3
171.65904740600712	3.0	3	3
171.75914014501936	3.0	3	3
171.85923288403163	3.0	3	3
171.95932562304387	3.0	3	3
172.0594183620561	3.0	3	3
172.15951110106838	3.0	3	3
172.25960384008062	4.0	4	4
172.35969657909286	4.0	4	4
172.45978931810512	4.0	4	4
172.55988205711736	4.0	4	4
172.6599747961296	4.0	4	4
172.76006753514187	4.0	4	4
172.8601602741541	4.0	4	4
172.96025301316635	4.0	4	4
173.06034575217862	4.0	4	4
173.16043849119086	4.0	4	4
173.2605312302031	5.0	5	5
173.36062396921534	5.0	5	5
173.4607167082276	5.0	5	5
173.56080944723985	5.0	5	5
173.6609021862521	5.0	5	5
173.76099492526436	5.0	5	5
173.8610876642766	5.0	5	5
173.96118040328884	5.0	5	5
174.0612731423011	5.0	5	5
174.16136588131334	5.0	5	5
174.26145862032558	5.0	5	5
174.36155135933785	5.0	5	5
174.4616440983501	5.0	5	5
174.56173683736233	5.0	5	5
174.6618295763746	5.0	5	5
174.76192231538684	5.0	5	5
174.86201505439908	5.0	5	5
174.96210779341135	4.0	4	4
175.0622005324236	4.0	4	4
175.16229327143583	4.0	4	4
175.2623860104481	4.0	4	4
175.36247874946034	4.0	4	4
175.46257148847258	4.0	4	4
175.56266422748485	4.0	4	4
175.66275696649708	4.0	4	4
175.76284970550932	4.0	4	4
175.8629424445216	4.0	4	4
175.96303518353383	4.0	4	4
176.06312792254607	4.0	4	4
176.1632206615583	4.0	4	4
176.26331340057058	4.0	4	4
176.36340613958282	4.0	4	4
176.46349887859506	4.0	4	4
176.56359161760733	4.0	4	4
176.66368435661957	4.0	4	4
176.7637770956318	4.0	4	4
176.86386983464408	4.0	4	4
176.96396257365632	4.0	4	4
177.06405531266856	4.0	4	4
177.16414805168083	4.0	4	4
177.26424079069307	4.0	4	4
177.3643335297053	4.0	4	4
177.46442626871757	4.0	4	4
177.5645190077298	4.0	4	4
177.66461174674205	4.0	4	4
177.76470448575432	4.0	4	4
177.86479722476656	4.0	4	4
177.9648899637788	4.0	4	4
178.06498270279107	4.0	4	4
178.1650754418033	4.0	4	4
178.26516818081555	4.0	4	4
178.36526091982782	3.0	3	3
178.46535365884006	3.0	3	3
178.5654463978523	3.0	3	3
178.66553913686457	3.0	3	3
178.7656318758768	3.0	3	3
178.86572461488905	3.0	3	3
178.9658173539013	3.0	3	3
179.06591009291355	3.0	3	3
179.1660028319258	3.0	3	3
179.26609557093803	3.0	3	3
179.3661883099503	3.0	3	3
179.46628104896254	3.0	3	3
179.56637378797478	3.0	3	3
179.66646652698705	3.0	3	3
179.7665592659993	3.0	3	3
179.86665200501153	3.0	3	3
179.9667447440238	3.0	3	3
180.06683748303604	3.0	3	3
180.16693022204828	3.0	3	3
180.26702296106055	3.0	3	3
180.3671157000728	3.0	3	3
180.46720843908503	3.0	3	3
180.5673011780973	3.0	3	3
180.66739391710954	3.0	3	3
180.76748665612178	3.0	3	3
180.86757939513404	3.0	3	3
180.96767213414628	3.0	3	3
181.06776487315852	3.0	3	3
181.1678576121708	3.0	3	3
181.26795035118303	2.0	2	2
181.36804309019527	2.0	2	2
181.4681358292075	2.0	2	2
181.56822856821978	2.0	2	2
181.66832130723202	2.0	2	2
181.76841404624426	2.0	2	2
181.86850678525653	2.0	2	2
181.96859952426877	2.0	2	2
182.068692263281	2.0	2	2
182.16878500229328	2.0	2	2
182.26887774130552	2.0	2	2
182.36897048031776	1.0	1	1
182.46906321933002	1.0	1	1
182.56915595834226	1.0	1	1
182.6692486973545	1.0	1	1
182.76934143636677	1.0	1	1
182.869434175379	1.0	1	1
182.96952691439125	1.0	1	1
183.06961965340352	1.0	1	1
183.16971239241576	1.0	1	1
183.269805131428	1.0	1	1
183.36989787044027	1.0	1	1
183.4699906094525	1.0	1	1
183.57008334846475	1.0	1	1
183.67017608747702	1.0	1	1
183.77026882648926	1.0	1	1
183.8703615655015	1.0	1	1
183.97045430451377	1.0	1	1
184.070547043526	1.0	1	1
184.17063978253825	1.0	1	1
184.27073252155049	1.0	1	1
184.37082526056275	1.0	1	1
184.470917999575	1.0	1	1
