time	diversity	m_div	M_div
0.0	38.0	38	38
0.10005740713375755	38.0	38	38
0.2001148142675151	38.0	38	38
0.30017222140127264	38.0	38	38
0.4002296285350302	38.0	38	38
0.5002870356687877	36.0	36	36
0.6003444428025453	36.0	36	36
0.7004018499363028	35.0	35	35
0.8004592570700604	35.0	35	35
0.9005166642038179	33.0	33	33
1.0005740713375755	33.0	33	33
1.1006314784713331	33.0	33	33
1.2006888856050906	33.0	33	33
1.300746292738848	33.0	33	33
1.4008036998726057	33.0	33	33
1.5008611070063633	33.0	33	33
1.6009185141401208	33.0	33	33
1.7009759212738782	33.0	33	33
1.8010333284076359	33.0	33	33
1.9010907355413935	33.0	33	33
2.001148142675151	33.0	33	33
2.1012055498089084	33.0	33	33
2.2012629569426663	33.0	33	33
2.3013203640764237	34.0	34	34
2.401377771210181	34.0	34	34
2.5014351783439386	34.0	34	34
2.601492585477696	32.0	32	32
2.701549992611454	31.0	31	31
2.8016073997452113	31.0	31	31
2.9016648068789688	32.0	32	32
3.0017222140127267	32.0	32	32
3.101779621146484	32.0	32	32
3.2018370282802415	32.0	32	32
3.301894435413999	32.0	32	32
3.4019518425477564	32.0	32	32
3.5020092496815143	32.0	32	32
3.6020666568152717	32.0	32	32
3.702124063949029	32.0	32	32
3.802181471082787	32.0	32	32
3.9022388782165445	32.0	32	32
4.002296285350302	32.0	32	32
4.102353692484059	32.0	32	32
4.202411099617817	32.0	32	32
4.302468506751574	32.0	32	32
4.4025259138853325	32.0	32	32
4.50258332101909	30.0	30	30
4.602640728152847	28.0	28	28
4.702698135286605	28.0	28	28
4.802755542420362	28.0	28	28
4.90281294955412	26.0	26	26
5.002870356687877	26.0	26	26
5.102927763821635	26.0	26	26
5.202985170955392	23.0	23	23
5.30304257808915	23.0	23	23
5.403099985222908	22.0	22	22
5.503157392356665	22.0	22	22
5.603214799490423	20.0	20	20
5.70327220662418	19.0	19	19
5.8033296137579375	19.0	19	19
5.903387020891695	19.0	19	19
6.003444428025453	19.0	19	19
6.103501835159211	18.0	18	18
6.203559242292968	18.0	18	18
6.303616649426726	18.0	18	18
6.403674056560483	18.0	18	18
6.5037314636942405	18.0	18	18
6.603788870827998	18.0	18	18
6.703846277961755	18.0	18	18
6.803903685095513	14.0	14	14
6.903961092229271	3.0	3	3
7.004018499363029	3.0	3	3
7.104075906496786	3.0	3	3
7.204133313630543	3.0	3	3
7.304190720764301	3.0	3	3
7.404248127898058	3.0	3	3
7.504305535031816	3.0	3	3
7.604362942165574	3.0	3	3
7.7044203492993315	3.0	3	3
7.804477756433089	3.0	3	3
7.904535163566846	3.0	3	3
8.004592570700604	3.0	3	3
8.104649977834361	3.0	3	3
8.204707384968119	3.0	3	3
8.304764792101876	3.0	3	3
8.404822199235634	3.0	3	3
8.504879606369391	3.0	3	3
8.604937013503148	3.0	3	3
8.704994420636906	3.0	3	3
8.805051827770665	3.0	3	3
8.905109234904423	3.0	3	3
9.00516664203818	3.0	3	3
9.105224049171937	3.0	3	3
9.205281456305695	3.0	3	3
9.305338863439452	3.0	3	3
9.40539627057321	3.0	3	3
9.505453677706967	3.0	3	3
9.605511084840725	3.0	3	3
9.705568491974482	3.0	3	3
9.80562589910824	3.0	3	3
9.905683306241997	3.0	3	3
10.005740713375754	3.0	3	3
10.105798120509512	3.0	3	3
10.20585552764327	3.0	3	3
10.305912934777027	3.0	3	3
10.405970341910784	3.0	3	3
10.506027749044543	3.0	3	3
10.6060851561783	3.0	3	3
10.706142563312058	3.0	3	3
10.806199970445816	3.0	3	3
10.906257377579573	3.0	3	3
11.00631478471333	3.0	3	3
11.106372191847088	3.0	3	3
11.206429598980845	3.0	3	3
11.306487006114603	3.0	3	3
11.40654441324836	3.0	3	3
11.506601820382118	3.0	3	3
11.606659227515875	3.0	3	3
11.706716634649633	3.0	3	3
11.80677404178339	3.0	3	3
11.906831448917147	3.0	3	3
12.006888856050907	3.0	3	3
12.106946263184664	3.0	3	3
12.207003670318421	3.0	3	3
12.307061077452179	3.0	3	3
12.407118484585936	3.0	3	3
12.507175891719694	3.0	3	3
12.607233298853451	3.0	3	3
12.707290705987209	3.0	3	3
12.807348113120966	3.0	3	3
12.907405520254724	3.0	3	3
13.007462927388481	3.0	3	3
13.107520334522238	3.0	3	3
13.207577741655996	3.0	3	3
13.307635148789753	3.0	3	3
13.40769255592351	3.0	3	3
13.507749963057268	3.0	3	3
13.607807370191026	3.0	3	3
13.707864777324785	3.0	3	3
13.807922184458542	3.0	3	3
13.9079795915923	3.0	3	3
14.008036998726057	3.0	3	3
14.108094405859815	3.0	3	3
14.208151812993572	3.0	3	3
14.30820922012733	3.0	3	3
14.408266627261087	3.0	3	3
14.508324034394844	3.0	3	3
14.608381441528602	3.0	3	3
14.70843884866236	3.0	3	3
14.808496255796117	3.0	3	3
14.908553662929874	3.0	3	3
15.008611070063631	3.0	3	3
15.108668477197389	3.0	3	3
15.208725884331148	3.0	3	3
15.308783291464906	3.0	3	3
15.408840698598663	3.0	3	3
15.50889810573242	3.0	3	3
15.608955512866178	4.0	4	4
15.709012919999935	4.0	4	4
15.809070327133693	4.0	4	4
15.90912773426745	4.0	4	4
16.009185141401208	4.0	4	4
16.109242548534965	4.0	4	4
16.209299955668723	4.0	4	4
16.30935736280248	4.0	4	4
16.409414769936237	4.0	4	4
16.509472177069995	4.0	4	4
16.609529584203752	4.0	4	4
16.70958699133751	5.0	5	5
16.809644398471267	5.0	5	5
16.909701805605025	5.0	5	5
17.009759212738782	5.0	5	5
17.10981661987254	5.0	5	5
17.209874027006297	5.0	5	5
17.309931434140054	5.0	5	5
17.40998884127381	5.0	5	5
17.51004624840757	5.0	5	5
17.61010365554133	5.0	5	5
17.710161062675088	5.0	5	5
17.810218469808845	5.0	5	5
17.910275876942602	5.0	5	5
18.01033328407636	5.0	5	5
18.110390691210117	5.0	5	5
18.210448098343875	5.0	5	5
18.310505505477632	5.0	5	5
18.41056291261139	5.0	5	5
18.510620319745147	5.0	5	5
18.610677726878905	5.0	5	5
18.710735134012662	5.0	5	5
18.81079254114642	5.0	5	5
18.910849948280177	5.0	5	5
19.010907355413934	5.0	5	5
19.11096476254769	5.0	5	5
19.21102216968145	5.0	5	5
19.311079576815207	5.0	5	5
19.411136983948964	5.0	5	5
19.51119439108272	5.0	5	5
19.61125179821648	5.0	5	5
19.711309205350236	5.0	5	5
19.811366612483994	4.0	4	4
19.91142401961775	4.0	4	4
20.01148142675151	4.0	4	4
20.111538833885266	4.0	4	4
20.211596241019024	4.0	4	4
20.31165364815278	4.0	4	4
20.41171105528654	4.0	4	4
20.511768462420296	4.0	4	4
20.611825869554053	4.0	4	4
20.71188327668781	4.0	4	4
20.811940683821568	4.0	4	4
20.91199809095533	4.0	4	4
21.012055498089087	4.0	4	4
21.112112905222844	4.0	4	4
21.2121703123566	3.0	3	3
21.31222771949036	3.0	3	3
21.412285126624116	3.0	3	3
21.512342533757874	3.0	3	3
21.61239994089163	3.0	3	3
21.71245734802539	2.0	2	2
21.812514755159146	2.0	2	2
21.912572162292903	2.0	2	2
22.01262956942666	2.0	2	2
22.11268697656042	2.0	2	2
22.212744383694176	2.0	2	2
22.312801790827933	2.0	2	2
22.41285919796169	2.0	2	2
22.512916605095448	2.0	2	2
22.612974012229206	2.0	2	2
22.713031419362963	2.0	2	2
22.81308882649672	2.0	2	2
22.913146233630478	2.0	2	2
23.013203640764235	2.0	2	2
23.113261047897993	2.0	2	2
23.21331845503175	2.0	2	2
23.313375862165508	2.0	2	2
23.413433269299265	2.0	2	2
23.513490676433022	2.0	2	2
23.61354808356678	1.0	1	1
23.713605490700537	1.0	1	1
23.813662897834295	1.0	1	1
23.913720304968052	1.0	1	1
24.013777712101813	1.0	1	1
24.11383511923557	1.0	1	1
24.213892526369328	1.0	1	1
24.313949933503086	1.0	1	1
24.414007340636843	1.0	1	1
24.5140647477706	1.0	1	1
24.614122154904358	1.0	1	1
24.714179562038115	1.0	1	1
24.814236969171873	1.0	1	1
24.91429437630563	1.0	1	1
25.014351783439388	1.0	1	1
25.114409190573145	1.0	1	1
25.214466597706902	1.0	1	1
25.31452400484066	1.0	1	1
25.414581411974417	1.0	1	1
25.514638819108175	1.0	1	1
25.614696226241932	1.0	1	1
25.71475363337569	1.0	1	1
25.814811040509447	1.0	1	1
25.914868447643205	1.0	1	1
26.014925854776962	1.0	1	1
26.11498326191072	1.0	1	1
26.215040669044477	1.0	1	1
26.315098076178234	1.0	1	1
26.41515548331199	1.0	1	1
26.51521289044575	1.0	1	1
26.615270297579507	1.0	1	1
26.715327704713264	1.0	1	1
26.81538511184702	1.0	1	1
26.91544251898078	1.0	1	1
27.015499926114536	1.0	1	1
27.115557333248294	1.0	1	1
27.21561474038205	1.0	1	1
27.315672147515812	1.0	1	1
27.41572955464957	1.0	1	1
27.515786961783327	1.0	1	1
27.615844368917084	1.0	1	1
27.715901776050842	1.0	1	1
27.8159591831846	1.0	1	1
27.916016590318357	1.0	1	1
28.016073997452114	1.0	1	1
28.11613140458587	1.0	1	1
28.21618881171963	1.0	1	1
28.316246218853387	1.0	1	1
28.416303625987144	1.0	1	1
28.5163610331209	1.0	1	1
28.61641844025466	1.0	1	1
28.716475847388416	1.0	1	1
28.816533254522174	1.0	1	1
28.91659066165593	1.0	1	1
29.01664806878969	1.0	1	1
29.116705475923446	1.0	1	1
29.216762883057203	1.0	1	1
29.31682029019096	1.0	1	1
29.41687769732472	1.0	1	1
29.516935104458476	1.0	1	1
29.616992511592233	1.0	1	1
29.71704991872599	1.0	1	1
29.817107325859748	1.0	1	1
29.917164732993506	1.0	1	1
30.017222140127263	1.0	1	1
30.11727954726102	1.0	1	1
30.217336954394778	1.0	1	1
30.317394361528535	1.0	1	1
30.417451768662296	1.0	1	1
30.517509175796054	1.0	1	1
30.61756658292981	1.0	1	1
30.71762399006357	1.0	1	1
30.817681397197326	1.0	1	1
30.917738804331083	1.0	1	1
31.01779621146484	1.0	1	1
31.1178536185986	1.0	1	1
31.217911025732356	1.0	1	1
31.317968432866113	1.0	1	1
31.41802583999987	1.0	1	1
31.518083247133628	1.0	1	1
31.618140654267386	1.0	1	1
31.718198061401143	1.0	1	1
31.8182554685349	1.0	1	1
31.918312875668658	1.0	1	1
32.018370282802415	1.0	1	1
32.118427689936176	1.0	1	1
32.21848509706993	1.0	1	1
32.31854250420369	1.0	1	1
32.418599911337445	1.0	1	1
32.518657318471206	1.0	1	1
32.61871472560496	1.0	1	1
32.71877213273872	1.0	1	1
32.818829539872475	1.0	1	1
32.918886947006236	1.0	1	1
33.01894435413999	1.0	1	1
33.11900176127375	1.0	1	1
33.219059168407505	1.0	1	1
33.319116575541265	1.0	1	1
33.41917398267502	1.0	1	1
33.51923138980878	1.0	1	1
33.619288796942534	1.0	1	1
33.719346204076295	1.0	1	1
33.81940361121005	1.0	1	1
33.91946101834381	1.0	1	1
34.019518425477564	1.0	1	1
34.119575832611325	1.0	1	1
34.21963323974508	1.0	1	1
34.31969064687884	1.0	1	1
34.419748054012594	1.0	1	1
34.519805461146355	1.0	1	1
34.61986286828011	1.0	1	1
34.71992027541387	1.0	1	1
34.81997768254762	1.0	1	1
34.920035089681384	1.0	1	1
35.02009249681514	1.0	1	1
35.1201499039489	1.0	1	1
35.22020731108266	1.0	1	1
35.320264718216414	1.0	1	1
35.420322125350175	1.0	1	1
35.52037953248393	1.0	1	1
35.62043693961769	1.0	1	1
35.720494346751444	1.0	1	1
35.820551753885205	1.0	1	1
35.92060916101896	1.0	1	1
36.02066656815272	1.0	1	1
36.120723975286474	1.0	1	1
36.220781382420235	1.0	1	1
36.32083878955399	1.0	1	1
36.42089619668775	1.0	1	1
36.5209536038215	1.0	1	1
36.621011010955264	1.0	1	1
36.72106841808902	1.0	1	1
36.82112582522278	1.0	1	1
36.92118323235653	1.0	1	1
37.021240639490294	1.0	1	1
37.12129804662405	1.0	1	1
37.22135545375781	1.0	1	1
37.32141286089156	1.0	1	1
37.421470268025324	1.0	1	1
37.52152767515908	1.0	1	1
37.62158508229284	1.0	1	1
37.72164248942659	2.0	2	2
37.821699896560354	2.0	2	2
37.92175730369411	2.0	2	2
38.02181471082787	2.0	2	2
38.12187211796162	3.0	3	3
38.22192952509538	3.0	3	3
38.32198693222914	3.0	3	3
38.4220443393629	4.0	4	4
38.52210174649666	4.0	4	4
38.62215915363041	5.0	5	5
38.722216560764174	5.0	5	5
38.82227396789793	5.0	5	5
38.92233137503169	6.0	6	6
39.02238878216544	6.0	6	6
39.122446189299204	6.0	6	6
39.22250359643296	6.0	6	6
39.32256100356672	6.0	6	6
39.42261841070047	7.0	7	7
39.522675817834234	8.0	8	8
39.62273322496799	9.0	9	9
39.72279063210175	11.0	11	11
39.8228480392355	11.0	11	11
39.92290544636926	11.0	11	11
40.02296285350302	11.0	11	11
40.12302026063678	11.0	11	11
40.22307766777053	11.0	11	11
40.32313507490429	11.0	11	11
40.42319248203805	11.0	11	11
40.52324988917181	11.0	11	11
40.62330729630556	11.0	11	11
40.72336470343932	11.0	11	11
40.82342211057308	11.0	11	11
40.92347951770684	11.0	11	11
41.02353692484059	11.0	11	11
41.12359433197435	11.0	11	11
41.22365173910811	11.0	11	11
41.32370914624187	11.0	11	11
41.42376655337562	11.0	11	11
41.52382396050938	11.0	11	11
41.623881367643136	11.0	11	11
41.7239387747769	11.0	11	11
41.82399618191066	10.0	10	10
41.92405358904441	10.0	10	10
42.02411099617817	11.0	11	11
42.12416840331193	11.0	11	11
42.22422581044569	11.0	11	11
42.32428321757944	11.0	11	11
42.4243406247132	11.0	11	11
42.52439803184696	11.0	11	11
42.62445543898072	11.0	11	11
42.72451284611447	11.0	11	11
42.82457025324823	11.0	11	11
42.92462766038199	11.0	11	11
43.02468506751575	11.0	11	11
43.1247424746495	11.0	11	11
43.22479988178326	11.0	11	11
43.324857288917016	11.0	11	11
43.42491469605078	11.0	11	11
43.52497210318453	11.0	11	11
43.62502951031829	11.0	11	11
43.725086917452046	11.0	11	11
43.82514432458581	11.0	11	11
43.92520173171956	11.0	11	11
44.02525913885332	11.0	11	11
44.125316545987076	11.0	11	11
44.22537395312084	11.0	11	11
44.32543136025459	11.0	11	11
44.42548876738835	11.0	11	11
44.525546174522106	11.0	11	11
44.62560358165587	11.0	11	11
44.72566098878962	11.0	11	11
44.82571839592338	11.0	11	11
44.92577580305714	11.0	11	11
45.025833210190896	11.0	11	11
45.12589061732466	11.0	11	11
45.22594802445841	11.0	11	11
45.32600543159217	11.0	11	11
45.426062838725926	12.0	12	12
45.52612024585969	12.0	12	12
45.62617765299344	12.0	12	12
45.7262350601272	12.0	12	12
45.826292467260956	12.0	12	12
45.92634987439472	12.0	12	12
46.02640728152847	12.0	12	12
46.12646468866223	12.0	12	12
46.226522095795985	12.0	12	12
46.32657950292975	12.0	12	12
46.4266369100635	12.0	12	12
46.52669431719726	12.0	12	12
46.626751724331015	12.0	12	12
46.726809131464776	13.0	13	13
46.82686653859853	13.0	13	13
46.92692394573229	13.0	13	13
47.026981352866045	14.0	14	14
47.127038759999806	14.0	14	14
47.22709616713356	14.0	14	14
47.32715357426732	14.0	14	14
47.427210981401075	14.0	14	14
47.527268388534836	14.0	14	14
47.62732579566859	15.0	15	15
47.72738320280235	15.0	15	15
47.827440609936104	15.0	15	15
47.927498017069865	16.0	16	16
48.027555424203626	16.0	16	16
48.12761283133738	16.0	16	16
48.22767023847114	16.0	16	16
48.327727645604895	16.0	16	16
48.427785052738656	16.0	16	16
48.52784245987241	16.0	16	16
48.62789986700617	16.0	16	16
48.727957274139925	16.0	16	16
48.828014681273686	16.0	16	16
48.92807208840744	16.0	16	16
49.0281294955412	16.0	16	16
49.128186902674955	16.0	16	16
49.228244309808716	15.0	15	15
49.32830171694247	15.0	15	15
49.42835912407623	15.0	15	15
49.528416531209984	14.0	14	14
49.628473938343745	14.0	14	14
49.7285313454775	15.0	15	15
49.82858875261126	16.0	16	16
49.928646159745014	16.0	16	16
50.028703566878775	15.0	15	15
50.12876097401253	15.0	15	15
50.22881838114629	15.0	15	15
50.328875788280044	15.0	15	15
50.428933195413805	15.0	15	15
50.52899060254756	14.0	14	14
50.62904800968132	14.0	14	14
50.729105416815074	14.0	14	14
50.829162823948835	13.0	13	13
50.92922023108259	13.0	13	13
51.02927763821635	14.0	14	14
51.1293350453501	14.0	14	14
51.229392452483864	14.0	14	14
51.329449859617625	14.0	14	14
51.42950726675138	13.0	13	13
51.52956467388514	13.0	13	13
51.629622081018894	13.0	13	13
51.729679488152655	13.0	13	13
51.82973689528641	13.0	13	13
51.92979430242017	14.0	14	14
52.029851709553924	14.0	14	14
52.129909116687685	14.0	14	14
52.22996652382144	14.0	14	14
52.3300239309552	14.0	14	14
52.430081338088954	14.0	14	14
52.530138745222715	14.0	14	14
52.63019615235647	14.0	14	14
52.73025355949023	14.0	14	14
52.83031096662398	14.0	14	14
52.930368373757744	14.0	14	14
53.0304257808915	14.0	14	14
53.13048318802526	14.0	14	14
53.23054059515901	14.0	14	14
53.330598002292774	14.0	14	14
53.43065540942653	14.0	14	14
53.53071281656029	14.0	14	14
53.63077022369404	13.0	13	13
53.730827630827804	12.0	12	12
53.83088503796156	12.0	12	12
53.93094244509532	12.0	12	12
54.03099985222907	12.0	12	12
54.131057259362834	12.0	12	12
54.23111466649659	12.0	12	12
54.33117207363035	11.0	11	11
54.4312294807641	11.0	11	11
54.53128688789786	11.0	11	11
54.631344295031624	10.0	10	10
54.73140170216538	11.0	11	11
54.83145910929914	10.0	10	10
54.93151651643289	10.0	10	10
55.031573923566654	11.0	11	11
55.13163133070041	11.0	11	11
55.23168873783417	11.0	11	11
55.33174614496792	10.0	10	10
55.431803552101684	11.0	11	11
55.53186095923544	11.0	11	11
55.6319183663692	12.0	12	12
55.73197577350295	13.0	13	13
55.832033180636714	12.0	12	12
55.93209058777047	12.0	12	12
56.03214799490423	13.0	13	13
56.13220540203798	12.0	12	12
56.23226280917174	13.0	13	13
56.3323202163055	12.0	12	12
56.43237762343926	14.0	14	14
56.53243503057301	13.0	13	13
56.63249243770677	13.0	13	13
56.73254984484053	14.0	14	14
56.83260725197429	13.0	13	13
56.93266465910804	13.0	13	13
57.0327220662418	13.0	13	13
57.13277947337556	11.0	11	11
57.23283688050932	10.0	10	10
57.33289428764307	10.0	10	10
57.43295169477683	9.0	9	9
57.53300910191059	8.0	8	8
57.63306650904435	7.0	7	7
57.73312391617811	7.0	7	7
57.83318132331186	6.0	6	6
57.93323873044562	6.0	6	6
58.03329613757938	6.0	6	6
58.13335354471314	6.0	6	6
58.23341095184689	6.0	6	6
58.33346835898065	6.0	6	6
58.43352576611441	6.0	6	6
58.53358317324817	6.0	6	6
58.63364058038192	6.0	6	6
58.73369798751568	6.0	6	6
58.83375539464944	6.0	6	6
58.9338128017832	6.0	6	6
59.03387020891695	6.0	6	6
59.13392761605071	6.0	6	6
59.23398502318447	6.0	6	6
59.33404243031823	6.0	6	6
59.43409983745198	5.0	5	5
59.53415724458574	5.0	5	5
59.634214651719496	5.0	5	5
59.73427205885326	6.0	6	6
59.83432946598701	6.0	6	6
59.93438687312077	5.0	5	5
60.034444280254526	5.0	5	5
60.13450168738829	5.0	5	5
60.23455909452204	5.0	5	5
60.3346165016558	5.0	5	5
60.434673908789556	5.0	5	5
60.53473131592332	6.0	6	6
60.63478872305707	6.0	6	6
60.73484613019083	6.0	6	6
60.83490353732459	5.0	5	5
60.934960944458346	6.0	6	6
61.03501835159211	6.0	6	6
61.13507575872586	6.0	6	6
61.23513316585962	6.0	6	6
61.335190572993376	6.0	6	6
61.43524798012714	7.0	7	7
61.53530538726089	7.0	7	7
61.63536279439465	7.0	7	7
61.735420201528406	7.0	7	7
61.83547760866217	7.0	7	7
61.93553501579592	8.0	8	8
62.03559242292968	8.0	8	8
62.135649830063436	8.0	8	8
62.2357072371972	8.0	8	8
62.33576464433095	8.0	8	8
62.43582205146471	7.0	7	7
62.535879458598465	7.0	7	7
62.635936865732226	7.0	7	7
62.73599427286598	7.0	7	7
62.83605167999974	7.0	7	7
62.936109087133495	7.0	7	7
63.036166494267256	7.0	7	7
63.13622390140101	7.0	7	7
63.23628130853477	7.0	7	7
63.336338715668525	7.0	7	7
63.436396122802286	7.0	7	7
63.53645352993604	7.0	7	7
63.6365109370698	7.0	7	7
63.736568344203555	7.0	7	7
63.836625751337316	7.0	7	7
63.93668315847107	7.0	7	7
64.03674056560483	7.0	7	7
64.13679797273859	7.0	7	7
64.23685537987235	7.0	7	7
64.3369127870061	7.0	7	7
64.43697019413986	7.0	7	7
64.53702760127362	7.0	7	7
64.63708500840738	7.0	7	7
64.73714241554113	7.0	7	7
64.83719982267489	8.0	8	8
64.93725722980865	8.0	8	8
65.03731463694241	9.0	9	9
65.13737204407616	9.0	9	9
65.23742945120992	12.0	12	12
65.33748685834368	14.0	14	14
65.43754426547744	14.0	14	14
65.53760167261119	14.0	14	14
65.63765907974495	15.0	15	15
65.73771648687871	15.0	15	15
65.83777389401247	16.0	16	16
65.93783130114622	17.0	17	17
66.03788870827998	17.0	17	17
66.13794611541374	18.0	18	18
66.2380035225475	15.0	15	15
66.33806092968125	16.0	16	16
66.43811833681501	15.0	15	15
66.53817574394877	16.0	16	16
66.63823315108253	16.0	16	16
66.73829055821628	16.0	16	16
66.83834796535004	18.0	18	18
66.9384053724838	17.0	17	17
67.03846277961756	17.0	17	17
67.13852018675131	17.0	17	17
67.23857759388507	17.0	17	17
67.33863500101883	18.0	18	18
67.43869240815259	18.0	18	18
67.53874981528635	19.0	19	19
67.6388072224201	20.0	20	20
67.73886462955386	20.0	20	20
67.83892203668762	20.0	20	20
67.93897944382138	20.0	20	20
68.03903685095513	20.0	20	20
68.13909425808889	20.0	20	20
68.23915166522265	20.0	20	20
68.33920907235641	19.0	19	19
68.43926647949016	18.0	18	18
68.53932388662392	18.0	18	18
68.63938129375768	18.0	18	18
68.73943870089144	18.0	18	18
68.83949610802519	18.0	18	18
68.93955351515895	18.0	18	18
69.03961092229271	18.0	18	18
69.13966832942647	18.0	18	18
69.23972573656022	18.0	18	18
69.33978314369398	16.0	16	16
69.43984055082774	16.0	16	16
69.5398979579615	17.0	17	17
69.63995536509525	17.0	17	17
69.74001277222901	17.0	17	17
69.84007017936277	16.0	16	16
69.94012758649653	16.0	16	16
70.04018499363028	16.0	16	16
70.14024240076404	15.0	15	15
70.2402998078978	16.0	16	16
70.34035721503156	16.0	16	16
70.44041462216532	17.0	17	17
70.54047202929907	16.0	16	16
70.64052943643283	17.0	17	17
70.74058684356659	18.0	18	18
70.84064425070035	18.0	18	18
70.9407016578341	18.0	18	18
71.04075906496786	18.0	18	18
71.14081647210162	18.0	18	18
71.24087387923538	17.0	17	17
71.34093128636913	17.0	17	17
71.44098869350289	16.0	16	16
71.54104610063665	17.0	17	17
71.64110350777041	17.0	17	17
71.74116091490416	17.0	17	17
71.84121832203792	16.0	16	16
71.94127572917168	16.0	16	16
72.04133313630544	17.0	17	17
72.14139054343919	18.0	18	18
72.24144795057295	17.0	17	17
72.34150535770671	16.0	16	16
72.44156276484047	16.0	16	16
72.54162017197422	15.0	15	15
72.64167757910798	16.0	16	16
72.74173498624174	16.0	16	16
72.8417923933755	15.0	15	15
72.94184980050925	15.0	15	15
73.041907207643	15.0	15	15
73.14196461477677	13.0	13	13
73.24202202191053	13.0	13	13
73.34207942904428	13.0	13	13
73.44213683617804	12.0	12	12
73.5421942433118	13.0	13	13
73.64225165044556	13.0	13	13
73.74230905757932	14.0	14	14
73.84236646471307	14.0	14	14
73.94242387184683	15.0	15	15
74.04248127898059	14.0	14	14
74.14253868611435	14.0	14	14
74.2425960932481	14.0	14	14
74.34265350038186	14.0	14	14
74.44271090751562	14.0	14	14
74.54276831464938	14.0	14	14
74.64282572178313	14.0	14	14
74.74288312891689	14.0	14	14
74.84294053605065	14.0	14	14
74.94299794318441	13.0	13	13
75.04305535031816	13.0	13	13
75.14311275745192	13.0	13	13
75.24317016458568	13.0	13	13
75.34322757171944	13.0	13	13
75.44328497885319	13.0	13	13
75.54334238598695	13.0	13	13
75.64339979312071	13.0	13	13
75.74345720025447	13.0	13	13
75.84351460738822	13.0	13	13
75.94357201452198	13.0	13	13
76.04362942165574	13.0	13	13
76.1436868287895	13.0	13	13
76.24374423592324	13.0	13	13
76.343801643057	13.0	13	13
76.44385905019077	13.0	13	13
76.54391645732453	13.0	13	13
76.64397386445827	13.0	13	13
76.74403127159204	13.0	13	13
76.8440886787258	13.0	13	13
76.94414608585956	13.0	13	13
77.04420349299332	13.0	13	13
77.14426090012707	13.0	13	13
77.24431830726083	13.0	13	13
77.34437571439459	13.0	13	13
77.44443312152835	13.0	13	13
77.5444905286621	13.0	13	13
77.64454793579586	13.0	13	13
77.74460534292962	13.0	13	13
77.84466275006338	13.0	13	13
77.94472015719712	13.0	13	13
78.04477756433089	13.0	13	13
78.14483497146465	13.0	13	13
78.24489237859841	13.0	13	13
78.34494978573215	13.0	13	13
78.44500719286592	13.0	13	13
78.54506459999968	13.0	13	13
78.64512200713344	13.0	13	13
78.74517941426718	13.0	13	13
78.84523682140095	12.0	12	12
78.9452942285347	12.0	12	12
79.04535163566847	12.0	12	12
79.14540904280221	12.0	12	12
79.24546644993598	12.0	12	12
79.34552385706974	12.0	12	12
79.4455812642035	12.0	12	12
79.54563867133724	12.0	12	12
79.645696078471	12.0	12	12
79.74575348560477	12.0	12	12
79.84581089273853	12.0	12	12
79.94586829987227	12.0	12	12
80.04592570700603	13.0	13	13
80.1459831141398	13.0	13	13
80.24604052127356	13.0	13	13
80.34609792840732	13.0	13	13
80.44615533554106	13.0	13	13
80.54621274267483	13.0	13	13
80.64627014980859	13.0	13	13
80.74632755694235	14.0	14	14
80.8463849640761	14.0	14	14
80.94644237120986	13.0	13	13
81.04649977834362	13.0	13	13
81.14655718547738	13.0	13	13
81.24661459261112	12.0	12	12
81.34667199974488	12.0	12	12
81.44672940687865	12.0	12	12
81.5467868140124	12.0	12	12
81.64684422114615	12.0	12	12
81.74690162827991	12.0	12	12
81.84695903541368	12.0	12	12
81.94701644254744	12.0	12	12
82.04707384968118	12.0	12	12
82.14713125681494	11.0	11	11
82.2471886639487	11.0	11	11
82.34724607108247	11.0	11	11
82.44730347821621	11.0	11	11
82.54736088534997	11.0	11	11
82.64741829248374	11.0	11	11
82.7474756996175	11.0	11	11
82.84753310675124	9.0	9	9
82.947590513885	9.0	9	9
83.04764792101876	9.0	9	9
83.14770532815253	9.0	9	9
83.24776273528627	10.0	10	10
83.34782014242003	10.0	10	10
83.4478775495538	9.0	9	9
83.54793495668756	9.0	9	9
83.64799236382132	9.0	9	9
83.74804977095506	9.0	9	9
83.84810717808882	9.0	9	9
83.94816458522259	9.0	9	9
84.04822199235635	10.0	10	10
84.1482793994901	11.0	11	11
84.24833680662385	11.0	11	11
84.34839421375762	11.0	11	11
84.44845162089138	11.0	11	11
84.54850902802512	10.0	10	10
84.64856643515888	10.0	10	10
84.74862384229264	10.0	10	10
84.8486812494264	10.0	10	10
84.94873865656015	10.0	10	10
85.04879606369391	9.0	9	9
85.14885347082767	9.0	9	9
85.24891087796144	9.0	9	9
85.34896828509518	9.0	9	9
85.44902569222894	8.0	8	8
85.5490830993627	7.0	7	7
85.64914050649647	7.0	7	7
85.74919791363021	6.0	6	6
85.84925532076397	6.0	6	6
85.94931272789773	5.0	5	5
86.0493701350315	5.0	5	5
86.14942754216524	5.0	5	5
86.249484949299	4.0	4	4
86.34954235643276	4.0	4	4
86.44959976356652	4.0	4	4
86.54965717070029	4.0	4	4
86.64971457783403	4.0	4	4
86.7497719849678	4.0	4	4
86.84982939210155	4.0	4	4
86.94988679923532	4.0	4	4
87.04994420636906	4.0	4	4
87.15000161350282	4.0	4	4
87.25005902063658	4.0	4	4
87.35011642777035	5.0	5	5
87.45017383490409	5.0	5	5
87.55023124203785	5.0	5	5
87.65028864917161	5.0	5	5
87.75034605630537	5.0	5	5
87.85040346343912	5.0	5	5
87.95046087057288	6.0	6	6
88.05051827770664	6.0	6	6
88.1505756848404	6.0	6	6
88.25063309197415	6.0	6	6
88.35069049910791	6.0	6	6
88.45074790624167	6.0	6	6
88.55080531337543	6.0	6	6
88.65086272050918	6.0	6	6
88.75092012764294	6.0	6	6
88.8509775347767	6.0	6	6
88.95103494191046	6.0	6	6
89.05109234904421	6.0	6	6
89.15114975617797	6.0	6	6
89.25120716331173	5.0	5	5
89.3512645704455	5.0	5	5
89.45132197757924	5.0	5	5
89.551379384713	5.0	5	5
89.65143679184676	5.0	5	5
89.75149419898052	5.0	5	5
89.85155160611428	7.0	7	7
89.95160901324803	7.0	7	7
90.05166642038179	7.0	7	7
90.15172382751555	6.0	6	6
90.25178123464931	6.0	6	6
90.35183864178306	6.0	6	6
90.45189604891682	6.0	6	6
90.55195345605058	6.0	6	6
90.65201086318434	5.0	5	5
90.75206827031809	5.0	5	5
90.85212567745185	5.0	5	5
90.95218308458561	6.0	6	6
91.05224049171937	6.0	6	6
91.15229789885312	6.0	6	6
91.25235530598688	6.0	6	6
91.35241271312064	6.0	6	6
91.4524701202544	6.0	6	6
91.55252752738815	6.0	6	6
91.65258493452191	6.0	6	6
91.75264234165567	6.0	6	6
91.85269974878943	6.0	6	6
91.95275715592318	6.0	6	6
92.05281456305694	6.0	6	6
92.1528719701907	7.0	7	7
92.25292937732446	7.0	7	7
92.35298678445821	7.0	7	7
92.45304419159197	7.0	7	7
92.55310159872573	7.0	7	7
92.6531590058595	6.0	6	6
92.75321641299324	6.0	6	6
92.853273820127	6.0	6	6
92.95333122726076	6.0	6	6
93.05338863439452	6.0	6	6
93.15344604152828	6.0	6	6
93.25350344866203	5.0	5	5
93.35356085579579	5.0	5	5
93.45361826292955	5.0	5	5
93.55367567006331	5.0	5	5
93.65373307719706	4.0	4	4
93.75379048433082	4.0	4	4
93.85384789146458	4.0	4	4
93.95390529859834	4.0	4	4
94.05396270573209	4.0	4	4
94.15402011286585	4.0	4	4
94.25407751999961	4.0	4	4
94.35413492713337	5.0	5	5
94.45419233426712	6.0	6	6
94.55424974140088	5.0	5	5
94.65430714853464	6.0	6	6
94.7543645556684	6.0	6	6
94.85442196280215	7.0	7	7
94.95447936993591	7.0	7	7
95.05453677706967	7.0	7	7
95.15459418420343	7.0	7	7
95.25465159133718	7.0	7	7
95.35470899847094	7.0	7	7
95.4547664056047	6.0	6	6
95.55482381273846	6.0	6	6
95.65488121987221	6.0	6	6
95.75493862700597	6.0	6	6
95.85499603413973	6.0	6	6
95.95505344127349	5.0	5	5
96.05511084840725	5.0	5	5
96.155168255541	5.0	5	5
96.25522566267476	5.0	5	5
96.35528306980852	5.0	5	5
96.45534047694228	4.0	4	4
96.55539788407603	4.0	4	4
96.65545529120979	4.0	4	4
96.75551269834355	4.0	4	4
96.85557010547731	3.0	3	3
96.95562751261106	3.0	3	3
97.05568491974482	3.0	3	3
97.15574232687858	3.0	3	3
97.25579973401234	3.0	3	3
97.35585714114609	4.0	4	4
97.45591454827985	5.0	5	5
97.55597195541361	5.0	5	5
97.65602936254737	5.0	5	5
97.75608676968112	6.0	6	6
97.85614417681488	6.0	6	6
97.95620158394864	6.0	6	6
98.0562589910824	6.0	6	6
98.15631639821615	5.0	5	5
98.25637380534991	5.0	5	5
98.35643121248367	5.0	5	5
98.45648861961743	5.0	5	5
98.55654602675118	5.0	5	5
98.65660343388494	4.0	4	4
98.7566608410187	4.0	4	4
98.85671824815246	4.0	4	4
98.95677565528621	4.0	4	4
99.05683306241997	4.0	4	4
99.15689046955373	4.0	4	4
99.25694787668749	4.0	4	4
99.35700528382125	4.0	4	4
99.457062690955	4.0	4	4
99.55712009808876	4.0	4	4
99.65717750522252	5.0	5	5
99.75723491235628	5.0	5	5
99.85729231949003	5.0	5	5
99.95734972662379	6.0	6	6
100.05740713375755	6.0	6	6
100.15746454089131	6.0	6	6
100.25752194802506	6.0	6	6
100.35757935515882	6.0	6	6
100.45763676229258	6.0	6	6
100.55769416942634	6.0	6	6
100.65775157656009	7.0	7	7
100.75780898369385	7.0	7	7
100.85786639082761	7.0	7	7
100.95792379796137	7.0	7	7
101.05798120509512	7.0	7	7
101.15803861222888	6.0	6	6
101.25809601936264	6.0	6	6
101.3581534264964	5.0	5	5
101.45821083363015	5.0	5	5
101.55826824076391	5.0	5	5
101.65832564789767	5.0	5	5
101.75838305503143	5.0	5	5
101.85844046216518	5.0	5	5
101.95849786929894	5.0	5	5
102.0585552764327	5.0	5	5
102.15861268356646	5.0	5	5
102.2586700907002	5.0	5	5
102.35872749783397	5.0	5	5
102.45878490496773	5.0	5	5
102.55884231210149	5.0	5	5
102.65889971923525	5.0	5	5
102.758957126369	5.0	5	5
102.85901453350276	5.0	5	5
102.95907194063652	5.0	5	5
103.05912934777028	5.0	5	5
103.15918675490403	5.0	5	5
103.25924416203779	5.0	5	5
103.35930156917155	5.0	5	5
103.45935897630531	5.0	5	5
103.55941638343906	5.0	5	5
103.65947379057282	5.0	5	5
103.75953119770658	5.0	5	5
103.85958860484034	5.0	5	5
103.95964601197409	5.0	5	5
104.05970341910785	5.0	5	5
104.15976082624161	5.0	5	5
104.25981823337537	5.0	5	5
104.35987564050912	5.0	5	5
104.45993304764288	5.0	5	5
104.55999045477664	5.0	5	5
104.6600478619104	5.0	5	5
104.76010526904415	5.0	5	5
104.86016267617791	5.0	5	5
104.96022008331167	5.0	5	5
105.06027749044543	5.0	5	5
105.16033489757918	5.0	5	5
105.26039230471294	5.0	5	5
105.3604497118467	5.0	5	5
105.46050711898046	5.0	5	5
105.5605645261142	5.0	5	5
105.66062193324797	5.0	5	5
105.76067934038173	5.0	5	5
105.86073674751549	5.0	5	5
105.96079415464925	5.0	5	5
106.060851561783	5.0	5	5
106.16090896891676	5.0	5	5
106.26096637605052	5.0	5	5
106.36102378318428	5.0	5	5
106.46108119031803	5.0	5	5
106.56113859745179	5.0	5	5
106.66119600458555	5.0	5	5
106.76125341171931	4.0	4	4
106.86131081885306	4.0	4	4
106.96136822598682	4.0	4	4
107.06142563312058	4.0	4	4
107.16148304025434	4.0	4	4
107.26154044738809	4.0	4	4
107.36159785452185	4.0	4	4
107.46165526165561	4.0	4	4
107.56171266878937	4.0	4	4
107.66177007592312	4.0	4	4
107.76182748305688	4.0	4	4
107.86188489019064	4.0	4	4
107.9619422973244	4.0	4	4
108.06199970445815	4.0	4	4
108.1620571115919	4.0	4	4
108.26211451872567	4.0	4	4
108.36217192585943	4.0	4	4
108.46222933299318	4.0	4	4
108.56228674012694	4.0	4	4
108.6623441472607	4.0	4	4
108.76240155439446	4.0	4	4
108.8624589615282	4.0	4	4
108.96251636866197	4.0	4	4
109.06257377579573	3.0	3	3
109.16263118292949	3.0	3	3
109.26268859006325	3.0	3	3
109.362745997197	3.0	3	3
109.46280340433076	3.0	3	3
109.56286081146452	3.0	3	3
109.66291821859828	3.0	3	3
109.76297562573203	3.0	3	3
109.86303303286579	3.0	3	3
109.96309043999955	3.0	3	3
110.06314784713331	3.0	3	3
110.16320525426706	3.0	3	3
110.26326266140082	3.0	3	3
110.36332006853458	3.0	3	3
110.46337747566834	3.0	3	3
110.56343488280208	3.0	3	3
110.66349228993585	3.0	3	3
110.7635496970696	3.0	3	3
110.86360710420337	3.0	3	3
110.96366451133711	3.0	3	3
111.06372191847088	3.0	3	3
111.16377932560464	3.0	3	3
111.2638367327384	3.0	3	3
111.36389413987214	3.0	3	3
111.4639515470059	3.0	3	3
111.56400895413967	3.0	3	3
111.66406636127343	3.0	3	3
111.76412376840717	3.0	3	3
111.86418117554093	3.0	3	3
111.9642385826747	3.0	3	3
112.06429598980846	3.0	3	3
112.16435339694222	3.0	3	3
112.26441080407596	3.0	3	3
112.36446821120973	3.0	3	3
112.46452561834349	3.0	3	3
112.56458302547725	3.0	3	3
112.664640432611	3.0	3	3
112.76469783974476	3.0	3	3
112.86475524687852	3.0	3	3
112.96481265401228	3.0	3	3
113.06487006114602	3.0	3	3
113.16492746827979	3.0	3	3
113.26498487541355	3.0	3	3
113.36504228254731	3.0	3	3
113.46509968968105	3.0	3	3
113.56515709681481	3.0	3	3
113.66521450394858	2.0	2	2
113.76527191108234	2.0	2	2
113.86532931821608	2.0	2	2
113.96538672534984	2.0	2	2
114.0654441324836	1.0	1	1
114.16550153961737	1.0	1	1
114.26555894675111	1.0	1	1
114.36561635388487	0.0	0	0
114.46567376101864	0.0	0	0
114.5657311681524	0.0	0	0
114.66578857528614	0.0	0	0
114.7658459824199	0.0	0	0
114.86590338955367	0.0	0	0
114.96596079668743	0.0	0	0
115.06601820382117	0.0	0	0
115.16607561095493	0.0	0	0
115.2661330180887	0.0	0	0
115.36619042522246	0.0	0	0
115.46624783235622	0.0	0	0
115.56630523948996	0.0	0	0
115.66636264662372	0.0	0	0
115.76642005375749	0.0	0	0
115.86647746089125	0.0	0	0
115.966534868025	0.0	0	0
116.06659227515875	0.0	0	0
116.16664968229252	0.0	0	0
116.26670708942628	0.0	0	0
116.36676449656002	0.0	0	0
116.46682190369378	0.0	0	0
116.56687931082755	0.0	0	0
116.6669367179613	0.0	0	0
116.76699412509505	0.0	0	0
116.86705153222881	0.0	0	0
116.96710893936257	0.0	0	0
117.06716634649634	0.0	0	0
117.16722375363008	0.0	0	0
117.26728116076384	0.0	0	0
117.3673385678976	0.0	0	0
117.46739597503137	0.0	0	0
117.56745338216511	0.0	0	0
117.66751078929887	0.0	0	0
117.76756819643263	0.0	0	0
117.8676256035664	0.0	0	0
117.96768301070014	0.0	0	0
118.0677404178339	0.0	0	0
118.16779782496766	0.0	0	0
118.26785523210143	0.0	0	0
118.36791263923517	0.0	0	0
118.46797004636893	0.0	0	0
118.5680274535027	0.0	0	0
118.66808486063645	0.0	0	0
118.76814226777022	0.0	0	0
118.86819967490396	0.0	0	0
118.96825708203772	0.0	0	0
119.06831448917148	0.0	0	0
119.16837189630525	0.0	0	0
119.26842930343899	0.0	0	0
119.36848671057275	0.0	0	0
119.46854411770651	0.0	0	0
119.56860152484028	0.0	0	0
119.66865893197402	0.0	0	0
119.76871633910778	0.0	0	0
119.86877374624154	0.0	0	0
119.9688311533753	0.0	0	0
120.06888856050905	0.0	0	0
120.16894596764281	0.0	0	0
120.26900337477657	0.0	0	0
120.36906078191033	1.0	1	1
120.46911818904408	1.0	1	1
120.56917559617784	1.0	1	1
120.6692330033116	1.0	1	1
120.76929041044536	1.0	1	1
120.86934781757911	1.0	1	1
120.96940522471287	1.0	1	1
121.06946263184663	1.0	1	1
121.1695200389804	1.0	1	1
121.26957744611414	1.0	1	1
121.3696348532479	1.0	1	1
121.46969226038166	1.0	1	1
121.56974966751542	1.0	1	1
121.66980707464919	1.0	1	1
121.76986448178293	1.0	1	1
121.86992188891669	1.0	1	1
121.96997929605045	1.0	1	1
122.07003670318421	1.0	1	1
122.17009411031796	1.0	1	1
122.27015151745172	1.0	1	1
122.37020892458548	1.0	1	1
122.47026633171924	1.0	1	1
122.57032373885299	1.0	1	1
122.67038114598675	0.0	0	0
122.77043855312051	0.0	0	0
122.87049596025427	0.0	0	0
122.97055336738802	0.0	0	0
123.07061077452178	0.0	0	0
123.17066818165554	0.0	0	0
123.2707255887893	0.0	0	0
123.37078299592305	0.0	0	0
123.47084040305681	0.0	0	0
123.57089781019057	0.0	0	0
123.67095521732433	0.0	0	0
123.77101262445808	0.0	0	0
123.87107003159184	0.0	0	0
123.9711274387256	0.0	0	0
124.07118484585936	0.0	0	0
124.17124225299311	0.0	0	0
124.27129966012687	0.0	0	0
124.37135706726063	0.0	0	0
124.4714144743944	0.0	0	0
124.57147188152814	0.0	0	0
124.6715292886619	0.0	0	0
124.77158669579566	0.0	0	0
124.87164410292942	0.0	0	0
124.97170151006318	0.0	0	0
125.07175891719693	0.0	0	0
125.17181632433069	0.0	0	0
125.27187373146445	0.0	0	0
125.37193113859821	0.0	0	0
125.47198854573196	0.0	0	0
125.57204595286572	0.0	0	0
125.67210335999948	0.0	0	0
125.77216076713324	0.0	0	0
125.87221817426699	0.0	0	0
125.97227558140075	0.0	0	0
126.07233298853451	0.0	0	0
126.17239039566827	0.0	0	0
126.27244780280202	0.0	0	0
126.37250520993578	0.0	0	0
126.47256261706954	0.0	0	0
126.5726200242033	0.0	0	0
126.67267743133705	0.0	0	0
126.77273483847081	0.0	0	0
126.87279224560457	0.0	0	0
126.97284965273833	0.0	0	0
127.07290705987208	0.0	0	0
127.17296446700584	0.0	0	0
127.2730218741396	0.0	0	0
127.37307928127336	0.0	0	0
127.47313668840711	0.0	0	0
127.57319409554087	0.0	0	0
127.67325150267463	1.0	1	1
127.77330890980839	1.0	1	1
127.87336631694214	1.0	1	1
127.9734237240759	1.0	1	1
128.07348113120966	1.0	1	1
128.17353853834342	1.0	1	1
128.27359594547718	1.0	1	1
128.37365335261094	1.0	1	1
128.4737107597447	3.0	3	3
128.57376816687844	3.0	3	3
128.6738255740122	4.0	4	4
128.77388298114596	4.0	4	4
128.87394038827972	4.0	4	4
128.97399779541348	4.0	4	4
129.07405520254724	4.0	4	4
129.174112609681	4.0	4	4
129.27417001681476	4.0	4	4
129.3742274239485	4.0	4	4
129.47428483108226	4.0	4	4
129.57434223821602	4.0	4	4
129.67439964534978	4.0	4	4
129.77445705248354	4.0	4	4
129.8745144596173	4.0	4	4
129.97457186675106	4.0	4	4
130.07462927388482	4.0	4	4
130.17468668101856	4.0	4	4
130.27474408815232	4.0	4	4
130.37480149528608	4.0	4	4
130.47485890241984	4.0	4	4
130.5749163095536	4.0	4	4
130.67497371668736	4.0	4	4
130.77503112382112	2.0	2	2
130.87508853095488	1.0	1	1
130.97514593808862	1.0	1	1
131.07520334522238	1.0	1	1
131.17526075235614	1.0	1	1
131.2753181594899	1.0	1	1
131.37537556662366	1.0	1	1
131.47543297375742	1.0	1	1
131.57549038089118	1.0	1	1
131.67554778802494	1.0	1	1
131.7756051951587	1.0	1	1
131.87566260229244	1.0	1	1
131.9757200094262	1.0	1	1
132.07577741655996	1.0	1	1
132.17583482369372	1.0	1	1
132.27589223082748	1.0	1	1
132.37594963796124	1.0	1	1
132.476007045095	1.0	1	1
132.57606445222876	1.0	1	1
132.6761218593625	1.0	1	1
132.77617926649626	1.0	1	1
132.87623667363002	1.0	1	1
132.97629408076378	1.0	1	1
133.07635148789754	1.0	1	1
133.1764088950313	0.0	0	0
133.27646630216506	0.0	0	0
133.37652370929882	0.0	0	0
133.47658111643256	0.0	0	0
133.57663852356632	0.0	0	0
133.67669593070008	0.0	0	0
133.77675333783384	0.0	0	0
133.8768107449676	0.0	0	0
133.97686815210136	0.0	0	0
134.07692555923512	1.0	1	1
134.17698296636888	1.0	1	1
134.27704037350262	1.0	1	1
134.37709778063638	1.0	1	1
134.47715518777014	1.0	1	1
134.5772125949039	1.0	1	1
134.67727000203766	1.0	1	1
134.77732740917142	1.0	1	1
134.87738481630518	1.0	1	1
134.97744222343894	1.0	1	1
135.0774996305727	1.0	1	1
135.17755703770644	1.0	1	1
135.2776144448402	1.0	1	1
135.37767185197396	1.0	1	1
135.47772925910772	1.0	1	1
135.57778666624148	1.0	1	1
135.67784407337524	1.0	1	1
135.777901480509	2.0	2	2
135.87795888764276	2.0	2	2
135.9780162947765	2.0	2	2
136.07807370191026	2.0	2	2
136.17813110904402	2.0	2	2
136.27818851617778	2.0	2	2
136.37824592331154	2.0	2	2
136.4783033304453	2.0	2	2
136.57836073757906	2.0	2	2
136.67841814471282	2.0	2	2
136.77847555184655	2.0	2	2
136.87853295898032	2.0	2	2
136.97859036611408	2.0	2	2
137.07864777324784	3.0	3	3
137.1787051803816	3.0	3	3
137.27876258751536	3.0	3	3
137.37881999464912	3.0	3	3
137.47887740178288	3.0	3	3
137.5789348089166	3.0	3	3
137.67899221605037	3.0	3	3
137.77904962318414	3.0	3	3
137.8791070303179	3.0	3	3
137.97916443745166	3.0	3	3
138.07922184458542	3.0	3	3
138.17927925171918	3.0	3	3
138.27933665885294	3.0	3	3
138.3793940659867	4.0	4	4
138.47945147312043	4.0	4	4
138.5795088802542	4.0	4	4
138.67956628738796	4.0	4	4
138.77962369452172	4.0	4	4
138.87968110165548	4.0	4	4
138.97973850878924	4.0	4	4
139.079795915923	4.0	4	4
139.17985332305676	4.0	4	4
139.2799107301905	3.0	3	3
139.37996813732425	3.0	3	3
139.48002554445802	3.0	3	3
139.58008295159178	3.0	3	3
139.68014035872554	3.0	3	3
139.7801977658593	3.0	3	3
139.88025517299306	2.0	2	2
139.98031258012682	2.0	2	2
140.08036998726055	2.0	2	2
140.18042739439431	2.0	2	2
140.28048480152808	2.0	2	2
140.38054220866184	2.0	2	2
140.4805996157956	2.0	2	2
140.58065702292936	1.0	1	1
140.68071443006312	1.0	1	1
140.78077183719688	1.0	1	1
140.88082924433064	1.0	1	1
140.98088665146437	1.0	1	1
141.08094405859813	1.0	1	1
141.1810014657319	1.0	1	1
141.28105887286566	1.0	1	1
141.38111627999942	1.0	1	1
141.48117368713318	1.0	1	1
141.58123109426694	1.0	1	1
141.6812885014007	1.0	1	1
141.78134590853443	1.0	1	1
141.8814033156682	1.0	1	1
141.98146072280196	1.0	1	1
142.08151812993572	1.0	1	1
142.18157553706948	1.0	1	1
142.28163294420324	1.0	1	1
142.381690351337	1.0	1	1
142.48174775847076	1.0	1	1
142.5818051656045	1.0	1	1
142.68186257273825	1.0	1	1
142.78191997987201	1.0	1	1
142.88197738700578	1.0	1	1
142.98203479413954	1.0	1	1
143.0820922012733	1.0	1	1
143.18214960840706	1.0	1	1
143.28220701554082	1.0	1	1
143.38226442267455	1.0	1	1
143.4823218298083	1.0	1	1
143.58237923694207	1.0	1	1
143.68243664407584	1.0	1	1
143.7824940512096	1.0	1	1
143.88255145834336	1.0	1	1
143.98260886547712	1.0	1	1
144.08266627261088	1.0	1	1
144.18272367974464	1.0	1	1
144.28278108687837	1.0	1	1
144.38283849401213	1.0	1	1
144.4828959011459	1.0	1	1
144.58295330827966	1.0	1	1
144.68301071541342	1.0	1	1
144.78306812254718	1.0	1	1
144.88312552968094	1.0	1	1
144.9831829368147	1.0	1	1
145.08324034394843	1.0	1	1
145.1832977510822	1.0	1	1
145.28335515821595	1.0	1	1
145.38341256534972	1.0	1	1
145.48346997248348	1.0	1	1
145.58352737961724	1.0	1	1
145.683584786751	1.0	1	1
145.78364219388476	1.0	1	1
145.8836996010185	1.0	1	1
145.98375700815225	1.0	1	1
146.083814415286	1.0	1	1
146.18387182241977	1.0	1	1
146.28392922955354	1.0	1	1
146.3839866366873	1.0	1	1
146.48404404382106	1.0	1	1
146.58410145095482	1.0	1	1
146.68415885808855	1.0	1	1
146.7842162652223	1.0	1	1
146.88427367235607	1.0	1	1
146.98433107948983	1.0	1	1
147.0843884866236	1.0	1	1
147.18444589375736	1.0	1	1
147.28450330089112	1.0	1	1
147.38456070802488	2.0	2	2
147.48461811515864	2.0	2	2
147.58467552229237	2.0	2	2
147.68473292942613	2.0	2	2
147.7847903365599	2.0	2	2
147.88484774369365	2.0	2	2
147.98490515082742	2.0	2	2
148.08496255796118	2.0	2	2
148.18501996509494	2.0	2	2
148.2850773722287	2.0	2	2
148.38513477936243	2.0	2	2
148.4851921864962	2.0	2	2
148.58524959362995	2.0	2	2
148.68530700076371	2.0	2	2
148.78536440789748	3.0	3	3
148.88542181503124	3.0	3	3
148.985479222165	3.0	3	3
149.08553662929876	3.0	3	3
149.1855940364325	2.0	2	2
149.28565144356625	2.0	2	2
149.3857088507	2.0	2	2
149.48576625783377	2.0	2	2
149.58582366496753	2.0	2	2
149.6858810721013	2.0	2	2
149.78593847923506	2.0	2	2
149.88599588636882	2.0	2	2
149.98605329350255	2.0	2	2
150.0861107006363	2.0	2	2
150.18616810777007	2.0	2	2
150.28622551490383	2.0	2	2
150.3862829220376	2.0	2	2
150.48634032917136	2.0	2	2
150.58639773630512	2.0	2	2
150.68645514343888	2.0	2	2
150.78651255057264	2.0	2	2
150.88656995770637	2.0	2	2
150.98662736484013	2.0	2	2
151.0866847719739	2.0	2	2
151.18674217910765	2.0	2	2
151.28679958624141	2.0	2	2
151.38685699337518	2.0	2	2
151.48691440050894	2.0	2	2
151.5869718076427	2.0	2	2
151.68702921477643	2.0	2	2
151.7870866219102	2.0	2	2
151.88714402904395	2.0	2	2
151.9872014361777	2.0	2	2
152.08725884331147	2.0	2	2
152.18731625044524	2.0	2	2
152.287373657579	2.0	2	2
152.38743106471276	2.0	2	2
152.4874884718465	2.0	2	2
152.58754587898025	2.0	2	2
152.687603286114	2.0	2	2
152.78766069324777	2.0	2	2
152.88771810038153	2.0	2	2
152.9877755075153	2.0	2	2
153.08783291464906	2.0	2	2
153.18789032178282	2.0	2	2
153.28794772891655	2.0	2	2
153.3880051360503	2.0	2	2
153.48806254318407	2.0	2	2
153.58811995031783	2.0	2	2
153.6881773574516	2.0	2	2
153.78823476458535	2.0	2	2
153.88829217171912	2.0	2	2
153.98834957885288	2.0	2	2
154.08840698598664	2.0	2	2
154.18846439312037	2.0	2	2
154.28852180025413	2.0	2	2
154.3885792073879	2.0	2	2
154.48863661452165	2.0	2	2
154.5886940216554	2.0	2	2
154.68875142878917	2.0	2	2
154.78880883592294	1.0	1	1
154.8888662430567	1.0	1	1
154.98892365019043	1.0	1	1
155.0889810573242	1.0	1	1
155.18903846445795	1.0	1	1
155.2890958715917	1.0	1	1
155.38915327872547	1.0	1	1
155.48921068585923	1.0	1	1
155.589268092993	0.0	0	0
155.68932550012676	0.0	0	0
155.7893829072605	0.0	0	0
155.88944031439425	0.0	0	0
155.989497721528	0.0	0	0
156.08955512866177	0.0	0	0
156.18961253579553	0.0	0	0
156.2896699429293	0.0	0	0
156.38972735006305	0.0	0	0
156.48978475719682	0.0	0	0
156.58984216433055	0.0	0	0
156.6898995714643	0.0	0	0
156.78995697859807	0.0	0	0
156.89001438573183	0.0	0	0
156.9900717928656	0.0	0	0
157.09012919999935	0.0	0	0
157.1901866071331	0.0	0	0
157.29024401426688	0.0	0	0
157.39030142140064	0.0	0	0
157.49035882853437	0.0	0	0
157.59041623566813	0.0	0	0
157.6904736428019	0.0	0	0
157.79053104993565	0.0	0	0
157.8905884570694	0.0	0	0
157.99064586420317	0.0	0	0
158.09070327133693	0.0	0	0
158.1907606784707	0.0	0	0
158.29081808560443	0.0	0	0
158.3908754927382	0.0	0	0
158.49093289987195	0.0	0	0
158.5909903070057	0.0	0	0
158.69104771413947	0.0	0	0
158.79110512127323	0.0	0	0
158.891162528407	0.0	0	0
158.99121993554076	0.0	0	0
159.0912773426745	0.0	0	0
159.19133474980825	0.0	0	0
159.291392156942	0.0	0	0
159.39144956407577	0.0	0	0
159.49150697120953	0.0	0	0
159.5915643783433	0.0	0	0
159.69162178547705	0.0	0	0
159.79167919261081	0.0	0	0
159.89173659974455	0.0	0	0
159.9917940068783	0.0	0	0
160.09185141401207	0.0	0	0
160.19190882114583	0.0	0	0
160.2919662282796	0.0	0	0
160.39202363541335	1.0	1	1
160.4920810425471	1.0	1	1
160.59213844968087	1.0	1	1
160.69219585681464	1.0	1	1
160.79225326394837	1.0	1	1
160.89231067108213	1.0	1	1
160.9923680782159	1.0	1	1
161.09242548534965	1.0	1	1
161.1924828924834	1.0	1	1
161.29254029961717	1.0	1	1
161.39259770675093	1.0	1	1
161.4926551138847	1.0	1	1
161.59271252101843	1.0	1	1
161.6927699281522	1.0	1	1
161.79282733528595	1.0	1	1
161.8928847424197	1.0	1	1
161.99294214955347	1.0	1	1
162.09299955668723	1.0	1	1
162.193056963821	1.0	1	1
162.29311437095475	1.0	1	1
162.3931717780885	1.0	1	1
162.49322918522225	1.0	1	1
162.593286592356	1.0	1	1
162.69334399948977	1.0	1	1
162.79340140662353	1.0	1	1
162.8934588137573	2.0	2	2
162.99351622089105	2.0	2	2
163.0935736280248	2.0	2	2
163.19363103515855	2.0	2	2
163.2936884422923	2.0	2	2
163.39374584942607	2.0	2	2
163.49380325655983	2.0	2	2
163.5938606636936	2.0	2	2
163.69391807082735	3.0	3	3
163.7939754779611	3.0	3	3
163.89403288509487	3.0	3	3
163.99409029222863	4.0	4	4
164.09414769936237	4.0	4	4
164.19420510649613	4.0	4	4
164.2942625136299	5.0	5	5
164.39431992076365	5.0	5	5
164.4943773278974	6.0	6	6
164.59443473503117	6.0	6	6
164.69449214216493	6.0	6	6
164.7945495492987	6.0	6	6
164.89460695643243	5.0	5	5
164.9946643635662	5.0	5	5
165.09472177069995	5.0	5	5
165.1947791778337	5.0	5	5
165.29483658496747	5.0	5	5
165.39489399210123	6.0	6	6
165.494951399235	6.0	6	6
165.59500880636875	6.0	6	6
165.69506621350249	5.0	5	5
165.79512362063625	5.0	5	5
165.89518102777	5.0	5	5
165.99523843490377	5.0	5	5
166.09529584203753	5.0	5	5
166.1953532491713	5.0	5	5
166.29541065630505	6.0	6	6
166.3954680634388	7.0	7	7
166.49552547057255	7.0	7	7
166.5955828777063	6.0	6	6
166.69564028484007	6.0	6	6
166.79569769197383	6.0	6	6
166.8957550991076	6.0	6	6
166.99581250624135	6.0	6	6
167.0958699133751	6.0	6	6
167.19592732050887	6.0	6	6
167.29598472764263	4.0	4	4
167.39604213477637	4.0	4	4
167.49609954191013	4.0	4	4
167.5961569490439	4.0	4	4
167.69621435617765	4.0	4	4
167.7962717633114	4.0	4	4
167.89632917044517	4.0	4	4
167.99638657757893	4.0	4	4
168.0964439847127	3.0	3	3
168.19650139184643	3.0	3	3
168.2965587989802	2.0	2	2
168.39661620611395	2.0	2	2
168.4966736132477	2.0	2	2
168.59673102038147	2.0	2	2
168.69678842751523	2.0	2	2
168.796845834649	2.0	2	2
168.89690324178275	2.0	2	2
168.99696064891648	2.0	2	2
169.09701805605025	2.0	2	2
169.197075463184	2.0	2	2
169.29713287031777	3.0	3	3
169.39719027745153	3.0	3	3
169.4972476845853	3.0	3	3
169.59730509171905	3.0	3	3
169.6973624988528	3.0	3	3
169.79741990598657	3.0	3	3
169.8974773131203	3.0	3	3
169.99753472025407	3.0	3	3
170.09759212738783	3.0	3	3
170.1976495345216	3.0	3	3
170.29770694165535	3.0	3	3
170.3977643487891	3.0	3	3
170.49782175592287	3.0	3	3
170.59787916305663	3.0	3	3
170.69793657019036	3.0	3	3
170.79799397732413	3.0	3	3
170.8980513844579	3.0	3	3
170.99810879159165	3.0	3	3
171.0981661987254	3.0	3	3
171.19822360585917	3.0	3	3
171.29828101299293	3.0	3	3
171.3983384201267	3.0	3	3
171.49839582726042	3.0	3	3
171.59845323439419	3.0	3	3
171.69851064152795	3.0	3	3
171.7985680486617	3.0	3	3
171.89862545579547	3.0	3	3
171.99868286292923	3.0	3	3
172.098740270063	3.0	3	3
172.19879767719675	3.0	3	3
172.29885508433048	3.0	3	3
172.39891249146424	3.0	3	3
172.498969898598	3.0	3	3
172.59902730573177	4.0	4	4
172.69908471286553	4.0	4	4
172.7991421199993	4.0	4	4
172.89919952713305	4.0	4	4
172.9992569342668	4.0	4	4
173.09931434140057	4.0	4	4
173.1993717485343	4.0	4	4
173.29942915566807	4.0	4	4
173.39948656280183	4.0	4	4
173.4995439699356	4.0	4	4
173.59960137706935	4.0	4	4
173.6996587842031	3.0	3	3
173.79971619133687	3.0	3	3
173.89977359847063	3.0	3	3
173.99983100560436	3.0	3	3
174.09988841273812	3.0	3	3
174.19994581987189	3.0	3	3
174.30000322700565	3.0	3	3
174.4000606341394	3.0	3	3
174.50011804127317	3.0	3	3
174.60017544840693	3.0	3	3
174.7002328555407	4.0	4	4
174.80029026267442	4.0	4	4
174.90034766980818	4.0	4	4
175.00040507694195	4.0	4	4
175.1004624840757	4.0	4	4
175.20051989120947	4.0	4	4
175.30057729834323	4.0	4	4
175.400634705477	4.0	4	4
175.50069211261075	4.0	4	4
175.60074951974448	4.0	4	4
175.70080692687824	4.0	4	4
175.800864334012	4.0	4	4
175.90092174114577	4.0	4	4
176.00097914827953	4.0	4	4
176.1010365554133	4.0	4	4
176.20109396254705	4.0	4	4
176.3011513696808	4.0	4	4
176.40120877681457	4.0	4	4
176.5012661839483	4.0	4	4
176.60132359108206	4.0	4	4
176.70138099821583	4.0	4	4
176.8014384053496	4.0	4	4
176.90149581248335	4.0	4	4
177.0015532196171	4.0	4	4
177.10161062675087	4.0	4	4
177.20166803388463	4.0	4	4
177.30172544101836	4.0	4	4
177.40178284815212	4.0	4	4
177.50184025528588	4.0	4	4
177.60189766241965	4.0	4	4
177.7019550695534	4.0	4	4
177.80201247668717	4.0	4	4
177.90206988382093	4.0	4	4
178.0021272909547	4.0	4	4
178.10218469808842	4.0	4	4
178.20224210522218	4.0	4	4
178.30229951235594	4.0	4	4
178.4023569194897	4.0	4	4
178.50241432662347	4.0	4	4
178.60247173375723	4.0	4	4
178.702529140891	4.0	4	4
178.80258654802475	4.0	4	4
178.90264395515848	4.0	4	4
179.00270136229224	4.0	4	4
179.102758769426	4.0	4	4
179.20281617655976	4.0	4	4
179.30287358369353	4.0	4	4
179.4029309908273	3.0	3	3
179.50298839796105	3.0	3	3
179.6030458050948	3.0	3	3
179.70310321222857	3.0	3	3
179.8031606193623	3.0	3	3
179.90321802649606	3.0	3	3
180.00327543362982	3.0	3	3
180.10333284076358	3.0	3	3
180.20339024789735	3.0	3	3
180.3034476550311	3.0	3	3
180.40350506216487	3.0	3	3
180.50356246929863	3.0	3	3
180.60361987643236	3.0	3	3
180.70367728356612	3.0	3	3
180.80373469069988	3.0	3	3
180.90379209783364	3.0	3	3
181.0038495049674	3.0	3	3
181.10390691210117	3.0	3	3
181.20396431923493	2.0	2	2
181.3040217263687	2.0	2	2
181.40407913350242	2.0	2	2
181.50413654063618	2.0	2	2
181.60419394776994	2.0	2	2
181.7042513549037	2.0	2	2
181.80430876203746	2.0	2	2
181.90436616917123	1.0	1	1
182.004423576305	1.0	1	1
182.10448098343875	1.0	1	1
182.20453839057248	1.0	1	1
182.30459579770624	1.0	1	1
182.40465320484	1.0	1	1
