time	diversity	m_div	M_div
0.0	38.0	38	38
0.1000834772013097	38.0	38	38
0.2001669544026194	38.0	38	38
0.30025043160392906	38.0	38	38
0.4003339088052388	38.0	38	38
0.5004173860065485	38.0	38	38
0.6005008632078581	38.0	38	38
0.7005843404091678	37.0	37	37
0.8006678176104776	37.0	37	37
0.9007512948117873	35.0	35	35
1.000834772013097	35.0	35	35
1.1009182492144067	35.0	35	35
1.2010017264157162	33.0	33	33
1.301085203617026	33.0	33	33
1.4011686808183357	33.0	33	33
1.5012521580196454	33.0	33	33
1.6013356352209551	33.0	33	33
1.7014191124222648	33.0	33	33
1.8015025896235746	33.0	33	33
1.9015860668248843	33.0	33	33
2.001669544026194	33.0	33	33
2.1017530212275037	33.0	33	33
2.2018364984288135	33.0	33	33
2.301919975630123	33.0	33	33
2.4020034528314325	33.0	33	33
2.502086930032742	33.0	33	33
2.602170407234052	31.0	31	31
2.7022538844353616	31.0	31	31
2.8023373616366714	32.0	32	32
2.902420838837981	32.0	32	32
3.002504316039291	32.0	32	32
3.1025877932406005	32.0	32	32
3.2026712704419102	32.0	32	32
3.30275474764322	33.0	33	33
3.4028382248445297	33.0	33	33
3.5029217020458394	32.0	32	32
3.603005179247149	32.0	32	32
3.703088656448459	32.0	32	32
3.8031721336497686	32.0	32	32
3.9032556108510783	32.0	32	32
4.003339088052388	32.0	32	32
4.103422565253697	32.0	32	32
4.2035060424550075	32.0	32	32
4.303589519656317	32.0	32	32
4.403672996857627	32.0	32	32
4.503756474058936	30.0	30	30
4.603839951260246	30.0	30	30
4.703923428461556	27.0	27	27
4.804006905662865	25.0	25	25
4.904090382864175	25.0	25	25
5.004173860065484	25.0	25	25
5.1042573372667945	23.0	23	23
5.204340814468104	23.0	23	23
5.304424291669414	22.0	22	22
5.404507768870723	22.0	22	22
5.504591246072033	22.0	22	22
5.604674723273343	22.0	22	22
5.704758200474653	22.0	22	22
5.804841677675962	22.0	22	22
5.904925154877272	22.0	22	22
6.005008632078582	20.0	20	20
6.105092109279892	20.0	20	20
6.205175586481201	20.0	20	20
6.305259063682511	18.0	18	18
6.4053425408838205	18.0	18	18
6.50542601808513	17.0	17	17
6.60550949528644	16.0	16	16
6.705592972487749	16.0	16	16
6.805676449689059	14.0	14	14
6.905759926890369	4.0	4	4
7.005843404091679	4.0	4	4
7.105926881292988	4.0	4	4
7.206010358494298	4.0	4	4
7.3060938356956076	4.0	4	4
7.406177312896918	4.0	4	4
7.506260790098227	4.0	4	4
7.606344267299537	4.0	4	4
7.706427744500846	4.0	4	4
7.806511221702157	4.0	4	4
7.906594698903466	4.0	4	4
8.006678176104776	4.0	4	4
8.106761653306085	4.0	4	4
8.206845130507395	4.0	4	4
8.306928607708704	4.0	4	4
8.407012084910015	4.0	4	4
8.507095562111324	4.0	4	4
8.607179039312634	4.0	4	4
8.707262516513943	4.0	4	4
8.807345993715254	4.0	4	4
8.907429470916563	4.0	4	4
9.007512948117872	4.0	4	4
9.107596425319182	4.0	4	4
9.207679902520493	4.0	4	4
9.307763379721802	4.0	4	4
9.407846856923111	4.0	4	4
9.50793033412442	4.0	4	4
9.60801381132573	4.0	4	4
9.708097288527041	4.0	4	4
9.80818076572835	4.0	4	4
9.90826424292966	4.0	4	4
10.008347720130969	4.0	4	4
10.10843119733228	4.0	4	4
10.208514674533589	4.0	4	4
10.308598151734898	4.0	4	4
10.408681628936208	4.0	4	4
10.508765106137519	4.0	4	4
10.608848583338828	4.0	4	4
10.708932060540137	4.0	4	4
10.809015537741447	4.0	4	4
10.909099014942758	4.0	4	4
11.009182492144067	4.0	4	4
11.109265969345376	4.0	4	4
11.209349446546685	4.0	4	4
11.309432923747995	4.0	4	4
11.409516400949306	4.0	4	4
11.509599878150615	4.0	4	4
11.609683355351924	4.0	4	4
11.709766832553234	4.0	4	4
11.809850309754545	4.0	4	4
11.909933786955854	4.0	4	4
12.010017264157163	4.0	4	4
12.110100741358472	4.0	4	4
12.210184218559784	4.0	4	4
12.310267695761093	4.0	4	4
12.410351172962402	4.0	4	4
12.510434650163711	4.0	4	4
12.610518127365022	4.0	4	4
12.710601604566332	4.0	4	4
12.810685081767641	4.0	4	4
12.91076855896895	4.0	4	4
13.01085203617026	4.0	4	4
13.11093551337157	4.0	4	4
13.21101899057288	4.0	4	4
13.31110246777419	4.0	4	4
13.411185944975498	4.0	4	4
13.51126942217681	4.0	4	4
13.611352899378119	4.0	4	4
13.711436376579428	4.0	4	4
13.811519853780737	4.0	4	4
13.911603330982048	4.0	4	4
14.011686808183358	4.0	4	4
14.111770285384667	4.0	4	4
14.211853762585976	4.0	4	4
14.311937239787287	4.0	4	4
14.412020716988597	4.0	4	4
14.512104194189906	4.0	4	4
14.612187671391215	4.0	4	4
14.712271148592524	4.0	4	4
14.812354625793835	4.0	4	4
14.912438102995145	4.0	4	4
15.012521580196454	4.0	4	4
15.112605057397763	4.0	4	4
15.212688534599074	4.0	4	4
15.312772011800384	4.0	4	4
15.412855489001693	4.0	4	4
15.512938966203002	4.0	4	4
15.613022443404313	4.0	4	4
15.713105920605623	4.0	4	4
15.813189397806932	4.0	4	4
15.913272875008241	4.0	4	4
16.013356352209552	4.0	4	4
16.11343982941086	4.0	4	4
16.21352330661217	4.0	4	4
16.31360678381348	4.0	4	4
16.41369026101479	4.0	4	4
16.5137737382161	4.0	4	4
16.613857215417408	4.0	4	4
16.71394069261872	4.0	4	4
16.81402416982003	5.0	5	5
16.91410764702134	5.0	5	5
17.01419112422265	5.0	5	5
17.114274601423958	5.0	5	5
17.214358078625267	5.0	5	5
17.314441555826576	5.0	5	5
17.414525033027886	5.0	5	5
17.5146085102292	5.0	5	5
17.614691987430508	5.0	5	5
17.714775464631817	5.0	5	5
17.814858941833126	5.0	5	5
17.914942419034436	5.0	5	5
18.015025896235745	5.0	5	5
18.115109373437054	5.0	5	5
18.215192850638363	5.0	5	5
18.315276327839673	5.0	5	5
18.415359805040985	5.0	5	5
18.515443282242295	5.0	5	5
18.615526759443604	5.0	5	5
18.715610236644913	5.0	5	5
18.815693713846223	5.0	5	5
18.915777191047532	5.0	5	5
19.01586066824884	5.0	5	5
19.11594414545015	5.0	5	5
19.21602762265146	5.0	5	5
19.316111099852773	5.0	5	5
19.416194577054082	5.0	5	5
19.51627805425539	5.0	5	5
19.6163615314567	5.0	5	5
19.71644500865801	5.0	5	5
19.81652848585932	5.0	5	5
19.916611963060628	5.0	5	5
20.016695440261937	5.0	5	5
20.11677891746325	5.0	5	5
20.21686239466456	5.0	5	5
20.31694587186587	5.0	5	5
20.417029349067178	5.0	5	5
20.517112826268487	5.0	5	5
20.617196303469797	5.0	5	5
20.717279780671106	5.0	5	5
20.817363257872415	5.0	5	5
20.917446735073725	5.0	5	5
21.017530212275037	5.0	5	5
21.117613689476347	5.0	5	5
21.217697166677656	5.0	5	5
21.317780643878965	5.0	5	5
21.417864121080274	4.0	4	4
21.517947598281584	4.0	4	4
21.618031075482893	4.0	4	4
21.718114552684202	4.0	4	4
21.818198029885515	4.0	4	4
21.918281507086824	4.0	4	4
22.018364984288134	4.0	4	4
22.118448461489443	4.0	4	4
22.218531938690752	4.0	4	4
22.31861541589206	4.0	4	4
22.41869889309337	4.0	4	4
22.51878237029468	4.0	4	4
22.61886584749599	4.0	4	4
22.718949324697302	4.0	4	4
22.81903280189861	4.0	4	4
22.91911627909992	4.0	4	4
23.01919975630123	3.0	3	3
23.11928323350254	3.0	3	3
23.21936671070385	3.0	3	3
23.319450187905158	3.0	3	3
23.419533665106467	3.0	3	3
23.51961714230778	3.0	3	3
23.61970061950909	2.0	2	2
23.7197840967104	2.0	2	2
23.819867573911708	2.0	2	2
23.919951051113017	2.0	2	2
24.020034528314326	2.0	2	2
24.120118005515636	2.0	2	2
24.220201482716945	2.0	2	2
24.320284959918254	2.0	2	2
24.420368437119567	2.0	2	2
24.520451914320876	2.0	2	2
24.620535391522186	2.0	2	2
24.720618868723495	2.0	2	2
24.820702345924804	2.0	2	2
24.920785823126113	2.0	2	2
25.020869300327423	2.0	2	2
25.120952777528732	2.0	2	2
25.221036254730045	2.0	2	2
25.321119731931354	2.0	2	2
25.421203209132663	2.0	2	2
25.521286686333973	2.0	2	2
25.621370163535282	2.0	2	2
25.72145364073659	2.0	2	2
25.8215371179379	2.0	2	2
25.92162059513921	2.0	2	2
26.02170407234052	2.0	2	2
26.121787549541832	2.0	2	2
26.22187102674314	2.0	2	2
26.32195450394445	2.0	2	2
26.42203798114576	2.0	2	2
26.52212145834707	2.0	2	2
26.62220493554838	2.0	2	2
26.722288412749688	2.0	2	2
26.822371889950997	2.0	2	2
26.92245536715231	2.0	2	2
27.02253884435362	2.0	2	2
27.12262232155493	2.0	2	2
27.222705798756238	2.0	2	2
27.322789275957547	1.0	1	1
27.422872753158856	1.0	1	1
27.522956230360165	1.0	1	1
27.623039707561475	1.0	1	1
27.723123184762784	1.0	1	1
27.823206661964097	1.0	1	1
27.923290139165406	1.0	1	1
28.023373616366715	1.0	1	1
28.123457093568025	1.0	1	1
28.223540570769334	1.0	1	1
28.323624047970643	1.0	1	1
28.423707525171952	1.0	1	1
28.52379100237326	1.0	1	1
28.623874479574575	1.0	1	1
28.723957956775884	1.0	1	1
28.824041433977193	1.0	1	1
28.924124911178502	1.0	1	1
29.02420838837981	1.0	1	1
29.12429186558112	1.0	1	1
29.22437534278243	1.0	1	1
29.32445881998374	1.0	1	1
29.42454229718505	1.0	1	1
29.52462577438636	1.0	1	1
29.62470925158767	1.0	1	1
29.72479272878898	1.0	1	1
29.82487620599029	1.0	1	1
29.9249596831916	1.0	1	1
30.025043160392908	1.0	1	1
30.125126637594217	1.0	1	1
30.225210114795527	1.0	1	1
30.32529359199684	1.0	1	1
30.42537706919815	1.0	1	1
30.525460546399458	1.0	1	1
30.625544023600767	1.0	1	1
30.725627500802076	2.0	2	2
30.825710978003386	2.0	2	2
30.925794455204695	2.0	2	2
31.025877932406004	2.0	2	2
31.125961409607314	2.0	2	2
31.226044886808626	2.0	2	2
31.326128364009936	2.0	2	2
31.426211841211245	2.0	2	2
31.526295318412554	2.0	2	2
31.626378795613864	2.0	2	2
31.726462272815173	2.0	2	2
31.826545750016482	2.0	2	2
31.92662922721779	2.0	2	2
32.026712704419104	2.0	2	2
32.12679618162041	2.0	2	2
32.22687965882172	2.0	2	2
32.32696313602303	2.0	2	2
32.42704661322434	2.0	2	2
32.52713009042565	2.0	2	2
32.62721356762696	2.0	2	2
32.72729704482827	2.0	2	2
32.82738052202958	2.0	2	2
32.92746399923089	2.0	2	2
33.0275474764322	2.0	2	2
33.127630953633506	2.0	2	2
33.227714430834816	2.0	2	2
33.32779790803613	2.0	2	2
33.42788138523744	2.0	2	2
33.52796486243875	2.0	2	2
33.62804833964006	2.0	2	2
33.72813181684137	2.0	2	2
33.82821529404268	2.0	2	2
33.92829877124399	2.0	2	2
34.0283822484453	2.0	2	2
34.128465725646606	2.0	2	2
34.228549202847915	2.0	2	2
34.328632680049225	2.0	2	2
34.428716157250534	2.0	2	2
34.52879963445184	2.0	2	2
34.62888311165315	2.0	2	2
34.72896658885446	2.0	2	2
34.82905006605577	2.0	2	2
34.92913354325708	2.0	2	2
35.0292170204584	2.0	2	2
35.129300497659706	2.0	2	2
35.229383974861015	2.0	2	2
35.329467452062325	2.0	2	2
35.429550929263634	2.0	2	2
35.52963440646494	2.0	2	2
35.62971788366625	2.0	2	2
35.72980136086756	2.0	2	2
35.82988483806887	2.0	2	2
35.92996831527018	2.0	2	2
36.03005179247149	2.0	2	2
36.1301352696728	2.0	2	2
36.23021874687411	2.0	2	2
36.33030222407542	2.0	2	2
36.43038570127673	2.0	2	2
36.530469178478036	2.0	2	2
36.630552655679345	2.0	2	2
36.73063613288066	2.0	2	2
36.83071961008197	2.0	2	2
36.93080308728328	2.0	2	2
37.03088656448459	2.0	2	2
37.1309700416859	2.0	2	2
37.23105351888721	2.0	2	2
37.33113699608852	2.0	2	2
37.43122047328983	2.0	2	2
37.531303950491136	2.0	2	2
37.631387427692445	2.0	2	2
37.731470904893754	2.0	2	2
37.831554382095064	3.0	3	3
37.93163785929637	3.0	3	3
38.03172133649768	3.0	3	3
38.13180481369899	3.0	3	3
38.2318882909003	3.0	3	3
38.33197176810161	3.0	3	3
38.43205524530292	4.0	4	4
38.532138722504236	5.0	5	5
38.632222199705545	5.0	5	5
38.732305676906854	6.0	6	6
38.832389154108164	6.0	6	6
38.93247263130947	6.0	6	6
39.03255610851078	6.0	6	6
39.13263958571209	7.0	7	7
39.2327230629134	8.0	8	8
39.33280654011471	9.0	9	9
39.43289001731602	9.0	9	9
39.53297349451733	9.0	9	9
39.63305697171864	10.0	10	10
39.73314044891995	10.0	10	10
39.833223926121256	10.0	10	10
39.933307403322566	10.0	10	10
40.033390880523875	10.0	10	10
40.133474357725184	10.0	10	10
40.2335578349265	10.0	10	10
40.33364131212781	11.0	11	11
40.43372478932912	11.0	11	11
40.53380826653043	11.0	11	11
40.63389174373174	11.0	11	11
40.73397522093305	11.0	11	11
40.834058698134356	11.0	11	11
40.934142175335666	11.0	11	11
41.034225652536975	11.0	11	11
41.134309129738284	11.0	11	11
41.23439260693959	11.0	11	11
41.3344760841409	11.0	11	11
41.43455956134221	11.0	11	11
41.53464303854352	11.0	11	11
41.63472651574483	11.0	11	11
41.73480999294614	11.0	11	11
41.83489347014745	11.0	11	11
41.934976947348765	12.0	12	12
42.035060424550075	12.0	12	12
42.135143901751384	12.0	12	12
42.23522737895269	12.0	12	12
42.335310856154	12.0	12	12
42.43539433335531	12.0	12	12
42.53547781055662	12.0	12	12
42.63556128775793	12.0	12	12
42.73564476495924	13.0	13	13
42.83572824216055	13.0	13	13
42.93581171936186	14.0	14	14
43.03589519656317	14.0	14	14
43.13597867376448	14.0	14	14
43.236062150965786	14.0	14	14
43.336145628167095	14.0	14	14
43.436229105368405	14.0	14	14
43.536312582569714	14.0	14	14
43.63639605977103	14.0	14	14
43.73647953697234	14.0	14	14
43.83656301417365	14.0	14	14
43.93664649137496	14.0	14	14
44.03672996857627	14.0	14	14
44.13681344577758	14.0	14	14
44.236896922978886	14.0	14	14
44.336980400180195	14.0	14	14
44.437063877381505	14.0	14	14
44.537147354582814	14.0	14	14
44.63723083178412	14.0	14	14
44.73731430898543	14.0	14	14
44.83739778618674	14.0	14	14
44.93748126338805	14.0	14	14
45.03756474058936	14.0	14	14
45.13764821779067	14.0	14	14
45.23773169499198	14.0	14	14
45.337815172193295	14.0	14	14
45.437898649394604	13.0	13	13
45.537982126595914	13.0	13	13
45.63806560379722	13.0	13	13
45.73814908099853	13.0	13	13
45.83823255819984	13.0	13	13
45.93831603540115	13.0	13	13
46.03839951260246	13.0	13	13
46.13848298980377	13.0	13	13
46.23856646700508	13.0	13	13
46.33864994420639	14.0	14	14
46.4387334214077	13.0	13	13
46.53881689860901	13.0	13	13
46.638900375810316	13.0	13	13
46.738983853011625	13.0	13	13
46.839067330212934	14.0	14	14
46.939150807414244	14.0	14	14
47.03923428461556	14.0	14	14
47.13931776181687	14.0	14	14
47.23940123901818	15.0	15	15
47.33948471621949	15.0	15	15
47.4395681934208	15.0	15	15
47.539651670622106	15.0	15	15
47.639735147823416	15.0	15	15
47.739818625024725	15.0	15	15
47.839902102226034	15.0	15	15
47.93998557942734	15.0	15	15
48.04006905662865	15.0	15	15
48.14015253382996	15.0	15	15
48.24023601103127	14.0	14	14
48.34031948823258	14.0	14	14
48.44040296543389	14.0	14	14
48.5404864426352	14.0	14	14
48.64056991983651	15.0	15	15
48.740653397037825	15.0	15	15
48.840736874239134	15.0	15	15
48.94082035144044	15.0	15	15
49.04090382864175	14.0	14	14
49.14098730584306	14.0	14	14
49.24107078304437	14.0	14	14
49.34115426024568	14.0	14	14
49.44123773744699	15.0	15	15
49.5413212146483	15.0	15	15
49.64140469184961	16.0	16	16
49.74148816905092	16.0	16	16
49.84157164625223	16.0	16	16
49.941655123453536	16.0	16	16
50.041738600654845	16.0	16	16
50.141822077856155	16.0	16	16
50.241905555057464	16.0	16	16
50.34198903225877	15.0	15	15
50.44207250946009	15.0	15	15
50.5421559866614	15.0	15	15
50.64223946386271	15.0	15	15
50.74232294106402	15.0	15	15
50.84240641826533	15.0	15	15
50.942489895466636	15.0	15	15
51.042573372667945	15.0	15	15
51.142656849869255	14.0	14	14
51.242740327070564	13.0	13	13
51.34282380427187	13.0	13	13
51.44290728147318	13.0	13	13
51.54299075867449	13.0	13	13
51.6430742358758	13.0	13	13
51.74315771307711	13.0	13	13
51.84324119027842	12.0	12	12
51.94332466747973	11.0	11	11
52.04340814468104	11.0	11	11
52.143491621882355	11.0	11	11
52.243575099083664	11.0	11	11
52.34365857628497	11.0	11	11
52.44374205348628	11.0	11	11
52.54382553068759	11.0	11	11
52.6439090078889	11.0	11	11
52.74399248509021	10.0	10	10
52.84407596229152	10.0	10	10
52.94415943949283	10.0	10	10
53.04424291669414	9.0	9	9
53.14432639389545	9.0	9	9
53.24440987109676	9.0	9	9
53.344493348298066	9.0	9	9
53.444576825499375	9.0	9	9
53.544660302700684	9.0	9	9
53.644743779901994	9.0	9	9
53.7448272571033	9.0	9	9
53.84491073430462	8.0	8	8
53.94499421150593	9.0	9	9
54.04507768870724	9.0	9	9
54.14516116590855	8.0	8	8
54.24524464310986	8.0	8	8
54.345328120311166	8.0	8	8
54.445411597512475	7.0	7	7
54.545495074713784	7.0	7	7
54.645578551915094	7.0	7	7
54.7456620291164	8.0	8	8
54.84574550631771	8.0	8	8
54.94582898351902	10.0	10	10
55.04591246072033	10.0	10	10
55.14599593792164	10.0	10	10
55.24607941512295	10.0	10	10
55.34616289232426	10.0	10	10
55.44624636952557	10.0	10	10
55.546329846726884	10.0	10	10
55.64641332392819	10.0	10	10
55.7464968011295	11.0	11	11
55.84658027833081	10.0	10	10
55.94666375553212	10.0	10	10
56.04674723273343	10.0	10	10
56.14683070993474	10.0	10	10
56.24691418713605	10.0	10	10
56.34699766433736	10.0	10	10
56.44708114153867	9.0	9	9
56.54716461873998	8.0	8	8
56.647248095941286	8.0	8	8
56.747331573142596	7.0	7	7
56.847415050343905	6.0	6	6
56.947498527545214	5.0	5	5
57.04758200474652	4.0	4	4
57.14766548194783	4.0	4	4
57.24774895914915	4.0	4	4
57.34783243635046	4.0	4	4
57.44791591355177	5.0	5	5
57.54799939075308	5.0	5	5
57.648082867954386	6.0	6	6
57.748166345155695	6.0	6	6
57.848249822357005	6.0	6	6
57.948333299558314	7.0	7	7
58.04841677675962	7.0	7	7
58.14850025396093	7.0	7	7
58.24858373116224	8.0	8	8
58.34866720836355	8.0	8	8
58.44875068556486	9.0	9	9
58.54883416276617	9.0	9	9
58.64891763996748	10.0	10	10
58.74900111716879	10.0	10	10
58.8490845943701	9.0	9	9
58.949168071571414	9.0	9	9
59.04925154877272	9.0	9	9
59.14933502597403	9.0	9	9
59.24941850317534	9.0	9	9
59.34950198037665	8.0	8	8
59.44958545757796	7.0	7	7
59.54966893477927	7.0	7	7
59.64975241198058	6.0	6	6
59.74983588918189	5.0	5	5
59.8499193663832	4.0	4	4
59.95000284358451	4.0	4	4
60.050086320785816	4.0	4	4
60.150169797987125	4.0	4	4
60.250253275188435	4.0	4	4
60.350336752389744	4.0	4	4
60.45042022959105	4.0	4	4
60.55050370679236	4.0	4	4
60.65058718399368	4.0	4	4
60.75067066119499	4.0	4	4
60.8507541383963	4.0	4	4
60.95083761559761	4.0	4	4
61.050921092798916	3.0	3	3
61.151004570000225	4.0	4	4
61.251088047201534	5.0	5	5
61.351171524402844	5.0	5	5
61.45125500160415	6.0	6	6
61.55133847880546	6.0	6	6
61.65142195600677	6.0	6	6
61.75150543320808	6.0	6	6
61.85158891040939	6.0	6	6
61.9516723876107	6.0	6	6
62.05175586481201	6.0	6	6
62.15183934201332	5.0	5	5
62.25192281921463	5.0	5	5
62.352006296415944	6.0	6	6
62.45208977361725	6.0	6	6
62.55217325081856	6.0	6	6
62.65225672801987	6.0	6	6
62.75234020522118	6.0	6	6
62.85242368242249	6.0	6	6
62.9525071596238	6.0	6	6
63.05259063682511	6.0	6	6
63.15267411402642	7.0	7	7
63.25275759122773	7.0	7	7
63.352841068429036	7.0	7	7
63.452924545630346	7.0	7	7
63.553008022831655	7.0	7	7
63.653091500032964	7.0	7	7
63.75317497723427	7.0	7	7
63.85325845443558	8.0	8	8
63.95334193163689	7.0	7	7
64.05342540883821	7.0	7	7
64.15350888603952	7.0	7	7
64.25359236324083	7.0	7	7
64.35367584044214	7.0	7	7
64.45375931764345	7.0	7	7
64.55384279484475	7.0	7	7
64.65392627204606	7.0	7	7
64.75400974924737	7.0	7	7
64.85409322644868	6.0	6	6
64.95417670364999	6.0	6	6
65.0542601808513	6.0	6	6
65.15434365805261	6.0	6	6
65.25442713525392	6.0	6	6
65.35451061245523	7.0	7	7
65.45459408965654	5.0	5	5
65.55467756685785	6.0	6	6
65.65476104405916	6.0	6	6
65.75484452126047	6.0	6	6
65.85492799846178	9.0	9	9
65.95501147566308	10.0	10	10
66.0550949528644	10.0	10	10
66.1551784300657	11.0	11	11
66.25526190726701	11.0	11	11
66.35534538446832	12.0	12	12
66.45542886166963	13.0	13	13
66.55551233887094	14.0	14	14
66.65559581607226	14.0	14	14
66.75567929327357	14.0	14	14
66.85576277047488	13.0	13	13
66.95584624767619	14.0	14	14
67.0559297248775	15.0	15	15
67.15601320207881	16.0	16	16
67.25609667928012	17.0	17	17
67.35618015648143	18.0	18	18
67.45626363368274	18.0	18	18
67.55634711088405	18.0	18	18
67.65643058808536	18.0	18	18
67.75651406528667	18.0	18	18
67.85659754248798	17.0	17	17
67.95668101968928	17.0	17	17
68.0567644968906	17.0	17	17
68.1568479740919	18.0	18	18
68.25693145129321	18.0	18	18
68.35701492849452	18.0	18	18
68.45709840569583	18.0	18	18
68.55718188289714	18.0	18	18
68.65726536009845	17.0	17	17
68.75734883729976	16.0	16	16
68.85743231450107	17.0	17	17
68.95751579170238	17.0	17	17
69.05759926890369	17.0	17	17
69.157682746105	18.0	18	18
69.2577662233063	19.0	19	19
69.35784970050761	20.0	20	20
69.45793317770892	20.0	20	20
69.55801665491023	20.0	20	20
69.65810013211154	20.0	20	20
69.75818360931285	21.0	21	21
69.85826708651416	21.0	21	21
69.95835056371547	21.0	21	21
70.0584340409168	21.0	21	21
70.1585175181181	22.0	22	22
70.25860099531941	22.0	22	22
70.35868447252072	22.0	22	22
70.45876794972203	21.0	21	21
70.55885142692334	21.0	21	21
70.65893490412465	22.0	22	22
70.75901838132596	22.0	22	22
70.85910185852727	21.0	21	21
70.95918533572858	20.0	20	20
71.05926881292989	20.0	20	20
71.1593522901312	19.0	19	19
71.2594357673325	18.0	18	18
71.35951924453381	18.0	18	18
71.45960272173512	17.0	17	17
71.55968619893643	17.0	17	17
71.65976967613774	18.0	18	18
71.75985315333905	16.0	16	16
71.85993663054036	15.0	15	15
71.96002010774167	15.0	15	15
72.06010358494298	14.0	14	14
72.16018706214429	14.0	14	14
72.2602705393456	14.0	14	14
72.3603540165469	15.0	15	15
72.46043749374822	16.0	16	16
72.56052097094953	16.0	16	16
72.66060444815083	15.0	15	15
72.76068792535214	15.0	15	15
72.86077140255345	15.0	15	15
72.96085487975476	15.0	15	15
73.06093835695607	14.0	14	14
73.16102183415738	15.0	15	15
73.26110531135869	15.0	15	15
73.36118878856	14.0	14	14
73.46127226576132	14.0	14	14
73.56135574296263	14.0	14	14
73.66143922016394	14.0	14	14
73.76152269736525	14.0	14	14
73.86160617456656	14.0	14	14
73.96168965176787	14.0	14	14
74.06177312896918	14.0	14	14
74.16185660617049	14.0	14	14
74.2619400833718	14.0	14	14
74.3620235605731	14.0	14	14
74.46210703777442	14.0	14	14
74.56219051497573	14.0	14	14
74.66227399217703	14.0	14	14
74.76235746937834	14.0	14	14
74.86244094657965	15.0	15	15
74.96252442378096	16.0	16	16
75.06260790098227	16.0	16	16
75.16269137818358	16.0	16	16
75.26277485538489	15.0	15	15
75.3628583325862	15.0	15	15
75.46294180978751	15.0	15	15
75.56302528698882	15.0	15	15
75.66310876419013	15.0	15	15
75.76319224139144	15.0	15	15
75.86327571859275	15.0	15	15
75.96335919579406	15.0	15	15
76.06344267299536	15.0	15	15
76.16352615019667	15.0	15	15
76.26360962739798	15.0	15	15
76.36369310459929	15.0	15	15
76.4637765818006	15.0	15	15
76.56386005900191	15.0	15	15
76.66394353620322	15.0	15	15
76.76402701340453	14.0	14	14
76.86411049060584	14.0	14	14
76.96419396780716	14.0	14	14
77.06427744500847	14.0	14	14
77.16436092220978	14.0	14	14
77.26444439941109	14.0	14	14
77.3645278766124	14.0	14	14
77.46461135381371	14.0	14	14
77.56469483101502	14.0	14	14
77.66477830821633	14.0	14	14
77.76486178541764	14.0	14	14
77.86494526261895	13.0	13	13
77.96502873982026	13.0	13	13
78.06511221702156	13.0	13	13
78.16519569422287	13.0	13	13
78.26527917142418	13.0	13	13
78.36536264862549	12.0	12	12
78.4654461258268	12.0	12	12
78.56552960302811	12.0	12	12
78.66561308022942	12.0	12	12
78.76569655743073	12.0	12	12
78.86578003463204	12.0	12	12
78.96586351183335	12.0	12	12
79.06594698903466	12.0	12	12
79.16603046623597	12.0	12	12
79.26611394343728	11.0	11	11
79.36619742063858	11.0	11	11
79.4662808978399	11.0	11	11
79.5663643750412	11.0	11	11
79.66644785224251	11.0	11	11
79.76653132944382	11.0	11	11
79.86661480664513	11.0	11	11
79.96669828384644	11.0	11	11
80.06678176104775	10.0	10	10
80.16686523824906	11.0	11	11
80.26694871545037	11.0	11	11
80.36703219265169	11.0	11	11
80.467115669853	11.0	11	11
80.56719914705431	11.0	11	11
80.66728262425562	11.0	11	11
80.76736610145693	11.0	11	11
80.86744957865824	11.0	11	11
80.96753305585955	11.0	11	11
81.06761653306086	11.0	11	11
81.16770001026217	11.0	11	11
81.26778348746348	10.0	10	10
81.36786696466478	10.0	10	10
81.4679504418661	10.0	10	10
81.5680339190674	10.0	10	10
81.66811739626871	10.0	10	10
81.76820087347002	10.0	10	10
81.86828435067133	10.0	10	10
81.96836782787264	10.0	10	10
82.06845130507395	10.0	10	10
82.16853478227526	11.0	11	11
82.26861825947657	11.0	11	11
82.36870173667788	11.0	11	11
82.46878521387919	11.0	11	11
82.5688686910805	11.0	11	11
82.6689521682818	11.0	11	11
82.76903564548311	10.0	10	10
82.86911912268442	10.0	10	10
82.96920259988573	10.0	10	10
83.06928607708704	11.0	11	11
83.16936955428835	11.0	11	11
83.26945303148966	11.0	11	11
83.36953650869097	12.0	12	12
83.46961998589228	12.0	12	12
83.56970346309359	11.0	11	11
83.6697869402949	12.0	12	12
83.76987041749622	12.0	12	12
83.86995389469753	12.0	12	12
83.97003737189884	12.0	12	12
84.07012084910015	13.0	13	13
84.17020432630146	13.0	13	13
84.27028780350277	13.0	13	13
84.37037128070408	13.0	13	13
84.47045475790539	12.0	12	12
84.5705382351067	12.0	12	12
84.670621712308	12.0	12	12
84.77070518950931	12.0	12	12
84.87078866671062	12.0	12	12
84.97087214391193	11.0	11	11
85.07095562111324	11.0	11	11
85.17103909831455	10.0	10	10
85.27112257551586	9.0	9	9
85.37120605271717	9.0	9	9
85.47128952991848	8.0	8	8
85.57137300711979	8.0	8	8
85.6714564843211	8.0	8	8
85.77153996152241	8.0	8	8
85.87162343872372	8.0	8	8
85.97170691592503	8.0	8	8
86.07179039312634	8.0	8	8
86.17187387032764	7.0	7	7
86.27195734752895	7.0	7	7
86.37204082473026	7.0	7	7
86.47212430193157	6.0	6	6
86.57220777913288	6.0	6	6
86.67229125633419	6.0	6	6
86.7723747335355	5.0	5	5
86.87245821073681	6.0	6	6
86.97254168793812	6.0	6	6
87.07262516513943	6.0	6	6
87.17270864234075	6.0	6	6
87.27279211954206	6.0	6	6
87.37287559674337	6.0	6	6
87.47295907394468	6.0	6	6
87.57304255114599	6.0	6	6
87.6731260283473	6.0	6	6
87.7732095055486	6.0	6	6
87.87329298274992	6.0	6	6
87.97337645995123	6.0	6	6
88.07345993715253	6.0	6	6
88.17354341435384	6.0	6	6
88.27362689155515	6.0	6	6
88.37371036875646	6.0	6	6
88.47379384595777	6.0	6	6
88.57387732315908	6.0	6	6
88.67396080036039	6.0	6	6
88.7740442775617	6.0	6	6
88.87412775476301	5.0	5	5
88.97421123196432	5.0	5	5
89.07429470916563	5.0	5	5
89.17437818636694	5.0	5	5
89.27446166356825	6.0	6	6
89.37454514076956	7.0	7	7
89.47462861797086	7.0	7	7
89.57471209517217	7.0	7	7
89.67479557237348	6.0	6	6
89.77487904957479	6.0	6	6
89.8749625267761	6.0	6	6
89.97504600397741	6.0	6	6
90.07512948117872	6.0	6	6
90.17521295838003	6.0	6	6
90.27529643558134	6.0	6	6
90.37537991278265	6.0	6	6
90.47546338998396	6.0	6	6
90.57554686718528	7.0	7	7
90.67563034438659	7.0	7	7
90.7757138215879	6.0	6	6
90.87579729878921	6.0	6	6
90.97588077599052	6.0	6	6
91.07596425319183	6.0	6	6
91.17604773039314	5.0	5	5
91.27613120759445	5.0	5	5
91.37621468479576	5.0	5	5
91.47629816199706	6.0	6	6
91.57638163919837	7.0	7	7
91.67646511639968	7.0	7	7
91.77654859360099	7.0	7	7
91.8766320708023	7.0	7	7
91.97671554800361	7.0	7	7
92.07679902520492	7.0	7	7
92.17688250240623	7.0	7	7
92.27696597960754	7.0	7	7
92.37704945680885	7.0	7	7
92.47713293401016	6.0	6	6
92.57721641121147	6.0	6	6
92.67729988841278	6.0	6	6
92.77738336561409	5.0	5	5
92.8774668428154	5.0	5	5
92.9775503200167	5.0	5	5
93.07763379721801	5.0	5	5
93.17771727441932	5.0	5	5
93.27780075162063	4.0	4	4
93.37788422882194	4.0	4	4
93.47796770602325	4.0	4	4
93.57805118322456	4.0	4	4
93.67813466042587	5.0	5	5
93.77821813762718	5.0	5	5
93.87830161482849	5.0	5	5
93.97838509202981	5.0	5	5
94.07846856923112	5.0	5	5
94.17855204643243	5.0	5	5
94.27863552363374	6.0	6	6
94.37871900083505	8.0	8	8
94.47880247803636	8.0	8	8
94.57888595523767	8.0	8	8
94.67896943243898	7.0	7	7
94.77905290964028	7.0	7	7
94.8791363868416	6.0	6	6
94.9792198640429	6.0	6	6
95.07930334124421	6.0	6	6
95.17938681844552	6.0	6	6
95.27947029564683	7.0	7	7
95.37955377284814	7.0	7	7
95.47963725004945	6.0	6	6
95.57972072725076	5.0	5	5
95.67980420445207	5.0	5	5
95.77988768165338	6.0	6	6
95.87997115885469	6.0	6	6
95.980054636056	6.0	6	6
96.0801381132573	6.0	6	6
96.18022159045861	5.0	5	5
96.28030506765992	5.0	5	5
96.38038854486123	4.0	4	4
96.48047202206254	5.0	5	5
96.58055549926385	5.0	5	5
96.68063897646516	5.0	5	5
96.78072245366647	6.0	6	6
96.88080593086778	6.0	6	6
96.98088940806909	6.0	6	6
97.0809728852704	6.0	6	6
97.18105636247171	6.0	6	6
97.28113983967302	6.0	6	6
97.38122331687434	6.0	6	6
97.48130679407565	6.0	6	6
97.58139027127696	6.0	6	6
97.68147374847827	5.0	5	5
97.78155722567958	5.0	5	5
97.88164070288089	5.0	5	5
97.9817241800822	5.0	5	5
98.0818076572835	5.0	5	5
98.18189113448481	5.0	5	5
98.28197461168612	5.0	5	5
98.38205808888743	5.0	5	5
98.48214156608874	5.0	5	5
98.58222504329005	5.0	5	5
98.68230852049136	5.0	5	5
98.78239199769267	5.0	5	5
98.88247547489398	5.0	5	5
98.98255895209529	5.0	5	5
99.0826424292966	5.0	5	5
99.18272590649791	5.0	5	5
99.28280938369922	5.0	5	5
99.38289286090053	5.0	5	5
99.48297633810184	5.0	5	5
99.58305981530314	5.0	5	5
99.68314329250445	5.0	5	5
99.78322676970576	5.0	5	5
99.88331024690707	5.0	5	5
99.98339372410838	4.0	4	4
100.08347720130969	4.0	4	4
100.183560678511	4.0	4	4
100.28364415571231	5.0	5	5
100.38372763291362	5.0	5	5
100.48381111011493	4.0	4	4
100.58389458731624	4.0	4	4
100.68397806451755	4.0	4	4
100.78406154171887	4.0	4	4
100.88414501892018	4.0	4	4
100.98422849612149	4.0	4	4
101.0843119733228	4.0	4	4
101.18439545052411	4.0	4	4
101.28447892772542	4.0	4	4
101.38456240492673	4.0	4	4
101.48464588212804	4.0	4	4
101.58472935932934	4.0	4	4
101.68481283653065	5.0	5	5
101.78489631373196	5.0	5	5
101.88497979093327	5.0	5	5
101.98506326813458	5.0	5	5
102.08514674533589	5.0	5	5
102.1852302225372	5.0	5	5
102.28531369973851	5.0	5	5
102.38539717693982	5.0	5	5
102.48548065414113	5.0	5	5
102.58556413134244	5.0	5	5
102.68564760854375	5.0	5	5
102.78573108574506	5.0	5	5
102.88581456294636	5.0	5	5
102.98589804014767	5.0	5	5
103.08598151734898	5.0	5	5
103.18606499455029	5.0	5	5
103.2861484717516	5.0	5	5
103.38623194895291	5.0	5	5
103.48631542615422	5.0	5	5
103.58639890335553	5.0	5	5
103.68648238055684	5.0	5	5
103.78656585775815	5.0	5	5
103.88664933495946	5.0	5	5
103.98673281216077	5.0	5	5
104.08681628936208	5.0	5	5
104.18689976656339	5.0	5	5
104.28698324376471	5.0	5	5
104.38706672096602	5.0	5	5
104.48715019816733	5.0	5	5
104.58723367536864	5.0	5	5
104.68731715256995	5.0	5	5
104.78740062977126	5.0	5	5
104.88748410697256	5.0	5	5
104.98756758417387	5.0	5	5
105.08765106137518	5.0	5	5
105.18773453857649	5.0	5	5
105.2878180157778	5.0	5	5
105.38790149297911	5.0	5	5
105.48798497018042	5.0	5	5
105.58806844738173	5.0	5	5
105.68815192458304	5.0	5	5
105.78823540178435	5.0	5	5
105.88831887898566	5.0	5	5
105.98840235618697	5.0	5	5
106.08848583338828	5.0	5	5
106.18856931058959	5.0	5	5
106.2886527877909	5.0	5	5
106.3887362649922	5.0	5	5
106.48881974219351	5.0	5	5
106.58890321939482	5.0	5	5
106.68898669659613	5.0	5	5
106.78907017379744	5.0	5	5
106.88915365099875	5.0	5	5
106.98923712820006	5.0	5	5
107.08932060540137	5.0	5	5
107.18940408260268	5.0	5	5
107.28948755980399	5.0	5	5
107.3895710370053	5.0	5	5
107.4896545142066	5.0	5	5
107.58973799140792	5.0	5	5
107.68982146860924	5.0	5	5
107.78990494581055	5.0	5	5
107.88998842301186	5.0	5	5
107.99007190021317	5.0	5	5
108.09015537741448	5.0	5	5
108.19023885461579	4.0	4	4
108.2903223318171	4.0	4	4
108.3904058090184	4.0	4	4
108.49048928621971	4.0	4	4
108.59057276342102	4.0	4	4
108.69065624062233	4.0	4	4
108.79073971782364	4.0	4	4
108.89082319502495	4.0	4	4
108.99090667222626	4.0	4	4
109.09099014942757	4.0	4	4
109.19107362662888	4.0	4	4
109.29115710383019	4.0	4	4
109.3912405810315	4.0	4	4
109.4913240582328	4.0	4	4
109.59140753543412	4.0	4	4
109.69149101263542	4.0	4	4
109.79157448983673	4.0	4	4
109.89165796703804	4.0	4	4
109.99174144423935	4.0	4	4
110.09182492144066	4.0	4	4
110.19190839864197	4.0	4	4
110.29199187584328	4.0	4	4
110.39207535304459	4.0	4	4
110.4921588302459	4.0	4	4
110.59224230744721	4.0	4	4
110.69232578464852	4.0	4	4
110.79240926184983	4.0	4	4
110.89249273905114	4.0	4	4
110.99257621625244	4.0	4	4
111.09265969345377	4.0	4	4
111.19274317065508	4.0	4	4
111.29282664785639	4.0	4	4
111.3929101250577	4.0	4	4
111.492993602259	4.0	4	4
111.59307707946031	4.0	4	4
111.69316055666162	4.0	4	4
111.79324403386293	4.0	4	4
111.89332751106424	4.0	4	4
111.99341098826555	4.0	4	4
112.09349446546686	3.0	3	3
112.19357794266817	3.0	3	3
112.29366141986948	3.0	3	3
112.39374489707079	3.0	3	3
112.4938283742721	4.0	4	4
112.59391185147341	4.0	4	4
112.69399532867472	4.0	4	4
112.79407880587603	4.0	4	4
112.89416228307734	4.0	4	4
112.99424576027864	4.0	4	4
113.09432923747995	3.0	3	3
113.19441271468126	3.0	3	3
113.29449619188257	2.0	2	2
113.39457966908388	2.0	2	2
113.49466314628519	2.0	2	2
113.5947466234865	2.0	2	2
113.69483010068781	2.0	2	2
113.79491357788912	2.0	2	2
113.89499705509043	2.0	2	2
113.99508053229174	2.0	2	2
114.09516400949305	2.0	2	2
114.19524748669436	2.0	2	2
114.29533096389567	2.0	2	2
114.39541444109697	2.0	2	2
114.4954979182983	2.0	2	2
114.59558139549961	2.0	2	2
114.69566487270092	1.0	1	1
114.79574834990223	1.0	1	1
114.89583182710354	1.0	1	1
114.99591530430484	1.0	1	1
115.09599878150615	0.0	0	0
115.19608225870746	0.0	0	0
115.29616573590877	0.0	0	0
115.39624921311008	0.0	0	0
115.49633269031139	0.0	0	0
115.5964161675127	0.0	0	0
115.69649964471401	0.0	0	0
115.79658312191532	0.0	0	0
115.89666659911663	0.0	0	0
115.99675007631794	0.0	0	0
116.09683355351925	0.0	0	0
116.19691703072056	0.0	0	0
116.29700050792187	0.0	0	0
116.39708398512317	0.0	0	0
116.49716746232448	0.0	0	0
116.5972509395258	0.0	0	0
116.6973344167271	0.0	0	0
116.79741789392841	0.0	0	0
116.89750137112972	0.0	0	0
116.99758484833103	0.0	0	0
117.09766832553234	0.0	0	0
117.19775180273365	0.0	0	0
117.29783527993496	0.0	0	0
117.39791875713627	0.0	0	0
117.49800223433758	0.0	0	0
117.59808571153889	0.0	0	0
117.6981691887402	0.0	0	0
117.7982526659415	0.0	0	0
117.89833614314283	0.0	0	0
117.99841962034414	0.0	0	0
118.09850309754545	0.0	0	0
118.19858657474676	0.0	0	0
118.29867005194806	0.0	0	0
118.39875352914937	0.0	0	0
118.49883700635068	0.0	0	0
118.59892048355199	0.0	0	0
118.6990039607533	0.0	0	0
118.79908743795461	0.0	0	0
118.89917091515592	0.0	0	0
118.99925439235723	0.0	0	0
119.09933786955854	0.0	0	0
119.19942134675985	0.0	0	0
119.29950482396116	0.0	0	0
119.39958830116247	0.0	0	0
119.49967177836378	0.0	0	0
119.59975525556509	0.0	0	0
119.6998387327664	0.0	0	0
119.7999222099677	0.0	0	0
119.90000568716901	0.0	0	0
120.00008916437032	0.0	0	0
120.10017264157163	0.0	0	0
120.20025611877294	0.0	0	0
120.30033959597425	0.0	0	0
120.40042307317556	0.0	0	0
120.50050655037687	0.0	0	0
120.60059002757818	0.0	0	0
120.70067350477949	0.0	0	0
120.8007569819808	0.0	0	0
120.9008404591821	0.0	0	0
121.00092393638342	0.0	0	0
121.10100741358472	0.0	0	0
121.20109089078603	0.0	0	0
121.30117436798736	0.0	0	0
121.40125784518867	0.0	0	0
121.50134132238998	0.0	0	0
121.60142479959129	0.0	0	0
121.7015082767926	0.0	0	0
121.8015917539939	0.0	0	0
121.90167523119521	0.0	0	0
122.00175870839652	0.0	0	0
122.10184218559783	0.0	0	0
122.20192566279914	0.0	0	0
122.30200914000045	0.0	0	0
122.40209261720176	0.0	0	0
122.50217609440307	0.0	0	0
122.60225957160438	0.0	0	0
122.70234304880569	0.0	0	0
122.802426526007	0.0	0	0
122.9025100032083	0.0	0	0
123.00259348040962	0.0	0	0
123.10267695761092	0.0	0	0
123.20276043481223	0.0	0	0
123.30284391201354	0.0	0	0
123.40292738921485	0.0	0	0
123.50301086641616	0.0	0	0
123.60309434361747	0.0	0	0
123.70317782081878	0.0	0	0
123.80326129802009	0.0	0	0
123.9033447752214	0.0	0	0
124.00342825242271	0.0	0	0
124.10351172962402	0.0	0	0
124.20359520682533	0.0	0	0
124.30367868402664	0.0	0	0
124.40376216122795	0.0	0	0
124.50384563842925	0.0	0	0
124.60392911563056	0.0	0	0
124.70401259283189	0.0	0	0
124.8040960700332	0.0	0	0
124.9041795472345	0.0	0	0
125.00426302443582	0.0	0	0
125.10434650163712	0.0	0	0
125.20442997883843	0.0	0	0
125.30451345603974	0.0	0	0
125.40459693324105	0.0	0	0
125.50468041044236	0.0	0	0
125.60476388764367	0.0	0	0
125.70484736484498	0.0	0	0
125.80493084204629	0.0	0	0
125.9050143192476	1.0	1	1
126.00509779644891	2.0	2	2
126.10518127365022	2.0	2	2
126.20526475085153	2.0	2	2
126.30534822805284	2.0	2	2
126.40543170525414	2.0	2	2
126.50551518245545	2.0	2	2
126.60559865965676	2.0	2	2
126.70568213685807	2.0	2	2
126.80576561405938	2.0	2	2
126.90584909126069	2.0	2	2
127.005932568462	2.0	2	2
127.10601604566331	2.0	2	2
127.20609952286462	2.0	2	2
127.30618300006593	2.0	2	2
127.40626647726724	2.0	2	2
127.50634995446855	2.0	2	2
127.60643343166986	2.0	2	2
127.70651690887117	2.0	2	2
127.80660038607247	2.0	2	2
127.90668386327378	2.0	2	2
128.0067673404751	2.0	2	2
128.10685081767642	2.0	2	2
128.20693429487773	2.0	2	2
128.30701777207904	2.0	2	2
128.40710124928034	2.0	2	2
128.50718472648165	1.0	1	1
128.60726820368296	1.0	1	1
128.70735168088427	1.0	1	1
128.80743515808558	1.0	1	1
128.9075186352869	1.0	1	1
129.0076021124882	1.0	1	1
129.1076855896895	2.0	2	2
129.20776906689082	2.0	2	2
129.30785254409213	2.0	2	2
129.40793602129344	3.0	3	3
129.50801949849475	3.0	3	3
129.60810297569606	3.0	3	3
129.70818645289737	3.0	3	3
129.80826993009867	3.0	3	3
129.90835340729998	3.0	3	3
130.0084368845013	3.0	3	3
130.1085203617026	3.0	3	3
130.2086038389039	3.0	3	3
130.30868731610522	3.0	3	3
130.40877079330653	3.0	3	3
130.50885427050784	3.0	3	3
130.60893774770915	3.0	3	3
130.70902122491046	3.0	3	3
130.80910470211177	3.0	3	3
130.90918817931308	3.0	3	3
131.0092716565144	3.0	3	3
131.1093551337157	3.0	3	3
131.209438610917	3.0	3	3
131.3095220881183	3.0	3	3
131.40960556531962	3.0	3	3
131.50968904252093	3.0	3	3
131.60977251972224	2.0	2	2
131.70985599692355	2.0	2	2
131.80993947412486	1.0	1	1
131.91002295132617	1.0	1	1
132.01010642852748	1.0	1	1
132.1101899057288	1.0	1	1
132.2102733829301	1.0	1	1
132.3103568601314	1.0	1	1
132.41044033733272	1.0	1	1
132.51052381453403	1.0	1	1
132.61060729173533	1.0	1	1
132.71069076893664	1.0	1	1
132.81077424613795	1.0	1	1
132.91085772333926	1.0	1	1
133.01094120054057	1.0	1	1
133.11102467774188	1.0	1	1
133.2111081549432	1.0	1	1
133.31119163214453	1.0	1	1
133.41127510934584	1.0	1	1
133.51135858654715	1.0	1	1
133.61144206374846	1.0	1	1
133.71152554094976	1.0	1	1
133.81160901815107	1.0	1	1
133.91169249535238	1.0	1	1
134.0117759725537	2.0	2	2
134.111859449755	2.0	2	2
134.2119429269563	2.0	2	2
134.31202640415762	2.0	2	2
134.41210988135893	2.0	2	2
134.51219335856024	2.0	2	2
134.61227683576155	2.0	2	2
134.71236031296286	2.0	2	2
134.81244379016417	2.0	2	2
134.91252726736548	2.0	2	2
135.01261074456679	2.0	2	2
135.1126942217681	2.0	2	2
135.2127776989694	2.0	2	2
135.3128611761707	2.0	2	2
135.41294465337202	2.0	2	2
135.51302813057333	2.0	2	2
135.61311160777464	2.0	2	2
135.71319508497595	2.0	2	2
135.81327856217726	2.0	2	2
135.91336203937857	3.0	3	3
136.01344551657988	3.0	3	3
136.1135289937812	3.0	3	3
136.2136124709825	3.0	3	3
136.3136959481838	3.0	3	3
136.41377942538512	3.0	3	3
136.51386290258642	3.0	3	3
136.61394637978773	3.0	3	3
136.71402985698904	3.0	3	3
136.81411333419035	3.0	3	3
136.91419681139166	3.0	3	3
137.01428028859297	3.0	3	3
137.11436376579428	3.0	3	3
137.2144472429956	2.0	2	2
137.3145307201969	3.0	3	3
137.4146141973982	3.0	3	3
137.51469767459952	3.0	3	3
137.61478115180083	3.0	3	3
137.71486462900214	3.0	3	3
137.81494810620345	3.0	3	3
137.91503158340475	3.0	3	3
138.01511506060606	3.0	3	3
138.11519853780737	3.0	3	3
138.21528201500868	3.0	3	3
138.31536549221	2.0	2	2
138.4154489694113	2.0	2	2
138.5155324466126	2.0	2	2
138.61561592381392	3.0	3	3
138.71569940101523	3.0	3	3
138.81578287821654	3.0	3	3
138.91586635541785	3.0	3	3
139.01594983261916	3.0	3	3
139.11603330982047	3.0	3	3
139.21611678702178	3.0	3	3
139.31620026422308	3.0	3	3
139.4162837414244	3.0	3	3
139.5163672186257	3.0	3	3
139.616450695827	3.0	3	3
139.71653417302832	2.0	2	2
139.81661765022963	2.0	2	2
139.91670112743094	2.0	2	2
140.01678460463225	2.0	2	2
140.1168680818336	1.0	1	1
140.2169515590349	1.0	1	1
140.3170350362362	1.0	1	1
140.41711851343752	1.0	1	1
140.51720199063882	1.0	1	1
140.61728546784013	1.0	1	1
140.71736894504144	1.0	1	1
140.81745242224275	1.0	1	1
140.91753589944406	1.0	1	1
141.01761937664537	1.0	1	1
141.11770285384668	1.0	1	1
141.217786331048	1.0	1	1
141.3178698082493	1.0	1	1
141.4179532854506	1.0	1	1
141.51803676265192	1.0	1	1
141.61812023985323	1.0	1	1
141.71820371705454	1.0	1	1
141.81828719425584	1.0	1	1
141.91837067145715	1.0	1	1
142.01845414865846	1.0	1	1
142.11853762585977	1.0	1	1
142.21862110306108	1.0	1	1
142.3187045802624	1.0	1	1
142.4187880574637	1.0	1	1
142.518871534665	1.0	1	1
142.61895501186632	1.0	1	1
142.71903848906763	1.0	1	1
142.81912196626894	1.0	1	1
142.91920544347025	1.0	1	1
143.01928892067156	1.0	1	1
143.11937239787287	1.0	1	1
143.21945587507417	1.0	1	1
143.31953935227548	1.0	1	1
143.4196228294768	1.0	1	1
143.5197063066781	1.0	1	1
143.6197897838794	1.0	1	1
143.71987326108072	1.0	1	1
143.81995673828203	1.0	1	1
143.92004021548334	1.0	1	1
144.02012369268465	1.0	1	1
144.12020716988596	1.0	1	1
144.22029064708727	1.0	1	1
144.32037412428858	1.0	1	1
144.4204576014899	1.0	1	1
144.5205410786912	1.0	1	1
144.6206245558925	1.0	1	1
144.7207080330938	1.0	1	1
144.82079151029512	1.0	1	1
144.92087498749643	1.0	1	1
145.02095846469774	1.0	1	1
145.12104194189905	1.0	1	1
145.22112541910036	1.0	1	1
145.32120889630167	2.0	2	2
145.42129237350298	2.0	2	2
145.5213758507043	2.0	2	2
145.6214593279056	2.0	2	2
145.7215428051069	2.0	2	2
145.82162628230822	2.0	2	2
145.92170975950953	2.0	2	2
146.02179323671083	2.0	2	2
146.12187671391214	2.0	2	2
146.22196019111345	2.0	2	2
146.32204366831476	2.0	2	2
146.42212714551607	2.0	2	2
146.52221062271738	2.0	2	2
146.6222940999187	2.0	2	2
146.72237757712	2.0	2	2
146.8224610543213	2.0	2	2
146.92254453152265	2.0	2	2
147.02262800872396	2.0	2	2
147.12271148592527	2.0	2	2
147.22279496312657	2.0	2	2
147.32287844032788	2.0	2	2
147.4229619175292	2.0	2	2
147.5230453947305	2.0	2	2
147.6231288719318	2.0	2	2
147.72321234913312	2.0	2	2
147.82329582633443	2.0	2	2
147.92337930353574	2.0	2	2
148.02346278073705	2.0	2	2
148.12354625793836	2.0	2	2
148.22362973513967	2.0	2	2
148.32371321234098	2.0	2	2
148.42379668954229	2.0	2	2
148.5238801667436	2.0	2	2
148.6239636439449	2.0	2	2
148.7240471211462	2.0	2	2
148.82413059834752	2.0	2	2
148.92421407554883	2.0	2	2
149.02429755275014	2.0	2	2
149.12438102995145	2.0	2	2
149.22446450715276	2.0	2	2
149.32454798435407	2.0	2	2
149.42463146155538	2.0	2	2
149.5247149387567	2.0	2	2
149.624798415958	2.0	2	2
149.7248818931593	2.0	2	2
149.82496537036062	2.0	2	2
149.92504884756192	2.0	2	2
150.02513232476323	2.0	2	2
150.12521580196454	2.0	2	2
150.22529927916585	2.0	2	2
150.32538275636716	2.0	2	2
150.42546623356847	2.0	2	2
150.52554971076978	2.0	2	2
150.6256331879711	2.0	2	2
150.7257166651724	2.0	2	2
150.8258001423737	2.0	2	2
150.92588361957502	2.0	2	2
151.02596709677633	2.0	2	2
151.12605057397764	3.0	3	3
151.22613405117895	3.0	3	3
151.32621752838025	3.0	3	3
151.42630100558156	3.0	3	3
151.52638448278287	3.0	3	3
151.62646795998418	3.0	3	3
151.7265514371855	3.0	3	3
151.8266349143868	3.0	3	3
151.9267183915881	3.0	3	3
152.02680186878942	3.0	3	3
152.12688534599073	3.0	3	3
152.22696882319204	3.0	3	3
152.32705230039335	3.0	3	3
152.42713577759466	3.0	3	3
152.52721925479597	3.0	3	3
152.62730273199728	3.0	3	3
152.72738620919858	3.0	3	3
152.8274696863999	3.0	3	3
152.9275531636012	3.0	3	3
153.0276366408025	3.0	3	3
153.12772011800382	3.0	3	3
153.22780359520513	3.0	3	3
153.32788707240644	2.0	2	2
153.42797054960775	2.0	2	2
153.52805402680906	2.0	2	2
153.62813750401037	2.0	2	2
153.72822098121168	2.0	2	2
153.82830445841302	2.0	2	2
153.92838793561432	2.0	2	2
154.02847141281563	2.0	2	2
154.12855489001694	2.0	2	2
154.22863836721825	2.0	2	2
154.32872184441956	2.0	2	2
154.42880532162087	2.0	2	2
154.52888879882218	2.0	2	2
154.6289722760235	2.0	2	2
154.7290557532248	2.0	2	2
154.8291392304261	2.0	2	2
154.92922270762742	2.0	2	2
155.02930618482873	2.0	2	2
155.12938966203004	2.0	2	2
155.22947313923135	2.0	2	2
155.32955661643265	2.0	2	2
155.42964009363396	2.0	2	2
155.52972357083527	2.0	2	2
155.62980704803658	2.0	2	2
155.7298905252379	2.0	2	2
155.8299740024392	2.0	2	2
155.9300574796405	2.0	2	2
156.03014095684182	2.0	2	2
156.13022443404313	2.0	2	2
156.23030791124444	2.0	2	2
156.33039138844575	2.0	2	2
156.43047486564706	2.0	2	2
156.53055834284837	2.0	2	2
156.63064182004968	2.0	2	2
156.73072529725098	2.0	2	2
156.8308087744523	2.0	2	2
156.9308922516536	2.0	2	2
157.0309757288549	2.0	2	2
157.13105920605622	2.0	2	2
157.23114268325753	2.0	2	2
157.33122616045884	2.0	2	2
157.43130963766015	1.0	1	1
157.53139311486146	1.0	1	1
157.63147659206277	1.0	1	1
157.73156006926408	1.0	1	1
157.8316435464654	1.0	1	1
157.9317270236667	1.0	1	1
158.031810500868	1.0	1	1
158.13189397806931	1.0	1	1
158.23197745527062	1.0	1	1
158.33206093247193	1.0	1	1
158.43214440967324	0.0	0	0
158.53222788687455	0.0	0	0
158.63231136407586	0.0	0	0
158.73239484127717	0.0	0	0
158.83247831847848	0.0	0	0
158.9325617956798	0.0	0	0
159.0326452728811	0.0	0	0
159.1327287500824	0.0	0	0
159.23281222728372	0.0	0	0
159.33289570448503	0.0	0	0
159.43297918168633	1.0	1	1
159.53306265888764	1.0	1	1
159.63314613608895	1.0	1	1
159.73322961329026	1.0	1	1
159.83331309049157	1.0	1	1
159.93339656769288	1.0	1	1
160.0334800448942	1.0	1	1
160.1335635220955	1.0	1	1
160.2336469992968	1.0	1	1
160.33373047649812	1.0	1	1
160.43381395369943	1.0	1	1
160.53389743090074	1.0	1	1
160.63398090810207	1.0	1	1
160.73406438530338	1.0	1	1
160.8341478625047	2.0	2	2
160.934231339706	2.0	2	2
161.0343148169073	2.0	2	2
161.13439829410862	2.0	2	2
161.23448177130993	2.0	2	2
161.33456524851124	2.0	2	2
161.43464872571255	2.0	2	2
161.53473220291386	2.0	2	2
161.63481568011517	2.0	2	2
161.73489915731648	2.0	2	2
161.8349826345178	2.0	2	2
161.9350661117191	2.0	2	2
162.0351495889204	2.0	2	2
162.1352330661217	2.0	2	2
162.23531654332302	2.0	2	2
162.33540002052433	3.0	3	3
162.43548349772564	4.0	4	4
162.53556697492695	4.0	4	4
162.63565045212826	4.0	4	4
162.73573392932957	4.0	4	4
162.83581740653088	4.0	4	4
162.9359008837322	4.0	4	4
163.0359843609335	4.0	4	4
163.1360678381348	4.0	4	4
163.23615131533612	4.0	4	4
163.33623479253743	4.0	4	4
163.43631826973873	4.0	4	4
163.53640174694004	4.0	4	4
163.63648522414135	4.0	4	4
163.73656870134266	4.0	4	4
163.83665217854397	4.0	4	4
163.93673565574528	4.0	4	4
164.0368191329466	5.0	5	5
164.1369026101479	6.0	6	6
164.2369860873492	6.0	6	6
164.33706956455052	6.0	6	6
164.43715304175183	6.0	6	6
164.53723651895314	6.0	6	6
164.63731999615445	5.0	5	5
164.73740347335576	5.0	5	5
164.83748695055706	4.0	4	4
164.93757042775837	4.0	4	4
165.03765390495968	4.0	4	4
165.137737382161	4.0	4	4
165.2378208593623	5.0	5	5
165.3379043365636	5.0	5	5
165.43798781376492	5.0	5	5
165.53807129096623	5.0	5	5
165.63815476816754	5.0	5	5
165.73823824536885	5.0	5	5
165.83832172257016	5.0	5	5
165.93840519977147	6.0	6	6
166.03848867697278	6.0	6	6
166.13857215417408	4.0	4	4
166.2386556313754	4.0	4	4
166.3387391085767	4.0	4	4
166.438822585778	3.0	3	3
166.53890606297932	3.0	3	3
166.63898954018063	3.0	3	3
166.73907301738194	4.0	4	4
166.83915649458325	4.0	4	4
166.93923997178456	4.0	4	4
167.03932344898587	4.0	4	4
167.13940692618718	5.0	5	5
167.2394904033885	5.0	5	5
167.3395738805898	5.0	5	5
167.43965735779113	5.0	5	5
167.53974083499244	5.0	5	5
167.63982431219375	4.0	4	4
167.73990778939506	5.0	5	5
167.83999126659637	5.0	5	5
167.94007474379768	5.0	5	5
168.040158220999	5.0	5	5
168.1402416982003	4.0	4	4
168.2403251754016	4.0	4	4
168.34040865260292	4.0	4	4
168.44049212980423	4.0	4	4
168.54057560700554	4.0	4	4
168.64065908420685	4.0	4	4
168.74074256140815	4.0	4	4
168.84082603860946	4.0	4	4
168.94090951581077	4.0	4	4
169.04099299301208	5.0	5	5
169.1410764702134	5.0	5	5
169.2411599474147	4.0	4	4
169.341243424616	4.0	4	4
169.44132690181732	3.0	3	3
169.54141037901863	3.0	3	3
169.64149385621994	3.0	3	3
169.74157733342125	4.0	4	4
169.84166081062256	4.0	4	4
169.94174428782387	4.0	4	4
170.04182776502518	4.0	4	4
170.14191124222648	4.0	4	4
170.2419947194278	4.0	4	4
170.3420781966291	4.0	4	4
170.4421616738304	4.0	4	4
170.54224515103172	4.0	4	4
170.64232862823303	4.0	4	4
170.74241210543434	4.0	4	4
170.84249558263565	4.0	4	4
170.94257905983696	4.0	4	4
171.04266253703827	4.0	4	4
171.14274601423958	4.0	4	4
171.2428294914409	4.0	4	4
171.3429129686422	4.0	4	4
171.4429964458435	4.0	4	4
171.54307992304481	4.0	4	4
171.64316340024612	4.0	4	4
171.74324687744743	4.0	4	4
171.84333035464874	4.0	4	4
171.94341383185005	4.0	4	4
172.04349730905136	4.0	4	4
172.14358078625267	4.0	4	4
172.24366426345398	4.0	4	4
172.3437477406553	4.0	4	4
172.4438312178566	4.0	4	4
172.5439146950579	4.0	4	4
172.64399817225922	4.0	4	4
172.74408164946053	4.0	4	4
172.84416512666184	4.0	4	4
172.94424860386314	4.0	4	4
173.04433208106445	4.0	4	4
173.14441555826576	4.0	4	4
173.24449903546707	3.0	3	3
173.34458251266838	3.0	3	3
173.4446659898697	3.0	3	3
173.544749467071	3.0	3	3
173.6448329442723	3.0	3	3
173.74491642147362	3.0	3	3
173.84499989867493	3.0	3	3
173.94508337587624	3.0	3	3
174.04516685307755	3.0	3	3
174.14525033027886	3.0	3	3
174.2453338074802	3.0	3	3
174.3454172846815	3.0	3	3
174.4455007618828	3.0	3	3
174.54558423908412	3.0	3	3
174.64566771628543	3.0	3	3
174.74575119348674	3.0	3	3
174.84583467068805	3.0	3	3
174.94591814788936	3.0	3	3
175.04600162509067	3.0	3	3
175.14608510229198	3.0	3	3
175.2461685794933	3.0	3	3
175.3462520566946	3.0	3	3
175.4463355338959	3.0	3	3
175.5464190110972	3.0	3	3
175.64650248829852	3.0	3	3
175.74658596549983	3.0	3	3
175.84666944270114	3.0	3	3
175.94675291990245	4.0	4	4
176.04683639710376	4.0	4	4
176.14691987430507	4.0	4	4
176.24700335150638	4.0	4	4
176.3470868287077	4.0	4	4
176.447170305909	4.0	4	4
176.5472537831103	4.0	4	4
176.64733726031162	4.0	4	4
176.74742073751293	4.0	4	4
176.84750421471423	4.0	4	4
176.94758769191554	4.0	4	4
177.04767116911685	4.0	4	4
177.14775464631816	4.0	4	4
177.24783812351947	4.0	4	4
177.34792160072078	4.0	4	4
177.4480050779221	4.0	4	4
177.5480885551234	4.0	4	4
177.6481720323247	4.0	4	4
177.74825550952602	4.0	4	4
177.84833898672733	4.0	4	4
177.94842246392864	4.0	4	4
178.04850594112995	4.0	4	4
178.14858941833126	4.0	4	4
178.24867289553256	4.0	4	4
178.34875637273387	3.0	3	3
178.44883984993518	3.0	3	3
178.5489233271365	3.0	3	3
178.6490068043378	3.0	3	3
178.7490902815391	3.0	3	3
178.84917375874042	3.0	3	3
178.94925723594173	3.0	3	3
179.04934071314304	3.0	3	3
179.14942419034435	3.0	3	3
179.24950766754566	3.0	3	3
179.34959114474697	3.0	3	3
179.44967462194828	3.0	3	3
179.54975809914959	3.0	3	3
179.6498415763509	3.0	3	3
179.7499250535522	3.0	3	3
179.8500085307535	3.0	3	3
179.95009200795482	3.0	3	3
180.05017548515613	3.0	3	3
180.15025896235744	3.0	3	3
180.25034243955875	3.0	3	3
180.35042591676006	3.0	3	3
180.45050939396137	3.0	3	3
180.55059287116268	3.0	3	3
180.650676348364	3.0	3	3
180.7507598255653	3.0	3	3
180.8508433027666	3.0	3	3
180.95092677996792	3.0	3	3
181.05101025716922	3.0	3	3
181.15109373437056	3.0	3	3
181.25117721157187	3.0	3	3
181.35126068877318	3.0	3	3
181.4513441659745	3.0	3	3
181.5514276431758	3.0	3	3
181.6515111203771	3.0	3	3
181.75159459757842	3.0	3	3
181.85167807477973	3.0	3	3
181.95176155198104	3.0	3	3
182.05184502918235	3.0	3	3
182.15192850638365	3.0	3	3
182.25201198358496	3.0	3	3
182.35209546078627	3.0	3	3
182.45217893798758	3.0	3	3
182.5522624151889	3.0	3	3
182.6523458923902	3.0	3	3
182.7524293695915	3.0	3	3
182.85251284679282	3.0	3	3
182.95259632399413	2.0	2	2
183.05267980119544	2.0	2	2
183.15276327839675	2.0	2	2
183.25284675559806	2.0	2	2
183.35293023279937	2.0	2	2
183.45301371000068	2.0	2	2
183.55309718720198	2.0	2	2
183.6531806644033	2.0	2	2
183.7532641416046	2.0	2	2
183.8533476188059	2.0	2	2
183.95343109600722	2.0	2	2
184.05351457320853	2.0	2	2
184.15359805040984	2.0	2	2
184.25368152761115	2.0	2	2
184.35376500481246	2.0	2	2
184.45384848201377	1.0	1	1
184.55393195921508	1.0	1	1
184.6540154364164	1.0	1	1
184.7540989136177	1.0	1	1
184.854182390819	1.0	1	1
