time	diversity	m_div	M_div
0.0	38.0	38	38
0.100072865994237	38.0	38	38
0.200145731988474	38.0	38	38
0.300218597982711	38.0	38	38
0.400291463976948	38.0	38	38
0.500364329971185	38.0	38	38
0.600437195965422	35.0	35	35
0.7005100619596589	35.0	35	35
0.800582927953896	35.0	35	35
0.900655793948133	35.0	35	35
1.00072865994237	33.0	33	33
1.1008015259366069	33.0	33	33
1.200874391930844	33.0	33	33
1.300947257925081	33.0	33	33
1.4010201239193179	33.0	33	33
1.501092989913555	33.0	33	33
1.601165855907792	33.0	33	33
1.7012387219020288	31.0	31	31
1.801311587896266	31.0	31	31
1.901384453890503	31.0	31	31
2.00145731988474	31.0	31	31
2.101530185878977	31.0	31	31
2.2016030518732137	31.0	31	31
2.301675917867451	31.0	31	31
2.401748783861688	31.0	31	31
2.5018216498559247	32.0	32	32
2.601894515850162	32.0	32	32
2.701967381844399	32.0	32	32
2.8020402478386357	32.0	32	32
2.902113113832873	32.0	32	32
3.00218597982711	32.0	32	32
3.1022588458213467	30.0	30	30
3.202331711815584	30.0	30	30
3.302404577809821	31.0	31	31
3.4024774438040577	31.0	31	31
3.502550309798295	29.0	29	29
3.602623175792532	28.0	28	28
3.7026960417867687	28.0	28	28
3.802768907781006	27.0	27	27
3.902841773775243	27.0	27	27
4.00291463976948	26.0	26	26
4.102987505763717	26.0	26	26
4.203060371757954	26.0	26	26
4.303133237752191	26.0	26	26
4.403206103746427	25.0	25	25
4.5032789697406646	25.0	25	25
4.603351835734902	25.0	25	25
4.703424701729139	23.0	23	23
4.803497567723376	23.0	23	23
4.903570433717613	23.0	23	23
5.003643299711849	19.0	19	19
5.1037161657060865	19.0	19	19
5.203789031700324	17.0	17	17
5.303861897694561	17.0	17	17
5.403934763688798	17.0	17	17
5.504007629683035	17.0	17	17
5.604080495677271	14.0	14	14
5.7041533616715085	14.0	14	14
5.804226227665746	14.0	14	14
5.904299093659983	14.0	14	14
6.00437195965422	14.0	14	14
6.104444825648457	14.0	14	14
6.204517691642693	14.0	14	14
6.3045905576369305	14.0	14	14
6.404663423631168	14.0	14	14
6.504736289625405	14.0	14	14
6.604809155619642	14.0	14	14
6.704882021613878	14.0	14	14
6.804954887608115	12.0	12	12
6.9050277536023525	3.0	3	3
7.00510061959659	3.0	3	3
7.105173485590827	3.0	3	3
7.205246351585064	3.0	3	3
7.3053192175793	3.0	3	3
7.405392083573537	3.0	3	3
7.5054649495677745	3.0	3	3
7.605537815562012	3.0	3	3
7.705610681556249	3.0	3	3
7.805683547550486	3.0	3	3
7.905756413544722	3.0	3	3
8.00582927953896	3.0	3	3
8.105902145533197	3.0	3	3
8.205975011527434	3.0	3	3
8.30604787752167	3.0	3	3
8.406120743515908	3.0	3	3
8.506193609510145	3.0	3	3
8.606266475504382	3.0	3	3
8.70633934149862	3.0	3	3
8.806412207492855	3.0	3	3
8.906485073487092	3.0	3	3
9.006557939481329	3.0	3	3
9.106630805475566	3.0	3	3
9.206703671469803	3.0	3	3
9.30677653746404	3.0	3	3
9.406849403458278	3.0	3	3
9.506922269452515	3.0	3	3
9.606995135446752	3.0	3	3
9.70706800144099	3.0	3	3
9.807140867435226	3.0	3	3
9.907213733429462	3.0	3	3
10.007286599423699	3.0	3	3
10.107359465417936	3.0	3	3
10.207432331412173	3.0	3	3
10.30750519740641	3.0	3	3
10.407578063400647	3.0	3	3
10.507650929394885	3.0	3	3
10.607723795389122	3.0	3	3
10.707796661383359	3.0	3	3
10.807869527377596	3.0	3	3
10.907942393371833	3.0	3	3
11.00801525936607	3.0	3	3
11.108088125360306	3.0	3	3
11.208160991354543	3.0	3	3
11.30823385734878	3.0	3	3
11.408306723343017	3.0	3	3
11.508379589337254	3.0	3	3
11.608452455331491	3.0	3	3
11.708525321325729	3.0	3	3
11.808598187319966	3.0	3	3
11.908671053314203	3.0	3	3
12.00874391930844	3.0	3	3
12.108816785302677	3.0	3	3
12.208889651296914	3.0	3	3
12.30896251729115	3.0	3	3
12.409035383285387	3.0	3	3
12.509108249279624	3.0	3	3
12.609181115273861	3.0	3	3
12.709253981268098	3.0	3	3
12.809326847262335	3.0	3	3
12.909399713256573	3.0	3	3
13.00947257925081	3.0	3	3
13.109545445245047	3.0	3	3
13.209618311239284	3.0	3	3
13.309691177233521	4.0	4	4
13.409764043227757	4.0	4	4
13.509836909221994	4.0	4	4
13.60990977521623	4.0	4	4
13.709982641210468	4.0	4	4
13.810055507204705	4.0	4	4
13.910128373198942	4.0	4	4
14.01020123919318	4.0	4	4
14.110274105187417	4.0	4	4
14.210346971181654	4.0	4	4
14.31041983717589	4.0	4	4
14.410492703170128	4.0	4	4
14.510565569164365	4.0	4	4
14.6106384351586	4.0	4	4
14.710711301152838	4.0	4	4
14.810784167147075	4.0	4	4
14.910857033141312	4.0	4	4
15.010929899135549	4.0	4	4
15.111002765129786	4.0	4	4
15.211075631124023	4.0	4	4
15.31114849711826	4.0	4	4
15.411221363112498	4.0	4	4
15.511294229106735	4.0	4	4
15.611367095100972	4.0	4	4
15.71143996109521	4.0	4	4
15.811512827089444	4.0	4	4
15.911585693083682	4.0	4	4
16.01165855907792	4.0	4	4
16.111731425072158	4.0	4	4
16.211804291066393	4.0	4	4
16.31187715706063	4.0	4	4
16.411950023054867	4.0	4	4
16.512022889049103	4.0	4	4
16.61209575504334	4.0	4	4
16.712168621037577	4.0	4	4
16.812241487031816	4.0	4	4
16.91231435302605	4.0	4	4
17.01238721902029	4.0	4	4
17.112460085014526	4.0	4	4
17.212532951008765	5.0	5	5
17.312605817003	5.0	5	5
17.41267868299724	5.0	5	5
17.512751548991474	5.0	5	5
17.61282441498571	5.0	5	5
17.71289728097995	5.0	5	5
17.812970146974184	5.0	5	5
17.913043012968423	5.0	5	5
18.013115878962658	5.0	5	5
18.113188744956897	5.0	5	5
18.213261610951132	5.0	5	5
18.31333447694537	5.0	5	5
18.413407342939607	5.0	5	5
18.513480208933846	5.0	5	5
18.61355307492808	5.0	5	5
18.713625940922316	5.0	5	5
18.813698806916555	5.0	5	5
18.91377167291079	5.0	5	5
19.01384453890503	5.0	5	5
19.113917404899265	5.0	5	5
19.213990270893504	5.0	5	5
19.31406313688774	5.0	5	5
19.41413600288198	5.0	5	5
19.514208868876214	5.0	5	5
19.614281734870453	5.0	5	5
19.714354600864688	5.0	5	5
19.814427466858923	5.0	5	5
19.914500332853162	5.0	5	5
20.014573198847398	5.0	5	5
20.114646064841637	5.0	5	5
20.214718930835872	5.0	5	5
20.31479179683011	5.0	5	5
20.414864662824346	5.0	5	5
20.514937528818585	5.0	5	5
20.61501039481282	5.0	5	5
20.71508326080706	5.0	5	5
20.815156126801295	5.0	5	5
20.915228992795534	5.0	5	5
21.01530185878977	4.0	4	4
21.115374724784004	4.0	4	4
21.215447590778243	4.0	4	4
21.31552045677248	4.0	4	4
21.415593322766718	4.0	4	4
21.515666188760953	3.0	3	3
21.615739054755192	3.0	3	3
21.715811920749427	3.0	3	3
21.815884786743666	3.0	3	3
21.9159576527379	3.0	3	3
22.01603051873214	3.0	3	3
22.116103384726376	2.0	2	2
22.21617625072061	2.0	2	2
22.31624911671485	2.0	2	2
22.416321982709086	2.0	2	2
22.516394848703325	2.0	2	2
22.61646771469756	2.0	2	2
22.7165405806918	2.0	2	2
22.816613446686034	2.0	2	2
22.916686312680273	2.0	2	2
23.01675917867451	2.0	2	2
23.116832044668747	2.0	2	2
23.216904910662983	2.0	2	2
23.316977776657218	1.0	1	1
23.417050642651457	1.0	1	1
23.517123508645692	1.0	1	1
23.61719637463993	1.0	1	1
23.717269240634167	1.0	1	1
23.817342106628406	1.0	1	1
23.91741497262264	1.0	1	1
24.01748783861688	1.0	1	1
24.117560704611115	1.0	1	1
24.217633570605354	1.0	1	1
24.31770643659959	1.0	1	1
24.41777930259383	1.0	1	1
24.517852168588064	1.0	1	1
24.6179250345823	1.0	1	1
24.71799790057654	1.0	1	1
24.818070766570774	1.0	1	1
24.918143632565013	1.0	1	1
25.018216498559248	1.0	1	1
25.118289364553487	1.0	1	1
25.218362230547722	1.0	1	1
25.31843509654196	1.0	1	1
25.418507962536196	1.0	1	1
25.518580828530435	1.0	1	1
25.61865369452467	1.0	1	1
25.718726560518906	1.0	1	1
25.818799426513145	1.0	1	1
25.91887229250738	1.0	1	1
26.01894515850162	1.0	1	1
26.119018024495855	1.0	1	1
26.219090890490094	1.0	1	1
26.31916375648433	1.0	1	1
26.419236622478568	1.0	1	1
26.519309488472803	1.0	1	1
26.619382354467042	1.0	1	1
26.719455220461278	1.0	1	1
26.819528086455513	1.0	1	1
26.919600952449752	1.0	1	1
27.019673818443987	1.0	1	1
27.119746684438226	1.0	1	1
27.21981955043246	1.0	1	1
27.3198924164267	1.0	1	1
27.419965282420936	1.0	1	1
27.520038148415175	1.0	1	1
27.62011101440941	1.0	1	1
27.72018388040365	1.0	1	1
27.820256746397884	1.0	1	1
27.920329612392123	1.0	1	1
28.02040247838636	1.0	1	1
28.120475344380594	1.0	1	1
28.220548210374833	1.0	1	1
28.32062107636907	1.0	1	1
28.420693942363307	1.0	1	1
28.520766808357543	1.0	1	1
28.62083967435178	1.0	1	1
28.720912540346017	1.0	1	1
28.820985406340256	1.0	1	1
28.92105827233449	1.0	1	1
29.02113113832873	1.0	1	1
29.121204004322966	1.0	1	1
29.2212768703172	1.0	1	1
29.32134973631144	1.0	1	1
29.421422602305675	1.0	1	1
29.521495468299914	1.0	1	1
29.62156833429415	1.0	1	1
29.72164120028839	1.0	1	1
29.821714066282624	1.0	1	1
29.921786932276863	1.0	1	1
30.021859798271098	2.0	2	2
30.121932664265337	2.0	2	2
30.222005530259572	2.0	2	2
30.322078396253808	2.0	2	2
30.422151262248047	2.0	2	2
30.522224128242282	2.0	2	2
30.62229699423652	2.0	2	2
30.722369860230756	2.0	2	2
30.822442726224995	2.0	2	2
30.92251559221923	2.0	2	2
31.02258845821347	2.0	2	2
31.122661324207705	2.0	2	2
31.222734190201944	2.0	2	2
31.32280705619618	2.0	2	2
31.42287992219042	2.0	2	2
31.522952788184654	2.0	2	2
31.62302565417889	2.0	2	2
31.723098520173128	2.0	2	2
31.823171386167363	1.0	1	1
31.923244252161602	1.0	1	1
32.02331711815584	1.0	1	1
32.12338998415007	1.0	1	1
32.223462850144315	1.0	1	1
32.32353571613855	1.0	1	1
32.423608582132786	1.0	1	1
32.52368144812702	1.0	1	1
32.62375431412126	1.0	1	1
32.7238271801155	1.0	1	1
32.823900046109735	1.0	1	1
32.92397291210397	1.0	1	1
33.024045778098206	1.0	1	1
33.12411864409245	1.0	1	1
33.22419151008668	1.0	1	1
33.32426437608092	1.0	1	1
33.424337242075154	1.0	1	1
33.5244101080694	1.0	1	1
33.62448297406363	1.0	1	1
33.72455584005787	1.0	1	1
33.8246287060521	1.0	1	1
33.92470157204634	1.0	1	1
34.02477443804058	1.0	1	1
34.124847304034816	1.0	1	1
34.22492017002905	1.0	1	1
34.32499303602329	1.0	1	1
34.42506590201753	1.0	1	1
34.525138768011765	1.0	1	1
34.625211634006	1.0	1	1
34.725284500000235	1.0	1	1
34.82535736599448	1.0	1	1
34.92543023198871	1.0	1	1
35.02550309798295	1.0	1	1
35.125575963977184	1.0	1	1
35.22564882997142	1.0	1	1
35.32572169596566	1.0	1	1
35.4257945619599	1.0	1	1
35.52586742795413	1.0	1	1
35.62594029394837	1.0	1	1
35.72601315994261	1.0	1	1
35.826086025936846	1.0	1	1
35.92615889193108	1.0	1	1
36.026231757925316	1.0	1	1
36.12630462391955	1.0	1	1
36.226377489913794	1.0	1	1
36.32645035590803	1.0	1	1
36.426523221902265	1.0	1	1
36.5265960878965	1.0	1	1
36.62666895389074	1.0	1	1
36.72674181988498	1.0	1	1
36.826814685879214	1.0	1	1
36.92688755187345	1.0	1	1
37.02696041786769	1.0	1	1
37.12703328386193	1.0	1	1
37.22710614985616	2.0	2	2
37.3271790158504	2.0	2	2
37.42725188184463	2.0	2	2
37.527324747838875	2.0	2	2
37.62739761383311	2.0	2	2
37.727470479827346	2.0	2	2
37.82754334582158	3.0	3	3
37.927616211815824	3.0	3	3
38.02768907781006	3.0	3	3
38.127761943804295	3.0	3	3
38.22783480979853	3.0	3	3
38.32790767579277	3.0	3	3
38.42798054178701	4.0	4	4
38.52805340778124	5.0	5	5
38.62812627377548	6.0	6	6
38.728199139769714	6.0	6	6
38.82827200576396	6.0	6	6
38.92834487175819	6.0	6	6
39.02841773775243	6.0	6	6
39.12849060374666	6.0	6	6
39.228563469740905	6.0	6	6
39.32863633573514	7.0	7	7
39.428709201729376	8.0	8	8
39.52878206772361	8.0	8	8
39.62885493371785	8.0	8	8
39.72892779971209	8.0	8	8
39.829000665706324	8.0	8	8
39.92907353170056	9.0	9	9
40.029146397694795	10.0	10	10
40.12921926368904	10.0	10	10
40.22929212968327	10.0	10	10
40.32936499567751	10.0	10	10
40.429437861671744	11.0	11	11
40.529510727665986	11.0	11	11
40.62958359366022	11.0	11	11
40.72965645965446	11.0	11	11
40.82972932564869	11.0	11	11
40.92980219164293	11.0	11	11
41.02987505763717	11.0	11	11
41.129947923631406	11.0	11	11
41.23002078962564	11.0	11	11
41.330093655619876	11.0	11	11
41.43016652161412	11.0	11	11
41.530239387608354	11.0	11	11
41.63031225360259	11.0	11	11
41.730385119596825	11.0	11	11
41.83045798559107	11.0	11	11
41.9305308515853	11.0	11	11
42.03060371757954	11.0	11	11
42.13067658357377	12.0	12	12
42.23074944956801	12.0	12	12
42.33082231556225	12.0	12	12
42.43089518155649	12.0	12	12
42.53096804755072	12.0	12	12
42.63104091354496	12.0	12	12
42.7311137795392	12.0	12	12
42.831186645533435	12.0	12	12
42.93125951152767	12.0	12	12
43.031332377521906	12.0	12	12
43.13140524351614	12.0	12	12
43.231478109510384	12.0	12	12
43.33155097550462	12.0	12	12
43.431623841498855	12.0	12	12
43.53169670749309	11.0	11	11
43.63176957348733	11.0	11	11
43.73184243948157	11.0	11	11
43.8319153054758	11.0	11	11
43.93198817147004	11.0	11	11
44.03206103746428	11.0	11	11
44.13213390345852	11.0	11	11
44.23220676945275	11.0	11	11
44.33227963544699	11.0	11	11
44.43235250144122	11.0	11	11
44.532425367435465	11.0	11	11
44.6324982334297	11.0	11	11
44.732571099423936	11.0	11	11
44.83264396541817	11.0	11	11
44.932716831412414	11.0	11	11
45.03278969740665	11.0	11	11
45.132862563400884	11.0	11	11
45.23293542939512	11.0	11	11
45.33300829538936	11.0	11	11
45.4330811613836	11.0	11	11
45.53315402737783	11.0	11	11
45.63322689337207	11.0	11	11
45.733299759366304	10.0	10	10
45.833372625360546	10.0	10	10
45.93344549135478	10.0	10	10
46.03351835734902	10.0	10	10
46.13359122334325	10.0	10	10
46.233664089337495	10.0	10	10
46.33373695533173	11.0	11	11
46.433809821325966	11.0	11	11
46.5338826873202	11.0	11	11
46.633955553314436	11.0	11	11
46.73402841930868	11.0	11	11
46.834101285302914	11.0	11	11
46.93417415129715	11.0	11	11
47.034247017291385	12.0	12	12
47.13431988328563	12.0	12	12
47.23439274927986	14.0	14	14
47.3344656152741	14.0	14	14
47.43453848126833	14.0	14	14
47.534611347262576	14.0	14	14
47.63468421325681	13.0	13	13
47.73475707925105	13.0	13	13
47.83482994524528	13.0	13	13
47.93490281123952	13.0	13	13
48.03497567723376	14.0	14	14
48.135048543227995	14.0	14	14
48.23512140922223	14.0	14	14
48.335194275216466	14.0	14	14
48.43526714121071	14.0	14	14
48.535340007204944	14.0	14	14
48.63541287319918	14.0	14	14
48.735485739193415	14.0	14	14
48.83555860518766	14.0	14	14
48.93563147118189	14.0	14	14
49.03570433717613	14.0	14	14
49.13577720317036	14.0	14	14
49.2358500691646	14.0	14	14
49.33592293515884	14.0	14	14
49.43599580115308	14.0	14	14
49.53606866714731	14.0	14	14
49.63614153314155	14.0	14	14
49.73621439913579	14.0	14	14
49.836287265130025	14.0	14	14
49.93636013112426	13.0	13	13
50.036432997118496	13.0	13	13
50.13650586311273	13.0	13	13
50.236578729106974	13.0	13	13
50.33665159510121	13.0	13	13
50.436724461095444	13.0	13	13
50.53679732708968	13.0	13	13
50.63687019308392	13.0	13	13
50.73694305907816	13.0	13	13
50.83701592507239	13.0	13	13
50.93708879106663	13.0	13	13
51.03716165706087	12.0	12	12
51.137234523055106	12.0	12	12
51.23730738904934	12.0	12	12
51.33738025504358	12.0	12	12
51.43745312103781	12.0	12	12
51.537525987032055	13.0	13	13
51.63759885302629	14.0	14	14
51.737671719020526	14.0	14	14
51.83774458501476	14.0	14	14
51.937817451009	14.0	14	14
52.03789031700324	14.0	14	14
52.137963182997474	14.0	14	14
52.23803604899171	14.0	14	14
52.33810891498595	14.0	14	14
52.43818178098019	15.0	15	15
52.53825464697442	15.0	15	15
52.63832751296866	15.0	15	15
52.73840037896289	15.0	15	15
52.838473244957136	15.0	15	15
52.93854611095137	15.0	15	15
53.03861897694561	15.0	15	15
53.13869184293984	15.0	15	15
53.238764708934085	15.0	15	15
53.33883757492832	14.0	14	14
53.438910440922555	13.0	13	13
53.53898330691679	12.0	12	12
53.639056172911026	12.0	12	12
53.73912903890527	12.0	12	12
53.839201904899504	12.0	12	12
53.93927477089374	12.0	12	12
54.039347636887975	11.0	11	11
54.13942050288222	11.0	11	11
54.23949336887645	11.0	11	11
54.33956623487069	11.0	11	11
54.43963910086492	11.0	11	11
54.539711966859166	11.0	11	11
54.6397848328534	11.0	11	11
54.739857698847636	11.0	11	11
54.83993056484187	11.0	11	11
54.94000343083611	11.0	11	11
55.04007629683035	11.0	11	11
55.140149162824585	11.0	11	11
55.24022202881882	12.0	12	12
55.340294894813056	10.0	10	10
55.4403677608073	10.0	10	10
55.540440626801534	10.0	10	10
55.64051349279577	12.0	12	12
55.740586358790004	15.0	15	15
55.84065922478425	14.0	14	14
55.94073209077848	13.0	13	13
56.04080495677272	13.0	13	13
56.14087782276695	12.0	12	12
56.24095068876119	12.0	12	12
56.34102355475543	11.0	11	11
56.441096420749666	11.0	11	11
56.5411692867439	11.0	11	11
56.64124215273814	11.0	11	11
56.74131501873238	11.0	11	11
56.841387884726615	10.0	10	10
56.94146075072085	9.0	9	9
57.041533616715085	7.0	7	7
57.14160648270932	5.0	5	5
57.24167934870356	5.0	5	5
57.3417522146978	5.0	5	5
57.441825080692034	5.0	5	5
57.54189794668627	5.0	5	5
57.64197081268051	5.0	5	5
57.74204367867475	5.0	5	5
57.84211654466898	5.0	5	5
57.94218941066322	5.0	5	5
58.04226227665746	6.0	6	6
58.142335142651696	6.0	6	6
58.24240800864593	8.0	8	8
58.34248087464017	8.0	8	8
58.4425537406344	8.0	8	8
58.542626606628644	8.0	8	8
58.64269947262288	8.0	8	8
58.742772338617115	8.0	8	8
58.84284520461135	8.0	8	8
58.94291807060559	7.0	7	7
59.04299093659983	7.0	7	7
59.143063802594064	6.0	6	6
59.2431366685883	7.0	7	7
59.34320953458254	5.0	5	5
59.44328240057678	5.0	5	5
59.54335526657101	5.0	5	5
59.64342813256525	5.0	5	5
59.74350099855948	5.0	5	5
59.843573864553726	5.0	5	5
59.94364673054796	6.0	6	6
60.043719596542196	5.0	5	5
60.14379246253643	5.0	5	5
60.243865328530674	4.0	4	4
60.34393819452491	4.0	4	4
60.444011060519145	4.0	4	4
60.54408392651338	4.0	4	4
60.644156792507616	4.0	4	4
60.74422965850186	4.0	4	4
60.844302524496094	4.0	4	4
60.94437539049033	4.0	4	4
61.044448256484564	4.0	4	4
61.14452112247881	4.0	4	4
61.24459398847304	4.0	4	4
61.34466685446728	6.0	6	6
61.44473972046151	6.0	6	6
61.544812586455755	7.0	7	7
61.64488545244999	7.0	7	7
61.744958318444226	7.0	7	7
61.84503118443846	7.0	7	7
61.9451040504327	7.0	7	7
62.04517691642694	7.0	7	7
62.145249782421175	7.0	7	7
62.24532264841541	7.0	7	7
62.345395514409645	7.0	7	7
62.44546838040389	7.0	7	7
62.54554124639812	7.0	7	7
62.64561411239236	7.0	7	7
62.745686978386594	7.0	7	7
62.84575984438084	7.0	7	7
62.94583271037507	7.0	7	7
63.04590557636931	7.0	7	7
63.14597844236354	7.0	7	7
63.24605130835778	7.0	7	7
63.34612417435202	7.0	7	7
63.446197040346256	7.0	7	7
63.54626990634049	7.0	7	7
63.64634277233473	7.0	7	7
63.74641563832897	7.0	7	7
63.846488504323204	7.0	7	7
63.94656137031744	7.0	7	7
64.04663423631168	7.0	7	7
64.14670710230591	7.0	7	7
64.24677996830015	6.0	6	6
64.34685283429438	6.0	6	6
64.44692570028863	6.0	6	6
64.54699856628287	6.0	6	6
64.6470714322771	5.0	5	5
64.74714429827134	5.0	5	5
64.84721716426557	6.0	6	6
64.94729003025981	6.0	6	6
65.04736289625404	6.0	6	6
65.14743576224828	6.0	6	6
65.24750862824251	6.0	6	6
65.34758149423676	6.0	6	6
65.447654360231	6.0	6	6
65.54772722622523	7.0	7	7
65.64780009221947	11.0	11	11
65.7478729582137	13.0	13	13
65.84794582420794	14.0	14	14
65.94801869020218	15.0	15	15
66.04809155619641	16.0	16	16
66.14816442219066	16.0	16	16
66.2482372881849	16.0	16	16
66.34831015417913	17.0	17	17
66.44838302017337	17.0	17	17
66.5484558861676	17.0	17	17
66.64852875216184	17.0	17	17
66.74860161815607	17.0	17	17
66.84867448415031	16.0	16	16
66.94874735014454	15.0	15	15
67.0488202161388	15.0	15	15
67.14889308213303	15.0	15	15
67.24896594812726	15.0	15	15
67.3490388141215	16.0	16	16
67.44911168011573	17.0	17	17
67.54918454610997	17.0	17	17
67.6492574121042	17.0	17	17
67.74933027809844	17.0	17	17
67.84940314409268	18.0	18	18
67.94947601008693	18.0	18	18
68.04954887608116	17.0	17	17
68.1496217420754	17.0	17	17
68.24969460806963	17.0	17	17
68.34976747406387	17.0	17	17
68.4498403400581	17.0	17	17
68.54991320605234	17.0	17	17
68.64998607204657	17.0	17	17
68.75005893804081	17.0	17	17
68.85013180403506	17.0	17	17
68.9502046700293	17.0	17	17
69.05027753602353	16.0	16	16
69.15035040201776	16.0	16	16
69.250423268012	16.0	16	16
69.35049613400624	17.0	17	17
69.45056900000047	18.0	18	18
69.5506418659947	18.0	18	18
69.65071473198896	18.0	18	18
69.75078759798319	18.0	18	18
69.85086046397743	19.0	19	19
69.95093332997166	20.0	20	20
70.0510061959659	21.0	21	21
70.15107906196013	20.0	20	20
70.25115192795437	20.0	20	20
70.3512247939486	20.0	20	20
70.45129765994284	20.0	20	20
70.55137052593709	21.0	21	21
70.65144339193132	23.0	23	23
70.75151625792556	22.0	22	22
70.8515891239198	22.0	22	22
70.95166198991403	21.0	21	21
71.05173485590826	19.0	19	19
71.1518077219025	19.0	19	19
71.25188058789674	18.0	18	18
71.35195345389097	18.0	18	18
71.45202631988522	16.0	16	16
71.55209918587946	15.0	15	15
71.65217205187369	15.0	15	15
71.75224491786793	15.0	15	15
71.85231778386216	14.0	14	14
71.9523906498564	14.0	14	14
72.05246351585063	14.0	14	14
72.15253638184487	14.0	14	14
72.2526092478391	13.0	13	13
72.35268211383335	14.0	14	14
72.45275497982759	15.0	15	15
72.55282784582182	15.0	15	15
72.65290071181606	15.0	15	15
72.7529735778103	15.0	15	15
72.85304644380453	15.0	15	15
72.95311930979877	15.0	15	15
73.053192175793	15.0	15	15
73.15326504178725	15.0	15	15
73.25333790778149	14.0	14	14
73.35341077377572	15.0	15	15
73.45348363976996	15.0	15	15
73.55355650576419	15.0	15	15
73.65362937175843	15.0	15	15
73.75370223775266	15.0	15	15
73.8537751037469	15.0	15	15
73.95384796974113	16.0	16	16
74.05392083573538	15.0	15	15
74.15399370172962	15.0	15	15
74.25406656772385	15.0	15	15
74.35413943371809	15.0	15	15
74.45421229971232	15.0	15	15
74.55428516570656	14.0	14	14
74.6543580317008	14.0	14	14
74.75443089769503	14.0	14	14
74.85450376368927	14.0	14	14
74.95457662968352	14.0	14	14
75.05464949567775	14.0	14	14
75.15472236167199	14.0	14	14
75.25479522766622	14.0	14	14
75.35486809366046	14.0	14	14
75.45494095965469	14.0	14	14
75.55501382564893	14.0	14	14
75.65508669164316	14.0	14	14
75.7551595576374	13.0	13	13
75.85523242363165	13.0	13	13
75.95530528962588	13.0	13	13
76.05537815562012	13.0	13	13
76.15545102161435	13.0	13	13
76.25552388760859	13.0	13	13
76.35559675360282	13.0	13	13
76.45566961959706	13.0	13	13
76.5557424855913	13.0	13	13
76.65581535158555	13.0	13	13
76.75588821757978	13.0	13	13
76.85596108357402	13.0	13	13
76.95603394956825	14.0	14	14
77.05610681556249	14.0	14	14
77.15617968155672	13.0	13	13
77.25625254755096	13.0	13	13
77.35632541354519	13.0	13	13
77.45639827953943	13.0	13	13
77.55647114553368	12.0	12	12
77.65654401152791	12.0	12	12
77.75661687752215	12.0	12	12
77.85668974351638	12.0	12	12
77.95676260951062	12.0	12	12
78.05683547550485	12.0	12	12
78.15690834149909	12.0	12	12
78.25698120749333	12.0	12	12
78.35705407348756	12.0	12	12
78.45712693948181	12.0	12	12
78.55719980547605	12.0	12	12
78.65727267147028	11.0	11	11
78.75734553746452	11.0	11	11
78.85741840345875	11.0	11	11
78.95749126945299	11.0	11	11
79.05756413544722	11.0	11	11
79.15763700144146	11.0	11	11
79.2577098674357	11.0	11	11
79.35778273342994	11.0	11	11
79.45785559942418	11.0	11	11
79.55792846541841	11.0	11	11
79.65800133141265	11.0	11	11
79.75807419740688	11.0	11	11
79.85814706340112	11.0	11	11
79.95821992939536	11.0	11	11
80.05829279538959	11.0	11	11
80.15836566138384	11.0	11	11
80.25843852737808	10.0	10	10
80.35851139337231	10.0	10	10
80.45858425936655	10.0	10	10
80.55865712536078	11.0	11	11
80.65872999135502	11.0	11	11
80.75880285734925	11.0	11	11
80.85887572334349	11.0	11	11
80.95894858933772	11.0	11	11
81.05902145533197	11.0	11	11
81.15909432132621	11.0	11	11
81.25916718732044	12.0	12	12
81.35924005331468	12.0	12	12
81.45931291930891	12.0	12	12
81.55938578530315	12.0	12	12
81.65945865129738	12.0	12	12
81.75953151729162	12.0	12	12
81.85960438328586	11.0	11	11
81.9596772492801	11.0	11	11
82.05975011527434	11.0	11	11
82.15982298126858	11.0	11	11
82.25989584726281	11.0	11	11
82.35996871325705	11.0	11	11
82.46004157925128	11.0	11	11
82.56011444524552	11.0	11	11
82.66018731123975	10.0	10	10
82.76026017723399	10.0	10	10
82.86033304322824	10.0	10	10
82.96040590922247	9.0	9	9
83.06047877521671	9.0	9	9
83.16055164121094	9.0	9	9
83.26062450720518	9.0	9	9
83.36069737319941	9.0	9	9
83.46077023919365	10.0	10	10
83.56084310518789	11.0	11	11
83.66091597118213	11.0	11	11
83.76098883717637	11.0	11	11
83.8610617031706	11.0	11	11
83.96113456916484	11.0	11	11
84.06120743515908	10.0	10	10
84.16128030115331	11.0	11	11
84.26135316714755	11.0	11	11
84.36142603314178	10.0	10	10
84.46149889913602	10.0	10	10
84.56157176513027	10.0	10	10
84.6616446311245	10.0	10	10
84.76171749711874	10.0	10	10
84.86179036311297	10.0	10	10
84.96186322910721	11.0	11	11
85.06193609510144	10.0	10	10
85.16200896109568	10.0	10	10
85.26208182708992	10.0	10	10
85.36215469308415	10.0	10	10
85.4622275590784	10.0	10	10
85.56230042507264	10.0	10	10
85.66237329106687	10.0	10	10
85.7624461570611	10.0	10	10
85.86251902305534	11.0	11	11
85.96259188904958	11.0	11	11
86.06266475504381	11.0	11	11
86.16273762103805	11.0	11	11
86.26281048703228	10.0	10	10
86.36288335302653	9.0	9	9
86.46295621902077	8.0	8	8
86.563029085015	8.0	8	8
86.66310195100924	7.0	7	7
86.76317481700347	7.0	7	7
86.86324768299771	7.0	7	7
86.96332054899194	7.0	7	7
87.06339341498618	7.0	7	7
87.16346628098043	6.0	6	6
87.26353914697467	6.0	6	6
87.3636120129689	6.0	6	6
87.46368487896314	6.0	6	6
87.56375774495737	6.0	6	6
87.6638306109516	6.0	6	6
87.76390347694584	6.0	6	6
87.86397634294008	6.0	6	6
87.96404920893431	6.0	6	6
88.06412207492856	6.0	6	6
88.1641949409228	6.0	6	6
88.26426780691703	6.0	6	6
88.36434067291127	6.0	6	6
88.4644135389055	6.0	6	6
88.56448640489974	6.0	6	6
88.66455927089397	6.0	6	6
88.76463213688821	6.0	6	6
88.86470500288245	6.0	6	6
88.9647778688767	6.0	6	6
89.06485073487093	6.0	6	6
89.16492360086517	6.0	6	6
89.2649964668594	6.0	6	6
89.36506933285364	5.0	5	5
89.46514219884787	5.0	5	5
89.5652150648421	5.0	5	5
89.66528793083634	5.0	5	5
89.76536079683058	8.0	8	8
89.86543366282483	8.0	8	8
89.96550652881906	8.0	8	8
90.0655793948133	8.0	8	8
90.16565226080753	8.0	8	8
90.26572512680177	8.0	8	8
90.365797992796	8.0	8	8
90.46587085879024	7.0	7	7
90.56594372478447	7.0	7	7
90.66601659077872	6.0	6	6
90.76608945677296	6.0	6	6
90.8661623227672	6.0	6	6
90.96623518876143	5.0	5	5
91.06630805475567	5.0	5	5
91.1663809207499	5.0	5	5
91.26645378674414	5.0	5	5
91.36652665273837	5.0	5	5
91.46659951873261	5.0	5	5
91.56667238472686	6.0	6	6
91.66674525072109	6.0	6	6
91.76681811671533	6.0	6	6
91.86689098270956	6.0	6	6
91.9669638487038	6.0	6	6
92.06703671469803	6.0	6	6
92.16710958069227	6.0	6	6
92.2671824466865	6.0	6	6
92.36725531268074	6.0	6	6
92.46732817867499	6.0	6	6
92.56740104466923	7.0	7	7
92.66747391066346	7.0	7	7
92.7675467766577	7.0	7	7
92.86761964265193	7.0	7	7
92.96769250864617	7.0	7	7
93.0677653746404	7.0	7	7
93.16783824063464	7.0	7	7
93.26791110662887	7.0	7	7
93.36798397262312	7.0	7	7
93.46805683861736	7.0	7	7
93.5681297046116	7.0	7	7
93.66820257060583	6.0	6	6
93.76827543660006	5.0	5	5
93.8683483025943	5.0	5	5
93.96842116858853	5.0	5	5
94.06849403458277	5.0	5	5
94.16856690057702	5.0	5	5
94.26863976657125	6.0	6	6
94.36871263256549	6.0	6	6
94.46878549855973	6.0	6	6
94.56885836455396	7.0	7	7
94.6689312305482	6.0	6	6
94.76900409654243	5.0	5	5
94.86907696253667	5.0	5	5
94.9691498285309	5.0	5	5
95.06922269452515	5.0	5	5
95.16929556051939	5.0	5	5
95.26936842651362	6.0	6	6
95.36944129250786	6.0	6	6
95.4695141585021	6.0	6	6
95.56958702449633	6.0	6	6
95.66965989049056	6.0	6	6
95.7697327564848	5.0	5	5
95.86980562247903	5.0	5	5
95.96987848847328	5.0	5	5
96.06995135446752	6.0	6	6
96.17002422046176	6.0	6	6
96.27009708645599	5.0	5	5
96.37016995245023	5.0	5	5
96.47024281844446	5.0	5	5
96.5703156844387	6.0	6	6
96.67038855043293	6.0	6	6
96.77046141642717	6.0	6	6
96.87053428242142	6.0	6	6
96.97060714841565	6.0	6	6
97.07068001440989	6.0	6	6
97.17075288040412	6.0	6	6
97.27082574639836	5.0	5	5
97.3708986123926	5.0	5	5
97.47097147838683	6.0	6	6
97.57104434438106	6.0	6	6
97.67111721037531	5.0	5	5
97.77119007636955	5.0	5	5
97.87126294236378	5.0	5	5
97.97133580835802	5.0	5	5
98.07140867435226	6.0	6	6
98.17148154034649	6.0	6	6
98.27155440634073	6.0	6	6
98.37162727233496	6.0	6	6
98.4717001383292	6.0	6	6
98.57177300432345	6.0	6	6
98.67184587031768	6.0	6	6
98.77191873631192	5.0	5	5
98.87199160230615	5.0	5	5
98.97206446830039	5.0	5	5
99.07213733429462	4.0	4	4
99.17221020028886	4.0	4	4
99.2722830662831	4.0	4	4
99.37235593227733	4.0	4	4
99.47242879827158	4.0	4	4
99.57250166426581	4.0	4	4
99.67257453026005	4.0	4	4
99.77264739625429	4.0	4	4
99.87272026224852	4.0	4	4
99.97279312824276	4.0	4	4
100.07286599423699	4.0	4	4
100.17293886023123	4.0	4	4
100.27301172622546	4.0	4	4
100.37308459221971	4.0	4	4
100.47315745821395	4.0	4	4
100.57323032420818	4.0	4	4
100.67330319020242	4.0	4	4
100.77337605619665	4.0	4	4
100.87344892219089	4.0	4	4
100.97352178818512	4.0	4	4
101.07359465417936	5.0	5	5
101.17366752017361	5.0	5	5
101.27374038616784	5.0	5	5
101.37381325216208	5.0	5	5
101.47388611815632	5.0	5	5
101.57395898415055	5.0	5	5
101.67403185014479	4.0	4	4
101.77410471613902	4.0	4	4
101.87417758213326	4.0	4	4
101.97425044812749	4.0	4	4
102.07432331412174	4.0	4	4
102.17439618011598	4.0	4	4
102.27446904611021	4.0	4	4
102.37454191210445	4.0	4	4
102.47461477809868	4.0	4	4
102.57468764409292	4.0	4	4
102.67476051008715	4.0	4	4
102.77483337608139	4.0	4	4
102.87490624207562	4.0	4	4
102.97497910806987	4.0	4	4
103.07505197406411	4.0	4	4
103.17512484005834	4.0	4	4
103.27519770605258	4.0	4	4
103.37527057204682	4.0	4	4
103.47534343804105	4.0	4	4
103.57541630403529	4.0	4	4
103.67548917002952	4.0	4	4
103.77556203602376	4.0	4	4
103.875634902018	4.0	4	4
103.97570776801224	4.0	4	4
104.07578063400648	4.0	4	4
104.17585350000071	4.0	4	4
104.27592636599495	4.0	4	4
104.37599923198918	4.0	4	4
104.47607209798342	4.0	4	4
104.57614496397765	4.0	4	4
104.6762178299719	4.0	4	4
104.77629069596614	4.0	4	4
104.87636356196037	4.0	4	4
104.97643642795461	4.0	4	4
105.07650929394885	4.0	4	4
105.17658215994308	4.0	4	4
105.27665502593732	4.0	4	4
105.37672789193155	4.0	4	4
105.47680075792579	4.0	4	4
105.57687362392004	5.0	5	5
105.67694648991427	4.0	4	4
105.77701935590851	4.0	4	4
105.87709222190274	4.0	4	4
105.97716508789698	4.0	4	4
106.07723795389121	4.0	4	4
106.17731081988545	4.0	4	4
106.27738368587968	4.0	4	4
106.37745655187392	4.0	4	4
106.47752941786817	4.0	4	4
106.5776022838624	4.0	4	4
106.67767514985664	4.0	4	4
106.77774801585088	4.0	4	4
106.87782088184511	4.0	4	4
106.97789374783935	4.0	4	4
107.07796661383358	4.0	4	4
107.17803947982782	4.0	4	4
107.27811234582205	4.0	4	4
107.3781852118163	4.0	4	4
107.47825807781054	4.0	4	4
107.57833094380477	4.0	4	4
107.67840380979901	3.0	3	3
107.77847667579324	3.0	3	3
107.87854954178748	3.0	3	3
107.97862240778171	3.0	3	3
108.07869527377595	3.0	3	3
108.1787681397702	3.0	3	3
108.27884100576443	3.0	3	3
108.37891387175867	3.0	3	3
108.4789867377529	3.0	3	3
108.57905960374714	3.0	3	3
108.67913246974138	3.0	3	3
108.77920533573561	3.0	3	3
108.87927820172985	3.0	3	3
108.97935106772408	3.0	3	3
109.07942393371833	3.0	3	3
109.17949679971257	3.0	3	3
109.2795696657068	3.0	3	3
109.37964253170104	3.0	3	3
109.47971539769527	3.0	3	3
109.57978826368951	3.0	3	3
109.67986112968374	3.0	3	3
109.77993399567798	3.0	3	3
109.88000686167221	3.0	3	3
109.98007972766646	3.0	3	3
110.0801525936607	3.0	3	3
110.18022545965493	3.0	3	3
110.28029832564917	3.0	3	3
110.3803711916434	3.0	3	3
110.48044405763764	3.0	3	3
110.58051692363188	3.0	3	3
110.68058978962611	3.0	3	3
110.78066265562035	3.0	3	3
110.8807355216146	3.0	3	3
110.98080838760883	3.0	3	3
111.08088125360307	3.0	3	3
111.1809541195973	3.0	3	3
111.28102698559154	3.0	3	3
111.38109985158577	3.0	3	3
111.48117271758001	3.0	3	3
111.58124558357424	3.0	3	3
111.6813184495685	3.0	3	3
111.78139131556273	3.0	3	3
111.88146418155696	3.0	3	3
111.9815370475512	3.0	3	3
112.08160991354544	3.0	3	3
112.18168277953967	3.0	3	3
112.2817556455339	3.0	3	3
112.38182851152814	2.0	2	2
112.48190137752238	2.0	2	2
112.58197424351663	2.0	2	2
112.68204710951086	1.0	1	1
112.7821199755051	1.0	1	1
112.88219284149933	1.0	1	1
112.98226570749357	1.0	1	1
113.0823385734878	1.0	1	1
113.18241143948204	1.0	1	1
113.28248430547627	1.0	1	1
113.38255717147051	1.0	1	1
113.48263003746476	1.0	1	1
113.582702903459	1.0	1	1
113.68277576945323	1.0	1	1
113.78284863544746	1.0	1	1
113.8829215014417	1.0	1	1
113.98299436743594	1.0	1	1
114.08306723343017	0.0	0	0
114.1831400994244	0.0	0	0
114.28321296541864	0.0	0	0
114.38328583141289	0.0	0	0
114.48335869740713	0.0	0	0
114.58343156340136	0.0	0	0
114.6835044293956	0.0	0	0
114.78357729538983	0.0	0	0
114.88365016138407	0.0	0	0
114.9837230273783	0.0	0	0
115.08379589337254	0.0	0	0
115.18386875936679	0.0	0	0
115.28394162536102	0.0	0	0
115.38401449135526	0.0	0	0
115.4840873573495	0.0	0	0
115.58416022334373	0.0	0	0
115.68423308933797	0.0	0	0
115.7843059553322	0.0	0	0
115.88437882132644	0.0	0	0
115.98445168732067	0.0	0	0
116.08452455331492	0.0	0	0
116.18459741930916	0.0	0	0
116.28467028530339	0.0	0	0
116.38474315129763	0.0	0	0
116.48481601729186	0.0	0	0
116.5848888832861	0.0	0	0
116.68496174928033	0.0	0	0
116.78503461527457	0.0	0	0
116.8851074812688	0.0	0	0
116.98518034726305	0.0	0	0
117.08525321325729	0.0	0	0
117.18532607925152	0.0	0	0
117.28539894524576	0.0	0	0
117.38547181124	0.0	0	0
117.48554467723423	0.0	0	0
117.58561754322847	0.0	0	0
117.6856904092227	0.0	0	0
117.78576327521694	0.0	0	0
117.88583614121119	0.0	0	0
117.98590900720542	0.0	0	0
118.08598187319966	0.0	0	0
118.18605473919389	0.0	0	0
118.28612760518813	0.0	0	0
118.38620047118236	0.0	0	0
118.4862733371766	0.0	0	0
118.58634620317083	0.0	0	0
118.68641906916508	0.0	0	0
118.78649193515932	0.0	0	0
118.88656480115355	0.0	0	0
118.98663766714779	0.0	0	0
119.08671053314202	0.0	0	0
119.18678339913626	0.0	0	0
119.2868562651305	1.0	1	1
119.38692913112473	1.0	1	1
119.48700199711897	1.0	1	1
119.58707486311322	1.0	1	1
119.68714772910745	1.0	1	1
119.78722059510169	1.0	1	1
119.88729346109592	1.0	1	1
119.98736632709016	1.0	1	1
120.08743919308439	1.0	1	1
120.18751205907863	1.0	1	1
120.28758492507286	1.0	1	1
120.3876577910671	1.0	1	1
120.48773065706135	1.0	1	1
120.58780352305558	1.0	1	1
120.68787638904982	1.0	1	1
120.78794925504405	1.0	1	1
120.88802212103829	1.0	1	1
120.98809498703253	1.0	1	1
121.08816785302676	1.0	1	1
121.188240719021	1.0	1	1
121.28831358501523	0.0	0	0
121.38838645100948	0.0	0	0
121.48845931700372	0.0	0	0
121.58853218299795	0.0	0	0
121.68860504899219	0.0	0	0
121.78867791498642	0.0	0	0
121.88875078098066	0.0	0	0
121.9888236469749	0.0	0	0
122.08889651296913	0.0	0	0
122.18896937896338	0.0	0	0
122.28904224495761	0.0	0	0
122.38911511095185	0.0	0	0
122.48918797694608	0.0	0	0
122.58926084294032	0.0	0	0
122.68933370893456	0.0	0	0
122.78940657492879	0.0	0	0
122.88947944092303	0.0	0	0
122.98955230691726	0.0	0	0
123.08962517291151	0.0	0	0
123.18969803890575	0.0	0	0
123.28977090489998	0.0	0	0
123.38984377089422	0.0	0	0
123.48991663688845	0.0	0	0
123.58998950288269	0.0	0	0
123.69006236887692	0.0	0	0
123.79013523487116	0.0	0	0
123.8902081008654	0.0	0	0
123.99028096685964	0.0	0	0
124.09035383285388	0.0	0	0
124.19042669884811	0.0	0	0
124.29049956484235	0.0	0	0
124.39057243083658	0.0	0	0
124.49064529683082	0.0	0	0
124.59071816282506	0.0	0	0
124.69079102881929	0.0	0	0
124.79086389481353	0.0	0	0
124.89093676080778	0.0	0	0
124.99100962680201	0.0	0	0
125.09108249279625	0.0	0	0
125.19115535879048	1.0	1	1
125.29122822478472	1.0	1	1
125.39130109077895	1.0	1	1
125.49137395677319	1.0	1	1
125.59144682276742	1.0	1	1
125.69151968876167	1.0	1	1
125.79159255475591	1.0	1	1
125.89166542075014	1.0	1	1
125.99173828674438	1.0	1	1
126.09181115273861	1.0	1	1
126.19188401873285	1.0	1	1
126.29195688472709	1.0	1	1
126.39202975072132	1.0	1	1
126.49210261671556	1.0	1	1
126.5921754827098	2.0	2	2
126.69224834870404	2.0	2	2
126.79232121469828	2.0	2	2
126.89239408069251	2.0	2	2
126.99246694668675	2.0	2	2
127.09253981268098	3.0	3	3
127.19261267867522	3.0	3	3
127.29268554466945	3.0	3	3
127.39275841066369	3.0	3	3
127.49283127665794	3.0	3	3
127.59290414265217	3.0	3	3
127.69297700864641	3.0	3	3
127.79304987464064	3.0	3	3
127.89312274063488	3.0	3	3
127.99319560662911	3.0	3	3
128.09326847262335	3.0	3	3
128.19334133861759	3.0	3	3
128.29341420461182	3.0	3	3
128.39348707060606	2.0	2	2
128.4935599366003	2.0	2	2
128.59363280259453	2.0	2	2
128.69370566858876	2.0	2	2
128.79377853458303	3.0	3	3
128.89385140057726	2.0	2	2
128.9939242665715	2.0	2	2
129.09399713256573	2.0	2	2
129.19406999855997	2.0	2	2
129.2941428645542	2.0	2	2
129.39421573054844	2.0	2	2
129.49428859654267	2.0	2	2
129.5943614625369	2.0	2	2
129.69443432853114	2.0	2	2
129.79450719452538	2.0	2	2
129.89458006051962	2.0	2	2
129.99465292651385	2.0	2	2
130.0947257925081	2.0	2	2
130.19479865850232	2.0	2	2
130.29487152449656	2.0	2	2
130.3949443904908	2.0	2	2
130.49501725648503	2.0	2	2
130.5950901224793	2.0	2	2
130.69516298847353	2.0	2	2
130.79523585446776	1.0	1	1
130.895308720462	1.0	1	1
130.99538158645623	1.0	1	1
131.09545445245047	1.0	1	1
131.1955273184447	1.0	1	1
131.29560018443894	1.0	1	1
131.39567305043317	1.0	1	1
131.4957459164274	1.0	1	1
131.59581878242165	1.0	1	1
131.69589164841588	1.0	1	1
131.79596451441012	1.0	1	1
131.89603738040435	1.0	1	1
131.9961102463986	1.0	1	1
132.09618311239282	1.0	1	1
132.19625597838706	1.0	1	1
132.29632884438132	1.0	1	1
132.39640171037556	1.0	1	1
132.4964745763698	1.0	1	1
132.59654744236403	0.0	0	0
132.69662030835826	0.0	0	0
132.7966931743525	0.0	0	0
132.89676604034673	0.0	0	0
132.99683890634097	0.0	0	0
133.0969117723352	0.0	0	0
133.19698463832944	0.0	0	0
133.29705750432367	0.0	0	0
133.3971303703179	0.0	0	0
133.49720323631215	0.0	0	0
133.59727610230638	0.0	0	0
133.69734896830062	0.0	0	0
133.79742183429485	0.0	0	0
133.8974947002891	0.0	0	0
133.99756756628332	0.0	0	0
134.0976404322776	0.0	0	0
134.19771329827182	0.0	0	0
134.29778616426606	0.0	0	0
134.3978590302603	0.0	0	0
134.49793189625453	0.0	0	0
134.59800476224876	0.0	0	0
134.698077628243	0.0	0	0
134.79815049423723	0.0	0	0
134.89822336023147	0.0	0	0
134.9982962262257	0.0	0	0
135.09836909221994	0.0	0	0
135.19844195821418	0.0	0	0
135.2985148242084	0.0	0	0
135.39858769020265	0.0	0	0
135.49866055619688	0.0	0	0
135.59873342219112	1.0	1	1
135.69880628818535	1.0	1	1
135.79887915417962	1.0	1	1
135.89895202017385	1.0	1	1
135.9990248861681	1.0	1	1
136.09909775216232	1.0	1	1
136.19917061815656	1.0	1	1
136.2992434841508	1.0	1	1
136.39931635014503	1.0	1	1
136.49938921613926	1.0	1	1
136.5994620821335	1.0	1	1
136.69953494812773	1.0	1	1
136.79960781412197	1.0	1	1
136.8996806801162	1.0	1	1
136.99975354611044	1.0	1	1
137.09982641210468	1.0	1	1
137.1998992780989	1.0	1	1
137.29997214409315	1.0	1	1
137.40004501008738	1.0	1	1
137.50011787608162	3.0	3	3
137.60019074207588	2.0	2	2
137.70026360807012	2.0	2	2
137.80033647406435	2.0	2	2
137.9004093400586	2.0	2	2
138.00048220605282	2.0	2	2
138.10055507204706	2.0	2	2
138.2006279380413	2.0	2	2
138.30070080403553	2.0	2	2
138.40077367002976	2.0	2	2
138.500846536024	2.0	2	2
138.60091940201823	4.0	4	4
138.70099226801247	4.0	4	4
138.8010651340067	4.0	4	4
138.90113800000094	4.0	4	4
139.00121086599518	4.0	4	4
139.1012837319894	4.0	4	4
139.20135659798365	4.0	4	4
139.3014294639779	3.0	3	3
139.40150232997215	3.0	3	3
139.50157519596638	3.0	3	3
139.60164806196062	3.0	3	3
139.70172092795485	3.0	3	3
139.8017937939491	3.0	3	3
139.90186665994332	3.0	3	3
140.00193952593756	3.0	3	3
140.1020123919318	3.0	3	3
140.20208525792603	3.0	3	3
140.30215812392026	3.0	3	3
140.4022309899145	2.0	2	2
140.50230385590874	1.0	1	1
140.60237672190297	1.0	1	1
140.7024495878972	1.0	1	1
140.80252245389144	1.0	1	1
140.90259531988568	1.0	1	1
141.0026681858799	1.0	1	1
141.10274105187418	1.0	1	1
141.2028139178684	1.0	1	1
141.30288678386265	1.0	1	1
141.40295964985688	1.0	1	1
141.50303251585112	1.0	1	1
141.60310538184535	1.0	1	1
141.7031782478396	1.0	1	1
141.80325111383382	1.0	1	1
141.90332397982806	1.0	1	1
142.0033968458223	1.0	1	1
142.10346971181653	1.0	1	1
142.20354257781077	1.0	1	1
142.303615443805	1.0	1	1
142.40368830979924	1.0	1	1
142.50376117579347	1.0	1	1
142.6038340417877	1.0	1	1
142.70390690778194	1.0	1	1
142.8039797737762	1.0	1	1
142.90405263977044	1.0	1	1
143.00412550576468	1.0	1	1
143.1041983717589	1.0	1	1
143.20427123775315	1.0	1	1
143.30434410374738	1.0	1	1
143.40441696974162	1.0	1	1
143.50448983573585	1.0	1	1
143.6045627017301	1.0	1	1
143.70463556772432	1.0	1	1
143.80470843371856	1.0	1	1
143.9047812997128	1.0	1	1
144.00485416570703	1.0	1	1
144.10492703170127	1.0	1	1
144.2049998976955	1.0	1	1
144.30507276368974	1.0	1	1
144.40514562968397	1.0	1	1
144.5052184956782	1.0	1	1
144.60529136167247	1.0	1	1
144.7053642276667	1.0	1	1
144.80543709366094	1.0	1	1
144.90550995965518	1.0	1	1
145.0055828256494	1.0	1	1
145.10565569164365	1.0	1	1
145.20572855763788	1.0	1	1
145.30580142363212	1.0	1	1
145.40587428962635	1.0	1	1
145.5059471556206	1.0	1	1
145.60602002161482	1.0	1	1
145.70609288760906	1.0	1	1
145.8061657536033	1.0	1	1
145.90623861959753	1.0	1	1
146.00631148559177	1.0	1	1
146.106384351586	1.0	1	1
146.20645721758024	1.0	1	1
146.3065300835745	1.0	1	1
146.40660294956874	1.0	1	1
146.50667581556297	1.0	1	1
146.6067486815572	1.0	1	1
146.70682154755144	1.0	1	1
146.80689441354568	1.0	1	1
146.9069672795399	1.0	1	1
147.00704014553415	1.0	1	1
147.10711301152838	1.0	1	1
147.20718587752262	1.0	1	1
147.30725874351685	1.0	1	1
147.4073316095111	1.0	1	1
147.50740447550533	1.0	1	1
147.60747734149956	1.0	1	1
147.7075502074938	1.0	1	1
147.80762307348803	2.0	2	2
147.90769593948227	2.0	2	2
148.0077688054765	2.0	2	2
148.10784167147077	2.0	2	2
148.207914537465	2.0	2	2
148.30798740345924	2.0	2	2
148.40806026945347	2.0	2	2
148.5081331354477	2.0	2	2
148.60820600144194	2.0	2	2
148.70827886743618	2.0	2	2
148.8083517334304	3.0	3	3
148.90842459942465	3.0	3	3
149.00849746541888	3.0	3	3
149.10857033141312	3.0	3	3
149.20864319740735	3.0	3	3
149.3087160634016	3.0	3	3
149.40878892939583	3.0	3	3
149.50886179539006	3.0	3	3
149.6089346613843	3.0	3	3
149.70900752737853	3.0	3	3
149.8090803933728	3.0	3	3
149.90915325936703	3.0	3	3
150.00922612536127	3.0	3	3
150.1092989913555	3.0	3	3
150.20937185734974	3.0	3	3
150.30944472334397	3.0	3	3
150.4095175893382	3.0	3	3
150.50959045533244	3.0	3	3
150.60966332132668	2.0	2	2
150.7097361873209	2.0	2	2
150.80980905331515	2.0	2	2
150.90988191930938	2.0	2	2
151.00995478530362	2.0	2	2
151.11002765129786	2.0	2	2
151.2101005172921	2.0	2	2
151.31017338328633	2.0	2	2
151.41024624928056	2.0	2	2
151.5103191152748	2.0	2	2
151.61039198126906	2.0	2	2
151.7104648472633	2.0	2	2
151.81053771325753	2.0	2	2
151.91061057925177	2.0	2	2
152.010683445246	2.0	2	2
152.11075631124024	2.0	2	2
152.21082917723447	2.0	2	2
152.3109020432287	2.0	2	2
152.41097490922294	2.0	2	2
152.51104777521718	2.0	2	2
152.61112064121141	2.0	2	2
152.71119350720565	2.0	2	2
152.81126637319989	2.0	2	2
152.91133923919412	2.0	2	2
153.01141210518836	2.0	2	2
153.1114849711826	2.0	2	2
153.21155783717683	2.0	2	2
153.3116307031711	2.0	2	2
153.41170356916533	2.0	2	2
153.51177643515956	2.0	2	2
153.6118493011538	2.0	2	2
153.71192216714803	2.0	2	2
153.81199503314227	2.0	2	2
153.9120678991365	2.0	2	2
154.01214076513074	2.0	2	2
154.11221363112497	2.0	2	2
154.2122864971192	2.0	2	2
154.31235936311344	2.0	2	2
154.41243222910768	2.0	2	2
154.51250509510191	2.0	2	2
154.61257796109615	2.0	2	2
154.71265082709039	2.0	2	2
154.81272369308462	2.0	2	2
154.91279655907886	2.0	2	2
155.0128694250731	2.0	2	2
155.11294229106736	2.0	2	2
155.2130151570616	2.0	2	2
155.31308802305583	2.0	2	2
155.41316088905006	2.0	2	2
155.5132337550443	2.0	2	2
155.61330662103853	2.0	2	2
155.71337948703277	2.0	2	2
155.813452353027	2.0	2	2
155.91352521902124	2.0	2	2
156.01359808501547	2.0	2	2
156.1136709510097	2.0	2	2
156.21374381700394	2.0	2	2
156.31381668299818	2.0	2	2
156.41388954899242	1.0	1	1
156.51396241498665	1.0	1	1
156.6140352809809	1.0	1	1
156.71410814697512	0.0	0	0
156.81418101296939	0.0	0	0
156.91425387896362	0.0	0	0
157.01432674495786	0.0	0	0
157.1143996109521	0.0	0	0
157.21447247694633	0.0	0	0
157.31454534294056	0.0	0	0
157.4146182089348	0.0	0	0
157.51469107492903	0.0	0	0
157.61476394092327	0.0	0	0
157.7148368069175	0.0	0	0
157.81490967291174	0.0	0	0
157.91498253890597	0.0	0	0
158.0150554049002	0.0	0	0
158.11512827089444	0.0	0	0
158.21520113688868	0.0	0	0
158.31527400288292	0.0	0	0
158.41534686887715	0.0	0	0
158.5154197348714	0.0	0	0
158.61549260086565	0.0	0	0
158.71556546685989	0.0	0	0
158.81563833285412	0.0	0	0
158.91571119884836	0.0	0	0
159.0157840648426	0.0	0	0
159.11585693083683	0.0	0	0
159.21592979683106	0.0	0	0
159.3160026628253	0.0	0	0
159.41607552881953	0.0	0	0
159.51614839481377	0.0	0	0
159.616221260808	0.0	0	0
159.71629412680224	0.0	0	0
159.81636699279647	0.0	0	0
159.9164398587907	0.0	0	0
160.01651272478495	0.0	0	0
160.11658559077918	0.0	0	0
160.21665845677342	0.0	0	0
160.31673132276768	0.0	0	0
160.41680418876192	0.0	0	0
160.51687705475615	0.0	0	0
160.6169499207504	0.0	0	0
160.71702278674462	0.0	0	0
160.81709565273886	0.0	0	0
160.9171685187331	0.0	0	0
161.01724138472733	0.0	0	0
161.11731425072156	0.0	0	0
161.2173871167158	0.0	0	0
161.31745998271003	0.0	0	0
161.41753284870427	0.0	0	0
161.5176057146985	1.0	1	1
161.61767858069274	1.0	1	1
161.71775144668698	1.0	1	1
161.8178243126812	1.0	1	1
161.91789717867545	1.0	1	1
162.01797004466968	1.0	1	1
162.11804291066395	1.0	1	1
162.21811577665818	1.0	1	1
162.31818864265242	1.0	1	1
162.41826150864665	1.0	1	1
162.5183343746409	1.0	1	1
162.61840724063512	1.0	1	1
162.71848010662936	1.0	1	1
162.8185529726236	2.0	2	2
162.91862583861783	3.0	3	3
163.01869870461206	3.0	3	3
163.1187715706063	3.0	3	3
163.21884443660053	3.0	3	3
163.31891730259477	3.0	3	3
163.418990168589	3.0	3	3
163.51906303458324	3.0	3	3
163.61913590057748	3.0	3	3
163.7192087665717	4.0	4	4
163.81928163256597	4.0	4	4
163.9193544985602	4.0	4	4
164.01942736455445	4.0	4	4
164.11950023054868	4.0	4	4
164.21957309654292	4.0	4	4
164.31964596253715	4.0	4	4
164.4197188285314	4.0	4	4
164.51979169452562	4.0	4	4
164.61986456051986	4.0	4	4
164.7199374265141	4.0	4	4
164.82001029250833	4.0	4	4
164.92008315850256	4.0	4	4
165.0201560244968	4.0	4	4
165.12022889049103	4.0	4	4
165.22030175648527	4.0	4	4
165.3203746224795	4.0	4	4
165.42044748847374	4.0	4	4
165.52052035446798	4.0	4	4
165.62059322046224	4.0	4	4
165.72066608645648	4.0	4	4
165.8207389524507	5.0	5	5
165.92081181844495	5.0	5	5
166.02088468443918	5.0	5	5
166.12095755043342	6.0	6	6
166.22103041642765	5.0	5	5
166.3211032824219	5.0	5	5
166.42117614841612	5.0	5	5
166.52124901441036	5.0	5	5
166.6213218804046	6.0	6	6
166.72139474639883	4.0	4	4
166.82146761239306	4.0	4	4
166.9215404783873	4.0	4	4
167.02161334438154	5.0	5	5
167.12168621037577	5.0	5	5
167.22175907637	5.0	5	5
167.32183194236427	5.0	5	5
167.4219048083585	5.0	5	5
167.52197767435274	6.0	6	6
167.62205054034698	6.0	6	6
167.7221234063412	5.0	5	5
167.82219627233545	5.0	5	5
167.92226913832968	4.0	4	4
168.02234200432392	4.0	4	4
168.12241487031815	4.0	4	4
168.2224877363124	4.0	4	4
168.32256060230662	4.0	4	4
168.42263346830086	4.0	4	4
168.5227063342951	3.0	3	3
168.62277920028933	3.0	3	3
168.72285206628356	3.0	3	3
168.8229249322778	3.0	3	3
168.92299779827204	3.0	3	3
169.02307066426627	2.0	2	2
169.12314353026053	2.0	2	2
169.22321639625477	2.0	2	2
169.323289262249	2.0	2	2
169.42336212824324	2.0	2	2
169.52343499423748	2.0	2	2
169.6235078602317	2.0	2	2
169.72358072622595	2.0	2	2
169.82365359222018	2.0	2	2
169.92372645821442	2.0	2	2
170.02379932420865	2.0	2	2
170.1238721902029	2.0	2	2
170.22394505619712	2.0	2	2
170.32401792219136	2.0	2	2
170.4240907881856	2.0	2	2
170.52416365417983	2.0	2	2
170.62423652017407	2.0	2	2
170.7243093861683	2.0	2	2
170.82438225216256	2.0	2	2
170.9244551181568	2.0	2	2
171.02452798415104	3.0	3	3
171.12460085014527	3.0	3	3
171.2246737161395	4.0	4	4
171.32474658213374	4.0	4	4
171.42481944812798	4.0	4	4
171.5248923141222	4.0	4	4
171.62496518011645	4.0	4	4
171.72503804611068	4.0	4	4
171.82511091210492	4.0	4	4
171.92518377809915	4.0	4	4
172.0252566440934	4.0	4	4
172.12532951008762	4.0	4	4
172.22540237608186	4.0	4	4
172.3254752420761	4.0	4	4
172.42554810807033	4.0	4	4
172.52562097406457	4.0	4	4
172.62569384005883	4.0	4	4
172.72576670605307	4.0	4	4
172.8258395720473	4.0	4	4
172.92591243804154	4.0	4	4
173.02598530403577	4.0	4	4
173.12605817003	4.0	4	4
173.22613103602424	4.0	4	4
173.32620390201848	4.0	4	4
173.4262767680127	4.0	4	4
173.52634963400695	4.0	4	4
173.62642250000118	4.0	4	4
173.72649536599542	4.0	4	4
173.82656823198965	4.0	4	4
173.9266410979839	4.0	4	4
174.02671396397812	4.0	4	4
174.12678682997236	4.0	4	4
174.2268596959666	4.0	4	4
174.32693256196086	4.0	4	4
174.4270054279551	4.0	4	4
174.52707829394933	4.0	4	4
174.62715115994357	4.0	4	4
174.7272240259378	4.0	4	4
174.82729689193204	4.0	4	4
174.92736975792627	4.0	4	4
175.0274426239205	4.0	4	4
175.12751548991474	4.0	4	4
175.22758835590898	4.0	4	4
175.3276612219032	4.0	4	4
175.42773408789745	4.0	4	4
175.52780695389168	4.0	4	4
175.62787981988592	3.0	3	3
175.72795268588015	3.0	3	3
175.8280255518744	3.0	3	3
175.92809841786863	3.0	3	3
176.02817128386286	3.0	3	3
176.12824414985712	3.0	3	3
176.22831701585136	3.0	3	3
176.3283898818456	3.0	3	3
176.42846274783983	3.0	3	3
176.52853561383407	3.0	3	3
176.6286084798283	3.0	3	3
176.72868134582254	3.0	3	3
176.82875421181677	3.0	3	3
176.928827077811	3.0	3	3
177.02889994380524	3.0	3	3
177.12897280979948	3.0	3	3
177.2290456757937	3.0	3	3
177.32911854178795	3.0	3	3
177.42919140778218	3.0	3	3
177.52926427377642	3.0	3	3
177.62933713977066	3.0	3	3
177.7294100057649	4.0	4	4
177.82948287175915	3.0	3	3
177.9295557377534	3.0	3	3
178.02962860374762	3.0	3	3
178.12970146974186	3.0	3	3
178.2297743357361	3.0	3	3
178.32984720173033	3.0	3	3
178.42992006772457	3.0	3	3
178.5299929337188	3.0	3	3
178.63006579971304	3.0	3	3
178.73013866570727	3.0	3	3
178.8302115317015	3.0	3	3
178.93028439769574	3.0	3	3
179.03035726368998	3.0	3	3
179.1304301296842	3.0	3	3
179.23050299567845	3.0	3	3
179.33057586167268	3.0	3	3
179.43064872766692	3.0	3	3
179.53072159366116	3.0	3	3
179.63079445965542	3.0	3	3
179.73086732564965	3.0	3	3
179.8309401916439	3.0	3	3
179.93101305763813	3.0	3	3
180.03108592363236	3.0	3	3
180.1311587896266	3.0	3	3
180.23123165562083	3.0	3	3
180.33130452161507	3.0	3	3
180.4313773876093	3.0	3	3
180.53145025360354	3.0	3	3
180.63152311959777	3.0	3	3
180.731595985592	3.0	3	3
180.83166885158624	3.0	3	3
180.93174171758048	3.0	3	3
181.03181458357471	3.0	3	3
181.13188744956895	3.0	3	3
181.23196031556319	3.0	3	3
181.33203318155745	3.0	3	3
181.43210604755168	3.0	3	3
181.53217891354592	3.0	3	3
181.63225177954016	3.0	3	3
181.7323246455344	3.0	3	3
181.83239751152863	3.0	3	3
181.93247037752286	3.0	3	3
182.0325432435171	3.0	3	3
182.13261610951133	3.0	3	3
182.23268897550557	2.0	2	2
182.3327618414998	2.0	2	2
182.43283470749404	2.0	2	2
182.53290757348827	2.0	2	2
182.6329804394825	2.0	2	2
182.73305330547674	1.0	1	1
182.83312617147098	1.0	1	1
182.93319903746522	1.0	1	1
183.03327190345945	1.0	1	1
183.1333447694537	1.0	1	1
183.23341763544795	1.0	1	1
183.33349050144218	1.0	1	1
183.43356336743642	1.0	1	1
183.53363623343066	1.0	1	1
183.6337090994249	1.0	1	1
183.73378196541913	1.0	1	1
183.83385483141336	1.0	1	1
183.9339276974076	1.0	1	1
184.03400056340183	1.0	1	1
184.13407342939607	1.0	1	1
184.2341462953903	1.0	1	1
184.33421916138454	1.0	1	1
184.43429202737877	1.0	1	1
184.534364893373	1.0	1	1
