time	diversity	m_div	M_div
0.0	38.0	38	38
0.10010453948596734	38.0	38	38
0.20020907897193468	38.0	38	38
0.30031361845790205	38.0	38	38
0.40041815794386937	38.0	38	38
0.5005226974298367	38.0	38	38
0.6006272369158041	36.0	36	36
0.7007317764017714	36.0	36	36
0.8008363158877387	36.0	36	36
0.900940855373706	36.0	36	36
1.0010453948596734	35.0	35	35
1.1011499343456408	35.0	35	35
1.2012544738316082	35.0	35	35
1.3013590133175754	35.0	35	35
1.4014635528035428	35.0	35	35
1.50156809228951	35.0	35	35
1.6016726317754775	33.0	33	33
1.701777171261445	33.0	33	33
1.801881710747412	33.0	33	33
1.9019862502333795	31.0	31	31
2.0020907897193467	31.0	31	31
2.102195329205314	32.0	32	32
2.2022998686912816	32.0	32	32
2.302404408177249	32.0	32	32
2.4025089476632164	32.0	32	32
2.5026134871491834	31.0	31	31
2.602718026635151	31.0	31	31
2.7028225661211183	31.0	31	31
2.8029271056070857	31.0	31	31
2.903031645093053	31.0	31	31
3.00313618457902	31.0	31	31
3.1032407240649875	31.0	31	31
3.203345263550955	31.0	31	31
3.3034498030369224	31.0	31	31
3.40355434252289	31.0	31	31
3.503658882008857	29.0	29	29
3.603763421494824	31.0	31	31
3.7038679609807916	31.0	31	31
3.803972500466759	31.0	31	31
3.9040770399527265	29.0	29	29
4.0041815794386935	27.0	27	27
4.104286118924661	27.0	27	27
4.204390658410628	27.0	27	27
4.304495197896595	27.0	27	27
4.404599737382563	27.0	27	27
4.50470427686853	27.0	27	27
4.604808816354498	27.0	27	27
4.704913355840465	27.0	27	27
4.805017895326433	27.0	27	27
4.9051224348124	27.0	27	27
5.005226974298367	26.0	26	26
5.105331513784335	26.0	26	26
5.205436053270302	26.0	26	26
5.3055405927562695	25.0	25	25
5.4056451322422365	23.0	23	23
5.5057496717282035	21.0	21	21
5.605854211214171	21.0	21	21
5.705958750700138	21.0	21	21
5.806063290186106	21.0	21	21
5.906167829672073	21.0	21	21
6.00627236915804	21.0	21	21
6.106376908644008	21.0	21	21
6.206481448129975	21.0	21	21
6.306585987615943	19.0	19	19
6.40669052710191	19.0	19	19
6.506795066587877	17.0	17	17
6.606899606073845	14.0	14	14
6.707004145559812	14.0	14	14
6.80710868504578	14.0	14	14
6.907213224531747	4.0	4	4
7.007317764017714	4.0	4	4
7.107422303503681	4.0	4	4
7.207526842989648	4.0	4	4
7.307631382475616	4.0	4	4
7.407735921961583	4.0	4	4
7.50784046144755	4.0	4	4
7.607945000933518	4.0	4	4
7.708049540419485	4.0	4	4
7.808154079905453	4.0	4	4
7.90825861939142	4.0	4	4
8.008363158877387	4.0	4	4
8.108467698363354	4.0	4	4
8.208572237849323	4.0	4	4
8.30867677733529	4.0	4	4
8.408781316821257	4.0	4	4
8.508885856307224	4.0	4	4
8.60899039579319	4.0	4	4
8.70909493527916	4.0	4	4
8.809199474765126	4.0	4	4
8.909304014251093	4.0	4	4
9.00940855373706	4.0	4	4
9.109513093223027	4.0	4	4
9.209617632708996	4.0	4	4
9.309722172194963	4.0	4	4
9.40982671168093	4.0	4	4
9.509931251166897	4.0	4	4
9.610035790652866	4.0	4	4
9.710140330138833	4.0	4	4
9.8102448696248	4.0	4	4
9.910349409110767	4.0	4	4
10.010453948596734	4.0	4	4
10.110558488082702	4.0	4	4
10.21066302756867	4.0	4	4
10.310767567054636	4.0	4	4
10.410872106540603	4.0	4	4
10.51097664602657	4.0	4	4
10.611081185512539	4.0	4	4
10.711185724998506	4.0	4	4
10.811290264484473	4.0	4	4
10.91139480397044	4.0	4	4
11.011499343456407	4.0	4	4
11.111603882942376	4.0	4	4
11.211708422428343	4.0	4	4
11.31181296191431	4.0	4	4
11.411917501400277	4.0	4	4
11.512022040886244	4.0	4	4
11.612126580372212	4.0	4	4
11.71223111985818	4.0	4	4
11.812335659344146	4.0	4	4
11.912440198830113	4.0	4	4
12.01254473831608	4.0	4	4
12.11264927780205	4.0	4	4
12.212753817288016	4.0	4	4
12.312858356773983	4.0	4	4
12.41296289625995	4.0	4	4
12.513067435745917	4.0	4	4
12.613171975231886	4.0	4	4
12.713276514717853	4.0	4	4
12.81338105420382	4.0	4	4
12.913485593689787	4.0	4	4
13.013590133175754	4.0	4	4
13.113694672661723	4.0	4	4
13.21379921214769	4.0	4	4
13.313903751633656	4.0	4	4
13.414008291119623	4.0	4	4
13.51411283060559	4.0	4	4
13.61421737009156	4.0	4	4
13.714321909577526	4.0	4	4
13.814426449063493	4.0	4	4
13.91453098854946	4.0	4	4
14.014635528035427	4.0	4	4
14.114740067521396	4.0	4	4
14.214844607007363	4.0	4	4
14.31494914649333	4.0	4	4
14.415053685979297	4.0	4	4
14.515158225465264	4.0	4	4
14.615262764951233	4.0	4	4
14.7153673044372	4.0	4	4
14.815471843923167	4.0	4	4
14.915576383409133	4.0	4	4
15.0156809228951	4.0	4	4
15.11578546238107	4.0	4	4
15.215890001867036	4.0	4	4
15.315994541353003	4.0	4	4
15.41609908083897	4.0	4	4
15.516203620324937	4.0	4	4
15.616308159810906	4.0	4	4
15.716412699296873	4.0	4	4
15.81651723878284	4.0	4	4
15.916621778268807	4.0	4	4
16.016726317754774	4.0	4	4
16.116830857240743	4.0	4	4
16.216935396726708	4.0	4	4
16.317039936212677	4.0	4	4
16.417144475698645	4.0	4	4
16.51724901518461	4.0	4	4
16.61735355467058	4.0	4	4
16.717458094156544	5.0	5	5
16.817562633642513	5.0	5	5
16.917667173128482	5.0	5	5
17.017771712614447	5.0	5	5
17.117876252100416	5.0	5	5
17.21798079158638	5.0	5	5
17.31808533107235	5.0	5	5
17.41818987055832	5.0	5	5
17.518294410044284	5.0	5	5
17.618398949530253	5.0	5	5
17.718503489016218	5.0	5	5
17.818608028502187	5.0	5	5
17.918712567988155	5.0	5	5
18.01881710747412	5.0	5	5
18.11892164696009	5.0	5	5
18.219026186446055	5.0	5	5
18.319130725932023	5.0	5	5
18.419235265417992	5.0	5	5
18.519339804903957	5.0	5	5
18.619444344389926	5.0	5	5
18.71954888387589	5.0	5	5
18.81965342336186	5.0	5	5
18.91975796284783	5.0	5	5
19.019862502333794	5.0	5	5
19.119967041819763	5.0	5	5
19.22007158130573	5.0	5	5
19.320176120791697	5.0	5	5
19.420280660277665	5.0	5	5
19.52038519976363	5.0	5	5
19.6204897392496	5.0	5	5
19.720594278735568	5.0	5	5
19.820698818221533	5.0	5	5
19.920803357707502	5.0	5	5
20.020907897193467	5.0	5	5
20.121012436679436	5.0	5	5
20.221116976165405	5.0	5	5
20.32122151565137	5.0	5	5
20.42132605513734	5.0	5	5
20.521430594623304	5.0	5	5
20.621535134109273	5.0	5	5
20.72163967359524	5.0	5	5
20.821744213081207	5.0	5	5
20.921848752567175	5.0	5	5
21.02195329205314	5.0	5	5
21.12205783153911	5.0	5	5
21.222162371025078	4.0	4	4
21.322266910511043	4.0	4	4
21.422371449997012	4.0	4	4
21.522475989482977	4.0	4	4
21.622580528968946	4.0	4	4
21.722685068454915	4.0	4	4
21.82278960794088	4.0	4	4
21.92289414742685	4.0	4	4
22.022998686912814	4.0	4	4
22.123103226398783	4.0	4	4
22.22320776588475	4.0	4	4
22.323312305370717	3.0	3	3
22.423416844856686	3.0	3	3
22.52352138434265	3.0	3	3
22.62362592382862	3.0	3	3
22.72373046331459	3.0	3	3
22.823835002800553	3.0	3	3
22.923939542286522	3.0	3	3
23.024044081772487	3.0	3	3
23.124148621258456	3.0	3	3
23.224253160744425	3.0	3	3
23.32435770023039	3.0	3	3
23.42446223971636	3.0	3	3
23.524566779202324	3.0	3	3
23.624671318688293	3.0	3	3
23.72477585817426	3.0	3	3
23.824880397660227	3.0	3	3
23.924984937146196	3.0	3	3
24.02508947663216	2.0	2	2
24.12519401611813	2.0	2	2
24.2252985556041	2.0	2	2
24.325403095090063	2.0	2	2
24.425507634576032	2.0	2	2
24.525612174061997	2.0	2	2
24.625716713547966	2.0	2	2
24.725821253033935	2.0	2	2
24.8259257925199	2.0	2	2
24.92603033200587	2.0	2	2
25.026134871491834	2.0	2	2
25.126239410977803	2.0	2	2
25.22634395046377	2.0	2	2
25.326448489949737	2.0	2	2
25.426553029435706	2.0	2	2
25.52665756892167	2.0	2	2
25.62676210840764	2.0	2	2
25.72686664789361	2.0	2	2
25.826971187379574	2.0	2	2
25.927075726865542	2.0	2	2
26.027180266351507	2.0	2	2
26.127284805837476	2.0	2	2
26.227389345323445	2.0	2	2
26.32749388480941	2.0	2	2
26.42759842429538	2.0	2	2
26.527702963781344	2.0	2	2
26.627807503267313	2.0	2	2
26.72791204275328	2.0	2	2
26.828016582239247	2.0	2	2
26.928121121725216	2.0	2	2
27.02822566121118	2.0	2	2
27.12833020069715	2.0	2	2
27.22843474018312	2.0	2	2
27.328539279669084	2.0	2	2
27.428643819155052	2.0	2	2
27.528748358641018	2.0	2	2
27.628852898126986	2.0	2	2
27.728957437612955	2.0	2	2
27.82906197709892	2.0	2	2
27.92916651658489	2.0	2	2
28.029271056070854	2.0	2	2
28.129375595556823	2.0	2	2
28.22948013504279	2.0	2	2
28.329584674528757	2.0	2	2
28.429689214014726	2.0	2	2
28.52979375350069	2.0	2	2
28.62989829298666	2.0	2	2
28.73000283247263	2.0	2	2
28.830107371958594	1.0	1	1
28.930211911444562	1.0	1	1
29.030316450930528	1.0	1	1
29.130420990416496	1.0	1	1
29.230525529902465	0.0	0	0
29.33063006938843	0.0	0	0
29.4307346088744	0.0	0	0
29.530839148360364	0.0	0	0
29.630943687846333	0.0	0	0
29.731048227332302	0.0	0	0
29.831152766818267	0.0	0	0
29.931257306304236	0.0	0	0
30.0313618457902	0.0	0	0
30.13146638527617	0.0	0	0
30.23157092476214	0.0	0	0
30.331675464248104	0.0	0	0
30.431780003734072	0.0	0	0
30.531884543220038	0.0	0	0
30.631989082706006	0.0	0	0
30.732093622191975	0.0	0	0
30.83219816167794	0.0	0	0
30.93230270116391	0.0	0	0
31.032407240649874	0.0	0	0
31.132511780135843	0.0	0	0
31.232616319621812	0.0	0	0
31.332720859107777	0.0	0	0
31.432825398593746	0.0	0	0
31.53292993807971	0.0	0	0
31.63303447756568	0.0	0	0
31.73313901705165	0.0	0	0
31.833243556537614	0.0	0	0
31.933348096023582	0.0	0	0
32.03345263550955	0.0	0	0
32.13355717499552	0.0	0	0
32.233661714481485	0.0	0	0
32.333766253967454	0.0	0	0
32.433870793453416	0.0	0	0
32.533975332939384	0.0	0	0
32.63407987242535	0.0	0	0
32.73418441191132	0.0	0	0
32.83428895139729	0.0	0	0
32.93439349088325	0.0	0	0
33.03449803036922	0.0	0	0
33.13460256985519	0.0	0	0
33.23470710934116	0.0	0	0
33.33481164882713	1.0	1	1
33.43491618831309	1.0	1	1
33.53502072779906	1.0	1	1
33.63512526728503	1.0	1	1
33.735229806770995	1.0	1	1
33.835334346256964	1.0	1	1
33.935438885742926	1.0	1	1
34.035543425228894	1.0	1	1
34.13564796471486	1.0	1	1
34.23575250420083	1.0	1	1
34.3358570436868	1.0	1	1
34.43596158317276	1.0	1	1
34.53606612265873	1.0	1	1
34.6361706621447	1.0	1	1
34.73627520163067	1.0	1	1
34.83637974111664	1.0	1	1
34.9364842806026	1.0	1	1
35.03658882008857	1.0	1	1
35.13669335957454	1.0	1	1
35.236797899060505	1.0	1	1
35.336902438546474	1.0	1	1
35.437006978032436	1.0	1	1
35.537111517518404	1.0	1	1
35.63721605700437	1.0	1	1
35.73732059649034	1.0	1	1
35.83742513597631	1.0	1	1
35.93752967546227	1.0	1	1
36.03763421494824	1.0	1	1
36.13773875443421	1.0	1	1
36.23784329392018	1.0	1	1
36.33794783340615	1.0	1	1
36.43805237289211	1.0	1	1
36.53815691237808	1.0	1	1
36.63826145186405	1.0	1	1
36.738365991350015	1.0	1	1
36.838470530835984	1.0	1	1
36.938575070321946	1.0	1	1
37.038679609807915	1.0	1	1
37.13878414929388	1.0	1	1
37.23888868877985	1.0	1	1
37.33899322826582	2.0	2	2
37.43909776775178	2.0	2	2
37.53920230723775	2.0	2	2
37.63930684672372	2.0	2	2
37.73941138620969	2.0	2	2
37.83951592569566	3.0	3	3
37.93962046518162	3.0	3	3
38.03972500466759	3.0	3	3
38.13982954415356	3.0	3	3
38.239934083639525	3.0	3	3
38.340038623125494	3.0	3	3
38.44014316261146	3.0	3	3
38.540247702097425	4.0	4	4
38.64035224158339	5.0	5	5
38.74045678106936	5.0	5	5
38.84056132055533	5.0	5	5
38.9406658600413	5.0	5	5
39.04077039952726	5.0	5	5
39.14087493901323	5.0	5	5
39.2409794784992	6.0	6	6
39.34108401798517	8.0	8	8
39.441188557471136	8.0	8	8
39.5412930969571	10.0	10	10
39.64139763644307	11.0	11	11
39.741502175929035	10.0	10	10
39.841606715415004	10.0	10	10
39.94171125490097	10.0	10	10
40.041815794386935	10.0	10	10
40.1419203338729	11.0	11	11
40.24202487335887	11.0	11	11
40.34212941284484	11.0	11	11
40.44223395233081	11.0	11	11
40.54233849181677	11.0	11	11
40.64244303130274	11.0	11	11
40.74254757078871	11.0	11	11
40.84265211027468	12.0	12	12
40.942756649760646	12.0	12	12
41.04286118924661	12.0	12	12
41.14296572873258	12.0	12	12
41.243070268218545	12.0	12	12
41.343174807704514	12.0	12	12
41.44327934719048	12.0	12	12
41.543383886676445	12.0	12	12
41.64348842616241	12.0	12	12
41.74359296564838	12.0	12	12
41.84369750513435	12.0	12	12
41.94380204462032	12.0	12	12
42.04390658410628	12.0	12	12
42.14401112359225	12.0	12	12
42.24411566307822	13.0	13	13
42.34422020256419	13.0	13	13
42.444324742050156	13.0	13	13
42.54442928153612	13.0	13	13
42.64453382102209	13.0	13	13
42.744638360508056	13.0	13	13
42.844742899994024	13.0	13	13
42.94484743947999	13.0	13	13
43.044951978965955	13.0	13	13
43.14505651845192	13.0	13	13
43.24516105793789	13.0	13	13
43.34526559742386	13.0	13	13
43.44537013690983	13.0	13	13
43.54547467639579	13.0	13	13
43.64557921588176	13.0	13	13
43.74568375536773	13.0	13	13
43.8457882948537	13.0	13	13
43.945892834339666	13.0	13	13
44.04599737382563	13.0	13	13
44.1461019133116	13.0	13	13
44.246206452797566	13.0	13	13
44.346310992283534	13.0	13	13
44.4464155317695	13.0	13	13
44.546520071255465	13.0	13	13
44.64662461074143	13.0	13	13
44.7467291502274	13.0	13	13
44.84683368971337	13.0	13	13
44.94693822919934	13.0	13	13
45.0470427686853	13.0	13	13
45.14714730817127	13.0	13	13
45.24725184765724	12.0	12	12
45.34735638714321	13.0	13	13
45.44746092662918	13.0	13	13
45.54756546611514	13.0	13	13
45.64767000560111	13.0	13	13
45.747774545087076	13.0	13	13
45.847879084573044	13.0	13	13
45.94798362405901	13.0	13	13
46.048088163544975	13.0	13	13
46.148192703030944	13.0	13	13
46.24829724251691	13.0	13	13
46.34840178200288	13.0	13	13
46.44850632148885	13.0	13	13
46.54861086097481	13.0	13	13
46.64871540046078	13.0	13	13
46.74881993994675	13.0	13	13
46.84892447943272	13.0	13	13
46.94902901891869	13.0	13	13
47.04913355840465	13.0	13	13
47.14923809789062	13.0	13	13
47.249342637376586	14.0	14	14
47.349447176862554	14.0	14	14
47.44955171634852	14.0	14	14
47.549656255834485	14.0	14	14
47.649760795320454	14.0	14	14
47.74986533480642	14.0	14	14
47.84996987429239	14.0	14	14
47.95007441377836	14.0	14	14
48.05017895326432	15.0	15	15
48.15028349275029	15.0	15	15
48.25038803223626	15.0	15	15
48.35049257172223	15.0	15	15
48.4505971112082	14.0	14	14
48.55070165069416	14.0	14	14
48.65080619018013	14.0	14	14
48.750910729666096	14.0	14	14
48.851015269152064	14.0	14	14
48.95111980863803	15.0	15	15
49.051224348123995	16.0	16	16
49.151328887609964	16.0	16	16
49.25143342709593	15.0	15	15
49.3515379665819	15.0	15	15
49.45164250606787	15.0	15	15
49.55174704555383	16.0	16	16
49.6518515850398	16.0	16	16
49.75195612452577	16.0	16	16
49.85206066401174	16.0	16	16
49.95216520349771	16.0	16	16
50.05226974298367	16.0	16	16
50.15237428246964	16.0	16	16
50.252478821955606	17.0	17	17
50.352583361441575	17.0	17	17
50.45268790092754	17.0	17	17
50.552792440413505	17.0	17	17
50.652896979899474	17.0	17	17
50.75300151938544	17.0	17	17
50.85310605887141	17.0	17	17
50.95321059835738	16.0	16	16
51.05331513784334	16.0	16	16
51.15341967732931	15.0	15	15
51.25352421681528	15.0	15	15
51.35362875630125	15.0	15	15
51.45373329578722	14.0	14	14
51.55383783527318	13.0	13	13
51.65394237475915	13.0	13	13
51.754046914245116	13.0	13	13
51.854151453731085	13.0	13	13
51.95425599321705	13.0	13	13
52.054360532703015	13.0	13	13
52.154465072188984	13.0	13	13
52.25456961167495	13.0	13	13
52.35467415116092	13.0	13	13
52.45477869064689	13.0	13	13
52.55488323013285	13.0	13	13
52.65498776961882	13.0	13	13
52.75509230910479	13.0	13	13
52.85519684859076	13.0	13	13
52.95530138807673	13.0	13	13
53.05540592756269	13.0	13	13
53.15551046704866	12.0	12	12
53.255615006534626	12.0	12	12
53.355719546020595	11.0	11	11
53.45582408550656	11.0	11	11
53.555928624992525	11.0	11	11
53.656033164478494	11.0	11	11
53.75613770396446	11.0	11	11
53.85624224345043	11.0	11	11
53.9563467829364	11.0	11	11
54.05645132242236	11.0	11	11
54.15655586190833	11.0	11	11
54.2566604013943	11.0	11	11
54.35676494088027	11.0	11	11
54.45686948036624	11.0	11	11
54.5569740198522	11.0	11	11
54.65707855933817	11.0	11	11
54.757183098824136	11.0	11	11
54.857287638310105	11.0	11	11
54.95739217779607	11.0	11	11
55.057496717282035	11.0	11	11
55.157601256768004	11.0	11	11
55.25770579625397	10.0	10	10
55.35781033573994	9.0	9	9
55.45791487522591	10.0	10	10
55.55801941471187	12.0	12	12
55.65812395419784	13.0	13	13
55.75822849368381	12.0	12	12
55.85833303316978	11.0	11	11
55.95843757265575	10.0	10	10
56.05854211214171	10.0	10	10
56.15864665162768	11.0	11	11
56.258751191113646	11.0	11	11
56.358855730599615	11.0	11	11
56.45896027008558	11.0	11	11
56.559064809571545	11.0	11	11
56.659169349057514	11.0	11	11
56.75927388854348	11.0	11	11
56.85937842802945	10.0	10	10
56.95948296751542	10.0	10	10
57.05958750700138	9.0	9	9
57.15969204648735	9.0	9	9
57.25979658597332	7.0	7	7
57.35990112545929	7.0	7	7
57.46000566494526	6.0	6	6
57.56011020443122	6.0	6	6
57.66021474391719	5.0	5	5
57.760319283403156	6.0	6	6
57.860423822889125	6.0	6	6
57.96052836237509	6.0	6	6
58.060632901861055	6.0	6	6
58.160737441347024	6.0	6	6
58.26084198083299	6.0	6	6
58.36094652031896	6.0	6	6
58.46105105980493	6.0	6	6
58.56115559929089	6.0	6	6
58.66126013877686	7.0	7	7
58.76136467826283	8.0	8	8
58.8614692177488	8.0	8	8
58.96157375723477	7.0	7	7
59.06167829672073	7.0	7	7
59.1617828362067	7.0	7	7
59.261887375692666	5.0	5	5
59.361991915178635	6.0	6	6
59.462096454664604	6.0	6	6
59.562200994150565	6.0	6	6
59.662305533636534	6.0	6	6
59.7624100731225	5.0	5	5
59.86251461260847	4.0	4	4
59.96261915209444	4.0	4	4
60.0627236915804	4.0	4	4
60.16282823106637	4.0	4	4
60.26293277055234	4.0	4	4
60.36303731003831	5.0	5	5
60.46314184952428	5.0	5	5
60.56324638901024	5.0	5	5
60.66335092849621	5.0	5	5
60.763455467982176	5.0	5	5
60.863560007468145	5.0	5	5
60.963664546954114	6.0	6	6
61.063769086440075	6.0	6	6
61.163873625926044	6.0	6	6
61.26397816541201	6.0	6	6
61.36408270489798	6.0	6	6
61.46418724438395	6.0	6	6
61.56429178386991	6.0	6	6
61.66439632335588	6.0	6	6
61.76450086284185	6.0	6	6
61.86460540232782	6.0	6	6
61.96470994181379	7.0	7	7
62.06481448129975	7.0	7	7
62.16491902078572	7.0	7	7
62.265023560271686	7.0	7	7
62.365128099757655	7.0	7	7
62.465232639243624	7.0	7	7
62.565337178729585	7.0	7	7
62.665441718215554	7.0	7	7
62.76554625770152	7.0	7	7
62.86565079718749	7.0	7	7
62.96575533667346	7.0	7	7
63.06585987615942	7.0	7	7
63.16596441564539	7.0	7	7
63.26606895513136	7.0	7	7
63.36617349461733	7.0	7	7
63.4662780341033	7.0	7	7
63.56638257358926	7.0	7	7
63.66648711307523	7.0	7	7
63.766591652561196	7.0	7	7
63.866696192047165	7.0	7	7
63.966800731533134	7.0	7	7
64.0669052710191	7.0	7	7
64.16700981050506	7.0	7	7
64.26711434999103	7.0	7	7
64.367218889477	7.0	7	7
64.46732342896297	7.0	7	7
64.56742796844894	7.0	7	7
64.66753250793491	7.0	7	7
64.76763704742088	7.0	7	7
64.86774158690683	7.0	7	7
64.9678461263928	7.0	7	7
65.06795066587877	7.0	7	7
65.16805520536474	8.0	8	8
65.2681597448507	9.0	9	9
65.36826428433668	12.0	12	12
65.46836882382264	13.0	13	13
65.56847336330861	14.0	14	14
65.66857790279458	14.0	14	14
65.76868244228055	14.0	14	14
65.8687869817665	14.0	14	14
65.96889152125247	14.0	14	14
66.06899606073844	16.0	16	16
66.16910060022441	16.0	16	16
66.26920513971038	18.0	18	18
66.36930967919635	17.0	17	17
66.46941421868232	19.0	19	19
66.56951875816829	19.0	19	19
66.66962329765425	19.0	19	19
66.76972783714022	19.0	19	19
66.86983237662618	18.0	18	18
66.96993691611215	18.0	18	18
67.07004145559812	18.0	18	18
67.17014599508408	18.0	18	18
67.27025053457005	18.0	18	18
67.37035507405602	18.0	18	18
67.47045961354199	18.0	18	18
67.57056415302796	18.0	18	18
67.67066869251393	18.0	18	18
67.7707732319999	19.0	19	19
67.87087777148585	19.0	19	19
67.97098231097182	18.0	18	18
68.07108685045779	18.0	18	18
68.17119138994376	18.0	18	18
68.27129592942973	17.0	17	17
68.3714004689157	17.0	17	17
68.47150500840166	17.0	17	17
68.57160954788763	17.0	17	17
68.6717140873736	17.0	17	17
68.77181862685957	17.0	17	17
68.87192316634552	18.0	18	18
68.9720277058315	19.0	19	19
69.07213224531746	19.0	19	19
69.17223678480343	19.0	19	19
69.2723413242894	19.0	19	19
69.37244586377537	19.0	19	19
69.47255040326134	19.0	19	19
69.5726549427473	20.0	20	20
69.67275948223327	20.0	20	20
69.77286402171924	19.0	19	19
69.8729685612052	19.0	19	19
69.97307310069117	19.0	19	19
70.07317764017714	19.0	19	19
70.1732821796631	19.0	19	19
70.27338671914907	19.0	19	19
70.37349125863504	21.0	21	21
70.47359579812101	19.0	19	19
70.57370033760698	18.0	18	18
70.67380487709295	18.0	18	18
70.77390941657892	18.0	18	18
70.87401395606487	17.0	17	17
70.97411849555084	17.0	17	17
71.07422303503681	18.0	18	18
71.17432757452278	18.0	18	18
71.27443211400875	18.0	18	18
71.37453665349472	18.0	18	18
71.47464119298068	17.0	17	17
71.57474573246665	16.0	16	16
71.67485027195262	17.0	17	17
71.77495481143859	17.0	17	17
71.87505935092454	17.0	17	17
71.97516389041051	17.0	17	17
72.07526842989648	17.0	17	17
72.17537296938245	17.0	17	17
72.27547750886842	18.0	18	18
72.37558204835439	18.0	18	18
72.47568658784036	18.0	18	18
72.57579112732633	18.0	18	18
72.6758956668123	18.0	18	18
72.77600020629826	17.0	17	17
72.87610474578422	17.0	17	17
72.97620928527019	16.0	16	16
73.07631382475616	14.0	14	14
73.17641836424212	13.0	13	13
73.2765229037281	14.0	14	14
73.37662744321406	14.0	14	14
73.47673198270003	14.0	14	14
73.576836522186	14.0	14	14
73.67694106167197	14.0	14	14
73.77704560115794	14.0	14	14
73.87715014064389	14.0	14	14
73.97725468012986	14.0	14	14
74.07735921961583	14.0	14	14
74.1774637591018	14.0	14	14
74.27756829858777	14.0	14	14
74.37767283807374	14.0	14	14
74.4777773775597	14.0	14	14
74.57788191704567	14.0	14	14
74.67798645653164	14.0	14	14
74.77809099601761	14.0	14	14
74.87819553550356	14.0	14	14
74.97830007498953	14.0	14	14
75.0784046144755	14.0	14	14
75.17850915396147	14.0	14	14
75.27861369344744	14.0	14	14
75.37871823293341	14.0	14	14
75.47882277241938	14.0	14	14
75.57892731190535	14.0	14	14
75.67903185139131	14.0	14	14
75.77913639087728	14.0	14	14
75.87924093036324	14.0	14	14
75.9793454698492	14.0	14	14
76.07945000933518	14.0	14	14
76.17955454882114	14.0	14	14
76.27965908830711	14.0	14	14
76.37976362779308	14.0	14	14
76.47986816727905	14.0	14	14
76.57997270676502	15.0	15	15
76.68007724625099	15.0	15	15
76.78018178573696	14.0	14	14
76.88028632522293	14.0	14	14
76.98039086470888	14.0	14	14
77.08049540419485	14.0	14	14
77.18059994368082	14.0	14	14
77.28070448316679	14.0	14	14
77.38080902265276	14.0	14	14
77.48091356213872	14.0	14	14
77.5810181016247	14.0	14	14
77.68112264111066	14.0	14	14
77.78122718059663	13.0	13	13
77.8813317200826	13.0	13	13
77.98143625956855	13.0	13	13
78.08154079905452	13.0	13	13
78.18164533854049	13.0	13	13
78.28174987802646	13.0	13	13
78.38185441751243	12.0	12	12
78.4819589569984	12.0	12	12
78.58206349648437	12.0	12	12
78.68216803597034	12.0	12	12
78.7822725754563	12.0	12	12
78.88237711494227	12.0	12	12
78.98248165442823	12.0	12	12
79.0825861939142	11.0	11	11
79.18269073340016	11.0	11	11
79.28279527288613	11.0	11	11
79.3828998123721	11.0	11	11
79.48300435185807	11.0	11	11
79.58310889134404	10.0	10	10
79.68321343083001	10.0	10	10
79.78331797031598	10.0	10	10
79.88342250980195	10.0	10	10
79.9835270492879	10.0	10	10
80.08363158877387	10.0	10	10
80.18373612825984	11.0	11	11
80.2838406677458	11.0	11	11
80.38394520723178	11.0	11	11
80.48404974671774	11.0	11	11
80.58415428620371	11.0	11	11
80.68425882568968	11.0	11	11
80.78436336517565	11.0	11	11
80.88446790466162	11.0	11	11
80.98457244414757	11.0	11	11
81.08467698363354	10.0	10	10
81.18478152311951	10.0	10	10
81.28488606260548	10.0	10	10
81.38499060209145	10.0	10	10
81.48509514157742	10.0	10	10
81.58519968106339	10.0	10	10
81.68530422054936	10.0	10	10
81.78540876003532	10.0	10	10
81.88551329952129	10.0	10	10
81.98561783900725	10.0	10	10
82.08572237849322	10.0	10	10
82.18582691797918	10.0	10	10
82.28593145746515	9.0	9	9
82.38603599695112	9.0	9	9
82.48614053643709	10.0	10	10
82.58624507592306	10.0	10	10
82.68634961540903	10.0	10	10
82.786454154895	10.0	10	10
82.88655869438097	10.0	10	10
82.98666323386692	11.0	11	11
83.08676777335289	11.0	11	11
83.18687231283886	11.0	11	11
83.28697685232483	11.0	11	11
83.3870813918108	10.0	10	10
83.48718593129676	10.0	10	10
83.58729047078273	10.0	10	10
83.6873950102687	11.0	11	11
83.78749954975467	13.0	13	13
83.88760408924064	12.0	12	12
83.9877086287266	11.0	11	11
84.08781316821256	11.0	11	11
84.18791770769853	11.0	11	11
84.2880222471845	12.0	12	12
84.38812678667047	12.0	12	12
84.48823132615644	11.0	11	11
84.5883358656424	11.0	11	11
84.68844040512838	11.0	11	11
84.78854494461434	11.0	11	11
84.88864948410031	11.0	11	11
84.98875402358627	12.0	12	12
85.08885856307224	12.0	12	12
85.1889631025582	11.0	11	11
85.28906764204417	10.0	10	10
85.38917218153014	10.0	10	10
85.48927672101611	10.0	10	10
85.58938126050208	10.0	10	10
85.68948579998805	10.0	10	10
85.78959033947402	9.0	9	9
85.88969487895999	9.0	9	9
85.98979941844594	9.0	9	9
86.08990395793191	9.0	9	9
86.19000849741788	9.0	9	9
86.29011303690385	9.0	9	9
86.39021757638982	7.0	7	7
86.49032211587578	6.0	6	6
86.59042665536175	6.0	6	6
86.69053119484772	6.0	6	6
86.79063573433369	5.0	5	5
86.89074027381966	5.0	5	5
86.99084481330561	5.0	5	5
87.09094935279158	5.0	5	5
87.19105389227755	5.0	5	5
87.29115843176352	5.0	5	5
87.39126297124949	5.0	5	5
87.49136751073546	5.0	5	5
87.59147205022143	5.0	5	5
87.6915765897074	5.0	5	5
87.79168112919336	5.0	5	5
87.89178566867933	5.0	5	5
87.99189020816529	5.0	5	5
88.09199474765126	5.0	5	5
88.19209928713722	5.0	5	5
88.2922038266232	5.0	5	5
88.39230836610916	5.0	5	5
88.49241290559513	5.0	5	5
88.5925174450811	6.0	6	6
88.69262198456707	6.0	6	6
88.79272652405304	5.0	5	5
88.892831063539	5.0	5	5
88.99293560302496	5.0	5	5
89.09304014251093	5.0	5	5
89.1931446819969	5.0	5	5
89.29324922148287	5.0	5	5
89.39335376096884	6.0	6	6
89.4934583004548	6.0	6	6
89.59356283994077	6.0	6	6
89.69366737942674	6.0	6	6
89.79377191891271	6.0	6	6
89.89387645839868	7.0	7	7
89.99398099788463	8.0	8	8
90.0940855373706	8.0	8	8
90.19419007685657	8.0	8	8
90.29429461634254	8.0	8	8
90.39439915582851	8.0	8	8
90.49450369531448	8.0	8	8
90.59460823480045	7.0	7	7
90.69471277428642	6.0	6	6
90.79481731377238	6.0	6	6
90.89492185325835	6.0	6	6
90.99502639274431	5.0	5	5
91.09513093223028	5.0	5	5
91.19523547171625	5.0	5	5
91.29534001120221	5.0	5	5
91.39544455068818	5.0	5	5
91.49554909017415	7.0	7	7
91.59565362966012	7.0	7	7
91.69575816914609	7.0	7	7
91.79586270863206	7.0	7	7
91.89596724811803	7.0	7	7
91.99607178760398	7.0	7	7
92.09617632708995	7.0	7	7
92.19628086657592	7.0	7	7
92.29638540606189	7.0	7	7
92.39648994554786	7.0	7	7
92.49659448503382	6.0	6	6
92.5966990245198	5.0	5	5
92.69680356400576	3.0	3	3
92.79690810349173	3.0	3	3
92.8970126429777	3.0	3	3
92.99711718246365	3.0	3	3
93.09722172194962	3.0	3	3
93.19732626143559	3.0	3	3
93.29743080092156	3.0	3	3
93.39753534040753	3.0	3	3
93.4976398798935	3.0	3	3
93.59774441937947	3.0	3	3
93.69784895886544	3.0	3	3
93.7979534983514	3.0	3	3
93.89805803783737	3.0	3	3
93.99816257732333	4.0	4	4
94.0982671168093	5.0	5	5
94.19837165629527	5.0	5	5
94.29847619578123	5.0	5	5
94.3985807352672	5.0	5	5
94.49868527475317	5.0	5	5
94.59878981423914	6.0	6	6
94.69889435372511	6.0	6	6
94.79899889321108	6.0	6	6
94.89910343269705	5.0	5	5
94.999207972183	7.0	7	7
95.09931251166897	6.0	6	6
95.19941705115494	6.0	6	6
95.29952159064091	6.0	6	6
95.39962613012688	6.0	6	6
95.49973066961284	7.0	7	7
95.59983520909881	7.0	7	7
95.69993974858478	5.0	5	5
95.80004428807075	5.0	5	5
95.90014882755672	5.0	5	5
96.00025336704267	3.0	3	3
96.10035790652864	3.0	3	3
96.20046244601461	3.0	3	3
96.30056698550058	3.0	3	3
96.40067152498655	3.0	3	3
96.50077606447252	3.0	3	3
96.60088060395849	3.0	3	3
96.70098514344446	3.0	3	3
96.80108968293042	3.0	3	3
96.9011942224164	3.0	3	3
97.00129876190235	3.0	3	3
97.10140330138832	3.0	3	3
97.20150784087429	3.0	3	3
97.30161238036025	3.0	3	3
97.40171691984622	3.0	3	3
97.50182145933219	3.0	3	3
97.60192599881816	3.0	3	3
97.70203053830413	3.0	3	3
97.8021350777901	4.0	4	4
97.90223961727607	4.0	4	4
98.00234415676202	4.0	4	4
98.10244869624799	4.0	4	4
98.20255323573396	4.0	4	4
98.30265777521993	4.0	4	4
98.4027623147059	4.0	4	4
98.50286685419186	4.0	4	4
98.60297139367783	4.0	4	4
98.7030759331638	4.0	4	4
98.80318047264977	3.0	3	3
98.90328501213574	3.0	3	3
99.0033895516217	3.0	3	3
99.10349409110766	3.0	3	3
99.20359863059363	3.0	3	3
99.3037031700796	3.0	3	3
99.40380770956557	4.0	4	4
99.50391224905154	5.0	5	5
99.6040167885375	5.0	5	5
99.70412132802348	5.0	5	5
99.80422586750944	5.0	5	5
99.90433040699541	5.0	5	5
100.00443494648137	6.0	6	6
100.10453948596734	6.0	6	6
100.2046440254533	6.0	6	6
100.30474856493927	6.0	6	6
100.40485310442524	6.0	6	6
100.50495764391121	6.0	6	6
100.60506218339718	6.0	6	6
100.70516672288315	6.0	6	6
100.80527126236912	6.0	6	6
100.90537580185509	5.0	5	5
101.00548034134104	5.0	5	5
101.10558488082701	5.0	5	5
101.20568942031298	5.0	5	5
101.30579395979895	5.0	5	5
101.40589849928492	5.0	5	5
101.50600303877088	5.0	5	5
101.60610757825685	5.0	5	5
101.70621211774282	5.0	5	5
101.80631665722879	5.0	5	5
101.90642119671476	5.0	5	5
102.00652573620071	5.0	5	5
102.10663027568668	5.0	5	5
102.20673481517265	5.0	5	5
102.30683935465862	5.0	5	5
102.40694389414459	5.0	5	5
102.50704843363056	5.0	5	5
102.60715297311653	5.0	5	5
102.7072575126025	5.0	5	5
102.80736205208846	5.0	5	5
102.90746659157443	5.0	5	5
103.0075711310604	5.0	5	5
103.10767567054636	5.0	5	5
103.20778021003233	5.0	5	5
103.3078847495183	5.0	5	5
103.40798928900426	5.0	5	5
103.50809382849023	5.0	5	5
103.6081983679762	5.0	5	5
103.70830290746217	5.0	5	5
103.80840744694814	5.0	5	5
103.9085119864341	5.0	5	5
104.00861652592008	5.0	5	5
104.10872106540603	5.0	5	5
104.208825604892	5.0	5	5
104.30893014437797	5.0	5	5
104.40903468386394	5.0	5	5
104.5091392233499	5.0	5	5
104.60924376283587	5.0	5	5
104.70934830232184	5.0	5	5
104.80945284180781	5.0	5	5
104.90955738129378	5.0	5	5
105.00966192077975	5.0	5	5
105.1097664602657	5.0	5	5
105.20987099975167	5.0	5	5
105.30997553923764	5.0	5	5
105.41008007872361	5.0	5	5
105.51018461820958	5.0	5	5
105.61028915769555	5.0	5	5
105.71039369718152	5.0	5	5
105.81049823666748	5.0	5	5
105.91060277615345	5.0	5	5
106.01070731563942	5.0	5	5
106.11081185512538	5.0	5	5
106.21091639461135	5.0	5	5
106.31102093409731	5.0	5	5
106.41112547358328	5.0	5	5
106.51123001306925	5.0	5	5
106.61133455255522	5.0	5	5
106.71143909204119	5.0	5	5
106.81154363152716	5.0	5	5
106.91164817101313	5.0	5	5
107.0117527104991	5.0	5	5
107.11185724998505	5.0	5	5
107.21196178947102	5.0	5	5
107.31206632895699	5.0	5	5
107.41217086844296	5.0	5	5
107.51227540792893	4.0	4	4
107.6123799474149	4.0	4	4
107.71248448690086	4.0	4	4
107.81258902638683	4.0	4	4
107.9126935658728	4.0	4	4
108.01279810535877	4.0	4	4
108.11290264484472	4.0	4	4
108.21300718433069	4.0	4	4
108.31311172381666	4.0	4	4
108.41321626330263	4.0	4	4
108.5133208027886	4.0	4	4
108.61342534227457	4.0	4	4
108.71352988176054	4.0	4	4
108.8136344212465	4.0	4	4
108.91373896073247	4.0	4	4
109.01384350021844	4.0	4	4
109.1139480397044	4.0	4	4
109.21405257919037	4.0	4	4
109.31415711867633	4.0	4	4
109.4142616581623	4.0	4	4
109.51436619764827	4.0	4	4
109.61447073713424	4.0	4	4
109.71457527662021	4.0	4	4
109.81467981610618	4.0	4	4
109.91478435559215	4.0	4	4
110.01488889507812	4.0	4	4
110.11499343456407	4.0	4	4
110.21509797405004	4.0	4	4
110.31520251353601	4.0	4	4
110.41530705302198	4.0	4	4
110.51541159250795	4.0	4	4
110.61551613199391	4.0	4	4
110.71562067147988	4.0	4	4
110.81572521096585	4.0	4	4
110.91582975045182	4.0	4	4
111.01593428993779	4.0	4	4
111.11603882942374	4.0	4	4
111.21614336890971	4.0	4	4
111.31624790839568	4.0	4	4
111.41635244788165	4.0	4	4
111.51645698736762	4.0	4	4
111.61656152685359	4.0	4	4
111.71666606633956	4.0	4	4
111.81677060582552	4.0	4	4
111.9168751453115	4.0	4	4
112.01697968479746	4.0	4	4
112.11708422428342	4.0	4	4
112.21718876376939	4.0	4	4
112.31729330325535	4.0	4	4
112.41739784274132	4.0	4	4
112.51750238222729	3.0	3	3
112.61760692171326	3.0	3	3
112.71771146119923	3.0	3	3
112.8178160006852	3.0	3	3
112.91792054017117	3.0	3	3
113.01802507965714	3.0	3	3
113.11812961914309	3.0	3	3
113.21823415862906	3.0	3	3
113.31833869811503	2.0	2	2
113.418443237601	2.0	2	2
113.51854777708697	2.0	2	2
113.61865231657293	2.0	2	2
113.7187568560589	2.0	2	2
113.81886139554487	2.0	2	2
113.91896593503084	2.0	2	2
114.01907047451681	2.0	2	2
114.11917501400276	2.0	2	2
114.21927955348873	1.0	1	1
114.3193840929747	1.0	1	1
114.41948863246067	1.0	1	1
114.51959317194664	1.0	1	1
114.61969771143261	1.0	1	1
114.71980225091858	1.0	1	1
114.81990679040454	1.0	1	1
114.92001132989051	1.0	1	1
115.02011586937648	1.0	1	1
115.12022040886244	0.0	0	0
115.2203249483484	0.0	0	0
115.32042948783437	0.0	0	0
115.42053402732034	0.0	0	0
115.52063856680631	0.0	0	0
115.62074310629228	0.0	0	0
115.72084764577825	0.0	0	0
115.82095218526422	0.0	0	0
115.92105672475019	0.0	0	0
116.02116126423616	0.0	0	0
116.12126580372211	0.0	0	0
116.22137034320808	0.0	0	0
116.32147488269405	0.0	0	0
116.42157942218002	0.0	0	0
116.52168396166599	0.0	0	0
116.62178850115195	0.0	0	0
116.72189304063792	0.0	0	0
116.82199758012389	0.0	0	0
116.92210211960986	0.0	0	0
117.02220665909583	0.0	0	0
117.12231119858178	0.0	0	0
117.22241573806775	0.0	0	0
117.32252027755372	0.0	0	0
117.42262481703969	0.0	0	0
117.52272935652566	0.0	0	0
117.62283389601163	0.0	0	0
117.7229384354976	0.0	0	0
117.82304297498357	0.0	0	0
117.92314751446953	0.0	0	0
118.0232520539555	0.0	0	0
118.12335659344146	0.0	0	0
118.22346113292743	0.0	0	0
118.3235656724134	0.0	0	0
118.42367021189936	0.0	0	0
118.52377475138533	0.0	0	0
118.6238792908713	0.0	0	0
118.72398383035727	0.0	0	0
118.82408836984324	0.0	0	0
118.92419290932921	0.0	0	0
119.02429744881518	0.0	0	0
119.12440198830113	0.0	0	0
119.2245065277871	0.0	0	0
119.32461106727307	0.0	0	0
119.42471560675904	0.0	0	0
119.524820146245	0.0	0	0
119.62492468573097	0.0	0	0
119.72502922521694	0.0	0	0
119.82513376470291	0.0	0	0
119.92523830418888	1.0	1	1
120.02534284367485	1.0	1	1
120.1254473831608	1.0	1	1
120.22555192264677	1.0	1	1
120.32565646213274	1.0	1	1
120.42576100161871	1.0	1	1
120.52586554110468	1.0	1	1
120.62597008059065	1.0	1	1
120.72607462007662	1.0	1	1
120.82617915956259	1.0	1	1
120.92628369904855	1.0	1	1
121.02638823853452	1.0	1	1
121.12649277802048	1.0	1	1
121.22659731750645	1.0	1	1
121.32670185699241	1.0	1	1
121.42680639647838	1.0	1	1
121.52691093596435	1.0	1	1
121.62701547545032	1.0	1	1
121.72712001493629	1.0	1	1
121.82722455442226	1.0	1	1
121.92732909390823	1.0	1	1
122.0274336333942	1.0	1	1
122.12753817288015	1.0	1	1
122.22764271236612	1.0	1	1
122.32774725185209	0.0	0	0
122.42785179133806	0.0	0	0
122.52795633082403	0.0	0	0
122.62806087031	0.0	0	0
122.72816540979596	0.0	0	0
122.82826994928193	0.0	0	0
122.9283744887679	0.0	0	0
123.02847902825387	0.0	0	0
123.12858356773982	0.0	0	0
123.22868810722579	0.0	0	0
123.32879264671176	0.0	0	0
123.42889718619773	0.0	0	0
123.5290017256837	0.0	0	0
123.62910626516967	0.0	0	0
123.72921080465564	0.0	0	0
123.8293153441416	0.0	0	0
123.92941988362757	0.0	0	0
124.02952442311354	0.0	0	0
124.1296289625995	0.0	0	0
124.22973350208547	0.0	0	0
124.32983804157143	0.0	0	0
124.4299425810574	0.0	0	0
124.53004712054337	0.0	0	0
124.63015166002934	0.0	0	0
124.73025619951531	0.0	0	0
124.83036073900128	0.0	0	0
124.93046527848725	0.0	0	0
125.03056981797322	0.0	0	0
125.13067435745917	0.0	0	0
125.23077889694514	0.0	0	0
125.33088343643111	1.0	1	1
125.43098797591708	1.0	1	1
125.53109251540305	1.0	1	1
125.63119705488901	1.0	1	1
125.73130159437498	1.0	1	1
125.83140613386095	1.0	1	1
125.93151067334692	1.0	1	1
126.03161521283289	1.0	1	1
126.13171975231884	1.0	1	1
126.23182429180481	1.0	1	1
126.33192883129078	1.0	1	1
126.43203337077675	1.0	1	1
126.53213791026272	1.0	1	1
126.63224244974869	1.0	1	1
126.73234698923466	1.0	1	1
126.83245152872063	1.0	1	1
126.9325560682066	1.0	1	1
127.03266060769256	1.0	1	1
127.13276514717852	1.0	1	1
127.23286968666449	1.0	1	1
127.33297422615045	1.0	1	1
127.43307876563642	1.0	1	1
127.53318330512239	1.0	1	1
127.63328784460836	1.0	1	1
127.73339238409433	0.0	0	0
127.8334969235803	0.0	0	0
127.93360146306627	0.0	0	0
128.03370600255224	0.0	0	0
128.1338105420382	0.0	0	0
128.23391508152417	0.0	0	0
128.33401962101013	0.0	0	0
128.4341241604961	0.0	0	0
128.53422869998207	1.0	1	1
128.63433323946805	2.0	2	2
128.734437778954	2.0	2	2
128.83454231843996	2.0	2	2
128.93464685792594	2.0	2	2
129.0347513974119	2.0	2	2
129.13485593689788	2.0	2	2
129.23496047638383	2.0	2	2
129.33506501586982	2.0	2	2
129.43516955535577	3.0	3	3
129.53527409484175	3.0	3	3
129.6353786343277	3.0	3	3
129.73548317381366	3.0	3	3
129.83558771329965	3.0	3	3
129.9356922527856	3.0	3	3
130.03579679227158	3.0	3	3
130.13590133175754	3.0	3	3
130.23600587124352	3.0	3	3
130.33611041072948	3.0	3	3
130.43621495021546	3.0	3	3
130.5363194897014	3.0	3	3
130.6364240291874	3.0	3	3
130.73652856867335	2.0	2	2
130.8366331081593	2.0	2	2
130.9367376476453	2.0	2	2
131.03684218713124	2.0	2	2
131.13694672661723	2.0	2	2
131.23705126610318	2.0	2	2
131.33715580558916	2.0	2	2
131.43726034507512	2.0	2	2
131.5373648845611	2.0	2	2
131.63746942404705	2.0	2	2
131.737573963533	1.0	1	1
131.837678503019	1.0	1	1
131.93778304250495	1.0	1	1
132.03788758199093	1.0	1	1
132.13799212147688	1.0	1	1
132.23809666096287	1.0	1	1
132.33820120044882	1.0	1	1
132.4383057399348	1.0	1	1
132.53841027942076	1.0	1	1
132.63851481890674	1.0	1	1
132.7386193583927	1.0	1	1
132.83872389787865	1.0	1	1
132.93882843736463	1.0	1	1
133.0389329768506	1.0	1	1
133.13903751633657	1.0	1	1
133.23914205582253	1.0	1	1
133.3392465953085	1.0	1	1
133.43935113479446	1.0	1	1
133.53945567428045	1.0	1	1
133.6395602137664	0.0	0	0
133.73966475325236	0.0	0	0
133.83976929273834	0.0	0	0
133.9398738322243	0.0	0	0
134.03997837171028	0.0	0	0
134.14008291119623	1.0	1	1
134.2401874506822	1.0	1	1
134.34029199016817	1.0	1	1
134.44039652965415	1.0	1	1
134.5405010691401	1.0	1	1
134.6406056086261	1.0	1	1
134.74071014811204	1.0	1	1
134.840814687598	1.0	1	1
134.94091922708398	1.0	1	1
135.04102376656994	1.0	1	1
135.14112830605592	1.0	1	1
135.24123284554187	1.0	1	1
135.34133738502786	1.0	1	1
135.4414419245138	1.0	1	1
135.5415464639998	1.0	1	1
135.64165100348575	1.0	1	1
135.7417555429717	2.0	2	2
135.84186008245769	2.0	2	2
135.94196462194364	2.0	2	2
136.04206916142962	2.0	2	2
136.14217370091558	2.0	2	2
136.24227824040156	2.0	2	2
136.34238277988752	3.0	3	3
136.4424873193735	3.0	3	3
136.54259185885945	3.0	3	3
136.64269639834544	3.0	3	3
136.7428009378314	3.0	3	3
136.84290547731734	3.0	3	3
136.94301001680333	3.0	3	3
137.04311455628928	3.0	3	3
137.14321909577527	3.0	3	3
137.24332363526122	3.0	3	3
137.3434281747472	3.0	3	3
137.44353271423316	4.0	4	4
137.54363725371914	4.0	4	4
137.6437417932051	4.0	4	4
137.74384633269105	4.0	4	4
137.84395087217703	4.0	4	4
137.944055411663	4.0	4	4
138.04415995114897	4.0	4	4
138.14426449063492	3.0	3	3
138.2443690301209	3.0	3	3
138.34447356960686	3.0	3	3
138.44457810909284	3.0	3	3
138.5446826485788	3.0	3	3
138.64478718806478	2.0	2	2
138.74489172755074	2.0	2	2
138.8449962670367	2.0	2	2
138.94510080652267	2.0	2	2
139.04520534600863	2.0	2	2
139.1453098854946	3.0	3	3
139.24541442498057	3.0	3	3
139.34551896446655	3.0	3	3
139.4456235039525	3.0	3	3
139.5457280434385	3.0	3	3
139.64583258292444	3.0	3	3
139.7459371224104	2.0	2	2
139.84604166189638	1.0	1	1
139.94614620138233	1.0	1	1
140.04625074086832	1.0	1	1
140.14635528035427	1.0	1	1
140.24645981984025	1.0	1	1
140.3465643593262	1.0	1	1
140.4466688988122	1.0	1	1
140.54677343829815	1.0	1	1
140.64687797778413	1.0	1	1
140.74698251727008	1.0	1	1
140.84708705675604	1.0	1	1
140.94719159624202	1.0	1	1
141.04729613572798	1.0	1	1
141.14740067521396	1.0	1	1
141.2475052146999	1.0	1	1
141.3476097541859	1.0	1	1
141.44771429367185	1.0	1	1
141.54781883315783	1.0	1	1
141.6479233726438	1.0	1	1
141.74802791212974	1.0	1	1
141.84813245161573	1.0	1	1
141.94823699110168	1.0	1	1
142.04834153058766	1.0	1	1
142.14844607007362	1.0	1	1
142.2485506095596	1.0	1	1
142.34865514904556	1.0	1	1
142.44875968853154	1.0	1	1
142.5488642280175	1.0	1	1
142.64896876750348	1.0	1	1
142.74907330698943	1.0	1	1
142.84917784647538	1.0	1	1
142.94928238596137	1.0	1	1
143.04938692544732	1.0	1	1
143.1494914649333	1.0	1	1
143.24959600441926	1.0	1	1
143.34970054390524	1.0	1	1
143.4498050833912	1.0	1	1
143.54990962287718	1.0	1	1
143.65001416236314	1.0	1	1
143.7501187018491	1.0	1	1
143.85022324133507	1.0	1	1
143.95032778082103	1.0	1	1
144.050432320307	1.0	1	1
144.15053685979296	1.0	1	1
144.25064139927895	1.0	1	1
144.3507459387649	1.0	1	1
144.45085047825089	1.0	1	1
144.55095501773684	1.0	1	1
144.65105955722282	1.0	1	1
144.75116409670878	1.0	1	1
144.85126863619473	1.0	1	1
144.95137317568071	1.0	1	1
145.05147771516667	1.0	1	1
145.15158225465265	2.0	2	2
145.2516867941386	2.0	2	2
145.3517913336246	2.0	2	2
145.45189587311054	2.0	2	2
145.55200041259653	2.0	2	2
145.65210495208248	2.0	2	2
145.75220949156844	2.0	2	2
145.85231403105442	2.0	2	2
145.95241857054037	2.0	2	2
146.05252311002636	2.0	2	2
146.1526276495123	2.0	2	2
146.2527321889983	2.0	2	2
146.35283672848425	2.0	2	2
146.45294126797023	2.0	2	2
146.5530458074562	2.0	2	2
146.65315034694217	2.0	2	2
146.75325488642812	2.0	2	2
146.85335942591408	2.0	2	2
146.95346396540006	2.0	2	2
147.05356850488602	2.0	2	2
147.153673044372	2.0	2	2
147.25377758385795	2.0	2	2
147.35388212334394	2.0	2	2
147.4539866628299	2.0	2	2
147.55409120231587	2.0	2	2
147.65419574180183	2.0	2	2
147.75430028128778	2.0	2	2
147.85440482077377	2.0	2	2
147.95450936025972	2.0	2	2
148.0546138997457	2.0	2	2
148.15471843923166	2.0	2	2
148.25482297871764	2.0	2	2
148.3549275182036	2.0	2	2
148.45503205768958	2.0	2	2
148.55513659717553	2.0	2	2
148.65524113666152	2.0	2	2
148.75534567614747	2.0	2	2
148.85545021563343	2.0	2	2
148.9555547551194	2.0	2	2
149.05565929460536	2.0	2	2
149.15576383409135	2.0	2	2
149.2558683735773	2.0	2	2
149.35597291306328	2.0	2	2
149.45607745254924	2.0	2	2
149.55618199203522	2.0	2	2
149.65628653152118	2.0	2	2
149.75639107100713	2.0	2	2
149.8564956104931	2.0	2	2
149.95660014997907	2.0	2	2
150.05670468946505	2.0	2	2
150.156809228951	2.0	2	2
150.256913768437	2.0	2	2
150.35701830792294	2.0	2	2
150.45712284740893	2.0	2	2
150.55722738689488	2.0	2	2
150.65733192638086	3.0	3	3
150.75743646586682	3.0	3	3
150.85754100535277	3.0	3	3
150.95764554483875	3.0	3	3
151.0577500843247	3.0	3	3
151.1578546238107	3.0	3	3
151.25795916329665	3.0	3	3
151.35806370278263	3.0	3	3
151.45816824226858	3.0	3	3
151.55827278175457	3.0	3	3
151.65837732124052	3.0	3	3
151.75848186072648	3.0	3	3
151.85858640021246	3.0	3	3
151.9586909396984	3.0	3	3
152.0587954791844	3.0	3	3
152.15890001867035	3.0	3	3
152.25900455815633	3.0	3	3
152.3591090976423	3.0	3	3
152.45921363712827	3.0	3	3
152.55931817661423	2.0	2	2
152.6594227161002	2.0	2	2
152.75952725558616	2.0	2	2
152.85963179507212	2.0	2	2
152.9597363345581	2.0	2	2
153.05984087404406	2.0	2	2
153.15994541353004	2.0	2	2
153.260049953016	2.0	2	2
153.36015449250198	2.0	2	2
153.46025903198793	2.0	2	2
153.5603635714739	2.0	2	2
153.66046811095987	2.0	2	2
153.76057265044585	2.0	2	2
153.8606771899318	2.0	2	2
153.96078172941776	2.0	2	2
154.06088626890374	2.0	2	2
154.1609908083897	2.0	2	2
154.26109534787568	2.0	2	2
154.36119988736164	2.0	2	2
154.46130442684762	2.0	2	2
154.56140896633357	2.0	2	2
154.66151350581956	2.0	2	2
154.7616180453055	2.0	2	2
154.86172258479147	1.0	1	1
154.96182712427745	1.0	1	1
155.0619316637634	1.0	1	1
155.1620362032494	1.0	1	1
155.26214074273534	1.0	1	1
155.36224528222132	1.0	1	1
155.46234982170728	1.0	1	1
155.56245436119326	1.0	1	1
155.66255890067922	1.0	1	1
155.7626634401652	1.0	1	1
155.86276797965115	1.0	1	1
155.9628725191371	1.0	1	1
156.0629770586231	1.0	1	1
156.16308159810904	1.0	1	1
156.26318613759503	1.0	1	1
156.36329067708098	0.0	0	0
156.46339521656697	0.0	0	0
156.56349975605292	0.0	0	0
156.6636042955389	0.0	0	0
156.76370883502486	0.0	0	0
156.8638133745108	0.0	0	0
156.9639179139968	0.0	0	0
157.06402245348275	0.0	0	0
157.16412699296873	0.0	0	0
157.2642315324547	0.0	0	0
157.36433607194067	0.0	0	0
157.46444061142662	0.0	0	0
157.5645451509126	0.0	0	0
157.66464969039856	0.0	0	0
157.76475422988455	0.0	0	0
157.8648587693705	0.0	0	0
157.96496330885645	0.0	0	0
158.06506784834244	0.0	0	0
158.1651723878284	0.0	0	0
158.26527692731437	0.0	0	0
158.36538146680033	0.0	0	0
158.4654860062863	0.0	0	0
158.56559054577227	0.0	0	0
158.66569508525825	0.0	0	0
158.7657996247442	0.0	0	0
158.86590416423016	0.0	0	0
158.96600870371614	0.0	0	0
159.0661132432021	0.0	0	0
159.16621778268808	0.0	0	0
159.26632232217403	0.0	0	0
159.36642686166002	0.0	0	0
159.46653140114597	0.0	0	0
159.56663594063195	1.0	1	1
159.6667404801179	1.0	1	1
159.7668450196039	1.0	1	1
159.86694955908985	1.0	1	1
159.9670540985758	1.0	1	1
160.06715863806178	1.0	1	1
160.16726317754774	1.0	1	1
160.26736771703372	1.0	1	1
160.36747225651968	1.0	1	1
160.46757679600566	1.0	1	1
160.5676813354916	1.0	1	1
160.6677858749776	1.0	1	1
160.76789041446355	1.0	1	1
160.8679949539495	1.0	1	1
160.9680994934355	1.0	1	1
161.06820403292144	1.0	1	1
161.16830857240743	1.0	1	1
161.26841311189338	1.0	1	1
161.36851765137936	1.0	1	1
161.46862219086532	1.0	1	1
161.5687267303513	1.0	1	1
161.66883126983726	1.0	1	1
161.76893580932324	1.0	1	1
161.8690403488092	1.0	1	1
161.96914488829515	1.0	1	1
162.06924942778113	2.0	2	2
162.16935396726709	2.0	2	2
162.26945850675307	2.0	2	2
162.36956304623902	3.0	3	3
162.469667585725	3.0	3	3
162.56977212521096	3.0	3	3
162.66987666469694	3.0	3	3
162.7699812041829	3.0	3	3
162.87008574366885	3.0	3	3
162.97019028315484	3.0	3	3
163.0702948226408	3.0	3	3
163.17039936212677	3.0	3	3
163.27050390161273	3.0	3	3
163.3706084410987	3.0	3	3
163.47071298058466	4.0	4	4
163.57081752007065	4.0	4	4
163.6709220595566	4.0	4	4
163.77102659904259	4.0	4	4
163.87113113852854	4.0	4	4
163.9712356780145	4.0	4	4
164.07134021750048	4.0	4	4
164.17144475698643	4.0	4	4
164.27154929647241	5.0	5	5
164.37165383595837	5.0	5	5
164.47175837544435	4.0	4	4
164.5718629149303	4.0	4	4
164.6719674544163	5.0	5	5
164.77207199390224	5.0	5	5
164.8721765333882	5.0	5	5
164.97228107287418	5.0	5	5
165.07238561236014	5.0	5	5
165.17249015184612	5.0	5	5
165.27259469133207	5.0	5	5
165.37269923081806	6.0	6	6
165.472803770304	5.0	5	5
165.57290830979	6.0	6	6
165.67301284927595	6.0	6	6
165.77311738876193	6.0	6	6
165.8732219282479	6.0	6	6
165.97332646773384	6.0	6	6
166.07343100721982	6.0	6	6
166.17353554670578	7.0	7	7
166.27364008619176	6.0	6	6
166.37374462567772	6.0	6	6
166.4738491651637	6.0	6	6
166.57395370464965	5.0	5	5
166.67405824413564	5.0	5	5
166.7741627836216	4.0	4	4
166.87426732310755	4.0	4	4
166.97437186259353	4.0	4	4
167.07447640207948	5.0	5	5
167.17458094156547	5.0	5	5
167.27468548105142	5.0	5	5
167.3747900205374	4.0	4	4
167.47489456002336	3.0	3	3
167.57499909950934	4.0	4	4
167.6751036389953	4.0	4	4
167.77520817848128	4.0	4	4
167.87531271796723	4.0	4	4
167.9754172574532	4.0	4	4
168.07552179693917	4.0	4	4
168.17562633642513	3.0	3	3
168.2757308759111	3.0	3	3
168.37583541539706	3.0	3	3
168.47593995488305	3.0	3	3
168.576044494369	3.0	3	3
168.67614903385498	3.0	3	3
168.77625357334094	3.0	3	3
168.8763581128269	3.0	3	3
168.97646265231288	3.0	3	3
169.07656719179883	2.0	2	2
169.1766717312848	2.0	2	2
169.27677627077077	2.0	2	2
169.37688081025675	2.0	2	2
169.4769853497427	2.0	2	2
169.5770898892287	2.0	2	2
169.67719442871464	2.0	2	2
169.77729896820063	2.0	2	2
169.87740350768658	2.0	2	2
169.97750804717253	2.0	2	2
170.07761258665852	2.0	2	2
170.17771712614447	2.0	2	2
170.27782166563046	2.0	2	2
170.3779262051164	2.0	2	2
170.4780307446024	2.0	2	2
170.57813528408835	2.0	2	2
170.67823982357433	2.0	2	2
170.77834436306028	2.0	2	2
170.87844890254624	2.0	2	2
170.97855344203222	3.0	3	3
171.07865798151818	3.0	3	3
171.17876252100416	3.0	3	3
171.27886706049011	3.0	3	3
171.3789715999761	3.0	3	3
171.47907613946205	3.0	3	3
171.57918067894803	3.0	3	3
171.679285218434	3.0	3	3
171.77938975791997	3.0	3	3
171.87949429740593	3.0	3	3
171.97959883689188	3.0	3	3
172.07970337637786	4.0	4	4
172.17980791586382	4.0	4	4
172.2799124553498	4.0	4	4
172.38001699483576	3.0	3	3
172.48012153432174	3.0	3	3
172.5802260738077	3.0	3	3
172.68033061329368	3.0	3	3
172.78043515277963	3.0	3	3
172.8805396922656	3.0	3	3
172.98064423175157	3.0	3	3
173.08074877123752	3.0	3	3
173.1808533107235	3.0	3	3
173.28095785020946	3.0	3	3
173.38106238969544	3.0	3	3
173.4811669291814	3.0	3	3
173.58127146866738	3.0	3	3
173.68137600815334	3.0	3	3
173.78148054763932	3.0	3	3
173.88158508712527	3.0	3	3
173.98168962661123	3.0	3	3
174.0817941660972	3.0	3	3
174.18189870558317	3.0	3	3
174.28200324506915	3.0	3	3
174.3821077845551	3.0	3	3
174.4822123240411	3.0	3	3
174.58231686352704	3.0	3	3
174.68242140301302	3.0	3	3
174.78252594249898	3.0	3	3
174.88263048198493	3.0	3	3
174.98273502147092	3.0	3	3
175.08283956095687	3.0	3	3
175.18294410044285	3.0	3	3
175.2830486399288	3.0	3	3
175.3831531794148	3.0	3	3
175.48325771890075	3.0	3	3
175.58336225838673	3.0	3	3
175.68346679787268	3.0	3	3
175.78357133735867	3.0	3	3
175.88367587684462	3.0	3	3
175.98378041633057	3.0	3	3
176.08388495581656	3.0	3	3
176.1839894953025	3.0	3	3
176.2840940347885	3.0	3	3
176.38419857427445	3.0	3	3
176.48430311376043	3.0	3	3
176.5844076532464	3.0	3	3
176.68451219273237	3.0	3	3
176.78461673221832	3.0	3	3
176.88472127170428	3.0	3	3
176.98482581119026	3.0	3	3
177.08493035067622	3.0	3	3
177.1850348901622	3.0	3	3
177.28513942964815	3.0	3	3
177.38524396913414	3.0	3	3
177.4853485086201	3.0	3	3
177.58545304810607	3.0	3	3
177.68555758759203	3.0	3	3
177.785662127078	3.0	3	3
177.88576666656397	3.0	3	3
177.98587120604992	3.0	3	3
178.0859757455359	3.0	3	3
178.18608028502186	2.0	2	2
178.28618482450784	2.0	2	2
178.3862893639938	2.0	2	2
178.48639390347978	2.0	2	2
178.58649844296573	2.0	2	2
178.68660298245172	2.0	2	2
178.78670752193767	2.0	2	2
178.88681206142363	2.0	2	2
178.9869166009096	2.0	2	2
179.08702114039556	2.0	2	2
179.18712567988155	2.0	2	2
179.2872302193675	2.0	2	2
179.38733475885348	2.0	2	2
179.48743929833944	2.0	2	2
179.58754383782542	2.0	2	2
179.68764837731138	2.0	2	2
179.78775291679736	2.0	2	2
179.8878574562833	2.0	2	2
179.98796199576927	2.0	2	2
180.08806653525525	2.0	2	2
180.1881710747412	2.0	2	2
180.2882756142272	3.0	3	3
180.38838015371314	3.0	3	3
180.48848469319913	3.0	3	3
180.58858923268508	3.0	3	3
180.68869377217106	3.0	3	3
180.78879831165702	3.0	3	3
180.888902851143	3.0	3	3
180.98900739062896	3.0	3	3
181.0891119301149	3.0	3	3
181.1892164696009	3.0	3	3
181.28932100908685	3.0	3	3
181.38942554857283	3.0	3	3
181.48953008805879	3.0	3	3
181.58963462754477	3.0	3	3
181.68973916703072	3.0	3	3
181.7898437065167	3.0	3	3
181.88994824600266	3.0	3	3
181.99005278548861	3.0	3	3
182.0901573249746	3.0	3	3
182.19026186446055	3.0	3	3
182.29036640394654	3.0	3	3
182.3904709434325	3.0	3	3
182.49057548291847	2.0	2	2
182.59068002240443	1.0	1	1
182.6907845618904	1.0	1	1
182.79088910137637	1.0	1	1
182.89099364086235	1.0	1	1
182.9910981803483	1.0	1	1
183.09120271983426	1.0	1	1
183.19130725932024	1.0	1	1
183.2914117988062	1.0	1	1
183.39151633829218	1.0	1	1
183.49162087777813	1.0	1	1
183.59172541726412	1.0	1	1
183.69182995675007	1.0	1	1
183.79193449623605	1.0	1	1
183.892039035722	1.0	1	1
