time	diversity	m_div	M_div
0.0	38.0	38	38
0.10006941363571874	38.0	38	38
0.20013882727143747	38.0	38	38
0.3002082409071562	38.0	38	38
0.40027765454287495	38.0	38	38
0.5003470681785936	38.0	38	38
0.6004164818143124	38.0	38	38
0.7004858954500311	38.0	38	38
0.8005553090857499	38.0	38	38
0.9006247227214687	35.0	35	35
1.0006941363571873	33.0	33	33
1.100763549992906	33.0	33	33
1.2008329636286248	33.0	33	33
1.3009023772643435	33.0	33	33
1.4009717909000623	33.0	33	33
1.501041204535781	33.0	33	33
1.6011106181714998	33.0	33	33
1.7011800318072186	33.0	33	33
1.8012494454429373	32.0	32	32
1.901318859078656	32.0	32	32
2.0013882727143746	30.0	30	30
2.1014576863500936	30.0	30	30
2.201527099985812	30.0	30	30
2.301596513621531	30.0	30	30
2.4016659272572496	30.0	30	30
2.5017353408929686	30.0	30	30
2.601804754528687	30.0	30	30
2.701874168164406	30.0	30	30
2.8019435818001246	30.0	30	30
2.9020129954358436	30.0	30	30
3.002082409071562	31.0	31	31
3.102151822707281	31.0	31	31
3.2022212363429996	31.0	31	31
3.302290649978718	31.0	31	31
3.402360063614437	30.0	30	30
3.5024294772501556	30.0	30	30
3.6024988908858746	30.0	30	30
3.702568304521593	31.0	31	31
3.802637718157312	31.0	31	31
3.9027071317930306	31.0	31	31
4.002776545428749	31.0	31	31
4.102845959064468	31.0	31	31
4.202915372700187	31.0	31	31
4.302984786335906	31.0	31	31
4.403054199971624	30.0	30	30
4.503123613607343	30.0	30	30
4.603193027243062	30.0	30	30
4.703262440878781	30.0	30	30
4.803331854514499	30.0	30	30
4.903401268150218	26.0	26	26
5.003470681785937	26.0	26	26
5.103540095421655	26.0	26	26
5.203609509057374	27.0	27	27
5.303678922693093	27.0	27	27
5.403748336328812	27.0	27	27
5.50381774996453	25.0	25	25
5.603887163600249	20.0	20	20
5.703956577235968	20.0	20	20
5.804025990871687	20.0	20	20
5.904095404507405	19.0	19	19
6.004164818143124	19.0	19	19
6.104234231778843	18.0	18	18
6.204303645414562	18.0	18	18
6.30437305905028	16.0	16	16
6.404442472685999	16.0	16	16
6.504511886321718	16.0	16	16
6.604581299957436	15.0	15	15
6.704650713593155	15.0	15	15
6.804720127228874	14.0	14	14
6.904789540864593	4.0	4	4
7.004858954500311	4.0	4	4
7.10492836813603	4.0	4	4
7.204997781771749	4.0	4	4
7.305067195407468	4.0	4	4
7.405136609043186	4.0	4	4
7.505206022678905	4.0	4	4
7.605275436314624	4.0	4	4
7.705344849950343	4.0	4	4
7.805414263586061	4.0	4	4
7.90548367722178	4.0	4	4
8.005553090857498	4.0	4	4
8.105622504493217	4.0	4	4
8.205691918128936	4.0	4	4
8.305761331764655	4.0	4	4
8.405830745400374	4.0	4	4
8.505900159036093	4.0	4	4
8.605969572671812	4.0	4	4
8.70603898630753	4.0	4	4
8.806108399943248	4.0	4	4
8.906177813578967	4.0	4	4
9.006247227214686	4.0	4	4
9.106316640850405	4.0	4	4
9.206386054486124	4.0	4	4
9.306455468121843	4.0	4	4
9.406524881757562	4.0	4	4
9.50659429539328	4.0	4	4
9.606663709028998	4.0	4	4
9.706733122664717	4.0	4	4
9.806802536300436	4.0	4	4
9.906871949936155	4.0	4	4
10.006941363571874	4.0	4	4
10.107010777207593	4.0	4	4
10.20708019084331	4.0	4	4
10.30714960447903	4.0	4	4
10.407219018114748	4.0	4	4
10.507288431750467	4.0	4	4
10.607357845386186	4.0	4	4
10.707427259021905	4.0	4	4
10.807496672657624	4.0	4	4
10.907566086293343	4.0	4	4
11.00763549992906	4.0	4	4
11.10770491356478	4.0	4	4
11.207774327200498	4.0	4	4
11.307843740836217	4.0	4	4
11.407913154471936	4.0	4	4
11.507982568107655	4.0	4	4
11.608051981743374	4.0	4	4
11.708121395379091	4.0	4	4
11.80819080901481	4.0	4	4
11.90826022265053	4.0	4	4
12.008329636286248	4.0	4	4
12.108399049921967	4.0	4	4
12.208468463557686	4.0	4	4
12.308537877193405	4.0	4	4
12.408607290829124	4.0	4	4
12.508676704464841	4.0	4	4
12.60874611810056	4.0	4	4
12.70881553173628	4.0	4	4
12.808884945371998	4.0	4	4
12.908954359007717	4.0	4	4
13.009023772643436	4.0	4	4
13.109093186279155	4.0	4	4
13.209162599914873	4.0	4	4
13.309232013550591	4.0	4	4
13.40930142718631	4.0	4	4
13.50937084082203	4.0	4	4
13.609440254457748	4.0	4	4
13.709509668093467	4.0	4	4
13.809579081729186	4.0	4	4
13.909648495364905	4.0	4	4
14.009717909000623	4.0	4	4
14.109787322636342	4.0	4	4
14.20985673627206	4.0	4	4
14.30992614990778	4.0	4	4
14.409995563543498	4.0	4	4
14.510064977179217	4.0	4	4
14.610134390814936	4.0	4	4
14.710203804450654	5.0	5	5
14.810273218086373	5.0	5	5
14.910342631722092	5.0	5	5
15.01041204535781	5.0	5	5
15.11048145899353	5.0	5	5
15.210550872629248	5.0	5	5
15.310620286264967	5.0	5	5
15.410689699900686	5.0	5	5
15.510759113536404	5.0	5	5
15.610828527172123	5.0	5	5
15.710897940807842	5.0	5	5
15.81096735444356	5.0	5	5
15.91103676807928	5.0	5	5
16.011106181714997	5.0	5	5
16.111175595350716	5.0	5	5
16.211245008986435	5.0	5	5
16.311314422622154	5.0	5	5
16.411383836257873	5.0	5	5
16.51145324989359	5.0	5	5
16.61152266352931	5.0	5	5
16.71159207716503	5.0	5	5
16.81166149080075	5.0	5	5
16.911730904436467	5.0	5	5
17.011800318072186	5.0	5	5
17.111869731707905	5.0	5	5
17.211939145343624	5.0	5	5
17.312008558979343	5.0	5	5
17.41207797261506	5.0	5	5
17.512147386250778	5.0	5	5
17.612216799886497	5.0	5	5
17.712286213522216	5.0	5	5
17.812355627157935	5.0	5	5
17.912425040793654	5.0	5	5
18.012494454429373	5.0	5	5
18.11256386806509	5.0	5	5
18.21263328170081	5.0	5	5
18.31270269533653	5.0	5	5
18.41277210897225	5.0	5	5
18.512841522607967	5.0	5	5
18.612910936243686	5.0	5	5
18.712980349879405	5.0	5	5
18.813049763515124	5.0	5	5
18.91311917715084	5.0	5	5
19.01318859078656	5.0	5	5
19.113258004422278	5.0	5	5
19.213327418057997	5.0	5	5
19.313396831693716	5.0	5	5
19.413466245329435	5.0	5	5
19.513535658965154	5.0	5	5
19.613605072600873	5.0	5	5
19.71367448623659	5.0	5	5
19.81374389987231	5.0	5	5
19.91381331350803	5.0	5	5
20.01388272714375	5.0	5	5
20.113952140779467	5.0	5	5
20.214021554415186	5.0	5	5
20.314090968050905	5.0	5	5
20.41416038168662	4.0	4	4
20.51422979532234	4.0	4	4
20.61429920895806	4.0	4	4
20.714368622593778	4.0	4	4
20.814438036229497	4.0	4	4
20.914507449865216	4.0	4	4
21.014576863500935	4.0	4	4
21.114646277136654	4.0	4	4
21.214715690772373	4.0	4	4
21.31478510440809	4.0	4	4
21.41485451804381	4.0	4	4
21.51492393167953	4.0	4	4
21.61499334531525	4.0	4	4
21.715062758950967	4.0	4	4
21.815132172586686	4.0	4	4
21.915201586222402	4.0	4	4
22.01527099985812	3.0	3	3
22.11534041349384	3.0	3	3
22.21540982712956	3.0	3	3
22.315479240765278	3.0	3	3
22.415548654400997	3.0	3	3
22.515618068036716	3.0	3	3
22.615687481672435	3.0	3	3
22.715756895308154	3.0	3	3
22.815826308943873	2.0	2	2
22.91589572257959	2.0	2	2
23.01596513621531	2.0	2	2
23.11603454985103	2.0	2	2
23.21610396348675	2.0	2	2
23.316173377122468	2.0	2	2
23.416242790758183	1.0	1	1
23.516312204393902	1.0	1	1
23.61638161802962	1.0	1	1
23.71645103166534	1.0	1	1
23.81652044530106	1.0	1	1
23.916589858936778	1.0	1	1
24.016659272572497	1.0	1	1
24.116728686208216	1.0	1	1
24.216798099843935	1.0	1	1
24.316867513479654	1.0	1	1
24.416936927115373	1.0	1	1
24.51700634075109	1.0	1	1
24.61707575438681	1.0	1	1
24.71714516802253	1.0	1	1
24.81721458165825	1.0	1	1
24.917283995293964	1.0	1	1
25.017353408929683	1.0	1	1
25.117422822565402	1.0	1	1
25.21749223620112	1.0	1	1
25.31756164983684	1.0	1	1
25.41763106347256	1.0	1	1
25.517700477108278	1.0	1	1
25.617769890743997	1.0	1	1
25.717839304379716	1.0	1	1
25.817908718015435	1.0	1	1
25.917978131651154	1.0	1	1
26.018047545286873	1.0	1	1
26.11811695892259	1.0	1	1
26.21818637255831	1.0	1	1
26.31825578619403	1.0	1	1
26.418325199829745	1.0	1	1
26.518394613465464	1.0	1	1
26.618464027101183	1.0	1	1
26.718533440736902	1.0	1	1
26.81860285437262	1.0	1	1
26.91867226800834	1.0	1	1
27.01874168164406	1.0	1	1
27.118811095279778	1.0	1	1
27.218880508915497	1.0	1	1
27.318949922551216	1.0	1	1
27.419019336186935	1.0	1	1
27.519088749822654	1.0	1	1
27.619158163458373	1.0	1	1
27.71922757709409	1.0	1	1
27.81929699072981	1.0	1	1
27.919366404365526	1.0	1	1
28.019435818001245	1.0	1	1
28.119505231636964	1.0	1	1
28.219574645272683	1.0	1	1
28.319644058908402	1.0	1	1
28.41971347254412	1.0	1	1
28.51978288617984	1.0	1	1
28.61985229981556	1.0	1	1
28.719921713451278	1.0	1	1
28.819991127086997	1.0	1	1
28.920060540722716	1.0	1	1
29.020129954358435	1.0	1	1
29.120199367994154	1.0	1	1
29.220268781629873	1.0	1	1
29.32033819526559	1.0	1	1
29.420407608901307	1.0	1	1
29.520477022537026	1.0	1	1
29.620546436172745	1.0	1	1
29.720615849808464	1.0	1	1
29.820685263444183	1.0	1	1
29.920754677079902	1.0	1	1
30.02082409071562	1.0	1	1
30.12089350435134	1.0	1	1
30.22096291798706	1.0	1	1
30.321032331622778	1.0	1	1
30.421101745258497	1.0	1	1
30.521171158894216	2.0	2	2
30.621240572529935	2.0	2	2
30.721309986165654	2.0	2	2
30.821379399801373	2.0	2	2
30.921448813437088	2.0	2	2
31.021518227072807	2.0	2	2
31.121587640708526	2.0	2	2
31.221657054344245	2.0	2	2
31.321726467979964	2.0	2	2
31.421795881615683	2.0	2	2
31.521865295251402	2.0	2	2
31.62193470888712	2.0	2	2
31.72200412252284	2.0	2	2
31.82207353615856	2.0	2	2
31.922142949794278	2.0	2	2
32.02221236342999	2.0	2	2
32.122281777065716	2.0	2	2
32.22235119070143	2.0	2	2
32.322420604337154	2.0	2	2
32.42249001797287	2.0	2	2
32.52255943160859	2.0	2	2
32.62262884524431	2.0	2	2
32.72269825888003	2.0	2	2
32.822767672515745	2.0	2	2
32.92283708615147	2.0	2	2
33.02290649978718	2.0	2	2
33.122975913422906	2.0	2	2
33.22304532705862	2.0	2	2
33.323114740694336	2.0	2	2
33.42318415433006	2.0	2	2
33.523253567965774	2.0	2	2
33.6233229816015	2.0	2	2
33.72339239523721	2.0	2	2
33.823461808872935	2.0	2	2
33.92353122250865	2.0	2	2
34.02360063614437	2.0	2	2
34.12367004978009	2.0	2	2
34.22373946341581	2.0	2	2
34.323808877051526	2.0	2	2
34.42387829068725	2.0	2	2
34.523947704322964	2.0	2	2
34.62401711795869	2.0	2	2
34.7240865315944	2.0	2	2
34.82415594523012	2.0	2	2
34.92422535886584	2.0	2	2
35.024294772501555	2.0	2	2
35.12436418613728	2.0	2	2
35.22443359977299	2.0	2	2
35.324503013408716	2.0	2	2
35.42457242704443	2.0	2	2
35.524641840680154	2.0	2	2
35.62471125431587	2.0	2	2
35.72478066795159	2.0	2	2
35.82485008158731	2.0	2	2
35.92491949522303	2.0	2	2
36.024988908858745	2.0	2	2
36.12505832249447	2.0	2	2
36.22512773613018	2.0	2	2
36.3251971497659	2.0	2	2
36.42526656340162	2.0	2	2
36.52533597703734	2.0	2	2
36.62540539067306	2.0	2	2
36.725474804308774	2.0	2	2
36.8255442179445	2.0	2	2
36.92561363158021	2.0	2	2
37.025683045215935	2.0	2	2
37.12575245885165	2.0	2	2
37.22582187248737	2.0	2	2
37.32589128612309	2.0	2	2
37.42596069975881	3.0	3	3
37.526030113394526	3.0	3	3
37.62609952703025	3.0	3	3
37.726168940665964	3.0	3	3
37.82623835430168	3.0	3	3
37.9263077679374	3.0	3	3
38.02637718157312	3.0	3	3
38.12644659520884	3.0	3	3
38.226516008844555	3.0	3	3
38.32658542248028	4.0	4	4
38.42665483611599	4.0	4	4
38.526724249751716	4.0	4	4
38.62679366338743	4.0	4	4
38.726863077023154	4.0	4	4
38.82693249065887	4.0	4	4
38.92700190429459	4.0	4	4
39.02707131793031	4.0	4	4
39.12714073156603	7.0	7	7
39.227210145201745	7.0	7	7
39.32727955883746	8.0	8	8
39.42734897247318	9.0	9	9
39.5274183861089	9.0	9	9
39.62748779974462	9.0	9	9
39.72755721338034	12.0	12	12
39.82762662701606	13.0	13	13
39.927696040651774	14.0	14	14
40.0277654542875	14.0	14	14
40.12783486792321	13.0	13	13
40.227904281558935	13.0	13	13
40.32797369519465	13.0	13	13
40.42804310883037	13.0	13	13
40.52811252246609	13.0	13	13
40.62818193610181	13.0	13	13
40.728251349737526	13.0	13	13
40.82832076337324	13.0	13	13
40.928390177008964	13.0	13	13
41.02845959064468	13.0	13	13
41.1285290042804	13.0	13	13
41.22859841791612	13.0	13	13
41.32866783155184	13.0	13	13
41.428737245187556	13.0	13	13
41.52880665882328	13.0	13	13
41.62887607245899	13.0	13	13
41.728945486094716	12.0	12	12
41.82901489973043	12.0	12	12
41.929084313366154	12.0	12	12
42.02915372700187	12.0	12	12
42.12922314063759	12.0	12	12
42.22929255427331	12.0	12	12
42.32936196790902	12.0	12	12
42.429431381544745	12.0	12	12
42.52950079518046	12.0	12	12
42.62957020881618	12.0	12	12
42.7296396224519	12.0	12	12
42.82970903608762	12.0	12	12
42.92977844972334	12.0	12	12
43.02984786335906	12.0	12	12
43.129917276994775	12.0	12	12
43.2299866906305	12.0	12	12
43.33005610426621	12.0	12	12
43.430125517901935	12.0	12	12
43.53019493153765	12.0	12	12
43.63026434517337	12.0	12	12
43.73033375880909	12.0	12	12
43.830403172444804	12.0	12	12
43.930472586080526	12.0	12	12
44.03054199971624	13.0	13	13
44.130611413351964	13.0	13	13
44.23068082698768	13.0	13	13
44.3307502406234	13.0	13	13
44.43081965425912	13.0	13	13
44.53088906789484	13.0	13	13
44.630958481530556	13.0	13	13
44.73102789516628	13.0	13	13
44.83109730880199	13.0	13	13
44.931166722437716	13.0	13	13
45.03123613607343	13.0	13	13
45.131305549709154	13.0	13	13
45.23137496334487	13.0	13	13
45.331444376980585	13.0	13	13
45.43151379061631	13.0	13	13
45.53158320425202	13.0	13	13
45.631652617887745	13.0	13	13
45.73172203152346	13.0	13	13
45.83179144515918	13.0	13	13
45.9318608587949	13.0	13	13
46.03193027243062	13.0	13	13
46.13199968606634	13.0	13	13
46.23206909970206	13.0	13	13
46.332138513337775	13.0	13	13
46.4322079269735	13.0	13	13
46.53227734060921	13.0	13	13
46.632346754244935	13.0	13	13
46.73241616788065	13.0	13	13
46.832485581516366	13.0	13	13
46.93255499515209	13.0	13	13
47.032624408787804	13.0	13	13
47.132693822423526	13.0	13	13
47.23276323605924	13.0	13	13
47.332832649694964	13.0	13	13
47.43290206333068	13.0	13	13
47.5329714769664	13.0	13	13
47.63304089060212	13.0	13	13
47.73311030423784	13.0	13	13
47.833179717873556	13.0	13	13
47.93324913150928	13.0	13	13
48.03331854514499	12.0	12	12
48.133387958780716	12.0	12	12
48.23345737241643	12.0	12	12
48.33352678605215	13.0	13	13
48.43359619968787	13.0	13	13
48.533665613323585	13.0	13	13
48.63373502695931	13.0	13	13
48.73380444059502	13.0	13	13
48.833873854230745	13.0	13	13
48.93394326786646	14.0	14	14
49.03401268150218	14.0	14	14
49.1340820951379	14.0	14	14
49.23415150877362	13.0	13	13
49.33422092240934	13.0	13	13
49.43429033604506	13.0	13	13
49.534359749680775	13.0	13	13
49.6344291633165	14.0	14	14
49.73449857695221	14.0	14	14
49.83456799058793	14.0	14	14
49.93463740422365	14.0	14	14
50.034706817859366	14.0	14	14
50.13477623149509	14.0	14	14
50.234845645130804	14.0	14	14
50.334915058766526	14.0	14	14
50.43498447240224	14.0	14	14
50.535053886037964	16.0	16	16
50.63512329967368	16.0	16	16
50.7351927133094	16.0	16	16
50.83526212694512	16.0	16	16
50.93533154058084	16.0	16	16
51.035400954216556	15.0	15	15
51.13547036785228	15.0	15	15
51.235539781487994	14.0	14	14
51.33560919512371	14.0	14	14
51.43567860875943	14.0	14	14
51.53574802239515	14.0	14	14
51.63581743603087	14.0	14	14
51.735886849666585	14.0	14	14
51.83595626330231	14.0	14	14
51.93602567693802	13.0	13	13
52.036095090573745	13.0	13	13
52.13616450420946	13.0	13	13
52.23623391784518	13.0	13	13
52.3363033314809	13.0	13	13
52.43637274511662	13.0	13	13
52.53644215875234	13.0	13	13
52.63651157238806	14.0	14	14
52.736580986023775	14.0	14	14
52.83665039965949	12.0	12	12
52.93671981329521	12.0	12	12
53.03678922693093	12.0	12	12
53.13685864056665	12.0	12	12
53.236928054202366	12.0	12	12
53.33699746783809	12.0	12	12
53.437066881473804	12.0	12	12
53.537136295109526	11.0	11	11
53.63720570874524	11.0	11	11
53.737275122380964	11.0	11	11
53.83734453601668	11.0	11	11
53.9374139496524	11.0	11	11
54.03748336328812	10.0	10	10
54.13755277692384	10.0	10	10
54.237622190559556	11.0	11	11
54.33769160419527	11.0	11	11
54.437761017830994	11.0	11	11
54.53783043146671	11.0	11	11
54.63789984510243	11.0	11	11
54.73796925873815	11.0	11	11
54.83803867237387	11.0	11	11
54.938108086009585	11.0	11	11
55.03817749964531	11.0	11	11
55.13824691328102	11.0	11	11
55.238316326916745	11.0	11	11
55.33838574055246	11.0	11	11
55.43845515418818	10.0	10	10
55.5385245678239	12.0	12	12
55.63859398145962	11.0	11	11
55.73866339509534	11.0	11	11
55.83873280873105	11.0	11	11
55.938802222366775	10.0	10	10
56.03887163600249	9.0	9	9
56.13894104963821	9.0	9	9
56.23901046327393	9.0	9	9
56.33907987690965	9.0	9	9
56.439149290545366	8.0	8	8
56.53921870418109	8.0	8	8
56.639288117816804	8.0	8	8
56.73935753145253	9.0	9	9
56.83942694508824	9.0	9	9
56.939496358723964	8.0	8	8
57.03956577235968	8.0	8	8
57.1396351859954	7.0	7	7
57.23970459963112	7.0	7	7
57.33977401326683	6.0	6	6
57.439843426902556	6.0	6	6
57.53991284053827	7.0	7	7
57.639982254173994	7.0	7	7
57.74005166780971	7.0	7	7
57.84012108144543	7.0	7	7
57.94019049508115	8.0	8	8
58.04025990871687	7.0	7	7
58.140329322352585	7.0	7	7
58.24039873598831	6.0	6	6
58.34046814962402	6.0	6	6
58.440537563259745	6.0	6	6
58.54060697689546	8.0	8	8
58.64067639053118	8.0	8	8
58.7407458041669	8.0	8	8
58.840815217802614	7.0	7	7
58.94088463143834	7.0	7	7
59.04095404507405	7.0	7	7
59.141023458709775	8.0	8	8
59.24109287234549	7.0	7	7
59.34116228598121	7.0	7	7
59.44123169961693	7.0	7	7
59.54130111325265	7.0	7	7
59.641370526888366	7.0	7	7
59.74143994052409	5.0	5	5
59.841509354159804	5.0	5	5
59.94157876779553	4.0	4	4
60.04164818143124	5.0	5	5
60.141717595066964	5.0	5	5
60.24178700870268	5.0	5	5
60.341856422338395	5.0	5	5
60.44192583597412	5.0	5	5
60.54199524960983	5.0	5	5
60.642064663245556	5.0	5	5
60.74213407688127	5.0	5	5
60.842203490516994	5.0	5	5
60.94227290415271	6.0	6	6
61.04234231778843	7.0	7	7
61.14241173142415	7.0	7	7
61.24248114505987	7.0	7	7
61.342550558695585	8.0	8	8
61.44261997233131	8.0	8	8
61.54268938596702	8.0	8	8
61.642758799602746	8.0	8	8
61.74282821323846	9.0	9	9
61.842897626874176	9.0	9	9
61.9429670405099	9.0	9	9
62.043036454145614	9.0	9	9
62.14310586778134	9.0	9	9
62.24317528141705	8.0	8	8
62.343244695052775	8.0	8	8
62.44331410868849	8.0	8	8
62.54338352232421	8.0	8	8
62.64345293595993	7.0	7	7
62.74352234959565	7.0	7	7
62.843591763231366	7.0	7	7
62.94366117686709	7.0	7	7
63.043730590502804	7.0	7	7
63.14380000413853	7.0	7	7
63.24386941777424	7.0	7	7
63.34393883140996	7.0	7	7
63.44400824504568	7.0	7	7
63.544077658681395	7.0	7	7
63.64414707231712	8.0	8	8
63.74421648595283	8.0	8	8
63.844285899588556	8.0	8	8
63.94435531322427	8.0	8	8
64.04442472685999	8.0	8	8
64.14449414049571	8.0	8	8
64.24456355413143	8.0	8	8
64.34463296776715	8.0	8	8
64.44470238140286	8.0	8	8
64.54477179503859	8.0	8	8
64.64484120867431	8.0	8	8
64.74491062231003	8.0	8	8
64.84498003594574	8.0	8	8
64.94504944958146	7.0	7	7
65.04511886321718	7.0	7	7
65.14518827685289	7.0	7	7
65.24525769048861	8.0	8	8
65.34532710412434	8.0	8	8
65.44539651776006	9.0	9	9
65.54546593139577	10.0	10	10
65.64553534503149	11.0	11	11
65.74560475866721	11.0	11	11
65.84567417230294	11.0	11	11
65.94574358593864	12.0	12	12
66.04581299957437	17.0	17	17
66.14588241321009	17.0	17	17
66.24595182684581	17.0	17	17
66.34602124048152	15.0	15	15
66.44609065411724	16.0	16	16
66.54616006775296	16.0	16	16
66.64622948138867	15.0	15	15
66.7462988950244	15.0	15	15
66.84636830866012	15.0	15	15
66.94643772229584	14.0	14	14
67.04650713593155	15.0	15	15
67.14657654956727	15.0	15	15
67.246645963203	16.0	16	16
67.34671537683872	15.0	15	15
67.44678479047442	15.0	15	15
67.54685420411015	16.0	16	16
67.64692361774587	16.0	16	16
67.74699303138159	16.0	16	16
67.8470624450173	16.0	16	16
67.94713185865302	18.0	18	18
68.04720127228875	18.0	18	18
68.14727068592445	18.0	18	18
68.24734009956018	18.0	18	18
68.3474095131959	18.0	18	18
68.44747892683162	18.0	18	18
68.54754834046733	18.0	18	18
68.64761775410305	18.0	18	18
68.74768716773877	18.0	18	18
68.8477565813745	18.0	18	18
68.9478259950102	19.0	19	19
69.04789540864593	19.0	19	19
69.14796482228165	19.0	19	19
69.24803423591737	20.0	20	20
69.34810364955308	20.0	20	20
69.4481730631888	19.0	19	19
69.54824247682453	19.0	19	19
69.64831189046023	19.0	19	19
69.74838130409596	19.0	19	19
69.84845071773168	19.0	19	19
69.9485201313674	18.0	18	18
70.04858954500311	18.0	18	18
70.14865895863883	18.0	18	18
70.24872837227456	18.0	18	18
70.34879778591028	18.0	18	18
70.44886719954599	17.0	17	17
70.54893661318171	17.0	17	17
70.64900602681743	18.0	18	18
70.74907544045315	20.0	20	20
70.84914485408886	19.0	19	19
70.94921426772459	20.0	20	20
71.04928368136031	21.0	21	21
71.14935309499602	20.0	20	20
71.24942250863174	20.0	20	20
71.34949192226746	20.0	20	20
71.44956133590318	21.0	21	21
71.54963074953889	20.0	20	20
71.64970016317461	20.0	20	20
71.74976957681034	19.0	19	19
71.84983899044606	19.0	19	19
71.94990840408177	18.0	18	18
72.04997781771749	18.0	18	18
72.15004723135321	18.0	18	18
72.25011664498894	18.0	18	18
72.35018605862464	18.0	18	18
72.45025547226037	17.0	17	17
72.55032488589609	17.0	17	17
72.6503942995318	18.0	18	18
72.75046371316752	18.0	18	18
72.85053312680324	18.0	18	18
72.95060254043896	17.0	17	17
73.05067195407467	18.0	18	18
73.1507413677104	18.0	18	18
73.25081078134612	18.0	18	18
73.35088019498184	18.0	18	18
73.45094960861755	17.0	17	17
73.55101902225327	16.0	16	16
73.651088435889	15.0	15	15
73.75115784952472	15.0	15	15
73.85122726316042	15.0	15	15
73.95129667679615	15.0	15	15
74.05136609043187	15.0	15	15
74.15143550406758	15.0	15	15
74.2515049177033	15.0	15	15
74.35157433133902	15.0	15	15
74.45164374497475	15.0	15	15
74.55171315861045	15.0	15	15
74.65178257224618	15.0	15	15
74.7518519858819	15.0	15	15
74.85192139951762	15.0	15	15
74.95199081315333	15.0	15	15
75.05206022678905	15.0	15	15
75.15212964042477	15.0	15	15
75.2521990540605	15.0	15	15
75.3522684676962	14.0	14	14
75.45233788133193	14.0	14	14
75.55240729496765	14.0	14	14
75.65247670860336	14.0	14	14
75.75254612223908	14.0	14	14
75.8526155358748	14.0	14	14
75.95268494951053	14.0	14	14
76.05275436314624	14.0	14	14
76.15282377678196	14.0	14	14
76.25289319041768	14.0	14	14
76.3529626040534	14.0	14	14
76.45303201768911	14.0	14	14
76.55310143132483	14.0	14	14
76.65317084496056	14.0	14	14
76.75324025859628	14.0	14	14
76.85330967223199	14.0	14	14
76.95337908586771	14.0	14	14
77.05344849950343	14.0	14	14
77.15351791313914	14.0	14	14
77.25358732677486	14.0	14	14
77.35365674041059	14.0	14	14
77.45372615404631	14.0	14	14
77.55379556768202	14.0	14	14
77.65386498131774	14.0	14	14
77.75393439495346	14.0	14	14
77.85400380858918	14.0	14	14
77.95407322222489	14.0	14	14
78.05414263586061	13.0	13	13
78.15421204949634	13.0	13	13
78.25428146313206	13.0	13	13
78.35435087676777	13.0	13	13
78.45442029040349	13.0	13	13
78.55448970403921	13.0	13	13
78.65455911767492	13.0	13	13
78.75462853131064	13.0	13	13
78.85469794494637	13.0	13	13
78.95476735858209	13.0	13	13
79.0548367722178	13.0	13	13
79.15490618585352	13.0	13	13
79.25497559948924	13.0	13	13
79.35504501312496	13.0	13	13
79.45511442676067	13.0	13	13
79.5551838403964	13.0	13	13
79.65525325403212	13.0	13	13
79.75532266766784	13.0	13	13
79.85539208130355	13.0	13	13
79.95546149493927	13.0	13	13
80.055530908575	12.0	12	12
80.1556003222107	12.0	12	12
80.25566973584642	12.0	12	12
80.35573914948215	11.0	11	11
80.45580856311787	11.0	11	11
80.55587797675358	12.0	12	12
80.6559473903893	12.0	12	12
80.75601680402502	11.0	11	11
80.85608621766075	11.0	11	11
80.95615563129645	11.0	11	11
81.05622504493218	11.0	11	11
81.1562944585679	10.0	10	10
81.25636387220362	10.0	10	10
81.35643328583933	10.0	10	10
81.45650269947505	10.0	10	10
81.55657211311078	10.0	10	10
81.65664152674648	9.0	9	9
81.7567109403822	9.0	9	9
81.85678035401793	9.0	9	9
81.95684976765365	9.0	9	9
82.05691918128936	10.0	10	10
82.15698859492508	10.0	10	10
82.2570580085608	10.0	10	10
82.35712742219653	10.0	10	10
82.45719683583224	10.0	10	10
82.55726624946796	11.0	11	11
82.65733566310368	11.0	11	11
82.7574050767394	11.0	11	11
82.85747449037511	11.0	11	11
82.95754390401083	11.0	11	11
83.05761331764656	11.0	11	11
83.15768273128226	11.0	11	11
83.25775214491799	10.0	10	10
83.35782155855371	10.0	10	10
83.45789097218943	10.0	10	10
83.55796038582514	10.0	10	10
83.65802979946086	10.0	10	10
83.75809921309659	10.0	10	10
83.85816862673231	10.0	10	10
83.95823804036802	10.0	10	10
84.05830745400374	11.0	11	11
84.15837686763946	11.0	11	11
84.25844628127518	11.0	11	11
84.35851569491089	11.0	11	11
84.45858510854661	11.0	11	11
84.55865452218234	12.0	12	12
84.65872393581805	12.0	12	12
84.75879334945377	12.0	12	12
84.85886276308949	11.0	11	11
84.95893217672521	10.0	10	10
85.05900159036092	10.0	10	10
85.15907100399664	10.0	10	10
85.25914041763237	9.0	9	9
85.35920983126809	8.0	8	8
85.4592792449038	8.0	8	8
85.55934865853952	8.0	8	8
85.65941807217524	8.0	8	8
85.75948748581096	8.0	8	8
85.85955689944667	8.0	8	8
85.9596263130824	7.0	7	7
86.05969572671812	7.0	7	7
86.15976514035383	7.0	7	7
86.25983455398955	6.0	6	6
86.35990396762527	6.0	6	6
86.459973381261	6.0	6	6
86.5600427948967	6.0	6	6
86.66011220853242	6.0	6	6
86.76018162216815	6.0	6	6
86.86025103580387	7.0	7	7
86.96032044943958	8.0	8	8
87.0603898630753	7.0	7	7
87.16045927671102	6.0	6	6
87.26052869034675	6.0	6	6
87.36059810398245	6.0	6	6
87.46066751761818	6.0	6	6
87.5607369312539	6.0	6	6
87.66080634488961	6.0	6	6
87.76087575852533	6.0	6	6
87.86094517216105	6.0	6	6
87.96101458579678	6.0	6	6
88.06108399943248	6.0	6	6
88.1611534130682	6.0	6	6
88.26122282670393	6.0	6	6
88.36129224033965	6.0	6	6
88.46136165397536	6.0	6	6
88.56143106761108	6.0	6	6
88.6615004812468	6.0	6	6
88.76156989488253	6.0	6	6
88.86163930851824	6.0	6	6
88.96170872215396	7.0	7	7
89.06177813578968	7.0	7	7
89.16184754942539	7.0	7	7
89.26191696306111	7.0	7	7
89.36198637669683	7.0	7	7
89.46205579033256	7.0	7	7
89.56212520396826	7.0	7	7
89.66219461760399	7.0	7	7
89.76226403123971	7.0	7	7
89.86233344487543	7.0	7	7
89.96240285851114	7.0	7	7
90.06247227214686	8.0	8	8
90.16254168578259	6.0	6	6
90.26261109941831	6.0	6	6
90.36268051305402	7.0	7	7
90.46274992668974	7.0	7	7
90.56281934032546	7.0	7	7
90.66288875396117	8.0	8	8
90.76295816759689	8.0	8	8
90.86302758123261	8.0	8	8
90.96309699486834	8.0	8	8
91.06316640850405	7.0	7	7
91.16323582213977	6.0	6	6
91.26330523577549	6.0	6	6
91.36337464941121	6.0	6	6
91.46344406304692	6.0	6	6
91.56351347668264	6.0	6	6
91.66358289031837	6.0	6	6
91.76365230395409	6.0	6	6
91.8637217175898	6.0	6	6
91.96379113122552	6.0	6	6
92.06386054486124	7.0	7	7
92.16392995849695	7.0	7	7
92.26399937213267	7.0	7	7
92.3640687857684	7.0	7	7
92.46413819940412	7.0	7	7
92.56420761303983	7.0	7	7
92.66427702667555	7.0	7	7
92.76434644031127	7.0	7	7
92.864415853947	6.0	6	6
92.9644852675827	7.0	7	7
93.06455468121843	7.0	7	7
93.16462409485415	7.0	7	7
93.26469350848987	5.0	5	5
93.36476292212558	5.0	5	5
93.4648323357613	5.0	5	5
93.56490174939702	5.0	5	5
93.66497116303273	5.0	5	5
93.76504057666845	4.0	4	4
93.86510999030418	4.0	4	4
93.9651794039399	4.0	4	4
94.06524881757561	4.0	4	4
94.16531823121133	4.0	4	4
94.26538764484705	6.0	6	6
94.36545705848278	6.0	6	6
94.46552647211848	6.0	6	6
94.5655958857542	6.0	6	6
94.66566529938993	6.0	6	6
94.76573471302565	7.0	7	7
94.86580412666136	7.0	7	7
94.96587354029708	7.0	7	7
95.0659429539328	7.0	7	7
95.16601236756851	7.0	7	7
95.26608178120424	7.0	7	7
95.36615119483996	7.0	7	7
95.46622060847568	7.0	7	7
95.56629002211139	7.0	7	7
95.66635943574711	6.0	6	6
95.76642884938283	6.0	6	6
95.86649826301856	6.0	6	6
95.96656767665426	7.0	7	7
96.06663709028999	6.0	6	6
96.16670650392571	6.0	6	6
96.26677591756143	6.0	6	6
96.36684533119714	6.0	6	6
96.46691474483286	6.0	6	6
96.56698415846859	6.0	6	6
96.6670535721043	6.0	6	6
96.76712298574002	6.0	6	6
96.86719239937574	5.0	5	5
96.96726181301146	5.0	5	5
97.06733122664717	5.0	5	5
97.16740064028289	5.0	5	5
97.26747005391861	5.0	5	5
97.36753946755434	5.0	5	5
97.46760888119005	5.0	5	5
97.56767829482577	5.0	5	5
97.66774770846149	5.0	5	5
97.76781712209721	5.0	5	5
97.86788653573292	5.0	5	5
97.96795594936864	5.0	5	5
98.06802536300437	5.0	5	5
98.16809477664007	5.0	5	5
98.2681641902758	5.0	5	5
98.36823360391152	5.0	5	5
98.46830301754724	5.0	5	5
98.56837243118295	6.0	6	6
98.66844184481867	6.0	6	6
98.7685112584544	6.0	6	6
98.86858067209012	6.0	6	6
98.96865008572583	6.0	6	6
99.06871949936155	6.0	6	6
99.16878891299727	6.0	6	6
99.268858326633	6.0	6	6
99.3689277402687	6.0	6	6
99.46899715390443	6.0	6	6
99.56906656754015	6.0	6	6
99.66913598117586	6.0	6	6
99.76920539481158	7.0	7	7
99.8692748084473	7.0	7	7
99.96934422208302	7.0	7	7
100.06941363571873	7.0	7	7
100.16948304935445	6.0	6	6
100.26955246299018	6.0	6	6
100.3696218766259	6.0	6	6
100.46969129026161	6.0	6	6
100.56976070389733	6.0	6	6
100.66983011753305	6.0	6	6
100.76989953116878	6.0	6	6
100.86996894480448	6.0	6	6
100.9700383584402	6.0	6	6
101.07010777207593	6.0	6	6
101.17017718571164	6.0	6	6
101.27024659934736	6.0	6	6
101.37031601298308	6.0	6	6
101.4703854266188	4.0	4	4
101.57045484025451	4.0	4	4
101.67052425389024	4.0	4	4
101.77059366752596	3.0	3	3
101.87066308116168	3.0	3	3
101.97073249479739	3.0	3	3
102.07080190843311	3.0	3	3
102.17087132206883	3.0	3	3
102.27094073570456	3.0	3	3
102.37101014934026	3.0	3	3
102.47107956297599	3.0	3	3
102.57114897661171	3.0	3	3
102.67121839024742	4.0	4	4
102.77128780388314	5.0	5	5
102.87135721751886	5.0	5	5
102.97142663115459	5.0	5	5
103.0714960447903	5.0	5	5
103.17156545842602	5.0	5	5
103.27163487206174	5.0	5	5
103.37170428569746	5.0	5	5
103.47177369933317	5.0	5	5
103.57184311296889	5.0	5	5
103.67191252660461	5.0	5	5
103.77198194024034	5.0	5	5
103.87205135387605	5.0	5	5
103.97212076751177	5.0	5	5
104.07219018114749	4.0	4	4
104.1722595947832	4.0	4	4
104.27232900841892	4.0	4	4
104.37239842205464	4.0	4	4
104.47246783569037	4.0	4	4
104.57253724932607	4.0	4	4
104.6726066629618	4.0	4	4
104.77267607659752	4.0	4	4
104.87274549023324	4.0	4	4
104.97281490386895	4.0	4	4
105.07288431750467	4.0	4	4
105.1729537311404	4.0	4	4
105.27302314477612	4.0	4	4
105.37309255841183	4.0	4	4
105.47316197204755	4.0	4	4
105.57323138568327	4.0	4	4
105.67330079931898	4.0	4	4
105.7733702129547	4.0	4	4
105.87343962659043	4.0	4	4
105.97350904022615	4.0	4	4
106.07357845386186	4.0	4	4
106.17364786749758	4.0	4	4
106.2737172811333	4.0	4	4
106.37378669476902	4.0	4	4
106.47385610840473	4.0	4	4
106.57392552204045	4.0	4	4
106.67399493567618	4.0	4	4
106.7740643493119	4.0	4	4
106.87413376294761	4.0	4	4
106.97420317658333	4.0	4	4
107.07427259021905	4.0	4	4
107.17434200385476	4.0	4	4
107.27441141749048	4.0	4	4
107.3744808311262	4.0	4	4
107.47455024476193	4.0	4	4
107.57461965839764	4.0	4	4
107.67468907203336	4.0	4	4
107.77475848566908	4.0	4	4
107.8748278993048	4.0	4	4
107.97489731294051	4.0	4	4
108.07496672657624	4.0	4	4
108.17503614021196	4.0	4	4
108.27510555384768	4.0	4	4
108.37517496748339	4.0	4	4
108.47524438111911	4.0	4	4
108.57531379475483	4.0	4	4
108.67538320839054	4.0	4	4
108.77545262202626	4.0	4	4
108.87552203566199	4.0	4	4
108.97559144929771	4.0	4	4
109.07566086293342	4.0	4	4
109.17573027656914	4.0	4	4
109.27579969020486	4.0	4	4
109.37586910384059	4.0	4	4
109.4759385174763	4.0	4	4
109.57600793111202	4.0	4	4
109.67607734474774	4.0	4	4
109.77614675838346	4.0	4	4
109.87621617201917	4.0	4	4
109.97628558565489	3.0	3	3
110.07635499929061	3.0	3	3
110.17642441292632	3.0	3	3
110.27649382656205	3.0	3	3
110.37656324019777	3.0	3	3
110.47663265383349	3.0	3	3
110.5767020674692	3.0	3	3
110.67677148110492	3.0	3	3
110.77684089474064	3.0	3	3
110.87691030837637	3.0	3	3
110.97697972201208	3.0	3	3
111.0770491356478	3.0	3	3
111.17711854928352	3.0	3	3
111.27718796291924	3.0	3	3
111.37725737655495	3.0	3	3
111.47732679019067	3.0	3	3
111.5773962038264	3.0	3	3
111.6774656174621	3.0	3	3
111.77753503109783	3.0	3	3
111.87760444473355	3.0	3	3
111.97767385836927	3.0	3	3
112.07774327200498	3.0	3	3
112.1778126856407	3.0	3	3
112.27788209927643	3.0	3	3
112.37795151291215	2.0	2	2
112.47802092654786	2.0	2	2
112.57809034018358	2.0	2	2
112.6781597538193	2.0	2	2
112.77822916745502	2.0	2	2
112.87829858109073	2.0	2	2
112.97836799472645	2.0	2	2
113.07843740836218	2.0	2	2
113.17850682199789	2.0	2	2
113.27857623563361	1.0	1	1
113.37864564926933	1.0	1	1
113.47871506290505	1.0	1	1
113.57878447654076	1.0	1	1
113.67885389017648	0.0	0	0
113.7789233038122	0.0	0	0
113.87899271744793	0.0	0	0
113.97906213108364	0.0	0	0
114.07913154471936	0.0	0	0
114.17920095835508	0.0	0	0
114.2792703719908	0.0	0	0
114.37933978562651	0.0	0	0
114.47940919926224	0.0	0	0
114.57947861289796	0.0	0	0
114.67954802653367	0.0	0	0
114.77961744016939	0.0	0	0
114.87968685380511	0.0	0	0
114.97975626744083	0.0	0	0
115.07982568107654	0.0	0	0
115.17989509471226	0.0	0	0
115.27996450834799	0.0	0	0
115.38003392198371	0.0	0	0
115.48010333561942	0.0	0	0
115.58017274925514	0.0	0	0
115.68024216289086	0.0	0	0
115.78031157652659	0.0	0	0
115.8803809901623	0.0	0	0
115.98045040379802	0.0	0	0
116.08051981743374	0.0	0	0
116.18058923106945	0.0	0	0
116.28065864470517	0.0	0	0
116.38072805834089	0.0	0	0
116.48079747197662	0.0	0	0
116.58086688561232	0.0	0	0
116.68093629924805	0.0	0	0
116.78100571288377	0.0	0	0
116.88107512651949	0.0	0	0
116.9811445401552	0.0	0	0
117.08121395379092	0.0	0	0
117.18128336742664	0.0	0	0
117.28135278106237	0.0	0	0
117.38142219469808	0.0	0	0
117.4814916083338	0.0	0	0
117.58156102196952	0.0	0	0
117.68163043560523	0.0	0	0
117.78169984924095	0.0	0	0
117.88176926287667	0.0	0	0
117.9818386765124	0.0	0	0
118.0819080901481	0.0	0	0
118.18197750378383	0.0	0	0
118.28204691741955	0.0	0	0
118.38211633105527	0.0	0	0
118.48218574469098	0.0	0	0
118.5822551583267	0.0	0	0
118.68232457196243	0.0	0	0
118.78239398559815	0.0	0	0
118.88246339923386	0.0	0	0
118.98253281286958	0.0	0	0
119.0826022265053	0.0	0	0
119.18267164014101	0.0	0	0
119.28274105377673	0.0	0	0
119.38281046741245	0.0	0	0
119.48287988104818	0.0	0	0
119.58294929468389	0.0	0	0
119.68301870831961	0.0	0	0
119.78308812195533	0.0	0	0
119.88315753559105	0.0	0	0
119.98322694922676	0.0	0	0
120.08329636286248	0.0	0	0
120.1833657764982	0.0	0	0
120.28343519013393	0.0	0	0
120.38350460376964	0.0	0	0
120.48357401740536	0.0	0	0
120.58364343104108	0.0	0	0
120.68371284467679	0.0	0	0
120.78378225831251	0.0	0	0
120.88385167194824	0.0	0	0
120.98392108558396	0.0	0	0
121.08399049921967	0.0	0	0
121.18405991285539	0.0	0	0
121.28412932649111	0.0	0	0
121.38419874012683	1.0	1	1
121.48426815376254	1.0	1	1
121.58433756739826	1.0	1	1
121.68440698103399	1.0	1	1
121.78447639466971	1.0	1	1
121.88454580830542	1.0	1	1
121.98461522194114	1.0	1	1
122.08468463557686	1.0	1	1
122.18475404921257	1.0	1	1
122.2848234628483	1.0	1	1
122.38489287648402	1.0	1	1
122.48496229011974	1.0	1	1
122.58503170375545	1.0	1	1
122.68510111739117	1.0	1	1
122.78517053102689	1.0	1	1
122.88523994466262	1.0	1	1
122.98530935829832	1.0	1	1
123.08537877193405	1.0	1	1
123.18544818556977	0.0	0	0
123.28551759920549	0.0	0	0
123.3855870128412	0.0	0	0
123.48565642647692	0.0	0	0
123.58572584011264	0.0	0	0
123.68579525374835	0.0	0	0
123.78586466738408	0.0	0	0
123.8859340810198	0.0	0	0
123.98600349465552	0.0	0	0
124.08607290829123	0.0	0	0
124.18614232192695	0.0	0	0
124.28621173556267	0.0	0	0
124.3862811491984	0.0	0	0
124.4863505628341	0.0	0	0
124.58641997646983	0.0	0	0
124.68648939010555	0.0	0	0
124.78655880374127	0.0	0	0
124.88662821737698	0.0	0	0
124.9866976310127	0.0	0	0
125.08676704464843	0.0	0	0
125.18683645828413	0.0	0	0
125.28690587191986	0.0	0	0
125.38697528555558	0.0	0	0
125.4870446991913	0.0	0	0
125.58711411282701	0.0	0	0
125.68718352646273	0.0	0	0
125.78725294009845	0.0	0	0
125.88732235373418	0.0	0	0
125.98739176736989	0.0	0	0
126.08746118100561	0.0	0	0
126.18753059464133	0.0	0	0
126.28760000827705	0.0	0	0
126.38766942191276	0.0	0	0
126.48773883554848	0.0	0	0
126.5878082491842	0.0	0	0
126.68787766281991	0.0	0	0
126.78794707645564	0.0	0	0
126.88801649009136	0.0	0	0
126.98808590372708	1.0	1	1
127.08815531736279	1.0	1	1
127.18822473099851	2.0	2	2
127.28829414463424	2.0	2	2
127.38836355826996	2.0	2	2
127.48843297190567	2.0	2	2
127.58850238554139	2.0	2	2
127.68857179917711	2.0	2	2
127.78864121281283	2.0	2	2
127.88871062644854	2.0	2	2
127.98878004008427	2.0	2	2
128.08884945371997	2.0	2	2
128.1889188673557	2.0	2	2
128.28898828099142	2.0	2	2
128.38905769462713	2.0	2	2
128.48912710826286	3.0	3	3
128.58919652189857	3.0	3	3
128.6892659355343	3.0	3	3
128.78933534917002	3.0	3	3
128.88940476280573	2.0	2	2
128.98947417644146	2.0	2	2
129.08954359007717	2.0	2	2
129.18961300371288	2.0	2	2
129.28968241734862	2.0	2	2
129.38975183098432	2.0	2	2
129.48982124462006	3.0	3	3
129.58989065825577	3.0	3	3
129.68996007189148	3.0	3	3
129.7900294855272	3.0	3	3
129.89009889916292	3.0	3	3
129.99016831279863	3.0	3	3
130.09023772643437	3.0	3	3
130.19030714007008	3.0	3	3
130.29037655370578	3.0	3	3
130.39044596734152	2.0	2	2
130.49051538097723	2.0	2	2
130.59058479461297	2.0	2	2
130.69065420824867	2.0	2	2
130.79072362188438	2.0	2	2
130.89079303552012	2.0	2	2
130.99086244915583	2.0	2	2
131.09093186279154	2.0	2	2
131.19100127642727	1.0	1	1
131.29107069006298	1.0	1	1
131.3911401036987	1.0	1	1
131.49120951733443	1.0	1	1
131.59127893097013	1.0	1	1
131.69134834460587	1.0	1	1
131.79141775824158	1.0	1	1
131.8914871718773	1.0	1	1
131.99155658551302	1.0	1	1
132.09162599914873	1.0	1	1
132.19169541278444	1.0	1	1
132.29176482642018	1.0	1	1
132.39183424005589	1.0	1	1
132.49190365369162	1.0	1	1
132.59197306732733	1.0	1	1
132.69204248096304	1.0	1	1
132.79211189459878	1.0	1	1
132.89218130823448	1.0	1	1
132.9922507218702	1.0	1	1
133.09232013550593	1.0	1	1
133.19238954914164	1.0	1	1
133.29245896277735	1.0	1	1
133.39252837641308	1.0	1	1
133.4925977900488	1.0	1	1
133.59266720368453	1.0	1	1
133.69273661732024	1.0	1	1
133.79280603095594	0.0	0	0
133.89287544459168	0.0	0	0
133.9929448582274	0.0	0	0
134.0930142718631	0.0	0	0
134.19308368549883	0.0	0	0
134.29315309913454	0.0	0	0
134.39322251277025	0.0	0	0
134.493291926406	0.0	0	0
134.5933613400417	0.0	0	0
134.69343075367743	0.0	0	0
134.79350016731314	1.0	1	1
134.89356958094885	1.0	1	1
134.9936389945846	1.0	1	1
135.0937084082203	1.0	1	1
135.193777821856	1.0	1	1
135.29384723549174	1.0	1	1
135.39391664912745	1.0	1	1
135.49398606276318	1.0	1	1
135.5940554763989	1.0	1	1
135.6941248900346	1.0	1	1
135.79419430367034	1.0	1	1
135.89426371730605	1.0	1	1
135.99433313094175	1.0	1	1
136.0944025445775	1.0	1	1
136.1944719582132	1.0	1	1
136.2945413718489	1.0	1	1
136.39461078548464	1.0	1	1
136.49468019912035	1.0	1	1
136.5947496127561	1.0	1	1
136.6948190263918	1.0	1	1
136.7948884400275	1.0	1	1
136.89495785366324	1.0	1	1
136.99502726729895	1.0	1	1
137.09509668093466	1.0	1	1
137.1951660945704	1.0	1	1
137.2952355082061	1.0	1	1
137.3953049218418	1.0	1	1
137.49537433547755	2.0	2	2
137.59544374911326	2.0	2	2
137.695513162749	2.0	2	2
137.7955825763847	2.0	2	2
137.8956519900204	2.0	2	2
137.99572140365615	2.0	2	2
138.09579081729186	2.0	2	2
138.19586023092756	2.0	2	2
138.2959296445633	2.0	2	2
138.395999058199	2.0	2	2
138.49606847183475	3.0	3	3
138.59613788547045	3.0	3	3
138.69620729910616	3.0	3	3
138.7962767127419	2.0	2	2
138.8963461263776	2.0	2	2
138.99641554001332	2.0	2	2
139.09648495364905	2.0	2	2
139.19655436728476	1.0	1	1
139.29662378092047	1.0	1	1
139.3966931945562	1.0	1	1
139.49676260819191	1.0	1	1
139.59683202182765	1.0	1	1
139.69690143546336	1.0	1	1
139.79697084909907	1.0	1	1
139.8970402627348	1.0	1	1
139.9971096763705	1.0	1	1
140.09717909000622	1.0	1	1
140.19724850364196	0.0	0	0
140.29731791727767	0.0	0	0
140.39738733091338	0.0	0	0
140.4974567445491	0.0	0	0
140.59752615818482	0.0	0	0
140.69759557182056	0.0	0	0
140.79766498545627	0.0	0	0
140.89773439909197	0.0	0	0
140.9978038127277	0.0	0	0
141.09787322636342	0.0	0	0
141.19794263999913	0.0	0	0
141.29801205363486	0.0	0	0
141.39808146727057	0.0	0	0
141.4981508809063	0.0	0	0
141.59822029454202	0.0	0	0
141.69828970817773	0.0	0	0
141.79835912181346	0.0	0	0
141.89842853544917	0.0	0	0
141.99849794908488	0.0	0	0
142.09856736272062	1.0	1	1
142.19863677635632	1.0	1	1
142.29870618999203	1.0	1	1
142.39877560362777	1.0	1	1
142.49884501726348	1.0	1	1
142.5989144308992	1.0	1	1
142.69898384453492	1.0	1	1
142.79905325817063	1.0	1	1
142.89912267180637	1.0	1	1
142.99919208544208	1.0	1	1
143.09926149907778	1.0	1	1
143.19933091271352	1.0	1	1
143.29940032634923	1.0	1	1
143.39946973998494	1.0	1	1
143.49953915362067	1.0	1	1
143.59960856725638	1.0	1	1
143.69967798089212	1.0	1	1
143.79974739452783	1.0	1	1
143.89981680816354	1.0	1	1
143.99988622179927	1.0	1	1
144.09995563543498	1.0	1	1
144.2000250490707	1.0	1	1
144.30009446270643	1.0	1	1
144.40016387634213	1.0	1	1
144.50023328997787	1.0	1	1
144.60030270361358	1.0	1	1
144.7003721172493	1.0	1	1
144.80044153088502	1.0	1	1
144.90051094452073	1.0	1	1
145.00058035815644	1.0	1	1
145.10064977179218	1.0	1	1
145.2007191854279	1.0	1	1
145.3007885990636	1.0	1	1
145.40085801269933	1.0	1	1
145.50092742633504	1.0	1	1
145.60099683997078	1.0	1	1
145.70106625360648	1.0	1	1
145.8011356672422	1.0	1	1
145.90120508087793	1.0	1	1
146.00127449451364	1.0	1	1
146.10134390814935	1.0	1	1
146.20141332178508	1.0	1	1
146.3014827354208	1.0	1	1
146.4015521490565	1.0	1	1
146.50162156269224	1.0	1	1
146.60169097632794	1.0	1	1
146.70176038996368	1.0	1	1
146.8018298035994	1.0	1	1
146.9018992172351	1.0	1	1
147.00196863087083	1.0	1	1
147.10203804450654	1.0	1	1
147.20210745814225	1.0	1	1
147.302176871778	1.0	1	1
147.4022462854137	1.0	1	1
147.50231569904943	1.0	1	1
147.60238511268514	1.0	1	1
147.70245452632085	1.0	1	1
147.8025239399566	1.0	1	1
147.9025933535923	1.0	1	1
148.002662767228	1.0	1	1
148.10273218086374	1.0	1	1
148.20280159449945	1.0	1	1
148.30287100813516	1.0	1	1
148.4029404217709	1.0	1	1
148.5030098354066	1.0	1	1
148.60307924904234	1.0	1	1
148.70314866267805	1.0	1	1
148.80321807631375	1.0	1	1
148.9032874899495	1.0	1	1
149.0033569035852	1.0	1	1
149.1034263172209	2.0	2	2
149.20349573085664	2.0	2	2
149.30356514449235	2.0	2	2
149.40363455812806	2.0	2	2
149.5037039717638	2.0	2	2
149.6037733853995	2.0	2	2
149.70384279903524	2.0	2	2
149.80391221267095	2.0	2	2
149.90398162630666	2.0	2	2
150.0040510399424	2.0	2	2
150.1041204535781	2.0	2	2
150.2041898672138	2.0	2	2
150.30425928084955	2.0	2	2
150.40432869448526	2.0	2	2
150.504398108121	2.0	2	2
150.6044675217567	3.0	3	3
150.7045369353924	3.0	3	3
150.80460634902815	2.0	2	2
150.90467576266386	2.0	2	2
151.00474517629956	2.0	2	2
151.1048145899353	2.0	2	2
151.204884003571	2.0	2	2
151.30495341720672	2.0	2	2
151.40502283084246	2.0	2	2
151.50509224447816	2.0	2	2
151.6051616581139	2.0	2	2
151.7052310717496	2.0	2	2
151.80530048538532	2.0	2	2
151.90536989902105	2.0	2	2
152.00543931265676	2.0	2	2
152.10550872629247	2.0	2	2
152.2055781399282	2.0	2	2
152.30564755356392	2.0	2	2
152.40571696719962	2.0	2	2
152.50578638083536	2.0	2	2
152.60585579447107	2.0	2	2
152.7059252081068	2.0	2	2
152.8059946217425	2.0	2	2
152.90606403537822	2.0	2	2
153.00613344901396	2.0	2	2
153.10620286264967	2.0	2	2
153.20627227628538	2.0	2	2
153.3063416899211	2.0	2	2
153.40641110355682	2.0	2	2
153.50648051719256	2.0	2	2
153.60654993082827	2.0	2	2
153.70661934446397	2.0	2	2
153.8066887580997	2.0	2	2
153.90675817173542	2.0	2	2
154.00682758537113	2.0	2	2
154.10689699900686	2.0	2	2
154.20696641264257	2.0	2	2
154.30703582627828	2.0	2	2
154.40710523991402	2.0	2	2
154.50717465354973	2.0	2	2
154.60724406718546	1.0	1	1
154.70731348082117	1.0	1	1
154.80738289445688	1.0	1	1
154.90745230809262	1.0	1	1
155.00752172172832	1.0	1	1
155.10759113536403	1.0	1	1
155.20766054899977	1.0	1	1
155.30772996263548	1.0	1	1
155.40779937627119	1.0	1	1
155.50786878990692	1.0	1	1
155.60793820354263	1.0	1	1
155.70800761717837	1.0	1	1
155.80807703081408	1.0	1	1
155.90814644444978	1.0	1	1
156.00821585808552	1.0	1	1
156.10828527172123	1.0	1	1
156.20835468535694	1.0	1	1
156.30842409899267	1.0	1	1
156.40849351262838	1.0	1	1
156.50856292626412	1.0	1	1
156.60863233989983	1.0	1	1
156.70870175353554	1.0	1	1
156.80877116717127	1.0	1	1
156.90884058080698	1.0	1	1
157.0089099944427	1.0	1	1
157.10897940807843	1.0	1	1
157.20904882171413	0.0	0	0
157.30911823534984	0.0	0	0
157.40918764898558	0.0	0	0
157.5092570626213	0.0	0	0
157.60932647625702	0.0	0	0
157.70939588989273	0.0	0	0
157.80946530352844	0.0	0	0
157.90953471716418	0.0	0	0
158.0096041307999	0.0	0	0
158.1096735444356	0.0	0	0
158.20974295807133	0.0	0	0
158.30981237170704	0.0	0	0
158.40988178534275	0.0	0	0
158.50995119897848	0.0	0	0
158.6100206126142	0.0	0	0
158.71009002624993	0.0	0	0
158.81015943988564	0.0	0	0
158.91022885352135	0.0	0	0
159.01029826715708	0.0	0	0
159.1103676807928	0.0	0	0
159.2104370944285	0.0	0	0
159.31050650806424	0.0	0	0
159.41057592169994	0.0	0	0
159.51064533533568	0.0	0	0
159.6107147489714	0.0	0	0
159.7107841626071	0.0	0	0
159.81085357624283	0.0	0	0
159.91092298987854	0.0	0	0
160.01099240351425	1.0	1	1
160.11106181715	1.0	1	1
160.2111312307857	1.0	1	1
160.3112006444214	1.0	1	1
160.41127005805714	1.0	1	1
160.51133947169285	1.0	1	1
160.6114088853286	1.0	1	1
160.7114782989643	1.0	1	1
160.8115477126	1.0	1	1
160.91161712623574	1.0	1	1
161.01168653987145	1.0	1	1
161.11175595350716	1.0	1	1
161.2118253671429	1.0	1	1
161.3118947807786	1.0	1	1
161.4119641944143	1.0	1	1
161.51203360805005	1.0	1	1
161.61210302168575	1.0	1	1
161.7121724353215	1.0	1	1
161.8122418489572	1.0	1	1
161.9123112625929	1.0	1	1
162.01238067622864	1.0	1	1
162.11245008986435	1.0	1	1
162.21251950350006	1.0	1	1
162.3125889171358	1.0	1	1
162.4126583307715	1.0	1	1
162.51272774440724	2.0	2	2
162.61279715804295	2.0	2	2
162.71286657167866	2.0	2	2
162.8129359853144	2.0	2	2
162.9130053989501	2.0	2	2
163.0130748125858	2.0	2	2
163.11314422622155	2.0	2	2
163.21321363985726	2.0	2	2
163.31328305349297	3.0	3	3
163.4133524671287	3.0	3	3
163.5134218807644	3.0	3	3
163.61349129440015	4.0	4	4
163.71356070803586	4.0	4	4
163.81363012167157	4.0	4	4
163.9136995353073	4.0	4	4
164.013768948943	4.0	4	4
164.11383836257872	4.0	4	4
164.21390777621446	4.0	4	4
164.31397718985016	4.0	4	4
164.41404660348587	4.0	4	4
164.5141160171216	4.0	4	4
164.61418543075732	4.0	4	4
164.71425484439305	4.0	4	4
164.81432425802876	4.0	4	4
164.91439367166447	4.0	4	4
165.0144630853002	5.0	5	5
165.11453249893592	5.0	5	5
165.21460191257162	5.0	5	5
165.31467132620736	5.0	5	5
165.41474073984307	4.0	4	4
165.5148101534788	4.0	4	4
165.6148795671145	5.0	5	5
165.71494898075022	6.0	6	6
165.81501839438596	6.0	6	6
165.91508780802167	6.0	6	6
166.01515722165738	6.0	6	6
166.1152266352931	6.0	6	6
166.21529604892882	6.0	6	6
166.31536546256453	6.0	6	6
166.41543487620027	6.0	6	6
166.51550428983597	6.0	6	6
166.6155737034717	6.0	6	6
166.71564311710742	5.0	5	5
166.81571253074313	5.0	5	5
166.91578194437886	5.0	5	5
167.01585135801457	5.0	5	5
167.11592077165028	5.0	5	5
167.21599018528602	5.0	5	5
167.31605959892173	5.0	5	5
167.41612901255743	4.0	4	4
167.51619842619317	3.0	3	3
167.61626783982888	3.0	3	3
167.71633725346462	3.0	3	3
167.81640666710032	3.0	3	3
167.91647608073603	3.0	3	3
168.01654549437177	3.0	3	3
168.11661490800748	3.0	3	3
168.21668432164319	3.0	3	3
168.31675373527892	3.0	3	3
168.41682314891463	3.0	3	3
168.51689256255037	2.0	2	2
168.61696197618608	2.0	2	2
168.71703138982178	2.0	2	2
168.81710080345752	1.0	1	1
168.91717021709323	2.0	2	2
169.01723963072894	2.0	2	2
169.11730904436467	2.0	2	2
169.21737845800038	2.0	2	2
169.3174478716361	2.0	2	2
169.41751728527183	2.0	2	2
169.51758669890754	2.0	2	2
169.61765611254327	2.0	2	2
169.71772552617898	2.0	2	2
169.8177949398147	3.0	3	3
169.91786435345043	3.0	3	3
170.01793376708613	3.0	3	3
170.11800318072184	3.0	3	3
170.21807259435758	3.0	3	3
170.3181420079933	4.0	4	4
170.418211421629	4.0	4	4
170.51828083526473	4.0	4	4
170.61835024890044	4.0	4	4
170.71841966253618	4.0	4	4
170.8184890761719	4.0	4	4
170.9185584898076	4.0	4	4
171.01862790344333	4.0	4	4
171.11869731707904	4.0	4	4
171.21876673071475	4.0	4	4
171.31883614435048	4.0	4	4
171.4189055579862	4.0	4	4
171.51897497162193	4.0	4	4
171.61904438525764	4.0	4	4
171.71911379889335	4.0	4	4
171.81918321252908	4.0	4	4
171.9192526261648	4.0	4	4
172.0193220398005	4.0	4	4
172.11939145343624	3.0	3	3
172.21946086707194	3.0	3	3
172.31953028070765	3.0	3	3
172.4195996943434	3.0	3	3
172.5196691079791	3.0	3	3
172.61973852161483	3.0	3	3
172.71980793525054	3.0	3	3
172.81987734888625	3.0	3	3
172.919946762522	3.0	3	3
173.0200161761577	3.0	3	3
173.1200855897934	3.0	3	3
173.22015500342914	3.0	3	3
173.32022441706485	3.0	3	3
173.42029383070056	3.0	3	3
173.5203632443363	3.0	3	3
173.620432657972	3.0	3	3
173.72050207160774	3.0	3	3
173.82057148524345	3.0	3	3
173.92064089887916	3.0	3	3
174.0207103125149	3.0	3	3
174.1207797261506	3.0	3	3
174.2208491397863	3.0	3	3
174.32091855342205	3.0	3	3
174.42098796705775	3.0	3	3
174.5210573806935	3.0	3	3
174.6211267943292	3.0	3	3
174.7211962079649	3.0	3	3
174.82126562160065	3.0	3	3
174.92133503523635	3.0	3	3
175.02140444887206	3.0	3	3
175.1214738625078	3.0	3	3
175.2215432761435	3.0	3	3
175.32161268977922	3.0	3	3
175.42168210341495	3.0	3	3
175.52175151705066	3.0	3	3
175.6218209306864	3.0	3	3
175.7218903443221	3.0	3	3
175.8219597579578	3.0	3	3
175.92202917159355	3.0	3	3
176.02209858522926	3.0	3	3
176.12216799886497	3.0	3	3
176.2222374125007	3.0	3	3
176.3223068261364	3.0	3	3
176.42237623977212	3.0	3	3
176.52244565340786	3.0	3	3
176.62251506704357	3.0	3	3
176.7225844806793	3.0	3	3
176.822653894315	3.0	3	3
176.92272330795072	3.0	3	3
177.02279272158646	3.0	3	3
177.12286213522216	3.0	3	3
177.22293154885787	3.0	3	3
177.3230009624936	2.0	2	2
177.42307037612932	2.0	2	2
177.52313978976505	1.0	1	1
177.62320920340076	1.0	1	1
177.72327861703647	1.0	1	1
177.8233480306722	2.0	2	2
177.92341744430792	2.0	2	2
178.02348685794362	2.0	2	2
178.12355627157936	2.0	2	2
178.22362568521507	2.0	2	2
178.32369509885078	2.0	2	2
178.4237645124865	2.0	2	2
178.52383392612222	2.0	2	2
178.62390333975796	2.0	2	2
178.72397275339367	2.0	2	2
178.82404216702938	2.0	2	2
178.9241115806651	2.0	2	2
179.02418099430082	2.0	2	2
179.12425040793653	2.0	2	2
179.22431982157227	2.0	2	2
179.32438923520797	2.0	2	2
179.42445864884368	2.0	2	2
179.52452806247942	2.0	2	2
179.62459747611513	2.0	2	2
179.72466688975086	2.0	2	2
179.82473630338657	2.0	2	2
179.92480571702228	2.0	2	2
180.02487513065802	2.0	2	2
180.12494454429373	2.0	2	2
180.22501395792943	2.0	2	2
180.32508337156517	2.0	2	2
180.42515278520088	2.0	2	2
180.52522219883662	2.0	2	2
180.62529161247232	2.0	2	2
180.72536102610803	2.0	2	2
180.82543043974377	2.0	2	2
180.92549985337948	2.0	2	2
181.0255692670152	2.0	2	2
181.12563868065092	2.0	2	2
181.22570809428663	2.0	2	2
181.32577750792234	2.0	2	2
181.42584692155808	2.0	2	2
181.52591633519378	2.0	2	2
181.62598574882952	2.0	2	2
181.72605516246523	2.0	2	2
181.82612457610094	2.0	2	2
181.92619398973667	2.0	2	2
182.02626340337238	2.0	2	2
182.1263328170081	2.0	2	2
182.22640223064383	2.0	2	2
182.32647164427954	1.0	1	1
182.42654105791524	1.0	1	1
182.52661047155098	1.0	1	1
182.6266798851867	1.0	1	1
182.72674929882243	1.0	1	1
182.82681871245813	1.0	1	1
182.92688812609384	1.0	1	1
183.02695753972958	1.0	1	1
183.1270269533653	1.0	1	1
183.227096367001	1.0	1	1
