time	diversity	m_div	M_div
0.0	38.0	38	38
0.10008786287431923	38.0	38	38
0.20017572574863846	38.0	38	38
0.30026358862295766	38.0	38	38
0.4003514514972769	38.0	38	38
0.5004393143715962	37.0	37	37
0.6005271772459153	35.0	35	35
0.7006150401202346	35.0	35	35
0.8007029029945538	35.0	35	35
0.9007907658688731	35.0	35	35
1.0008786287431923	35.0	35	35
1.1009664916175115	35.0	35	35
1.2010543544918306	35.0	35	35
1.30114221736615	33.0	33	33
1.4012300802404691	33.0	33	33
1.5013179431147885	33.0	33	33
1.6014058059891076	33.0	33	33
1.7014936688634268	33.0	33	33
1.8015815317377462	33.0	33	33
1.9016693946120653	33.0	33	33
2.0017572574863847	33.0	33	33
2.1018451203607036	33.0	33	33
2.201932983235023	33.0	33	33
2.3020208461093423	33.0	33	33
2.4021087089836612	32.0	32	32
2.5021965718579806	32.0	32	32
2.6022844347323	30.0	30	30
2.7023722976066193	30.0	30	30
2.8024601604809383	30.0	30	30
2.9025480233552576	28.0	28	28
3.002635886229577	29.0	29	29
3.102723749103896	29.0	29	29
3.2028116119782153	29.0	29	29
3.3028994748525347	29.0	29	29
3.4029873377268536	29.0	29	29
3.503075200601173	28.0	28	28
3.6031630634754923	29.0	29	29
3.7032509263498112	29.0	29	29
3.8033387892241306	29.0	29	29
3.90342665209845	29.0	29	29
4.003514514972769	29.0	29	29
4.103602377847088	29.0	29	29
4.203690240721407	29.0	29	29
4.303778103595727	29.0	29	29
4.403865966470046	29.0	29	29
4.503953829344365	28.0	28	28
4.604041692218685	28.0	28	28
4.704129555093004	26.0	26	26
4.8042174179673225	26.0	26	26
4.904305280841642	24.0	24	24
5.004393143715961	22.0	22	22
5.104481006590281	22.0	22	22
5.2045688694646	22.0	22	22
5.304656732338919	20.0	20	20
5.404744595213239	20.0	20	20
5.504832458087558	20.0	20	20
5.6049203209618765	19.0	19	19
5.705008183836196	19.0	19	19
5.805096046710515	19.0	19	19
5.905183909584834	19.0	19	19
6.005271772459154	19.0	19	19
6.105359635333473	19.0	19	19
6.205447498207792	17.0	17	17
6.305535361082112	17.0	17	17
6.405623223956431	15.0	15	15
6.5057110868307495	15.0	15	15
6.605798949705069	14.0	14	14
6.705886812579388	14.0	14	14
6.805974675453707	13.0	13	13
6.906062538328027	3.0	3	3
7.006150401202346	3.0	3	3
7.106238264076665	3.0	3	3
7.206326126950985	3.0	3	3
7.3064139898253035	3.0	3	3
7.4065018526996225	3.0	3	3
7.506589715573942	3.0	3	3
7.606677578448261	3.0	3	3
7.70676544132258	3.0	3	3
7.8068533041969	3.0	3	3
7.906941167071219	3.0	3	3
8.007029029945539	3.0	3	3
8.107116892819857	3.0	3	3
8.207204755694177	3.0	3	3
8.307292618568496	3.0	3	3
8.407380481442814	3.0	3	3
8.507468344317134	3.0	3	3
8.607556207191454	3.0	3	3
8.707644070065772	3.0	3	3
8.807731932940092	3.0	3	3
8.907819795814412	3.0	3	3
9.00790765868873	3.0	3	3
9.10799552156305	3.0	3	3
9.20808338443737	3.0	3	3
9.308171247311687	3.0	3	3
9.408259110186007	3.0	3	3
9.508346973060327	3.0	3	3
9.608434835934645	3.0	3	3
9.708522698808965	3.0	3	3
9.808610561683285	3.0	3	3
9.908698424557604	3.0	3	3
10.008786287431922	3.0	3	3
10.108874150306242	3.0	3	3
10.208962013180562	3.0	3	3
10.30904987605488	3.0	3	3
10.4091377389292	3.0	3	3
10.50922560180352	3.0	3	3
10.609313464677838	3.0	3	3
10.709401327552158	3.0	3	3
10.809489190426477	3.0	3	3
10.909577053300795	3.0	3	3
11.009664916175115	3.0	3	3
11.109752779049435	3.0	3	3
11.209840641923753	3.0	3	3
11.309928504798073	3.0	3	3
11.410016367672393	3.0	3	3
11.51010423054671	3.0	3	3
11.61019209342103	3.0	3	3
11.71027995629535	3.0	3	3
11.810367819169668	3.0	3	3
11.910455682043988	3.0	3	3
12.010543544918308	3.0	3	3
12.110631407792626	3.0	3	3
12.210719270666946	3.0	3	3
12.310807133541266	3.0	3	3
12.410894996415584	3.0	3	3
12.510982859289904	3.0	3	3
12.611070722164223	3.0	3	3
12.711158585038541	4.0	4	4
12.811246447912861	4.0	4	4
12.911334310787181	4.0	4	4
13.011422173661499	4.0	4	4
13.111510036535819	4.0	4	4
13.211597899410139	4.0	4	4
13.311685762284457	4.0	4	4
13.411773625158776	4.0	4	4
13.511861488033096	4.0	4	4
13.611949350907414	4.0	4	4
13.712037213781734	4.0	4	4
13.812125076656054	4.0	4	4
13.912212939530372	4.0	4	4
14.012300802404692	5.0	5	5
14.112388665279012	5.0	5	5
14.21247652815333	5.0	5	5
14.31256439102765	5.0	5	5
14.41265225390197	5.0	5	5
14.512740116776287	5.0	5	5
14.612827979650607	5.0	5	5
14.712915842524927	5.0	5	5
14.813003705399245	5.0	5	5
14.913091568273565	5.0	5	5
15.013179431147885	5.0	5	5
15.113267294022203	5.0	5	5
15.213355156896522	5.0	5	5
15.313443019770842	5.0	5	5
15.41353088264516	5.0	5	5
15.51361874551948	5.0	5	5
15.6137066083938	5.0	5	5
15.713794471268118	5.0	5	5
15.813882334142438	5.0	5	5
15.913970197016758	5.0	5	5
16.014058059891077	5.0	5	5
16.114145922765395	5.0	5	5
16.214233785639713	5.0	5	5
16.314321648514035	5.0	5	5
16.414409511388353	5.0	5	5
16.51449737426267	5.0	5	5
16.614585237136993	5.0	5	5
16.71467310001131	5.0	5	5
16.81476096288563	5.0	5	5
16.91484882575995	5.0	5	5
17.01493668863427	5.0	5	5
17.115024551508586	5.0	5	5
17.215112414382908	5.0	5	5
17.315200277257226	5.0	5	5
17.415288140131544	5.0	5	5
17.515376003005866	5.0	5	5
17.615463865880184	5.0	5	5
17.7155517287545	5.0	5	5
17.815639591628823	5.0	5	5
17.91572745450314	5.0	5	5
18.01581531737746	5.0	5	5
18.11590318025178	5.0	5	5
18.2159910431261	5.0	5	5
18.316078906000417	5.0	5	5
18.41616676887474	5.0	5	5
18.516254631749057	5.0	5	5
18.616342494623375	5.0	5	5
18.716430357497696	5.0	5	5
18.816518220372014	4.0	4	4
18.916606083246332	4.0	4	4
19.016693946120654	4.0	4	4
19.116781808994972	4.0	4	4
19.21686967186929	4.0	4	4
19.31695753474361	4.0	4	4
19.41704539761793	4.0	4	4
19.51713326049225	4.0	4	4
19.61722112336657	4.0	4	4
19.717308986240887	4.0	4	4
19.81739684911521	4.0	4	4
19.917484711989527	4.0	4	4
20.017572574863845	4.0	4	4
20.117660437738166	4.0	4	4
20.217748300612485	4.0	4	4
20.317836163486803	4.0	4	4
20.417924026361124	4.0	4	4
20.518011889235442	4.0	4	4
20.61809975210976	4.0	4	4
20.718187614984082	4.0	4	4
20.8182754778584	4.0	4	4
20.918363340732718	4.0	4	4
21.01845120360704	3.0	3	3
21.118539066481357	3.0	3	3
21.218626929355676	3.0	3	3
21.318714792229997	3.0	3	3
21.418802655104315	3.0	3	3
21.518890517978633	3.0	3	3
21.618978380852955	3.0	3	3
21.719066243727273	3.0	3	3
21.81915410660159	2.0	2	2
21.919241969475912	2.0	2	2
22.01932983235023	2.0	2	2
22.11941769522455	2.0	2	2
22.21950555809887	2.0	2	2
22.319593420973188	2.0	2	2
22.419681283847506	2.0	2	2
22.519769146721828	2.0	2	2
22.619857009596146	2.0	2	2
22.719944872470464	2.0	2	2
22.820032735344785	2.0	2	2
22.920120598219103	2.0	2	2
23.02020846109342	2.0	2	2
23.120296323967743	2.0	2	2
23.22038418684206	2.0	2	2
23.32047204971638	2.0	2	2
23.4205599125907	2.0	2	2
23.52064777546502	2.0	2	2
23.620735638339337	1.0	1	1
23.72082350121366	1.0	1	1
23.820911364087976	1.0	1	1
23.920999226962294	1.0	1	1
24.021087089836616	1.0	1	1
24.121174952710934	1.0	1	1
24.221262815585252	1.0	1	1
24.321350678459574	1.0	1	1
24.42143854133389	1.0	1	1
24.52152640420821	1.0	1	1
24.62161426708253	1.0	1	1
24.72170212995685	1.0	1	1
24.821789992831167	1.0	1	1
24.92187785570549	1.0	1	1
25.021965718579807	1.0	1	1
25.122053581454125	1.0	1	1
25.222141444328447	1.0	1	1
25.322229307202765	1.0	1	1
25.422317170077083	1.0	1	1
25.522405032951404	1.0	1	1
25.622492895825722	1.0	1	1
25.72258075870004	1.0	1	1
25.822668621574362	1.0	1	1
25.92275648444868	1.0	1	1
26.022844347322998	1.0	1	1
26.12293221019732	1.0	1	1
26.223020073071638	1.0	1	1
26.323107935945956	1.0	1	1
26.423195798820277	1.0	1	1
26.523283661694595	1.0	1	1
26.623371524568913	1.0	1	1
26.723459387443235	1.0	1	1
26.823547250317553	1.0	1	1
26.92363511319187	1.0	1	1
27.023722976066193	1.0	1	1
27.12381083894051	1.0	1	1
27.22389870181483	1.0	1	1
27.32398656468915	1.0	1	1
27.42407442756347	1.0	1	1
27.524162290437786	1.0	1	1
27.624250153312108	1.0	1	1
27.724338016186426	1.0	1	1
27.824425879060744	1.0	1	1
27.924513741935066	1.0	1	1
28.024601604809384	1.0	1	1
28.1246894676837	1.0	1	1
28.224777330558023	1.0	1	1
28.32486519343234	2.0	2	2
28.42495305630666	2.0	2	2
28.52504091918098	2.0	2	2
28.6251287820553	2.0	2	2
28.725216644929617	2.0	2	2
28.82530450780394	2.0	2	2
28.925392370678257	2.0	2	2
29.025480233552575	2.0	2	2
29.125568096426896	2.0	2	2
29.225655959301214	2.0	2	2
29.325743822175532	2.0	2	2
29.425831685049854	2.0	2	2
29.525919547924172	2.0	2	2
29.62600741079849	2.0	2	2
29.72609527367281	2.0	2	2
29.82618313654713	2.0	2	2
29.926270999421448	2.0	2	2
30.02635886229577	2.0	2	2
30.126446725170087	2.0	2	2
30.226534588044405	2.0	2	2
30.326622450918727	2.0	2	2
30.426710313793045	2.0	2	2
30.526798176667363	2.0	2	2
30.626886039541684	2.0	2	2
30.726973902416002	2.0	2	2
30.82706176529032	2.0	2	2
30.927149628164642	2.0	2	2
31.02723749103896	2.0	2	2
31.127325353913278	2.0	2	2
31.2274132167876	2.0	2	2
31.327501079661918	2.0	2	2
31.427588942536236	2.0	2	2
31.527676805410557	2.0	2	2
31.627764668284875	2.0	2	2
31.727852531159193	2.0	2	2
31.827940394033515	2.0	2	2
31.928028256907833	2.0	2	2
32.028116119782155	2.0	2	2
32.12820398265647	1.0	1	1
32.22829184553079	1.0	1	1
32.32837970840511	1.0	1	1
32.42846757127943	1.0	1	1
32.52855543415375	1.0	1	1
32.62864329702807	1.0	1	1
32.72873115990239	1.0	1	1
32.828819022776706	1.0	1	1
32.928906885651024	1.0	1	1
33.02899474852534	1.0	1	1
33.12908261139967	1.0	1	1
33.229170474273985	1.0	1	1
33.3292583371483	1.0	1	1
33.42934620002262	1.0	1	1
33.52943406289694	1.0	1	1
33.62952192577126	1.0	1	1
33.72960978864558	1.0	1	1
33.8296976515199	1.0	1	1
33.92978551439422	1.0	1	1
34.02987337726854	1.0	1	1
34.129961240142855	1.0	1	1
34.23004910301717	1.0	1	1
34.3301369658915	1.0	1	1
34.430224828765816	1.0	1	1
34.530312691640134	1.0	1	1
34.63040055451445	1.0	1	1
34.73048841738877	1.0	1	1
34.83057628026309	1.0	1	1
34.93066414313741	1.0	1	1
35.03075200601173	1.0	1	1
35.13083986888605	1.0	1	1
35.23092773176037	1.0	1	1
35.331015594634685	1.0	1	1
35.431103457509	1.0	1	1
35.53119132038333	1.0	1	1
35.63127918325765	1.0	1	1
35.731367046131965	1.0	1	1
35.83145490900628	1.0	1	1
35.9315427718806	1.0	1	1
36.03163063475492	1.0	1	1
36.131718497629244	1.0	1	1
36.23180636050356	1.0	1	1
36.33189422337788	1.0	1	1
36.4319820862522	1.0	1	1
36.532069949126516	1.0	1	1
36.632157812000834	1.0	1	1
36.73224567487516	1.0	1	1
36.83233353774948	1.0	1	1
36.932421400623795	1.0	1	1
37.03250926349811	1.0	1	1
37.13259712637243	2.0	2	2
37.23268498924675	2.0	2	2
37.332772852121074	2.0	2	2
37.43286071499539	2.0	2	2
37.53294857786971	2.0	2	2
37.63303644074403	2.0	2	2
37.73312430361835	3.0	3	3
37.833212166492665	3.0	3	3
37.93330002936699	4.0	4	4
38.03338789224131	5.0	5	5
38.133475755115626	5.0	5	5
38.233563617989944	6.0	6	6
38.33365148086426	6.0	6	6
38.43373934373858	6.0	6	6
38.533827206612905	6.0	6	6
38.63391506948722	6.0	6	6
38.73400293236154	6.0	6	6
38.83409079523586	6.0	6	6
38.93417865811018	6.0	6	6
39.0342665209845	6.0	6	6
39.13435438385882	6.0	6	6
39.23444224673314	6.0	6	6
39.334530109607456	8.0	8	8
39.434617972481774	9.0	9	9
39.53470583535609	10.0	10	10
39.63479369823042	11.0	11	11
39.734881561104736	11.0	11	11
39.834969423979054	11.0	11	11
39.93505728685337	11.0	11	11
40.03514514972769	12.0	12	12
40.13523301260201	12.0	12	12
40.23532087547633	12.0	12	12
40.33540873835065	12.0	12	12
40.43549660122497	12.0	12	12
40.53558446409929	12.0	12	12
40.635672326973605	12.0	12	12
40.73576018984792	12.0	12	12
40.83584805272225	12.0	12	12
40.935935915596566	12.0	12	12
41.036023778470884	12.0	12	12
41.1361116413452	12.0	12	12
41.23619950421952	12.0	12	12
41.33628736709384	12.0	12	12
41.436375229968164	12.0	12	12
41.53646309284248	12.0	12	12
41.6365509557168	12.0	12	12
41.73663881859112	12.0	12	12
41.836726681465436	12.0	12	12
41.936814544339754	12.0	12	12
42.03690240721408	12.0	12	12
42.1369902700884	12.0	12	12
42.237078132962715	12.0	12	12
42.33716599583703	12.0	12	12
42.43725385871135	11.0	11	11
42.53734172158567	11.0	11	11
42.637429584459994	11.0	11	11
42.73751744733431	11.0	11	11
42.83760531020863	11.0	11	11
42.93769317308295	11.0	11	11
43.037781035957266	11.0	11	11
43.137868898831584	11.0	11	11
43.23795676170591	12.0	12	12
43.33804462458023	12.0	12	12
43.438132487454546	12.0	12	12
43.538220350328864	12.0	12	12
43.63830821320318	12.0	12	12
43.7383960760775	12.0	12	12
43.838483938951825	12.0	12	12
43.93857180182614	12.0	12	12
44.03865966470046	12.0	12	12
44.13874752757478	12.0	12	12
44.2388353904491	12.0	12	12
44.338923253323415	12.0	12	12
44.43901111619774	12.0	12	12
44.53909897907206	12.0	12	12
44.639186841946376	12.0	12	12
44.739274704820694	12.0	12	12
44.83936256769501	12.0	12	12
44.93945043056933	12.0	12	12
45.039538293443655	12.0	12	12
45.13962615631797	12.0	12	12
45.23971401919229	12.0	12	12
45.33980188206661	12.0	12	12
45.43988974494093	12.0	12	12
45.539977607815246	12.0	12	12
45.64006547068957	12.0	12	12
45.74015333356389	12.0	12	12
45.84024119643821	12.0	12	12
45.940329059312525	12.0	12	12
46.04041692218684	12.0	12	12
46.14050478506116	13.0	13	13
46.240592647935486	14.0	14	14
46.340680510809804	14.0	14	14
46.44076837368412	14.0	14	14
46.54085623655844	14.0	14	14
46.64094409943276	14.0	14	14
46.741031962307076	14.0	14	14
46.8411198251814	14.0	14	14
46.94120768805572	14.0	14	14
47.04129555093004	15.0	15	15
47.141383413804355	16.0	16	16
47.24147127667867	16.0	16	16
47.34155913955299	16.0	16	16
47.44164700242732	15.0	15	15
47.541734865301635	15.0	15	15
47.64182272817595	15.0	15	15
47.74191059105027	15.0	15	15
47.84199845392459	15.0	15	15
47.94208631679891	15.0	15	15
48.04217417967323	15.0	15	15
48.14226204254755	15.0	15	15
48.24234990542187	15.0	15	15
48.342437768296186	15.0	15	15
48.442525631170504	15.0	15	15
48.54261349404482	15.0	15	15
48.64270135691915	15.0	15	15
48.742789219793465	15.0	15	15
48.84287708266778	15.0	15	15
48.9429649455421	15.0	15	15
49.04305280841642	16.0	16	16
49.14314067129074	16.0	16	16
49.24322853416506	16.0	16	16
49.34331639703938	16.0	16	16
49.4434042599137	17.0	17	17
49.54349212278802	17.0	17	17
49.643579985662335	17.0	17	17
49.74366784853665	17.0	17	17
49.84375571141098	17.0	17	17
49.943843574285296	17.0	17	17
50.043931437159614	16.0	16	16
50.14401930003393	16.0	16	16
50.24410716290825	16.0	16	16
50.34419502578257	16.0	16	16
50.44428288865689	16.0	16	16
50.54437075153121	17.0	17	17
50.64445861440553	17.0	17	17
50.74454647727985	17.0	17	17
50.844634340154165	17.0	17	17
50.94472220302848	16.0	16	16
51.04481006590281	16.0	16	16
51.14489792877713	16.0	16	16
51.244985791651445	16.0	16	16
51.34507365452576	16.0	16	16
51.44516151740008	16.0	16	16
51.545249380274406	16.0	16	16
51.645337243148724	16.0	16	16
51.74542510602304	16.0	16	16
51.84551296889736	16.0	16	16
51.94560083177168	16.0	16	16
52.045688694645996	16.0	16	16
52.14577655752032	16.0	16	16
52.24586442039464	16.0	16	16
52.34595228326896	16.0	16	16
52.446040146143275	17.0	17	17
52.54612800901759	17.0	17	17
52.64621587189191	17.0	17	17
52.74630373476624	17.0	17	17
52.846391597640554	17.0	17	17
52.94647946051487	17.0	17	17
53.04656732338919	17.0	17	17
53.14665518626351	17.0	17	17
53.24674304913783	17.0	17	17
53.34683091201215	17.0	17	17
53.44691877488647	16.0	16	16
53.54700663776079	16.0	16	16
53.647094500635106	15.0	15	15
53.747182363509424	15.0	15	15
53.84727022638374	14.0	14	14
53.94735808925807	14.0	14	14
54.047445952132385	12.0	12	12
54.1475338150067	12.0	12	12
54.24762167788102	12.0	12	12
54.34770954075534	12.0	12	12
54.44779740362966	12.0	12	12
54.54788526650398	13.0	13	13
54.6479731293783	12.0	12	12
54.74806099225262	12.0	12	12
54.84814885512694	12.0	12	12
54.948236718001255	14.0	14	14
55.04832458087557	14.0	14	14
55.1484124437499	15.0	15	15
55.248500306624216	13.0	13	13
55.348588169498534	13.0	13	13
55.44867603237285	13.0	13	13
55.54876389524717	13.0	13	13
55.64885175812149	12.0	12	12
55.74893962099581	12.0	12	12
55.84902748387013	12.0	12	12
55.94911534674445	11.0	11	11
56.04920320961877	10.0	10	10
56.149291072493085	10.0	10	10
56.2493789353674	11.0	11	11
56.34946679824173	11.0	11	11
56.449554661116046	11.0	11	11
56.549642523990364	11.0	11	11
56.64973038686468	11.0	11	11
56.749818249739	11.0	11	11
56.84990611261332	11.0	11	11
56.949993975487644	11.0	11	11
57.05008183836196	10.0	10	10
57.15016970123628	10.0	10	10
57.2502575641106	10.0	10	10
57.350345426984916	9.0	9	9
57.450433289859234	9.0	9	9
57.55052115273356	9.0	9	9
57.65060901560788	7.0	7	7
57.750696878482195	7.0	7	7
57.85078474135651	8.0	8	8
57.95087260423083	7.0	7	7
58.05096046710515	7.0	7	7
58.151048329979474	6.0	6	6
58.25113619285379	7.0	7	7
58.35122405572811	7.0	7	7
58.45131191860243	7.0	7	7
58.551399781476746	7.0	7	7
58.651487644351064	7.0	7	7
58.75157550722539	7.0	7	7
58.85166337009971	7.0	7	7
58.951751232974026	7.0	7	7
59.051839095848344	7.0	7	7
59.15192695872266	7.0	7	7
59.25201482159698	7.0	7	7
59.352102684471305	7.0	7	7
59.45219054734562	5.0	5	5
59.55227841021994	5.0	5	5
59.65236627309426	5.0	5	5
59.75245413596858	5.0	5	5
59.852541998842895	5.0	5	5
59.95262986171722	5.0	5	5
60.05271772459154	5.0	5	5
60.152805587465856	5.0	5	5
60.252893450340174	5.0	5	5
60.35298131321449	5.0	5	5
60.45306917608881	5.0	5	5
60.553157038963136	5.0	5	5
60.65324490183745	5.0	5	5
60.75333276471177	5.0	5	5
60.85342062758609	5.0	5	5
60.95350849046041	5.0	5	5
61.053596353334726	6.0	6	6
61.15368421620905	7.0	7	7
61.25377207908337	7.0	7	7
61.35385994195769	7.0	7	7
61.453947804832005	7.0	7	7
61.55403566770632	7.0	7	7
61.65412353058064	7.0	7	7
61.754211393454966	7.0	7	7
61.854299256329284	7.0	7	7
61.9543871192036	7.0	7	7
62.05447498207792	7.0	7	7
62.15456284495224	7.0	7	7
62.254650707826556	7.0	7	7
62.35473857070088	6.0	6	6
62.4548264335752	6.0	6	6
62.55491429644952	6.0	6	6
62.655002159323836	6.0	6	6
62.755090022198154	5.0	5	5
62.85517788507247	5.0	5	5
62.9552657479468	6.0	6	6
63.055353610821115	6.0	6	6
63.15544147369543	6.0	6	6
63.25552933656975	6.0	6	6
63.35561719944407	6.0	6	6
63.45570506231839	6.0	6	6
63.55579292519271	6.0	6	6
63.65588078806703	6.0	6	6
63.75596865094135	6.0	6	6
63.856056513815666	6.0	6	6
63.956144376689984	7.0	7	7
64.05623223956431	7.0	7	7
64.15632010243863	7.0	7	7
64.25640796531295	7.0	7	7
64.35649582818726	7.0	7	7
64.45658369106158	7.0	7	7
64.5566715539359	7.0	7	7
64.65675941681022	7.0	7	7
64.75684727968454	7.0	7	7
64.85693514255885	7.0	7	7
64.95702300543319	7.0	7	7
65.0571108683075	6.0	6	6
65.15719873118182	6.0	6	6
65.25728659405614	7.0	7	7
65.35737445693046	9.0	9	9
65.45746231980478	8.0	8	8
65.5575501826791	9.0	9	9
65.65763804555341	12.0	12	12
65.75772590842773	13.0	13	13
65.85781377130205	13.0	13	13
65.95790163417637	13.0	13	13
66.05798949705068	14.0	14	14
66.15807735992502	14.0	14	14
66.25816522279933	14.0	14	14
66.35825308567365	16.0	16	16
66.45834094854797	18.0	18	18
66.55842881142229	18.0	18	18
66.6585166742966	18.0	18	18
66.75860453717092	17.0	17	17
66.85869240004524	17.0	17	17
66.95878026291956	17.0	17	17
67.05886812579388	18.0	18	18
67.1589559886682	19.0	19	19
67.25904385154251	20.0	20	20
67.35913171441685	20.0	20	20
67.45921957729117	20.0	20	20
67.55930744016548	20.0	20	20
67.6593953030398	20.0	20	20
67.75948316591412	20.0	20	20
67.85957102878844	20.0	20	20
67.95965889166276	20.0	20	20
68.05974675453707	19.0	19	19
68.15983461741139	19.0	19	19
68.25992248028571	19.0	19	19
68.36001034316003	19.0	19	19
68.46009820603435	19.0	19	19
68.56018606890868	18.0	18	18
68.660273931783	18.0	18	18
68.76036179465731	16.0	16	16
68.86044965753163	15.0	15	15
68.96053752040595	15.0	15	15
69.06062538328027	15.0	15	15
69.16071324615459	15.0	15	15
69.2608011090289	14.0	14	14
69.36088897190322	14.0	14	14
69.46097683477754	14.0	14	14
69.56106469765186	14.0	14	14
69.66115256052618	14.0	14	14
69.76124042340051	15.0	15	15
69.86132828627483	15.0	15	15
69.96141614914914	15.0	15	15
70.06150401202346	15.0	15	15
70.16159187489778	15.0	15	15
70.2616797377721	15.0	15	15
70.36176760064642	17.0	17	17
70.46185546352073	17.0	17	17
70.56194332639505	16.0	16	16
70.66203118926937	16.0	16	16
70.76211905214369	16.0	16	16
70.862206915018	16.0	16	16
70.96229477789234	17.0	17	17
71.06238264076666	17.0	17	17
71.16247050364098	16.0	16	16
71.2625583665153	16.0	16	16
71.36264622938961	16.0	16	16
71.46273409226393	15.0	15	15
71.56282195513825	15.0	15	15
71.66290981801257	15.0	15	15
71.76299768088688	15.0	15	15
71.8630855437612	15.0	15	15
71.96317340663552	15.0	15	15
72.06326126950984	16.0	16	16
72.16334913238417	15.0	15	15
72.26343699525849	15.0	15	15
72.3635248581328	16.0	16	16
72.46361272100712	14.0	14	14
72.56370058388144	14.0	14	14
72.66378844675576	14.0	14	14
72.76387630963008	14.0	14	14
72.8639641725044	14.0	14	14
72.96405203537871	13.0	13	13
73.06413989825303	14.0	14	14
73.16422776112735	15.0	15	15
73.26431562400167	15.0	15	15
73.364403486876	15.0	15	15
73.46449134975032	15.0	15	15
73.56457921262464	14.0	14	14
73.66466707549895	14.0	14	14
73.76475493837327	15.0	15	15
73.86484280124759	15.0	15	15
73.96493066412191	15.0	15	15
74.06501852699623	16.0	16	16
74.16510638987054	16.0	16	16
74.26519425274486	16.0	16	16
74.36528211561918	16.0	16	16
74.4653699784935	16.0	16	16
74.56545784136783	16.0	16	16
74.66554570424215	16.0	16	16
74.76563356711647	16.0	16	16
74.86572142999078	16.0	16	16
74.9658092928651	16.0	16	16
75.06589715573942	16.0	16	16
75.16598501861374	16.0	16	16
75.26607288148806	16.0	16	16
75.36616074436238	16.0	16	16
75.4662486072367	16.0	16	16
75.56633647011101	16.0	16	16
75.66642433298533	16.0	16	16
75.76651219585966	16.0	16	16
75.86660005873398	15.0	15	15
75.9666879216083	15.0	15	15
76.06677578448262	15.0	15	15
76.16686364735693	15.0	15	15
76.26695151023125	15.0	15	15
76.36703937310557	15.0	15	15
76.46712723597989	15.0	15	15
76.5672150988542	14.0	14	14
76.66730296172852	14.0	14	14
76.76739082460284	14.0	14	14
76.86747868747716	14.0	14	14
76.96756655035149	14.0	14	14
77.06765441322581	14.0	14	14
77.16774227610013	14.0	14	14
77.26783013897445	14.0	14	14
77.36791800184876	14.0	14	14
77.46800586472308	13.0	13	13
77.5680937275974	14.0	14	14
77.66818159047172	14.0	14	14
77.76826945334604	14.0	14	14
77.86835731622035	14.0	14	14
77.96844517909467	14.0	14	14
78.068533041969	14.0	14	14
78.16862090484332	14.0	14	14
78.26870876771764	14.0	14	14
78.36879663059196	14.0	14	14
78.46888449346628	14.0	14	14
78.5689723563406	14.0	14	14
78.66906021921491	14.0	14	14
78.76914808208923	14.0	14	14
78.86923594496355	14.0	14	14
78.96932380783787	14.0	14	14
79.06941167071219	14.0	14	14
79.1694995335865	14.0	14	14
79.26958739646084	13.0	13	13
79.36967525933515	13.0	13	13
79.46976312220947	13.0	13	13
79.56985098508379	13.0	13	13
79.66993884795811	13.0	13	13
79.77002671083243	12.0	12	12
79.87011457370674	12.0	12	12
79.97020243658106	12.0	12	12
80.07029029945538	12.0	12	12
80.1703781623297	13.0	13	13
80.27046602520402	14.0	14	14
80.37055388807833	14.0	14	14
80.47064175095267	14.0	14	14
80.57072961382698	14.0	14	14
80.6708174767013	14.0	14	14
80.77090533957562	14.0	14	14
80.87099320244994	14.0	14	14
80.97108106532426	14.0	14	14
81.07116892819857	14.0	14	14
81.17125679107289	14.0	14	14
81.27134465394721	14.0	14	14
81.37143251682153	14.0	14	14
81.47152037969585	13.0	13	13
81.57160824257016	12.0	12	12
81.6716961054445	12.0	12	12
81.77178396831881	12.0	12	12
81.87187183119313	11.0	11	11
81.97195969406745	11.0	11	11
82.07204755694177	11.0	11	11
82.17213541981609	11.0	11	11
82.2722232826904	11.0	11	11
82.37231114556472	11.0	11	11
82.47239900843904	11.0	11	11
82.57248687131336	11.0	11	11
82.67257473418768	11.0	11	11
82.772662597062	11.0	11	11
82.87275045993633	11.0	11	11
82.97283832281065	11.0	11	11
83.07292618568496	12.0	12	12
83.17301404855928	12.0	12	12
83.2731019114336	12.0	12	12
83.37318977430792	12.0	12	12
83.47327763718224	12.0	12	12
83.57336550005655	12.0	12	12
83.67345336293087	12.0	12	12
83.77354122580519	12.0	12	12
83.87362908867951	13.0	13	13
83.97371695155383	14.0	14	14
84.07380481442816	14.0	14	14
84.17389267730248	14.0	14	14
84.2739805401768	14.0	14	14
84.37406840305111	14.0	14	14
84.47415626592543	13.0	13	13
84.57424412879975	11.0	11	11
84.67433199167407	10.0	10	10
84.77441985454838	9.0	9	9
84.8745077174227	8.0	8	8
84.97459558029702	8.0	8	8
85.07468344317134	8.0	8	8
85.17477130604566	7.0	7	7
85.27485916891999	7.0	7	7
85.3749470317943	6.0	6	6
85.47503489466862	6.0	6	6
85.57512275754294	6.0	6	6
85.67521062041726	6.0	6	6
85.77529848329158	6.0	6	6
85.8753863461659	6.0	6	6
85.97547420904021	7.0	7	7
86.07556207191453	7.0	7	7
86.17564993478885	7.0	7	7
86.27573779766317	6.0	6	6
86.37582566053749	6.0	6	6
86.47591352341182	6.0	6	6
86.57600138628614	6.0	6	6
86.67608924916046	6.0	6	6
86.77617711203477	5.0	5	5
86.87626497490909	5.0	5	5
86.97635283778341	5.0	5	5
87.07644070065773	5.0	5	5
87.17652856353205	4.0	4	4
87.27661642640636	4.0	4	4
87.37670428928068	4.0	4	4
87.476792152155	4.0	4	4
87.57688001502932	4.0	4	4
87.67696787790365	4.0	4	4
87.77705574077797	4.0	4	4
87.87714360365229	4.0	4	4
87.9772314665266	4.0	4	4
88.07731932940092	2.0	2	2
88.17740719227524	2.0	2	2
88.27749505514956	2.0	2	2
88.37758291802388	2.0	2	2
88.4776707808982	2.0	2	2
88.57775864377251	2.0	2	2
88.67784650664683	2.0	2	2
88.77793436952115	2.0	2	2
88.87802223239548	3.0	3	3
88.9781100952698	4.0	4	4
89.07819795814412	4.0	4	4
89.17828582101843	4.0	4	4
89.27837368389275	5.0	5	5
89.37846154676707	5.0	5	5
89.47854940964139	5.0	5	5
89.5786372725157	6.0	6	6
89.67872513539002	6.0	6	6
89.77881299826434	6.0	6	6
89.87890086113866	6.0	6	6
89.97898872401299	6.0	6	6
90.07907658688731	6.0	6	6
90.17916444976163	6.0	6	6
90.27925231263595	6.0	6	6
90.37934017551026	6.0	6	6
90.47942803838458	6.0	6	6
90.5795159012589	6.0	6	6
90.67960376413322	6.0	6	6
90.77969162700754	6.0	6	6
90.87977948988186	6.0	6	6
90.97986735275617	6.0	6	6
91.07995521563049	6.0	6	6
91.18004307850482	6.0	6	6
91.28013094137914	6.0	6	6
91.38021880425346	6.0	6	6
91.48030666712778	6.0	6	6
91.5803945300021	6.0	6	6
91.68048239287641	6.0	6	6
91.78057025575073	6.0	6	6
91.88065811862505	6.0	6	6
91.98074598149937	6.0	6	6
92.08083384437369	7.0	7	7
92.180921707248	7.0	7	7
92.28100957012232	7.0	7	7
92.38109743299665	7.0	7	7
92.48118529587097	7.0	7	7
92.58127315874529	7.0	7	7
92.68136102161961	7.0	7	7
92.78144888449393	7.0	7	7
92.88153674736824	6.0	6	6
92.98162461024256	6.0	6	6
93.08171247311688	5.0	5	5
93.1818003359912	5.0	5	5
93.28188819886552	3.0	3	3
93.38197606173983	4.0	4	4
93.48206392461415	4.0	4	4
93.58215178748848	5.0	5	5
93.6822396503628	5.0	5	5
93.78232751323712	5.0	5	5
93.88241537611144	6.0	6	6
93.98250323898576	6.0	6	6
94.08259110186007	6.0	6	6
94.1826789647344	7.0	7	7
94.28276682760871	7.0	7	7
94.38285469048303	7.0	7	7
94.48294255335735	8.0	8	8
94.58303041623167	8.0	8	8
94.68311827910598	7.0	7	7
94.78320614198032	7.0	7	7
94.88329400485463	7.0	7	7
94.98338186772895	7.0	7	7
95.08346973060327	6.0	6	6
95.18355759347759	6.0	6	6
95.2836454563519	6.0	6	6
95.38373331922622	4.0	4	4
95.48382118210054	5.0	5	5
95.58390904497486	5.0	5	5
95.68399690784918	4.0	4	4
95.7840847707235	4.0	4	4
95.88417263359781	5.0	5	5
95.98426049647215	5.0	5	5
96.08434835934646	6.0	6	6
96.18443622222078	6.0	6	6
96.2845240850951	6.0	6	6
96.38461194796942	6.0	6	6
96.48469981084374	6.0	6	6
96.58478767371805	6.0	6	6
96.68487553659237	5.0	5	5
96.78496339946669	5.0	5	5
96.88505126234101	5.0	5	5
96.98513912521533	5.0	5	5
97.08522698808964	5.0	5	5
97.18531485096398	4.0	4	4
97.2854027138383	4.0	4	4
97.38549057671261	4.0	4	4
97.48557843958693	4.0	4	4
97.58566630246125	4.0	4	4
97.68575416533557	4.0	4	4
97.78584202820988	4.0	4	4
97.8859298910842	4.0	4	4
97.98601775395852	3.0	3	3
98.08610561683284	3.0	3	3
98.18619347970716	3.0	3	3
98.28628134258147	3.0	3	3
98.38636920545581	3.0	3	3
98.48645706833013	3.0	3	3
98.58654493120444	4.0	4	4
98.68663279407876	4.0	4	4
98.78672065695308	4.0	4	4
98.8868085198274	4.0	4	4
98.98689638270172	4.0	4	4
99.08698424557603	4.0	4	4
99.18707210845035	4.0	4	4
99.28715997132467	4.0	4	4
99.38724783419899	4.0	4	4
99.4873356970733	4.0	4	4
99.58742355994764	4.0	4	4
99.68751142282196	4.0	4	4
99.78759928569627	4.0	4	4
99.88768714857059	4.0	4	4
99.98777501144491	4.0	4	4
100.08786287431923	4.0	4	4
100.18795073719355	5.0	5	5
100.28803860006786	5.0	5	5
100.38812646294218	5.0	5	5
100.4882143258165	5.0	5	5
100.58830218869082	5.0	5	5
100.68839005156514	5.0	5	5
100.78847791443947	5.0	5	5
100.88856577731379	5.0	5	5
100.9886536401881	5.0	5	5
101.08874150306242	5.0	5	5
101.18882936593674	5.0	5	5
101.28891722881106	5.0	5	5
101.38900509168538	5.0	5	5
101.4890929545597	5.0	5	5
101.58918081743401	5.0	5	5
101.68926868030833	5.0	5	5
101.78935654318265	5.0	5	5
101.88944440605697	4.0	4	4
101.9895322689313	4.0	4	4
102.08962013180562	4.0	4	4
102.18970799467994	4.0	4	4
102.28979585755425	4.0	4	4
102.38988372042857	4.0	4	4
102.48997158330289	4.0	4	4
102.59005944617721	4.0	4	4
102.69014730905153	4.0	4	4
102.79023517192584	4.0	4	4
102.89032303480016	5.0	5	5
102.99041089767448	5.0	5	5
103.09049876054881	5.0	5	5
103.19058662342313	5.0	5	5
103.29067448629745	4.0	4	4
103.39076234917177	4.0	4	4
103.49085021204608	4.0	4	4
103.5909380749204	4.0	4	4
103.69102593779472	4.0	4	4
103.79111380066904	4.0	4	4
103.89120166354336	4.0	4	4
103.99128952641767	4.0	4	4
104.09137738929199	4.0	4	4
104.19146525216631	4.0	4	4
104.29155311504064	4.0	4	4
104.39164097791496	4.0	4	4
104.49172884078928	4.0	4	4
104.5918167036636	4.0	4	4
104.69190456653791	4.0	4	4
104.79199242941223	4.0	4	4
104.89208029228655	4.0	4	4
104.99216815516087	4.0	4	4
105.09225601803519	4.0	4	4
105.1923438809095	4.0	4	4
105.29243174378382	4.0	4	4
105.39251960665814	4.0	4	4
105.49260746953247	4.0	4	4
105.59269533240679	4.0	4	4
105.69278319528111	4.0	4	4
105.79287105815543	4.0	4	4
105.89295892102975	4.0	4	4
105.99304678390406	4.0	4	4
106.09313464677838	4.0	4	4
106.1932225096527	4.0	4	4
106.29331037252702	4.0	4	4
106.39339823540134	4.0	4	4
106.49348609827565	4.0	4	4
106.59357396114997	4.0	4	4
106.6936618240243	4.0	4	4
106.79374968689862	4.0	4	4
106.89383754977294	4.0	4	4
106.99392541264726	4.0	4	4
107.09401327552158	4.0	4	4
107.1941011383959	4.0	4	4
107.29418900127021	4.0	4	4
107.39427686414453	4.0	4	4
107.49436472701885	4.0	4	4
107.59445258989317	4.0	4	4
107.69454045276748	4.0	4	4
107.7946283156418	4.0	4	4
107.89471617851613	4.0	4	4
107.99480404139045	4.0	4	4
108.09489190426477	4.0	4	4
108.19497976713909	4.0	4	4
108.2950676300134	4.0	4	4
108.39515549288772	4.0	4	4
108.49524335576204	4.0	4	4
108.59533121863636	4.0	4	4
108.69541908151068	4.0	4	4
108.795506944385	4.0	4	4
108.89559480725931	4.0	4	4
108.99568267013363	4.0	4	4
109.09577053300796	4.0	4	4
109.19585839588228	4.0	4	4
109.2959462587566	4.0	4	4
109.39603412163092	4.0	4	4
109.49612198450524	4.0	4	4
109.59620984737955	4.0	4	4
109.69629771025387	4.0	4	4
109.79638557312819	4.0	4	4
109.89647343600251	4.0	4	4
109.99656129887683	4.0	4	4
110.09664916175115	4.0	4	4
110.19673702462546	4.0	4	4
110.2968248874998	4.0	4	4
110.39691275037411	4.0	4	4
110.49700061324843	4.0	4	4
110.59708847612275	4.0	4	4
110.69717633899707	4.0	4	4
110.79726420187139	4.0	4	4
110.8973520647457	4.0	4	4
110.99743992762002	4.0	4	4
111.09752779049434	4.0	4	4
111.19761565336866	4.0	4	4
111.29770351624298	4.0	4	4
111.3977913791173	4.0	4	4
111.49787924199163	4.0	4	4
111.59796710486594	4.0	4	4
111.69805496774026	3.0	3	3
111.79814283061458	3.0	3	3
111.8982306934889	3.0	3	3
111.99831855636322	3.0	3	3
112.09840641923753	3.0	3	3
112.19849428211185	3.0	3	3
112.29858214498617	3.0	3	3
112.39867000786049	3.0	3	3
112.4987578707348	3.0	3	3
112.59884573360912	3.0	3	3
112.69893359648346	3.0	3	3
112.79902145935777	3.0	3	3
112.89910932223209	3.0	3	3
112.99919718510641	3.0	3	3
113.09928504798073	3.0	3	3
113.19937291085505	2.0	2	2
113.29946077372936	2.0	2	2
113.39954863660368	2.0	2	2
113.499636499478	2.0	2	2
113.59972436235232	2.0	2	2
113.69981222522664	2.0	2	2
113.79990008810096	2.0	2	2
113.89998795097529	2.0	2	2
114.0000758138496	2.0	2	2
114.10016367672392	1.0	1	1
114.20025153959824	0.0	0	0
114.30033940247256	0.0	0	0
114.40042726534688	0.0	0	0
114.5005151282212	0.0	0	0
114.60060299109551	0.0	0	0
114.70069085396983	0.0	0	0
114.80077871684415	0.0	0	0
114.90086657971847	0.0	0	0
115.00095444259279	0.0	0	0
115.10104230546712	0.0	0	0
115.20113016834144	0.0	0	0
115.30121803121575	0.0	0	0
115.40130589409007	0.0	0	0
115.50139375696439	0.0	0	0
115.60148161983871	0.0	0	0
115.70156948271303	0.0	0	0
115.80165734558734	0.0	0	0
115.90174520846166	0.0	0	0
116.00183307133598	0.0	0	0
116.1019209342103	0.0	0	0
116.20200879708463	0.0	0	0
116.30209665995895	0.0	0	0
116.40218452283327	0.0	0	0
116.50227238570758	0.0	0	0
116.6023602485819	0.0	0	0
116.70244811145622	0.0	0	0
116.80253597433054	0.0	0	0
116.90262383720486	0.0	0	0
117.00271170007917	0.0	0	0
117.10279956295349	0.0	0	0
117.20288742582781	0.0	0	0
117.30297528870213	0.0	0	0
117.40306315157646	0.0	0	0
117.50315101445078	0.0	0	0
117.6032388773251	0.0	0	0
117.70332674019942	0.0	0	0
117.80341460307373	0.0	0	0
117.90350246594805	0.0	0	0
118.00359032882237	0.0	0	0
118.10367819169669	0.0	0	0
118.203766054571	0.0	0	0
118.30385391744532	0.0	0	0
118.40394178031964	0.0	0	0
118.50402964319396	0.0	0	0
118.60411750606829	0.0	0	0
118.70420536894261	0.0	0	0
118.80429323181693	0.0	0	0
118.90438109469125	0.0	0	0
119.00446895756556	0.0	0	0
119.10455682043988	0.0	0	0
119.2046446833142	0.0	0	0
119.30473254618852	0.0	0	0
119.40482040906284	0.0	0	0
119.50490827193715	0.0	0	0
119.60499613481147	0.0	0	0
119.70508399768579	0.0	0	0
119.80517186056012	0.0	0	0
119.90525972343444	0.0	0	0
120.00534758630876	0.0	0	0
120.10543544918308	0.0	0	0
120.2055233120574	0.0	0	0
120.30561117493171	0.0	0	0
120.40569903780603	0.0	0	0
120.50578690068035	0.0	0	0
120.60587476355467	0.0	0	0
120.70596262642898	0.0	0	0
120.8060504893033	1.0	1	1
120.90613835217762	1.0	1	1
121.00622621505195	1.0	1	1
121.10631407792627	1.0	1	1
121.20640194080059	1.0	1	1
121.3064898036749	1.0	1	1
121.40657766654923	1.0	1	1
121.50666552942354	1.0	1	1
121.60675339229786	1.0	1	1
121.70684125517218	1.0	1	1
121.8069291180465	1.0	1	1
121.90701698092082	1.0	1	1
122.00710484379513	1.0	1	1
122.10719270666945	1.0	1	1
122.20728056954378	1.0	1	1
122.3073684324181	1.0	1	1
122.40745629529242	1.0	1	1
122.50754415816674	1.0	1	1
122.60763202104106	1.0	1	1
122.70771988391537	0.0	0	0
122.80780774678969	0.0	0	0
122.90789560966401	0.0	0	0
123.00798347253833	0.0	0	0
123.10807133541265	0.0	0	0
123.20815919828696	0.0	0	0
123.30824706116128	0.0	0	0
123.40833492403561	0.0	0	0
123.50842278690993	0.0	0	0
123.60851064978425	0.0	0	0
123.70859851265857	0.0	0	0
123.80868637553289	0.0	0	0
123.9087742384072	0.0	0	0
124.00886210128152	0.0	0	0
124.10894996415584	0.0	0	0
124.20903782703016	0.0	0	0
124.30912568990448	0.0	0	0
124.4092135527788	0.0	0	0
124.50930141565311	0.0	0	0
124.60938927852744	0.0	0	0
124.70947714140176	0.0	0	0
124.80956500427608	0.0	0	0
124.9096528671504	0.0	0	0
125.00974073002472	0.0	0	0
125.10982859289904	0.0	0	0
125.20991645577335	0.0	0	0
125.31000431864767	0.0	0	0
125.41009218152199	0.0	0	0
125.51018004439631	0.0	0	0
125.61026790727063	0.0	0	0
125.71035577014494	0.0	0	0
125.81044363301928	0.0	0	0
125.9105314958936	0.0	0	0
126.01061935876791	0.0	0	0
126.11070722164223	0.0	0	0
126.21079508451655	0.0	0	0
126.31088294739087	0.0	0	0
126.41097081026518	0.0	0	0
126.5110586731395	0.0	0	0
126.61114653601382	0.0	0	0
126.71123439888814	0.0	0	0
126.81132226176246	0.0	0	0
126.91141012463677	0.0	0	0
127.0114979875111	0.0	0	0
127.11158585038542	0.0	0	0
127.21167371325974	1.0	1	1
127.31176157613406	1.0	1	1
127.41184943900838	1.0	1	1
127.5119373018827	1.0	1	1
127.61202516475701	1.0	1	1
127.71211302763133	2.0	2	2
127.81220089050565	2.0	2	2
127.91228875337997	2.0	2	2
128.0123766162543	2.0	2	2
128.11246447912862	2.0	2	2
128.21255234200294	3.0	3	3
128.31264020487725	4.0	4	4
128.41272806775157	4.0	4	4
128.5128159306259	4.0	4	4
128.6129037935002	4.0	4	4
128.71299165637453	4.0	4	4
128.81307951924884	4.0	4	4
128.91316738212316	4.0	4	4
129.01325524499748	4.0	4	4
129.1133431078718	4.0	4	4
129.21343097074612	3.0	3	3
129.31351883362044	3.0	3	3
129.41360669649475	3.0	3	3
129.51369455936907	3.0	3	3
129.6137824222434	3.0	3	3
129.7138702851177	2.0	2	2
129.81395814799203	2.0	2	2
129.91404601086637	2.0	2	2
130.0141338737407	2.0	2	2
130.114221736615	2.0	2	2
130.21430959948933	2.0	2	2
130.31439746236364	1.0	1	1
130.41448532523796	1.0	1	1
130.51457318811228	1.0	1	1
130.6146610509866	1.0	1	1
130.71474891386092	1.0	1	1
130.81483677673523	1.0	1	1
130.91492463960955	1.0	1	1
131.01501250248387	1.0	1	1
131.1151003653582	1.0	1	1
131.2151882282325	1.0	1	1
131.31527609110682	1.0	1	1
131.41536395398114	1.0	1	1
131.51545181685546	1.0	1	1
131.61553967972978	1.0	1	1
131.7156275426041	1.0	1	1
131.81571540547841	1.0	1	1
131.91580326835273	1.0	1	1
132.01589113122705	1.0	1	1
132.11597899410137	1.0	1	1
132.2160668569757	1.0	1	1
132.31615471985003	1.0	1	1
132.41624258272435	1.0	1	1
132.51633044559867	1.0	1	1
132.616418308473	1.0	1	1
132.7165061713473	1.0	1	1
132.81659403422162	1.0	1	1
132.91668189709594	1.0	1	1
133.01676975997026	1.0	1	1
133.11685762284458	1.0	1	1
133.2169454857189	1.0	1	1
133.3170333485932	0.0	0	0
133.41712121146753	0.0	0	0
133.51720907434185	0.0	0	0
133.61729693721617	0.0	0	0
133.71738480009049	0.0	0	0
133.8174726629648	0.0	0	0
133.91756052583912	0.0	0	0
134.01764838871344	0.0	0	0
134.11773625158776	0.0	0	0
134.21782411446208	0.0	0	0
134.3179119773364	0.0	0	0
134.4179998402107	1.0	1	1
134.51808770308503	1.0	1	1
134.61817556595935	2.0	2	2
134.7182634288337	2.0	2	2
134.818351291708	2.0	2	2
134.91843915458233	2.0	2	2
135.01852701745665	2.0	2	2
135.11861488033097	2.0	2	2
135.21870274320528	2.0	2	2
135.3187906060796	2.0	2	2
135.41887846895392	2.0	2	2
135.51896633182824	2.0	2	2
135.61905419470256	2.0	2	2
135.71914205757687	2.0	2	2
135.8192299204512	2.0	2	2
135.9193177833255	2.0	2	2
136.01940564619983	2.0	2	2
136.11949350907415	2.0	2	2
136.21958137194846	2.0	2	2
136.31966923482278	1.0	1	1
136.4197570976971	2.0	2	2
136.51984496057142	2.0	2	2
136.61993282344574	2.0	2	2
136.72002068632005	2.0	2	2
136.82010854919437	2.0	2	2
136.9201964120687	2.0	2	2
137.020284274943	2.0	2	2
137.12037213781736	2.0	2	2
137.22046000069167	2.0	2	2
137.320547863566	2.0	2	2
137.4206357264403	1.0	1	1
137.52072358931463	1.0	1	1
137.62081145218895	1.0	1	1
137.72089931506326	1.0	1	1
137.82098717793758	1.0	1	1
137.9210750408119	2.0	2	2
138.02116290368622	2.0	2	2
138.12125076656054	2.0	2	2
138.22133862943485	2.0	2	2
138.32142649230917	1.0	1	1
138.4215143551835	1.0	1	1
138.5216022180578	1.0	1	1
138.62169008093213	1.0	1	1
138.72177794380644	1.0	1	1
138.82186580668076	1.0	1	1
138.92195366955508	1.0	1	1
139.0220415324294	1.0	1	1
139.12212939530372	1.0	1	1
139.22221725817803	1.0	1	1
139.32230512105235	1.0	1	1
139.42239298392667	1.0	1	1
139.52248084680102	1.0	1	1
139.62256870967533	1.0	1	1
139.72265657254965	1.0	1	1
139.82274443542397	1.0	1	1
139.9228322982983	1.0	1	1
140.0229201611726	0.0	0	0
140.12300802404692	0.0	0	0
140.22309588692124	0.0	0	0
140.32318374979556	0.0	0	0
140.42327161266988	0.0	0	0
140.5233594755442	0.0	0	0
140.62344733841852	0.0	0	0
140.72353520129283	0.0	0	0
140.82362306416715	0.0	0	0
140.92371092704147	0.0	0	0
141.0237987899158	0.0	0	0
141.1238866527901	0.0	0	0
141.22397451566442	0.0	0	0
141.32406237853874	0.0	0	0
141.42415024141306	0.0	0	0
141.52423810428738	0.0	0	0
141.6243259671617	0.0	0	0
141.724413830036	0.0	0	0
141.82450169291036	0.0	0	0
141.92458955578468	0.0	0	0
142.024677418659	0.0	0	0
142.1247652815333	0.0	0	0
142.22485314440763	0.0	0	0
142.32494100728195	0.0	0	0
142.42502887015627	0.0	0	0
142.5251167330306	0.0	0	0
142.6252045959049	0.0	0	0
142.72529245877922	0.0	0	0
142.82538032165354	1.0	1	1
142.92546818452786	1.0	1	1
143.02555604740218	1.0	1	1
143.1256439102765	1.0	1	1
143.2257317731508	1.0	1	1
143.32581963602513	1.0	1	1
143.42590749889945	1.0	1	1
143.52599536177377	1.0	1	1
143.62608322464808	1.0	1	1
143.7261710875224	1.0	1	1
143.82625895039672	1.0	1	1
143.92634681327104	1.0	1	1
144.02643467614536	1.0	1	1
144.12652253901967	1.0	1	1
144.22661040189402	1.0	1	1
144.32669826476834	1.0	1	1
144.42678612764266	1.0	1	1
144.52687399051698	1.0	1	1
144.6269618533913	1.0	1	1
144.7270497162656	1.0	1	1
144.82713757913993	1.0	1	1
144.92722544201425	1.0	1	1
145.02731330488857	1.0	1	1
145.12740116776288	1.0	1	1
145.2274890306372	1.0	1	1
145.32757689351152	1.0	1	1
145.42766475638584	1.0	1	1
145.52775261926016	1.0	1	1
145.62784048213447	1.0	1	1
145.7279283450088	1.0	1	1
145.8280162078831	1.0	1	1
145.92810407075743	1.0	1	1
146.02819193363175	1.0	1	1
146.12827979650606	2.0	2	2
146.22836765938038	2.0	2	2
146.3284555222547	2.0	2	2
146.42854338512902	2.0	2	2
146.52863124800334	2.0	2	2
146.62871911087768	2.0	2	2
146.728806973752	2.0	2	2
146.82889483662632	2.0	2	2
146.92898269950064	2.0	2	2
147.02907056237495	2.0	2	2
147.12915842524927	2.0	2	2
147.2292462881236	2.0	2	2
147.3293341509979	2.0	2	2
147.42942201387223	2.0	2	2
147.52950987674654	2.0	2	2
147.62959773962086	2.0	2	2
147.72968560249518	2.0	2	2
147.8297734653695	2.0	2	2
147.92986132824382	2.0	2	2
148.02994919111813	2.0	2	2
148.13003705399245	2.0	2	2
148.23012491686677	2.0	2	2
148.3302127797411	2.0	2	2
148.4303006426154	2.0	2	2
148.53038850548973	2.0	2	2
148.63047636836404	2.0	2	2
148.73056423123836	2.0	2	2
148.83065209411268	2.0	2	2
148.930739956987	2.0	2	2
149.03082781986134	2.0	2	2
149.13091568273566	2.0	2	2
149.23100354560998	2.0	2	2
149.3310914084843	2.0	2	2
149.43117927135862	2.0	2	2
149.53126713423293	2.0	2	2
149.63135499710725	2.0	2	2
149.73144285998157	2.0	2	2
149.8315307228559	2.0	2	2
149.9316185857302	2.0	2	2
150.03170644860452	2.0	2	2
150.13179431147884	2.0	2	2
150.23188217435316	3.0	3	3
150.33197003722748	3.0	3	3
150.4320579001018	3.0	3	3
150.5321457629761	3.0	3	3
150.63223362585043	3.0	3	3
150.73232148872475	3.0	3	3
150.83240935159907	3.0	3	3
150.9324972144734	3.0	3	3
151.0325850773477	3.0	3	3
151.13267294022202	3.0	3	3
151.23276080309634	3.0	3	3
151.33284866597066	3.0	3	3
151.432936528845	3.0	3	3
151.53302439171932	3.0	3	3
151.63311225459364	3.0	3	3
151.73320011746796	3.0	3	3
151.83328798034228	3.0	3	3
151.9333758432166	3.0	3	3
152.0334637060909	3.0	3	3
152.13355156896523	3.0	3	3
152.23363943183955	3.0	3	3
152.33372729471387	3.0	3	3
152.43381515758819	2.0	2	2
152.5339030204625	2.0	2	2
152.63399088333682	2.0	2	2
152.73407874621114	2.0	2	2
152.83416660908546	2.0	2	2
152.93425447195978	2.0	2	2
153.0343423348341	2.0	2	2
153.1344301977084	2.0	2	2
153.23451806058273	2.0	2	2
153.33460592345705	2.0	2	2
153.43469378633137	2.0	2	2
153.53478164920568	2.0	2	2
153.63486951208	2.0	2	2
153.73495737495432	2.0	2	2
153.83504523782867	2.0	2	2
153.93513310070298	2.0	2	2
154.0352209635773	2.0	2	2
154.13530882645162	2.0	2	2
154.23539668932594	2.0	2	2
154.33548455220026	2.0	2	2
154.43557241507457	2.0	2	2
154.5356602779489	1.0	1	1
154.6357481408232	1.0	1	1
154.73583600369753	1.0	1	1
154.83592386657185	1.0	1	1
154.93601172944616	1.0	1	1
155.03609959232048	1.0	1	1
155.1361874551948	1.0	1	1
155.23627531806912	1.0	1	1
155.33636318094344	1.0	1	1
155.43645104381775	1.0	1	1
155.53653890669207	1.0	1	1
155.6366267695664	1.0	1	1
155.7367146324407	1.0	1	1
155.83680249531503	1.0	1	1
155.93689035818934	1.0	1	1
156.03697822106366	1.0	1	1
156.137066083938	1.0	1	1
156.23715394681233	1.0	1	1
156.33724180968665	1.0	1	1
156.43732967256096	1.0	1	1
156.53741753543528	1.0	1	1
156.6375053983096	1.0	1	1
156.73759326118392	1.0	1	1
156.83768112405824	1.0	1	1
156.93776898693255	1.0	1	1
157.03785684980687	1.0	1	1
157.1379447126812	1.0	1	1
157.2380325755555	1.0	1	1
157.33812043842983	1.0	1	1
157.43820830130414	1.0	1	1
157.53829616417846	1.0	1	1
157.63838402705278	1.0	1	1
157.7384718899271	1.0	1	1
157.83855975280142	1.0	1	1
157.93864761567573	1.0	1	1
158.03873547855005	1.0	1	1
158.13882334142437	1.0	1	1
158.2389112042987	1.0	1	1
158.338999067173	1.0	1	1
158.43908693004732	1.0	1	1
158.53917479292167	0.0	0	0
158.639262655796	0.0	0	0
158.7393505186703	0.0	0	0
158.83943838154462	0.0	0	0
158.93952624441894	0.0	0	0
159.03961410729326	0.0	0	0
159.13970197016758	0.0	0	0
159.2397898330419	0.0	0	0
159.33987769591621	0.0	0	0
159.43996555879053	0.0	0	0
159.54005342166485	0.0	0	0
159.64014128453917	0.0	0	0
159.7402291474135	0.0	0	0
159.8403170102878	0.0	0	0
159.94040487316212	0.0	0	0
160.04049273603644	0.0	0	0
160.14058059891076	0.0	0	0
160.24066846178508	0.0	0	0
160.3407563246594	0.0	0	0
160.4408441875337	0.0	0	0
160.54093205040803	1.0	1	1
160.64101991328235	1.0	1	1
160.74110777615667	1.0	1	1
160.84119563903099	1.0	1	1
160.94128350190533	1.0	1	1
161.04137136477965	1.0	1	1
161.14145922765397	1.0	1	1
161.2415470905283	1.0	1	1
161.3416349534026	1.0	1	1
161.44172281627692	1.0	1	1
161.54181067915124	1.0	1	1
161.64189854202556	1.0	1	1
161.74198640489988	1.0	1	1
161.8420742677742	1.0	1	1
161.9421621306485	1.0	1	1
162.04224999352283	1.0	1	1
162.14233785639715	1.0	1	1
162.24242571927147	1.0	1	1
162.34251358214578	1.0	1	1
162.4426014450201	1.0	1	1
162.54268930789442	1.0	1	1
162.64277717076874	3.0	3	3
162.74286503364306	3.0	3	3
162.84295289651737	3.0	3	3
162.9430407593917	3.0	3	3
163.043128622266	3.0	3	3
163.14321648514033	4.0	4	4
163.24330434801465	4.0	4	4
163.343392210889	4.0	4	4
163.4434800737633	4.0	4	4
163.54356793663763	4.0	4	4
163.64365579951195	4.0	4	4
163.74374366238627	4.0	4	4
163.84383152526058	4.0	4	4
163.9439193881349	5.0	5	5
164.04400725100922	5.0	5	5
164.14409511388354	5.0	5	5
164.24418297675786	5.0	5	5
164.34427083963217	5.0	5	5
164.4443587025065	5.0	5	5
164.5444465653808	5.0	5	5
164.64453442825513	6.0	6	6
164.74462229112945	5.0	5	5
164.84471015400376	5.0	5	5
164.94479801687808	5.0	5	5
165.0448858797524	4.0	4	4
165.14497374262672	4.0	4	4
165.24506160550104	4.0	4	4
165.34514946837535	4.0	4	4
165.44523733124967	4.0	4	4
165.545325194124	5.0	5	5
165.6454130569983	5.0	5	5
165.74550091987265	5.0	5	5
165.84558878274697	5.0	5	5
165.9456766456213	5.0	5	5
166.0457645084956	5.0	5	5
166.14585237136993	5.0	5	5
166.24594023424424	5.0	5	5
166.34602809711856	5.0	5	5
166.44611595999288	5.0	5	5
166.5462038228672	6.0	6	6
166.64629168574152	6.0	6	6
166.74637954861583	5.0	5	5
166.84646741149015	5.0	5	5
166.94655527436447	5.0	5	5
167.0466431372388	5.0	5	5
167.1467310001131	5.0	5	5
167.24681886298742	4.0	4	4
167.34690672586174	5.0	5	5
167.44699458873606	4.0	4	4
167.54708245161038	5.0	5	5
167.6471703144847	5.0	5	5
167.74725817735902	5.0	5	5
167.84734604023333	5.0	5	5
167.94743390310765	5.0	5	5
168.047521765982	5.0	5	5
168.14760962885632	4.0	4	4
168.24769749173063	4.0	4	4
168.34778535460495	4.0	4	4
168.44787321747927	4.0	4	4
168.5479610803536	4.0	4	4
168.6480489432279	3.0	3	3
168.74813680610222	3.0	3	3
168.84822466897654	3.0	3	3
168.94831253185086	3.0	3	3
169.04840039472518	3.0	3	3
169.1484882575995	3.0	3	3
169.2485761204738	3.0	3	3
169.34866398334813	3.0	3	3
169.44875184622245	3.0	3	3
169.54883970909677	2.0	2	2
169.6489275719711	2.0	2	2
169.7490154348454	2.0	2	2
169.84910329771972	2.0	2	2
169.94919116059404	2.0	2	2
170.04927902346836	2.0	2	2
170.14936688634268	2.0	2	2
170.249454749217	2.0	2	2
170.3495426120913	2.0	2	2
170.44963047496566	2.0	2	2
170.54971833783998	3.0	3	3
170.6498062007143	3.0	3	3
170.7498940635886	3.0	3	3
170.84998192646293	3.0	3	3
170.95006978933725	3.0	3	3
171.05015765221157	3.0	3	3
171.15024551508589	3.0	3	3
171.2503333779602	3.0	3	3
171.35042124083452	3.0	3	3
171.45050910370884	3.0	3	3
171.55059696658316	3.0	3	3
171.65068482945748	3.0	3	3
171.7507726923318	4.0	4	4
171.8508605552061	4.0	4	4
171.95094841808043	4.0	4	4
172.05103628095475	4.0	4	4
172.15112414382907	4.0	4	4
172.25121200670338	4.0	4	4
172.3512998695777	4.0	4	4
172.45138773245202	4.0	4	4
172.55147559532634	4.0	4	4
172.65156345820066	4.0	4	4
172.75165132107497	4.0	4	4
172.85173918394932	4.0	4	4
172.95182704682364	4.0	4	4
173.05191490969796	4.0	4	4
173.15200277257227	4.0	4	4
173.2520906354466	4.0	4	4
173.3521784983209	4.0	4	4
173.45226636119523	4.0	4	4
173.55235422406955	4.0	4	4
173.65244208694386	4.0	4	4
173.75252994981818	4.0	4	4
173.8526178126925	4.0	4	4
173.95270567556682	4.0	4	4
174.05279353844114	4.0	4	4
174.15288140131545	4.0	4	4
174.25296926418977	4.0	4	4
174.3530571270641	4.0	4	4
174.4531449899384	4.0	4	4
174.55323285281273	4.0	4	4
174.65332071568704	4.0	4	4
174.75340857856136	4.0	4	4
174.85349644143568	4.0	4	4
174.95358430431	4.0	4	4
175.05367216718432	4.0	4	4
175.15376003005863	4.0	4	4
175.25384789293298	4.0	4	4
175.3539357558073	4.0	4	4
175.45402361868162	4.0	4	4
175.55411148155594	4.0	4	4
175.65419934443025	4.0	4	4
175.75428720730457	4.0	4	4
175.8543750701789	4.0	4	4
175.9544629330532	3.0	3	3
176.05455079592753	3.0	3	3
176.15463865880184	3.0	3	3
176.25472652167616	3.0	3	3
176.35481438455048	3.0	3	3
176.4549022474248	3.0	3	3
176.55499011029912	3.0	3	3
176.65507797317343	3.0	3	3
176.75516583604775	3.0	3	3
176.85525369892207	3.0	3	3
176.9553415617964	3.0	3	3
177.0554294246707	3.0	3	3
177.15551728754502	3.0	3	3
177.25560515041934	3.0	3	3
177.35569301329366	3.0	3	3
177.45578087616798	3.0	3	3
177.5558687390423	3.0	3	3
177.65595660191664	3.0	3	3
177.75604446479096	3.0	3	3
177.85613232766528	3.0	3	3
177.9562201905396	3.0	3	3
178.05630805341391	3.0	3	3
178.15639591628823	3.0	3	3
178.25648377916255	3.0	3	3
178.35657164203687	3.0	3	3
178.4566595049112	3.0	3	3
178.5567473677855	3.0	3	3
178.65683523065982	3.0	3	3
178.75692309353414	3.0	3	3
178.85701095640846	3.0	3	3
178.95709881928278	3.0	3	3
179.0571866821571	3.0	3	3
179.1572745450314	3.0	3	3
179.25736240790573	3.0	3	3
179.35745027078005	3.0	3	3
179.45753813365437	3.0	3	3
179.55762599652869	3.0	3	3
179.657713859403	3.0	3	3
179.75780172227732	3.0	3	3
179.85788958515164	3.0	3	3
179.95797744802599	3.0	3	3
180.0580653109003	3.0	3	3
180.15815317377462	3.0	3	3
180.25824103664894	3.0	3	3
180.35832889952326	3.0	3	3
180.45841676239758	3.0	3	3
180.5585046252719	3.0	3	3
180.6585924881462	3.0	3	3
180.75868035102053	4.0	4	4
180.85876821389485	4.0	4	4
180.95885607676917	4.0	4	4
181.05894393964348	4.0	4	4
181.1590318025178	4.0	4	4
181.25911966539212	4.0	4	4
181.35920752826644	3.0	3	3
181.45929539114076	3.0	3	3
181.55938325401507	3.0	3	3
181.6594711168894	3.0	3	3
181.7595589797637	3.0	3	3
181.85964684263803	3.0	3	3
181.95973470551235	3.0	3	3
182.05982256838666	3.0	3	3
182.15991043126098	3.0	3	3
182.2599982941353	3.0	3	3
182.36008615700965	3.0	3	3
182.46017401988397	3.0	3	3
182.56026188275828	3.0	3	3
182.6603497456326	3.0	3	3
182.76043760850692	3.0	3	3
182.86052547138124	3.0	3	3
182.96061333425556	3.0	3	3
183.06070119712987	3.0	3	3
183.1607890600042	3.0	3	3
183.2608769228785	3.0	3	3
183.36096478575283	2.0	2	2
183.46105264862715	2.0	2	2
183.56114051150146	2.0	2	2
183.66122837437578	2.0	2	2
183.7613162372501	2.0	2	2
183.86140410012442	2.0	2	2
183.96149196299874	2.0	2	2
184.06157982587305	2.0	2	2
184.16166768874737	2.0	2	2
184.2617555516217	2.0	2	2
184.361843414496	2.0	2	2
