time	diversity	m_div	M_div
0.0	38.0	38	38
0.10007752937803724	38.0	38	38
0.20015505875607448	38.0	38	38
0.3002325881341117	38.0	38	38
0.40031011751214896	38.0	38	38
0.5003876468901862	38.0	38	38
0.6004651762682234	36.0	36	36
0.7005427056462606	36.0	36	36
0.8006202350242979	36.0	36	36
0.9006977644023352	36.0	36	36
1.0007752937803724	35.0	35	35
1.1008528231584096	35.0	35	35
1.2009303525364468	35.0	35	35
1.3010078819144841	35.0	35	35
1.4010854112925213	35.0	35	35
1.5011629406705587	35.0	35	35
1.6012404700485958	35.0	35	35
1.701317999426633	35.0	35	35
1.8013955288046704	35.0	35	35
1.9014730581827075	35.0	35	35
2.001550587560745	33.0	33	33
2.101628116938782	31.0	31	31
2.201705646316819	32.0	32	32
2.3017831756948564	32.0	32	32
2.4018607050728935	32.0	32	32
2.501938234450931	32.0	32	32
2.6020157638289683	32.0	32	32
2.7020932932070054	33.0	33	33
2.8021708225850426	33.0	33	33
2.9022483519630797	33.0	33	33
3.0023258813411173	32.0	32	32
3.1024034107191545	32.0	32	32
3.2024809400971916	30.0	30	30
3.302558469475229	30.0	30	30
3.402635998853266	29.0	29	29
3.5027135282313036	29.0	29	29
3.6027910576093407	29.0	29	29
3.702868586987378	29.0	29	29
3.802946116365415	29.0	29	29
3.903023645743452	28.0	28	28
4.00310117512149	25.0	25	25
4.103178704499527	25.0	25	25
4.203256233877564	25.0	25	25
4.303333763255601	25.0	25	25
4.403411292633638	25.0	25	25
4.5034888220116756	25.0	25	25
4.603566351389713	24.0	24	24
4.70364388076775	22.0	22	22
4.803721410145787	20.0	20	20
4.903798939523825	18.0	18	18
5.003876468901862	18.0	18	18
5.103953998279899	16.0	16	16
5.2040315276579365	16.0	16	16
5.304109057035974	16.0	16	16
5.404186586414011	16.0	16	16
5.504264115792048	16.0	16	16
5.604341645170085	16.0	16	16
5.704419174548122	16.0	16	16
5.8044967039261595	16.0	16	16
5.9045742333041975	16.0	16	16
6.004651762682235	16.0	16	16
6.104729292060272	16.0	16	16
6.204806821438309	16.0	16	16
6.304884350816346	16.0	16	16
6.404961880194383	16.0	16	16
6.50503940957242	15.0	15	15
6.605116938950458	14.0	14	14
6.705194468328495	14.0	14	14
6.805271997706532	13.0	13	13
6.905349527084569	3.0	3	3
7.005427056462607	3.0	3	3
7.105504585840644	3.0	3	3
7.205582115218681	3.0	3	3
7.305659644596719	3.0	3	3
7.405737173974756	3.0	3	3
7.505814703352793	3.0	3	3
7.60589223273083	3.0	3	3
7.705969762108867	3.0	3	3
7.806047291486904	3.0	3	3
7.9061248208649415	3.0	3	3
8.00620235024298	3.0	3	3
8.106279879621017	3.0	3	3
8.206357408999054	3.0	3	3
8.306434938377091	3.0	3	3
8.406512467755128	3.0	3	3
8.506589997133165	3.0	3	3
8.606667526511202	3.0	3	3
8.70674505588924	3.0	3	3
8.806822585267277	3.0	3	3
8.906900114645314	3.0	3	3
9.006977644023351	3.0	3	3
9.107055173401388	3.0	3	3
9.207132702779425	3.0	3	3
9.307210232157463	3.0	3	3
9.4072877615355	3.0	3	3
9.507365290913537	3.0	3	3
9.607442820291574	3.0	3	3
9.707520349669613	3.0	3	3
9.80759787904765	3.0	3	3
9.907675408425687	3.0	3	3
10.007752937803724	3.0	3	3
10.107830467181762	3.0	3	3
10.207907996559799	3.0	3	3
10.307985525937836	3.0	3	3
10.408063055315873	3.0	3	3
10.50814058469391	3.0	3	3
10.608218114071947	3.0	3	3
10.708295643449985	3.0	3	3
10.808373172828022	3.0	3	3
10.908450702206059	3.0	3	3
11.008528231584096	3.0	3	3
11.108605760962133	3.0	3	3
11.20868329034017	3.0	3	3
11.308760819718207	3.0	3	3
11.408838349096245	3.0	3	3
11.508915878474282	3.0	3	3
11.608993407852319	3.0	3	3
11.709070937230356	3.0	3	3
11.809148466608395	3.0	3	3
11.909225995986432	3.0	3	3
12.00930352536447	3.0	3	3
12.109381054742506	3.0	3	3
12.209458584120544	3.0	3	3
12.30953611349858	3.0	3	3
12.409613642876618	3.0	3	3
12.509691172254655	3.0	3	3
12.609768701632692	3.0	3	3
12.70984623101073	4.0	4	4
12.809923760388767	4.0	4	4
12.910001289766804	4.0	4	4
13.01007881914484	4.0	4	4
13.110156348522878	4.0	4	4
13.210233877900915	4.0	4	4
13.310311407278952	4.0	4	4
13.41038893665699	4.0	4	4
13.510466466035027	4.0	4	4
13.610543995413064	4.0	4	4
13.710621524791101	4.0	4	4
13.810699054169138	4.0	4	4
13.910776583547177	4.0	4	4
14.010854112925214	4.0	4	4
14.110931642303251	4.0	4	4
14.211009171681289	4.0	4	4
14.311086701059326	4.0	4	4
14.411164230437363	4.0	4	4
14.5112417598154	4.0	4	4
14.611319289193437	4.0	4	4
14.711396818571474	4.0	4	4
14.811474347949511	4.0	4	4
14.911551877327549	4.0	4	4
15.011629406705586	4.0	4	4
15.111706936083623	4.0	4	4
15.21178446546166	4.0	4	4
15.311861994839697	4.0	4	4
15.411939524217734	4.0	4	4
15.512017053595772	4.0	4	4
15.612094582973809	4.0	4	4
15.712172112351846	4.0	4	4
15.812249641729883	4.0	4	4
15.91232717110792	4.0	4	4
16.01240470048596	4.0	4	4
16.112482229863996	4.0	4	4
16.212559759242033	4.0	4	4
16.31263728862007	4.0	4	4
16.412714817998108	4.0	4	4
16.512792347376145	4.0	4	4
16.612869876754182	4.0	4	4
16.71294740613222	4.0	4	4
16.813024935510256	4.0	4	4
16.913102464888293	4.0	4	4
17.01317999426633	4.0	4	4
17.113257523644368	4.0	4	4
17.213335053022405	4.0	4	4
17.313412582400442	4.0	4	4
17.41349011177848	4.0	4	4
17.513567641156516	4.0	4	4
17.613645170534554	4.0	4	4
17.71372269991259	5.0	5	5
17.813800229290628	5.0	5	5
17.913877758668665	5.0	5	5
18.013955288046702	5.0	5	5
18.11403281742474	5.0	5	5
18.214110346802777	5.0	5	5
18.314187876180814	5.0	5	5
18.41426540555885	5.0	5	5
18.514342934936888	5.0	5	5
18.614420464314925	5.0	5	5
18.714497993692962	5.0	5	5
18.814575523071	5.0	5	5
18.914653052449037	5.0	5	5
19.014730581827074	5.0	5	5
19.11480811120511	5.0	5	5
19.214885640583148	5.0	5	5
19.31496316996119	5.0	5	5
19.415040699339226	5.0	5	5
19.515118228717263	5.0	5	5
19.6151957580953	5.0	5	5
19.715273287473337	5.0	5	5
19.815350816851375	5.0	5	5
19.91542834622941	5.0	5	5
20.01550587560745	5.0	5	5
20.115583404985486	5.0	5	5
20.215660934363523	5.0	5	5
20.31573846374156	5.0	5	5
20.415815993119597	5.0	5	5
20.515893522497635	5.0	5	5
20.615971051875672	5.0	5	5
20.71604858125371	5.0	5	5
20.816126110631746	5.0	5	5
20.916203640009783	5.0	5	5
21.01628116938782	5.0	5	5
21.116358698765858	4.0	4	4
21.216436228143895	4.0	4	4
21.316513757521932	4.0	4	4
21.41659128689997	4.0	4	4
21.516668816278006	4.0	4	4
21.616746345656043	4.0	4	4
21.71682387503408	4.0	4	4
21.816901404412118	4.0	4	4
21.916978933790155	4.0	4	4
22.017056463168192	4.0	4	4
22.11713399254623	4.0	4	4
22.217211521924266	4.0	4	4
22.317289051302303	4.0	4	4
22.41736658068034	4.0	4	4
22.517444110058378	4.0	4	4
22.617521639436415	3.0	3	3
22.717599168814452	2.0	2	2
22.81767669819249	2.0	2	2
22.917754227570526	2.0	2	2
23.017831756948564	2.0	2	2
23.1179092863266	2.0	2	2
23.217986815704638	2.0	2	2
23.318064345082675	2.0	2	2
23.418141874460712	2.0	2	2
23.518219403838753	2.0	2	2
23.61829693321679	2.0	2	2
23.718374462594827	2.0	2	2
23.818451991972864	2.0	2	2
23.9185295213509	2.0	2	2
24.01860705072894	2.0	2	2
24.118684580106976	2.0	2	2
24.218762109485013	2.0	2	2
24.31883963886305	2.0	2	2
24.418917168241087	2.0	2	2
24.518994697619124	2.0	2	2
24.61907222699716	2.0	2	2
24.7191497563752	2.0	2	2
24.819227285753236	2.0	2	2
24.919304815131273	2.0	2	2
25.01938234450931	2.0	2	2
25.119459873887347	2.0	2	2
25.219537403265385	2.0	2	2
25.31961493264342	2.0	2	2
25.41969246202146	2.0	2	2
25.519769991399496	2.0	2	2
25.619847520777533	2.0	2	2
25.71992505015557	2.0	2	2
25.820002579533607	2.0	2	2
25.920080108911645	2.0	2	2
26.02015763828968	2.0	2	2
26.12023516766772	2.0	2	2
26.220312697045756	2.0	2	2
26.320390226423793	2.0	2	2
26.42046775580183	2.0	2	2
26.520545285179868	2.0	2	2
26.620622814557905	2.0	2	2
26.720700343935942	2.0	2	2
26.82077787331398	2.0	2	2
26.920855402692016	2.0	2	2
27.020932932070053	2.0	2	2
27.12101046144809	2.0	2	2
27.221087990826128	2.0	2	2
27.321165520204165	2.0	2	2
27.421243049582202	2.0	2	2
27.52132057896024	2.0	2	2
27.621398108338276	2.0	2	2
27.721475637716313	2.0	2	2
27.821553167094354	2.0	2	2
27.92163069647239	2.0	2	2
28.02170822585043	2.0	2	2
28.121785755228466	2.0	2	2
28.221863284606503	2.0	2	2
28.32194081398454	2.0	2	2
28.422018343362577	1.0	1	1
28.522095872740614	1.0	1	1
28.62217340211865	0.0	0	0
28.72225093149669	0.0	0	0
28.822328460874726	0.0	0	0
28.922405990252763	0.0	0	0
29.0224835196308	0.0	0	0
29.122561049008837	0.0	0	0
29.222638578386874	0.0	0	0
29.32271610776491	0.0	0	0
29.42279363714295	0.0	0	0
29.522871166520986	0.0	0	0
29.622948695899023	0.0	0	0
29.72302622527706	0.0	0	0
29.823103754655097	0.0	0	0
29.923181284033134	0.0	0	0
30.02325881341117	0.0	0	0
30.12333634278921	0.0	0	0
30.223413872167246	0.0	0	0
30.323491401545283	0.0	0	0
30.42356893092332	0.0	0	0
30.523646460301357	0.0	0	0
30.623723989679394	0.0	0	0
30.72380151905743	0.0	0	0
30.82387904843547	0.0	0	0
30.923956577813506	0.0	0	0
31.024034107191543	0.0	0	0
31.12411163656958	0.0	0	0
31.224189165947617	0.0	0	0
31.324266695325655	0.0	0	0
31.42434422470369	0.0	0	0
31.52442175408173	0.0	0	0
31.624499283459766	0.0	0	0
31.724576812837803	0.0	0	0
31.82465434221584	0.0	0	0
31.924731871593877	0.0	0	0
32.02480940097192	0.0	0	0
32.12488693034995	0.0	0	0
32.22496445972799	0.0	0	0
32.325041989106026	0.0	0	0
32.42511951848407	0.0	0	0
32.5251970478621	0.0	0	0
32.62527457724014	0.0	0	0
32.725352106618175	0.0	0	0
32.825429635996215	0.0	0	0
32.92550716537425	0.0	0	0
33.02558469475229	0.0	0	0
33.12566222413032	0.0	0	0
33.225739753508364	0.0	0	0
33.3258172828864	0.0	0	0
33.42589481226444	0.0	0	0
33.52597234164247	0.0	0	0
33.62604987102051	0.0	0	0
33.726127400398546	1.0	1	1
33.82620492977659	1.0	1	1
33.92628245915462	1.0	1	1
34.02635998853266	1.0	1	1
34.126437517910695	1.0	1	1
34.226515047288736	1.0	1	1
34.326592576666776	1.0	1	1
34.42667010604481	1.0	1	1
34.52674763542285	1.0	1	1
34.626825164800884	1.0	1	1
34.726902694178925	1.0	1	1
34.82698022355696	1.0	1	1
34.927057752935	1.0	1	1
35.02713528231303	1.0	1	1
35.127212811691074	1.0	1	1
35.22729034106911	1.0	1	1
35.32736787044715	1.0	1	1
35.42744539982518	1.0	1	1
35.52752292920322	1.0	1	1
35.627600458581256	1.0	1	1
35.7276779879593	1.0	1	1
35.82775551733733	1.0	1	1
35.92783304671537	1.0	1	1
36.027910576093404	1.0	1	1
36.127988105471445	1.0	1	1
36.22806563484948	1.0	1	1
36.32814316422752	1.0	1	1
36.42822069360555	1.0	1	1
36.528298222983594	1.0	1	1
36.62837575236163	1.0	1	1
36.72845328173967	1.0	1	1
36.8285308111177	1.0	1	1
36.92860834049574	1.0	1	1
37.028685869873776	1.0	1	1
37.12876339925182	1.0	1	1
37.22884092862985	2.0	2	2
37.32891845800789	3.0	3	3
37.428995987385925	4.0	4	4
37.529073516763965	5.0	5	5
37.629151046142	5.0	5	5
37.72922857552004	5.0	5	5
37.82930610489807	5.0	5	5
37.929383634276114	5.0	5	5
38.02946116365415	5.0	5	5
38.12953869303219	5.0	5	5
38.22961622241022	5.0	5	5
38.32969375178826	5.0	5	5
38.429771281166296	6.0	6	6
38.52984881054434	6.0	6	6
38.62992633992238	6.0	6	6
38.73000386930041	6.0	6	6
38.83008139867845	6.0	6	6
38.930158928056485	6.0	6	6
39.030236457434526	7.0	7	7
39.13031398681256	7.0	7	7
39.2303915161906	8.0	8	8
39.330469045568634	9.0	9	9
39.430546574946675	9.0	9	9
39.53062410432471	10.0	10	10
39.63070163370275	10.0	10	10
39.73077916308078	9.0	9	9
39.83085669245882	9.0	9	9
39.93093422183686	9.0	9	9
40.0310117512149	10.0	10	10
40.13108928059293	10.0	10	10
40.23116680997097	11.0	11	11
40.331244339349006	11.0	11	11
40.431321868727046	11.0	11	11
40.53139939810508	11.0	11	11
40.63147692748312	11.0	11	11
40.731554456861154	11.0	11	11
40.831631986239195	11.0	11	11
40.93170951561723	11.0	11	11
41.03178704499527	11.0	11	11
41.1318645743733	11.0	11	11
41.231942103751344	11.0	11	11
41.33201963312938	11.0	11	11
41.43209716250742	11.0	11	11
41.53217469188545	11.0	11	11
41.63225222126349	11.0	11	11
41.732329750641526	11.0	11	11
41.83240728001957	11.0	11	11
41.9324848093976	11.0	11	11
42.03256233877564	11.0	11	11
42.132639868153674	11.0	11	11
42.232717397531715	11.0	11	11
42.33279492690975	11.0	11	11
42.43287245628779	11.0	11	11
42.53294998566582	11.0	11	11
42.633027515043864	11.0	11	11
42.733105044421904	11.0	11	11
42.83318257379994	11.0	11	11
42.93326010317798	12.0	12	12
43.03333763255601	12.0	12	12
43.13341516193405	12.0	12	12
43.23349269131209	12.0	12	12
43.33357022069013	12.0	12	12
43.43364775006816	12.0	12	12
43.5337252794462	12.0	12	12
43.633802808824235	12.0	12	12
43.733880338202276	12.0	12	12
43.83395786758031	12.0	12	12
43.93403539695835	12.0	12	12
44.034112926336384	12.0	12	12
44.134190455714425	12.0	12	12
44.23426798509246	12.0	12	12
44.3343455144705	12.0	12	12
44.43442304384853	13.0	13	13
44.53450057322657	13.0	13	13
44.63457810260461	13.0	13	13
44.73465563198265	13.0	13	13
44.83473316136068	13.0	13	13
44.93481069073872	13.0	13	13
45.034888220116756	13.0	13	13
45.134965749494796	13.0	13	13
45.23504327887283	13.0	13	13
45.33512080825087	13.0	13	13
45.435198337628904	14.0	14	14
45.535275867006945	15.0	15	15
45.63535339638498	15.0	15	15
45.73543092576302	15.0	15	15
45.83550845514105	15.0	15	15
45.93558598451909	15.0	15	15
46.03566351389713	15.0	15	15
46.13574104327517	15.0	15	15
46.2358185726532	15.0	15	15
46.33589610203124	15.0	15	15
46.435973631409276	15.0	15	15
46.536051160787316	15.0	15	15
46.63612869016535	15.0	15	15
46.73620621954339	15.0	15	15
46.836283748921424	16.0	16	16
46.936361278299465	16.0	16	16
47.036438807677506	16.0	16	16
47.13651633705554	16.0	16	16
47.23659386643358	16.0	16	16
47.336671395811614	16.0	16	16
47.436748925189654	16.0	16	16
47.53682645456769	16.0	16	16
47.63690398394573	16.0	16	16
47.73698151332376	16.0	16	16
47.8370590427018	16.0	16	16
47.93713657207984	15.0	15	15
48.03721410145788	15.0	15	15
48.13729163083591	15.0	15	15
48.23736916021395	15.0	15	15
48.337446689591985	15.0	15	15
48.437524218970026	15.0	15	15
48.53760174834806	15.0	15	15
48.6376792777261	14.0	14	14
48.737756807104134	14.0	14	14
48.837834336482175	14.0	14	14
48.93791186586021	14.0	14	14
49.03798939523825	14.0	14	14
49.13806692461628	14.0	14	14
49.23814445399432	14.0	14	14
49.33822198337236	14.0	14	14
49.4382995127504	14.0	14	14
49.53837704212843	14.0	14	14
49.63845457150647	15.0	15	15
49.738532100884505	15.0	15	15
49.838609630262546	15.0	15	15
49.93868715964058	14.0	14	14
50.03876468901862	14.0	14	14
50.138842218396654	14.0	14	14
50.238919747774695	14.0	14	14
50.33899727715273	14.0	14	14
50.43907480653077	15.0	15	15
50.5391523359088	16.0	16	16
50.63922986528684	16.0	16	16
50.73930739466488	16.0	16	16
50.83938492404292	16.0	16	16
50.93946245342095	16.0	16	16
51.03953998279899	16.0	16	16
51.139617512177026	16.0	16	16
51.239695041555066	16.0	16	16
51.33977257093311	16.0	16	16
51.43985010031114	16.0	16	16
51.53992762968918	15.0	15	15
51.640005159067215	16.0	16	16
51.740082688445256	17.0	17	17
51.84016021782329	17.0	17	17
51.94023774720133	17.0	17	17
52.04031527657936	16.0	16	16
52.140392805957404	16.0	16	16
52.24047033533544	16.0	16	16
52.34054786471348	16.0	16	16
52.44062539409151	16.0	16	16
52.54070292346955	16.0	16	16
52.640780452847586	16.0	16	16
52.74085798222563	16.0	16	16
52.84093551160366	16.0	16	16
52.9410130409817	16.0	16	16
53.041090570359735	16.0	16	16
53.141168099737776	16.0	16	16
53.24124562911581	16.0	16	16
53.34132315849385	15.0	15	15
53.441400687871884	15.0	15	15
53.541478217249924	15.0	15	15
53.64155574662796	15.0	15	15
53.741633276006	14.0	14	14
53.84171080538403	14.0	14	14
53.94178833476207	13.0	13	13
54.04186586414011	13.0	13	13
54.14194339351815	13.0	13	13
54.24202092289618	13.0	13	13
54.34209845227422	13.0	13	13
54.442175981652255	13.0	13	13
54.542253511030296	13.0	13	13
54.64233104040833	13.0	13	13
54.74240856978637	13.0	13	13
54.842486099164404	13.0	13	13
54.942563628542445	13.0	13	13
55.04264115792048	11.0	11	11
55.14271868729852	11.0	11	11
55.24279621667655	12.0	12	12
55.34287374605459	12.0	12	12
55.44295127543263	10.0	10	10
55.54302880481067	10.0	10	10
55.64310633418871	10.0	10	10
55.74318386356674	9.0	9	9
55.84326139294478	9.0	9	9
55.943338922322816	10.0	10	10
56.04341645170086	10.0	10	10
56.14349398107889	10.0	10	10
56.24357151045693	10.0	10	10
56.343649039834965	10.0	10	10
56.443726569213005	10.0	10	10
56.54380409859104	11.0	11	11
56.64388162796908	11.0	11	11
56.74395915734711	11.0	11	11
56.844036686725154	12.0	12	12
56.94411421610319	10.0	10	10
57.04419174548123	10.0	10	10
57.14426927485926	10.0	10	10
57.2443468042373	10.0	10	10
57.344424333615336	9.0	9	9
57.44450186299338	9.0	9	9
57.54457939237141	9.0	9	9
57.64465692174945	7.0	7	7
57.744734451127485	7.0	7	7
57.844811980505526	6.0	6	6
57.94488950988356	6.0	6	6
58.0449670392616	6.0	6	6
58.145044568639634	5.0	5	5
58.245122098017674	5.0	5	5
58.34519962739571	6.0	6	6
58.44527715677375	6.0	6	6
58.54535468615178	6.0	6	6
58.64543221552982	6.0	6	6
58.74550974490786	6.0	6	6
58.8455872742859	6.0	6	6
58.94566480366393	6.0	6	6
59.04574233304197	6.0	6	6
59.145819862420005	6.0	6	6
59.245897391798046	6.0	6	6
59.34597492117608	6.0	6	6
59.44605245055412	6.0	6	6
59.546129979932154	5.0	5	5
59.646207509310194	5.0	5	5
59.74628503868823	5.0	5	5
59.84636256806627	5.0	5	5
59.94644009744431	4.0	4	4
60.04651762682234	4.0	4	4
60.146595156200384	3.0	3	3
60.24667268557842	3.0	3	3
60.34675021495646	3.0	3	3
60.44682774433449	3.0	3	3
60.54690527371253	3.0	3	3
60.646982803090566	4.0	4	4
60.74706033246861	5.0	5	5
60.84713786184664	5.0	5	5
60.94721539122468	6.0	6	6
61.047292920602715	6.0	6	6
61.147370449980755	6.0	6	6
61.24744797935879	6.0	6	6
61.34752550873683	6.0	6	6
61.44760303811486	6.0	6	6
61.547680567492904	6.0	6	6
61.64775809687094	6.0	6	6
61.74783562624898	6.0	6	6
61.84791315562701	6.0	6	6
61.94799068500505	6.0	6	6
62.048068214383086	6.0	6	6
62.14814574376113	6.0	6	6
62.24822327313916	6.0	6	6
62.3483008025172	7.0	7	7
62.448378331895235	6.0	6	6
62.548455861273276	6.0	6	6
62.64853339065131	6.0	6	6
62.74861092002935	7.0	7	7
62.84868844940738	7.0	7	7
62.948765978785424	7.0	7	7
63.04884350816346	7.0	7	7
63.1489210375415	7.0	7	7
63.24899856691953	7.0	7	7
63.34907609629757	7.0	7	7
63.449153625675606	7.0	7	7
63.54923115505365	8.0	8	8
63.64930868443168	8.0	8	8
63.74938621380972	8.0	8	8
63.849463743187755	8.0	8	8
63.949541272565796	8.0	8	8
64.04961880194384	8.0	8	8
64.14969633132188	8.0	8	8
64.2497738606999	8.0	8	8
64.34985139007794	8.0	8	8
64.44992891945599	8.0	8	8
64.55000644883403	8.0	8	8
64.65008397821205	8.0	8	8
64.7501615075901	7.0	7	7
64.85023903696813	7.0	7	7
64.95031656634617	7.0	7	7
65.0503940957242	6.0	6	6
65.15047162510224	6.0	6	6
65.25054915448028	7.0	7	7
65.35062668385832	7.0	7	7
65.45070421323635	8.0	8	8
65.55078174261439	8.0	8	8
65.65085927199243	8.0	8	8
65.75093680137047	9.0	9	9
65.8510143307485	9.0	9	9
65.95109186012654	11.0	11	11
66.05116938950458	11.0	11	11
66.15124691888262	11.0	11	11
66.25132444826065	12.0	12	12
66.35140197763869	11.0	11	11
66.45147950701673	13.0	13	13
66.55155703639477	15.0	15	15
66.6516345657728	14.0	14	14
66.75171209515084	14.0	14	14
66.85178962452888	14.0	14	14
66.95186715390692	14.0	14	14
67.05194468328494	15.0	15	15
67.15202221266298	14.0	14	14
67.25209974204103	14.0	14	14
67.35217727141907	14.0	14	14
67.45225480079709	14.0	14	14
67.55233233017513	14.0	14	14
67.65240985955317	14.0	14	14
67.75248738893121	14.0	14	14
67.85256491830924	14.0	14	14
67.95264244768728	15.0	15	15
68.05271997706532	15.0	15	15
68.15279750644336	15.0	15	15
68.25287503582139	15.0	15	15
68.35295256519943	16.0	16	16
68.45303009457747	16.0	16	16
68.55310762395551	17.0	17	17
68.65318515333355	17.0	17	17
68.75326268271158	17.0	17	17
68.85334021208962	18.0	18	18
68.95341774146766	18.0	18	18
69.0534952708457	19.0	19	19
69.15357280022373	20.0	20	20
69.25365032960177	20.0	20	20
69.35372785897981	20.0	20	20
69.45380538835785	20.0	20	20
69.55388291773588	21.0	21	21
69.65396044711392	20.0	20	20
69.75403797649196	19.0	19	19
69.85411550587	20.0	20	20
69.95419303524803	19.0	19	19
70.05427056462607	19.0	19	19
70.1543480940041	19.0	19	19
70.25442562338215	19.0	19	19
70.35450315276017	19.0	19	19
70.45458068213821	20.0	20	20
70.55465821151626	19.0	19	19
70.6547357408943	19.0	19	19
70.75481327027232	19.0	19	19
70.85489079965036	19.0	19	19
70.9549683290284	19.0	19	19
71.05504585840644	19.0	19	19
71.15512338778447	18.0	18	18
71.25520091716251	17.0	17	17
71.35527844654055	17.0	17	17
71.4553559759186	17.0	17	17
71.55543350529662	17.0	17	17
71.65551103467466	16.0	16	16
71.7555885640527	16.0	16	16
71.85566609343074	15.0	15	15
71.95574362280877	15.0	15	15
72.05582115218681	15.0	15	15
72.15589868156485	14.0	14	14
72.25597621094289	14.0	14	14
72.35605374032092	16.0	16	16
72.45613126969896	16.0	16	16
72.556208799077	15.0	15	15
72.65628632845504	15.0	15	15
72.75636385783308	15.0	15	15
72.8564413872111	14.0	14	14
72.95651891658915	14.0	14	14
73.05659644596719	14.0	14	14
73.15667397534523	14.0	14	14
73.25675150472325	15.0	15	15
73.3568290341013	14.0	14	14
73.45690656347934	14.0	14	14
73.55698409285738	14.0	14	14
73.6570616222354	14.0	14	14
73.75713915161344	14.0	14	14
73.85721668099148	14.0	14	14
73.95729421036953	15.0	15	15
74.05737173974755	15.0	15	15
74.15744926912559	15.0	15	15
74.25752679850363	15.0	15	15
74.35760432788167	15.0	15	15
74.4576818572597	15.0	15	15
74.55775938663774	15.0	15	15
74.65783691601578	15.0	15	15
74.75791444539382	15.0	15	15
74.85799197477185	15.0	15	15
74.95806950414989	15.0	15	15
75.05814703352793	15.0	15	15
75.15822456290597	15.0	15	15
75.258302092284	15.0	15	15
75.35837962166204	15.0	15	15
75.45845715104008	16.0	16	16
75.55853468041812	16.0	16	16
75.65861220979615	16.0	16	16
75.75868973917419	16.0	16	16
75.85876726855223	16.0	16	16
75.95884479793027	16.0	16	16
76.0589223273083	16.0	16	16
76.15899985668634	16.0	16	16
76.25907738606438	16.0	16	16
76.35915491544242	16.0	16	16
76.45923244482044	16.0	16	16
76.55930997419848	16.0	16	16
76.65938750357653	16.0	16	16
76.75946503295457	15.0	15	15
76.85954256233259	15.0	15	15
76.95962009171063	15.0	15	15
77.05969762108867	15.0	15	15
77.15977515046671	15.0	15	15
77.25985267984476	15.0	15	15
77.35993020922278	15.0	15	15
77.46000773860082	15.0	15	15
77.56008526797886	14.0	14	14
77.6601627973569	13.0	13	13
77.76024032673493	13.0	13	13
77.86031785611297	13.0	13	13
77.96039538549101	13.0	13	13
78.06047291486905	13.0	13	13
78.16055044424708	13.0	13	13
78.26062797362512	13.0	13	13
78.36070550300316	13.0	13	13
78.4607830323812	13.0	13	13
78.56086056175923	13.0	13	13
78.66093809113727	13.0	13	13
78.76101562051531	13.0	13	13
78.86109314989335	13.0	13	13
78.96117067927138	13.0	13	13
79.06124820864942	13.0	13	13
79.16132573802746	13.0	13	13
79.2614032674055	13.0	13	13
79.36148079678352	13.0	13	13
79.46155832616157	13.0	13	13
79.5616358555396	13.0	13	13
79.66171338491765	13.0	13	13
79.76179091429567	13.0	13	13
79.86186844367371	13.0	13	13
79.96194597305175	13.0	13	13
80.0620235024298	13.0	13	13
80.16210103180782	13.0	13	13
80.26217856118586	13.0	13	13
80.3622560905639	13.0	13	13
80.46233361994194	13.0	13	13
80.56241114931997	13.0	13	13
80.66248867869801	13.0	13	13
80.76256620807605	14.0	14	14
80.86264373745409	14.0	14	14
80.96272126683212	14.0	14	14
81.06279879621016	13.0	13	13
81.1628763255882	13.0	13	13
81.26295385496624	13.0	13	13
81.36303138434428	13.0	13	13
81.46310891372231	13.0	13	13
81.56318644310035	13.0	13	13
81.66326397247839	13.0	13	13
81.76334150185643	13.0	13	13
81.86341903123446	13.0	13	13
81.9634965606125	12.0	12	12
82.06357408999054	13.0	13	13
82.16365161936858	11.0	11	11
82.2637291487466	11.0	11	11
82.36380667812465	11.0	11	11
82.46388420750269	10.0	10	10
82.56396173688073	10.0	10	10
82.66403926625875	10.0	10	10
82.7641167956368	10.0	10	10
82.86419432501484	10.0	10	10
82.96427185439288	10.0	10	10
83.0643493837709	10.0	10	10
83.16442691314894	10.0	10	10
83.26450444252698	11.0	11	11
83.36458197190503	11.0	11	11
83.46465950128305	10.0	10	10
83.56473703066109	11.0	11	11
83.66481456003913	11.0	11	11
83.76489208941717	11.0	11	11
83.8649696187952	11.0	11	11
83.96504714817324	11.0	11	11
84.06512467755128	11.0	11	11
84.16520220692932	11.0	11	11
84.26527973630735	11.0	11	11
84.36535726568539	11.0	11	11
84.46543479506343	11.0	11	11
84.56551232444147	10.0	10	10
84.6655898538195	10.0	10	10
84.76566738319754	9.0	9	9
84.86574491257558	9.0	9	9
84.96582244195362	10.0	10	10
85.06589997133165	10.0	10	10
85.16597750070969	8.0	8	8
85.26605503008773	8.0	8	8
85.36613255946577	8.0	8	8
85.46621008884381	7.0	7	7
85.56628761822184	7.0	7	7
85.66636514759988	7.0	7	7
85.76644267697792	7.0	7	7
85.86652020635596	7.0	7	7
85.96659773573398	7.0	7	7
86.06667526511202	7.0	7	7
86.16675279449007	6.0	6	6
86.2668303238681	6.0	6	6
86.36690785324613	4.0	4	4
86.46698538262417	4.0	4	4
86.56706291200221	4.0	4	4
86.66714044138025	4.0	4	4
86.76721797075828	4.0	4	4
86.86729550013632	4.0	4	4
86.96737302951436	4.0	4	4
87.0674505588924	4.0	4	4
87.16752808827043	4.0	4	4
87.26760561764847	4.0	4	4
87.36768314702651	4.0	4	4
87.46776067640455	5.0	5	5
87.56783820578258	5.0	5	5
87.66791573516062	5.0	5	5
87.76799326453866	5.0	5	5
87.8680707939167	5.0	5	5
87.96814832329473	5.0	5	5
88.06822585267277	5.0	5	5
88.16830338205081	5.0	5	5
88.26838091142885	5.0	5	5
88.36845844080688	5.0	5	5
88.46853597018492	5.0	5	5
88.56861349956296	6.0	6	6
88.668691028941	5.0	5	5
88.76876855831902	5.0	5	5
88.86884608769707	5.0	5	5
88.9689236170751	5.0	5	5
89.06900114645315	5.0	5	5
89.16907867583117	5.0	5	5
89.26915620520921	5.0	5	5
89.36923373458725	5.0	5	5
89.4693112639653	5.0	5	5
89.56938879334332	6.0	6	6
89.66946632272136	6.0	6	6
89.7695438520994	7.0	7	7
89.86962138147744	8.0	8	8
89.96969891085548	8.0	8	8
90.06977644023351	8.0	8	8
90.16985396961155	8.0	8	8
90.26993149898959	8.0	8	8
90.37000902836763	8.0	8	8
90.47008655774566	7.0	7	7
90.5701640871237	6.0	6	6
90.67024161650174	6.0	6	6
90.77031914587978	6.0	6	6
90.87039667525781	6.0	6	6
90.97047420463585	5.0	5	5
91.07055173401389	5.0	5	5
91.17062926339193	5.0	5	5
91.27070679276996	5.0	5	5
91.370784322148	5.0	5	5
91.47086185152604	5.0	5	5
91.57093938090408	5.0	5	5
91.6710169102821	5.0	5	5
91.77109443966015	5.0	5	5
91.87117196903819	5.0	5	5
91.97124949841623	5.0	5	5
92.07132702779425	5.0	5	5
92.1714045571723	6.0	6	6
92.27148208655034	6.0	6	6
92.37155961592838	6.0	6	6
92.4716371453064	6.0	6	6
92.57171467468444	6.0	6	6
92.67179220406248	6.0	6	6
92.77186973344052	6.0	6	6
92.87194726281855	5.0	5	5
92.97202479219659	4.0	4	4
93.07210232157463	4.0	4	4
93.17217985095267	4.0	4	4
93.2722573803307	4.0	4	4
93.37233490970874	5.0	5	5
93.47241243908678	5.0	5	5
93.57248996846482	5.0	5	5
93.67256749784285	5.0	5	5
93.77264502722089	6.0	6	6
93.87272255659893	6.0	6	6
93.97280008597697	5.0	5	5
94.07287761535501	5.0	5	5
94.17295514473304	5.0	5	5
94.27303267411108	5.0	5	5
94.37311020348912	5.0	5	5
94.47318773286716	6.0	6	6
94.57326526224519	5.0	5	5
94.67334279162323	5.0	5	5
94.77342032100127	5.0	5	5
94.87349785037931	5.0	5	5
94.97357537975734	6.0	6	6
95.07365290913538	7.0	7	7
95.17373043851342	7.0	7	7
95.27380796789146	7.0	7	7
95.37388549726948	7.0	7	7
95.47396302664752	7.0	7	7
95.57404055602557	7.0	7	7
95.6741180854036	6.0	6	6
95.77419561478163	7.0	7	7
95.87427314415967	8.0	8	8
95.97435067353771	7.0	7	7
96.07442820291575	7.0	7	7
96.17450573229378	7.0	7	7
96.27458326167182	5.0	5	5
96.37466079104986	5.0	5	5
96.4747383204279	5.0	5	5
96.57481584980593	5.0	5	5
96.67489337918397	5.0	5	5
96.77497090856201	5.0	5	5
96.87504843794005	5.0	5	5
96.97512596731808	5.0	5	5
97.07520349669612	5.0	5	5
97.17528102607416	5.0	5	5
97.2753585554522	5.0	5	5
97.37543608483023	5.0	5	5
97.47551361420827	5.0	5	5
97.57559114358631	5.0	5	5
97.67566867296435	5.0	5	5
97.77574620234238	5.0	5	5
97.87582373172042	5.0	5	5
97.97590126109846	5.0	5	5
98.0759787904765	5.0	5	5
98.17605631985452	5.0	5	5
98.27613384923256	5.0	5	5
98.3762113786106	6.0	6	6
98.47628890798865	6.0	6	6
98.57636643736669	6.0	6	6
98.67644396674471	6.0	6	6
98.77652149612275	6.0	6	6
98.8765990255008	7.0	7	7
98.97667655487884	7.0	7	7
99.07675408425686	7.0	7	7
99.1768316136349	7.0	7	7
99.27690914301294	7.0	7	7
99.37698667239098	7.0	7	7
99.47706420176901	7.0	7	7
99.57714173114705	7.0	7	7
99.67721926052509	7.0	7	7
99.77729678990313	6.0	6	6
99.87737431928116	6.0	6	6
99.9774518486592	7.0	7	7
100.07752937803724	7.0	7	7
100.17760690741528	8.0	8	8
100.27768443679331	8.0	8	8
100.37776196617135	8.0	8	8
100.47783949554939	7.0	7	7
100.57791702492743	6.0	6	6
100.67799455430546	6.0	6	6
100.7780720836835	6.0	6	6
100.87814961306154	6.0	6	6
100.97822714243958	6.0	6	6
101.0783046718176	6.0	6	6
101.17838220119565	6.0	6	6
101.27845973057369	6.0	6	6
101.37853725995173	6.0	6	6
101.47861478932975	5.0	5	5
101.5786923187078	5.0	5	5
101.67876984808584	5.0	5	5
101.77884737746388	5.0	5	5
101.8789249068419	5.0	5	5
101.97900243621994	5.0	5	5
102.07907996559798	5.0	5	5
102.17915749497602	4.0	4	4
102.27923502435405	4.0	4	4
102.37931255373209	4.0	4	4
102.47939008311013	4.0	4	4
102.57946761248817	4.0	4	4
102.67954514186621	4.0	4	4
102.77962267124424	4.0	4	4
102.87970020062228	4.0	4	4
102.97977773000032	4.0	4	4
103.07985525937836	4.0	4	4
103.17993278875639	4.0	4	4
103.28001031813443	4.0	4	4
103.38008784751247	4.0	4	4
103.48016537689051	4.0	4	4
103.58024290626854	4.0	4	4
103.68032043564658	4.0	4	4
103.78039796502462	4.0	4	4
103.88047549440266	4.0	4	4
103.98055302378069	4.0	4	4
104.08063055315873	4.0	4	4
104.18070808253677	4.0	4	4
104.28078561191481	4.0	4	4
104.38086314129283	4.0	4	4
104.48094067067088	4.0	4	4
104.58101820004892	4.0	4	4
104.68109572942696	4.0	4	4
104.78117325880498	4.0	4	4
104.88125078818302	4.0	4	4
104.98132831756106	4.0	4	4
105.0814058469391	4.0	4	4
105.18148337631713	4.0	4	4
105.28156090569517	4.0	4	4
105.38163843507321	4.0	4	4
105.48171596445125	4.0	4	4
105.58179349382928	4.0	4	4
105.68187102320732	4.0	4	4
105.78194855258536	4.0	4	4
105.8820260819634	4.0	4	4
105.98210361134143	4.0	4	4
106.08218114071947	5.0	5	5
106.18225867009751	5.0	5	5
106.28233619947555	5.0	5	5
106.38241372885358	5.0	5	5
106.48249125823162	5.0	5	5
106.58256878760966	5.0	5	5
106.6826463169877	4.0	4	4
106.78272384636574	4.0	4	4
106.88280137574377	4.0	4	4
106.98287890512181	4.0	4	4
107.08295643449985	4.0	4	4
107.18303396387789	4.0	4	4
107.28311149325592	4.0	4	4
107.38318902263396	4.0	4	4
107.483266552012	4.0	4	4
107.58334408139004	4.0	4	4
107.68342161076806	4.0	4	4
107.7834991401461	4.0	4	4
107.88357666952415	4.0	4	4
107.98365419890219	4.0	4	4
108.08373172828021	4.0	4	4
108.18380925765825	4.0	4	4
108.2838867870363	4.0	4	4
108.38396431641434	4.0	4	4
108.48404184579236	3.0	3	3
108.5841193751704	3.0	3	3
108.68419690454844	3.0	3	3
108.78427443392648	3.0	3	3
108.88435196330451	3.0	3	3
108.98442949268255	3.0	3	3
109.08450702206059	3.0	3	3
109.18458455143863	3.0	3	3
109.28466208081666	3.0	3	3
109.3847396101947	3.0	3	3
109.48481713957274	3.0	3	3
109.58489466895078	3.0	3	3
109.68497219832881	3.0	3	3
109.78504972770685	3.0	3	3
109.88512725708489	3.0	3	3
109.98520478646293	3.0	3	3
110.08528231584096	3.0	3	3
110.185359845219	3.0	3	3
110.28543737459704	3.0	3	3
110.38551490397508	3.0	3	3
110.4855924333531	3.0	3	3
110.58566996273115	3.0	3	3
110.68574749210919	3.0	3	3
110.78582502148723	3.0	3	3
110.88590255086525	3.0	3	3
110.9859800802433	3.0	3	3
111.08605760962134	3.0	3	3
111.18613513899938	3.0	3	3
111.28621266837742	3.0	3	3
111.38629019775544	3.0	3	3
111.48636772713348	3.0	3	3
111.58644525651152	3.0	3	3
111.68652278588957	3.0	3	3
111.78660031526759	3.0	3	3
111.88667784464563	3.0	3	3
111.98675537402367	3.0	3	3
112.08683290340171	3.0	3	3
112.18691043277974	3.0	3	3
112.28698796215778	3.0	3	3
112.38706549153582	2.0	2	2
112.48714302091386	2.0	2	2
112.58722055029189	2.0	2	2
112.68729807966993	2.0	2	2
112.78737560904797	2.0	2	2
112.88745313842601	2.0	2	2
112.98753066780404	2.0	2	2
113.08760819718208	2.0	2	2
113.18768572656012	2.0	2	2
113.28776325593816	2.0	2	2
113.38784078531619	2.0	2	2
113.48791831469423	2.0	2	2
113.58799584407227	2.0	2	2
113.68807337345031	2.0	2	2
113.78815090282833	2.0	2	2
113.88822843220638	0.0	0	0
113.98830596158442	0.0	0	0
114.08838349096246	0.0	0	0
114.18846102034048	0.0	0	0
114.28853854971852	0.0	0	0
114.38861607909656	0.0	0	0
114.4886936084746	0.0	0	0
114.58877113785263	0.0	0	0
114.68884866723067	0.0	0	0
114.78892619660871	0.0	0	0
114.88900372598675	0.0	0	0
114.98908125536478	0.0	0	0
115.08915878474282	0.0	0	0
115.18923631412086	0.0	0	0
115.2893138434989	0.0	0	0
115.38939137287694	0.0	0	0
115.48946890225497	0.0	0	0
115.58954643163301	0.0	0	0
115.68962396101105	0.0	0	0
115.78970149038909	0.0	0	0
115.88977901976712	0.0	0	0
115.98985654914516	0.0	0	0
116.0899340785232	0.0	0	0
116.19001160790124	0.0	0	0
116.29008913727927	0.0	0	0
116.39016666665731	0.0	0	0
116.49024419603535	0.0	0	0
116.59032172541339	0.0	0	0
116.69039925479142	0.0	0	0
116.79047678416946	0.0	0	0
116.8905543135475	0.0	0	0
116.99063184292554	0.0	0	0
117.09070937230356	0.0	0	0
117.1907869016816	0.0	0	0
117.29086443105965	0.0	0	0
117.39094196043769	0.0	0	0
117.49101948981571	0.0	0	0
117.59109701919375	0.0	0	0
117.6911745485718	0.0	0	0
117.79125207794984	0.0	0	0
117.89132960732786	0.0	0	0
117.9914071367059	0.0	0	0
118.09148466608394	0.0	0	0
118.19156219546198	0.0	0	0
118.29163972484001	1.0	1	1
118.39171725421805	1.0	1	1
118.49179478359609	1.0	1	1
118.59187231297413	1.0	1	1
118.69194984235216	1.0	1	1
118.7920273717302	1.0	1	1
118.89210490110824	1.0	1	1
118.99218243048628	1.0	1	1
119.09225995986431	1.0	1	1
119.19233748924235	1.0	1	1
119.29241501862039	1.0	1	1
119.39249254799843	1.0	1	1
119.49257007737646	1.0	1	1
119.5926476067545	1.0	1	1
119.69272513613254	1.0	1	1
119.79280266551058	1.0	1	1
119.89288019488862	1.0	1	1
119.99295772426665	1.0	1	1
120.09303525364469	1.0	1	1
120.19311278302273	0.0	0	0
120.29319031240077	0.0	0	0
120.3932678417788	0.0	0	0
120.49334537115683	0.0	0	0
120.59342290053488	0.0	0	0
120.69350042991292	0.0	0	0
120.79357795929094	0.0	0	0
120.89365548866898	0.0	0	0
120.99373301804702	0.0	0	0
121.09381054742506	0.0	0	0
121.19388807680309	0.0	0	0
121.29396560618113	0.0	0	0
121.39404313555917	0.0	0	0
121.49412066493721	0.0	0	0
121.59419819431524	0.0	0	0
121.69427572369328	0.0	0	0
121.79435325307132	0.0	0	0
121.89443078244936	0.0	0	0
121.99450831182739	0.0	0	0
122.09458584120543	0.0	0	0
122.19466337058347	0.0	0	0
122.29474089996151	0.0	0	0
122.39481842933954	0.0	0	0
122.49489595871758	0.0	0	0
122.59497348809562	0.0	0	0
122.69505101747366	0.0	0	0
122.79512854685169	0.0	0	0
122.89520607622973	0.0	0	0
122.99528360560777	0.0	0	0
123.09536113498581	0.0	0	0
123.19543866436383	0.0	0	0
123.29551619374188	0.0	0	0
123.39559372311992	0.0	0	0
123.49567125249796	0.0	0	0
123.59574878187598	0.0	0	0
123.69582631125402	0.0	0	0
123.79590384063206	0.0	0	0
123.8959813700101	0.0	0	0
123.99605889938815	0.0	0	0
124.09613642876617	0.0	0	0
124.19621395814421	0.0	0	0
124.29629148752225	0.0	0	0
124.3963690169003	0.0	0	0
124.49644654627832	0.0	0	0
124.59652407565636	0.0	0	0
124.6966016050344	0.0	0	0
124.79667913441244	0.0	0	0
124.89675666379047	0.0	0	0
124.99683419316851	0.0	0	0
125.09691172254655	0.0	0	0
125.19698925192459	0.0	0	0
125.29706678130262	0.0	0	0
125.39714431068066	0.0	0	0
125.4972218400587	0.0	0	0
125.59729936943674	0.0	0	0
125.69737689881477	0.0	0	0
125.79745442819281	0.0	0	0
125.89753195757085	0.0	0	0
125.99760948694889	1.0	1	1
126.09768701632692	1.0	1	1
126.19776454570496	1.0	1	1
126.297842075083	1.0	1	1
126.39791960446104	1.0	1	1
126.49799713383906	1.0	1	1
126.5980746632171	1.0	1	1
126.69815219259515	1.0	1	1
126.79822972197319	1.0	1	1
126.89830725135121	1.0	1	1
126.99838478072925	1.0	1	1
127.0984623101073	1.0	1	1
127.19853983948533	2.0	2	2
127.29861736886336	2.0	2	2
127.3986948982414	2.0	2	2
127.49877242761944	2.0	2	2
127.59884995699748	2.0	2	2
127.69892748637551	2.0	2	2
127.79900501575355	2.0	2	2
127.89908254513159	3.0	3	3
127.99916007450963	3.0	3	3
128.09923760388767	3.0	3	3
128.1993151332657	3.0	3	3
128.29939266264375	3.0	3	3
128.39947019202177	3.0	3	3
128.4995477213998	3.0	3	3
128.59962525077785	3.0	3	3
128.6997027801559	3.0	3	3
128.79978030953393	3.0	3	3
128.89985783891197	3.0	3	3
128.99993536829	2.0	2	2
129.10001289766805	2.0	2	2
129.20009042704606	2.0	2	2
129.3001679564241	2.0	2	2
129.40024548580215	2.0	2	2
129.5003230151802	2.0	2	2
129.60040054455823	2.0	2	2
129.70047807393627	2.0	2	2
129.8005556033143	2.0	2	2
129.90063313269235	2.0	2	2
130.00071066207036	2.0	2	2
130.1007881914484	2.0	2	2
130.20086572082644	2.0	2	2
130.30094325020448	2.0	2	2
130.40102077958252	2.0	2	2
130.50109830896056	2.0	2	2
130.6011758383386	2.0	2	2
130.70125336771665	2.0	2	2
130.80133089709466	2.0	2	2
130.9014084264727	2.0	2	2
131.00148595585074	2.0	2	2
131.10156348522878	2.0	2	2
131.20164101460682	2.0	2	2
131.30171854398486	2.0	2	2
131.4017960733629	2.0	2	2
131.50187360274094	2.0	2	2
131.60195113211896	2.0	2	2
131.702028661497	2.0	2	2
131.80210619087504	1.0	1	1
131.90218372025308	1.0	1	1
132.00226124963112	1.0	1	1
132.10233877900916	1.0	1	1
132.2024163083872	1.0	1	1
132.30249383776524	1.0	1	1
132.40257136714328	1.0	1	1
132.5026488965213	1.0	1	1
132.60272642589933	1.0	1	1
132.70280395527737	1.0	1	1
132.80288148465542	1.0	1	1
132.90295901403346	1.0	1	1
133.0030365434115	1.0	1	1
133.10311407278954	1.0	1	1
133.20319160216758	1.0	1	1
133.3032691315456	1.0	1	1
133.40334666092363	1.0	1	1
133.50342419030167	1.0	1	1
133.6035017196797	1.0	1	1
133.70357924905775	1.0	1	1
133.8036567784358	1.0	1	1
133.90373430781383	1.0	1	1
134.00381183719188	1.0	1	1
134.1038893665699	1.0	1	1
134.20396689594793	1.0	1	1
134.30404442532597	1.0	1	1
134.404121954704	1.0	1	1
134.50419948408205	1.0	1	1
134.6042770134601	1.0	1	1
134.70435454283813	2.0	2	2
134.80443207221617	2.0	2	2
134.90450960159419	2.0	2	2
135.00458713097223	2.0	2	2
135.10466466035027	2.0	2	2
135.2047421897283	2.0	2	2
135.30481971910635	2.0	2	2
135.4048972484844	3.0	3	3
135.50497477786243	3.0	3	3
135.60505230724047	3.0	3	3
135.70512983661848	3.0	3	3
135.80520736599652	3.0	3	3
135.90528489537456	3.0	3	3
136.0053624247526	3.0	3	3
136.10543995413065	3.0	3	3
136.2055174835087	3.0	3	3
136.30559501288673	3.0	3	3
136.40567254226477	2.0	2	2
136.50575007164278	2.0	2	2
136.60582760102082	2.0	2	2
136.70590513039886	2.0	2	2
136.8059826597769	2.0	2	2
136.90606018915494	2.0	2	2
137.00613771853298	2.0	2	2
137.10621524791102	3.0	3	3
137.20629277728906	2.0	2	2
137.3063703066671	2.0	2	2
137.40644783604512	2.0	2	2
137.50652536542316	2.0	2	2
137.6066028948012	2.0	2	2
137.70668042417924	2.0	2	2
137.80675795355728	2.0	2	2
137.90683548293532	2.0	2	2
138.00691301231336	1.0	1	1
138.1069905416914	1.0	1	1
138.20706807106941	1.0	1	1
138.30714560044746	2.0	2	2
138.4072231298255	2.0	2	2
138.50730065920354	2.0	2	2
138.60737818858158	2.0	2	2
138.70745571795962	2.0	2	2
138.80753324733766	2.0	2	2
138.9076107767157	2.0	2	2
139.0076883060937	1.0	1	1
139.10776583547175	1.0	1	1
139.2078433648498	1.0	1	1
139.30792089422783	1.0	1	1
139.40799842360587	1.0	1	1
139.50807595298392	1.0	1	1
139.60815348236196	1.0	1	1
139.70823101174	1.0	1	1
139.808308541118	1.0	1	1
139.90838607049605	1.0	1	1
140.0084635998741	1.0	1	1
140.10854112925213	1.0	1	1
140.20861865863017	1.0	1	1
140.3086961880082	1.0	1	1
140.40877371738625	1.0	1	1
140.5088512467643	1.0	1	1
140.6089287761423	1.0	1	1
140.70900630552035	1.0	1	1
140.8090838348984	1.0	1	1
140.90916136427643	1.0	1	1
141.00923889365447	1.0	1	1
141.1093164230325	1.0	1	1
141.20939395241055	1.0	1	1
141.3094714817886	1.0	1	1
141.40954901116663	1.0	1	1
141.50962654054464	1.0	1	1
141.60970406992269	1.0	1	1
141.70978159930073	1.0	1	1
141.80985912867877	1.0	1	1
141.9099366580568	1.0	1	1
142.01001418743485	1.0	1	1
142.1100917168129	1.0	1	1
142.21016924619093	1.0	1	1
142.31024677556894	1.0	1	1
142.41032430494698	1.0	1	1
142.51040183432502	1.0	1	1
142.61047936370306	1.0	1	1
142.7105568930811	1.0	1	1
142.81063442245915	1.0	1	1
142.9107119518372	1.0	1	1
143.01078948121523	1.0	1	1
143.11086701059324	1.0	1	1
143.21094453997128	1.0	1	1
143.31102206934932	1.0	1	1
143.41109959872736	2.0	2	2
143.5111771281054	2.0	2	2
143.61125465748344	2.0	2	2
143.71133218686148	2.0	2	2
143.81140971623952	2.0	2	2
143.91148724561754	2.0	2	2
144.01156477499558	2.0	2	2
144.11164230437362	2.0	2	2
144.21171983375166	2.0	2	2
144.3117973631297	2.0	2	2
144.41187489250774	2.0	2	2
144.51195242188578	2.0	2	2
144.61202995126382	2.0	2	2
144.71210748064183	2.0	2	2
144.81218501001987	2.0	2	2
144.91226253939791	2.0	2	2
145.01234006877596	2.0	2	2
145.112417598154	2.0	2	2
145.21249512753204	2.0	2	2
145.31257265691008	2.0	2	2
145.41265018628812	2.0	2	2
145.51272771566616	2.0	2	2
145.61280524504417	2.0	2	2
145.7128827744222	2.0	2	2
145.81296030380025	2.0	2	2
145.9130378331783	2.0	2	2
146.01311536255633	2.0	2	2
146.11319289193437	2.0	2	2
146.21327042131242	2.0	2	2
146.31334795069046	2.0	2	2
146.41342548006847	2.0	2	2
146.5135030094465	2.0	2	2
146.61358053882455	2.0	2	2
146.7136580682026	2.0	2	2
146.81373559758063	2.0	2	2
146.91381312695867	2.0	2	2
147.0138906563367	2.0	2	2
147.11396818571475	2.0	2	2
147.21404571509277	2.0	2	2
147.3141232444708	2.0	2	2
147.41420077384885	2.0	2	2
147.5142783032269	2.0	2	2
147.61435583260493	2.0	2	2
147.71443336198297	2.0	2	2
147.814510891361	2.0	2	2
147.91458842073905	2.0	2	2
148.01466595011706	2.0	2	2
148.1147434794951	2.0	2	2
148.21482100887314	2.0	2	2
148.31489853825119	2.0	2	2
148.41497606762923	2.0	2	2
148.51505359700727	2.0	2	2
148.6151311263853	2.0	2	2
148.71520865576335	2.0	2	2
148.81528618514136	2.0	2	2
148.9153637145194	2.0	2	2
149.01544124389744	2.0	2	2
149.11551877327548	2.0	2	2
149.21559630265352	2.0	2	2
149.31567383203156	2.0	2	2
149.4157513614096	2.0	2	2
149.51582889078765	2.0	2	2
149.6159064201657	2.0	2	2
149.7159839495437	3.0	3	3
149.81606147892174	3.0	3	3
149.91613900829978	3.0	3	3
150.01621653767782	3.0	3	3
150.11629406705586	3.0	3	3
150.2163715964339	3.0	3	3
150.31644912581194	3.0	3	3
150.41652665518998	3.0	3	3
150.516604184568	3.0	3	3
150.61668171394604	3.0	3	3
150.71675924332408	3.0	3	3
150.81683677270212	3.0	3	3
150.91691430208016	3.0	3	3
151.0169918314582	3.0	3	3
151.11706936083624	3.0	3	3
151.21714689021428	3.0	3	3
151.3172244195923	2.0	2	2
151.41730194897033	2.0	2	2
151.51737947834837	2.0	2	2
151.61745700772641	2.0	2	2
151.71753453710446	2.0	2	2
151.8176120664825	2.0	2	2
151.91768959586054	2.0	2	2
152.01776712523858	2.0	2	2
152.1178446546166	2.0	2	2
152.21792218399463	2.0	2	2
152.31799971337267	2.0	2	2
152.4180772427507	2.0	2	2
152.51815477212875	2.0	2	2
152.6182323015068	2.0	2	2
152.71830983088483	2.0	2	2
152.81838736026288	2.0	2	2
152.9184648896409	2.0	2	2
153.01854241901893	2.0	2	2
153.11861994839697	2.0	2	2
153.218697477775	2.0	2	2
153.31877500715305	2.0	2	2
153.4188525365311	2.0	2	2
153.51893006590913	2.0	2	2
153.61900759528717	2.0	2	2
153.71908512466518	2.0	2	2
153.81916265404323	2.0	2	2
153.91924018342127	2.0	2	2
154.0193177127993	2.0	2	2
154.11939524217735	2.0	2	2
154.2194727715554	2.0	2	2
154.31955030093343	2.0	2	2
154.41962783031147	2.0	2	2
154.5197053596895	2.0	2	2
154.61978288906752	2.0	2	2
154.71986041844556	2.0	2	2
154.8199379478236	2.0	2	2
154.92001547720164	2.0	2	2
155.02009300657969	2.0	2	2
155.12017053595773	2.0	2	2
155.22024806533577	2.0	2	2
155.3203255947138	2.0	2	2
155.42040312409182	2.0	2	2
155.52048065346986	2.0	2	2
155.6205581828479	2.0	2	2
155.72063571222594	2.0	2	2
155.82071324160398	2.0	2	2
155.92079077098202	1.0	1	1
156.02086830036006	1.0	1	1
156.1209458297381	1.0	1	1
156.22102335911612	1.0	1	1
156.32110088849416	0.0	0	0
156.4211784178722	0.0	0	0
156.52125594725024	0.0	0	0
156.62133347662828	0.0	0	0
156.72141100600632	0.0	0	0
156.82148853538436	0.0	0	0
156.9215660647624	0.0	0	0
157.02164359414041	0.0	0	0
157.12172112351845	0.0	0	0
157.2217986528965	0.0	0	0
157.32187618227454	0.0	0	0
157.42195371165258	0.0	0	0
157.52203124103062	0.0	0	0
157.62210877040866	0.0	0	0
157.7221862997867	0.0	0	0
157.8222638291647	0.0	0	0
157.92234135854275	0.0	0	0
158.0224188879208	0.0	0	0
158.12249641729883	0.0	0	0
158.22257394667687	0.0	0	0
158.32265147605492	0.0	0	0
158.42272900543296	0.0	0	0
158.522806534811	0.0	0	0
158.62288406418904	0.0	0	0
158.72296159356705	0.0	0	0
158.8230391229451	0.0	0	0
158.92311665232313	0.0	0	0
159.02319418170117	0.0	0	0
159.1232717110792	0.0	0	0
159.22334924045725	0.0	0	0
159.3234267698353	0.0	0	0
159.42350429921333	0.0	0	0
159.52358182859135	0.0	0	0
159.6236593579694	0.0	0	0
159.72373688734743	0.0	0	0
159.82381441672547	0.0	0	0
159.9238919461035	0.0	0	0
160.02396947548155	0.0	0	0
160.1240470048596	0.0	0	0
160.22412453423763	0.0	0	0
160.32420206361564	0.0	0	0
160.42427959299368	0.0	0	0
160.52435712237173	0.0	0	0
160.62443465174977	0.0	0	0
160.7245121811278	0.0	0	0
160.82458971050585	0.0	0	0
160.9246672398839	0.0	0	0
161.02474476926193	0.0	0	0
161.12482229863994	0.0	0	0
161.22489982801798	0.0	0	0
161.32497735739602	0.0	0	0
161.42505488677406	0.0	0	0
161.5251324161521	1.0	1	1
161.62520994553014	1.0	1	1
161.72528747490819	1.0	1	1
161.82536500428623	1.0	1	1
161.92544253366424	1.0	1	1
162.02552006304228	1.0	1	1
162.12559759242032	1.0	1	1
162.22567512179836	1.0	1	1
162.3257526511764	1.0	1	1
162.42583018055444	1.0	1	1
162.52590770993248	2.0	2	2
162.62598523931052	2.0	2	2
162.72606276868856	2.0	2	2
162.82614029806658	2.0	2	2
162.92621782744462	2.0	2	2
163.02629535682266	2.0	2	2
163.1263728862007	2.0	2	2
163.22645041557874	2.0	2	2
163.32652794495678	3.0	3	3
163.42660547433482	3.0	3	3
163.52668300371286	4.0	4	4
163.62676053309087	4.0	4	4
163.72683806246891	5.0	5	5
163.82691559184696	5.0	5	5
163.926993121225	5.0	5	5
164.02707065060304	5.0	5	5
164.12714817998108	5.0	5	5
164.22722570935912	4.0	4	4
164.32730323873716	4.0	4	4
164.42738076811517	5.0	5	5
164.5274582974932	5.0	5	5
164.62753582687125	5.0	5	5
164.7276133562493	5.0	5	5
164.82769088562733	5.0	5	5
164.92776841500537	5.0	5	5
165.02784594438342	5.0	5	5
165.12792347376146	5.0	5	5
165.22800100313947	4.0	4	4
165.3280785325175	4.0	4	4
165.42815606189555	2.0	2	2
165.5282335912736	2.0	2	2
165.62831112065163	2.0	2	2
165.72838865002967	2.0	2	2
165.8284661794077	2.0	2	2
165.92854370878575	2.0	2	2
166.02862123816377	2.0	2	2
166.1286987675418	2.0	2	2
166.22877629691985	2.0	2	2
166.3288538262979	2.0	2	2
166.42893135567593	2.0	2	2
166.52900888505397	2.0	2	2
166.629086414432	3.0	3	3
166.72916394381005	3.0	3	3
166.8292414731881	4.0	4	4
166.9293190025661	5.0	5	5
167.02939653194414	5.0	5	5
167.12947406132218	5.0	5	5
167.22955159070023	5.0	5	5
167.32962912007827	5.0	5	5
167.4297066494563	5.0	5	5
167.52978417883435	5.0	5	5
167.6298617082124	5.0	5	5
167.7299392375904	5.0	5	5
167.83001676696844	5.0	5	5
167.93009429634648	5.0	5	5
168.03017182572452	5.0	5	5
168.13024935510256	5.0	5	5
168.2303268844806	5.0	5	5
168.33040441385864	4.0	4	4
168.43048194323669	4.0	4	4
168.5305594726147	3.0	3	3
168.63063700199274	2.0	2	2
168.73071453137078	2.0	2	2
168.83079206074882	2.0	2	2
168.93086959012686	2.0	2	2
169.0309471195049	2.0	2	2
169.13102464888294	2.0	2	2
169.23110217826098	2.0	2	2
169.331179707639	2.0	2	2
169.43125723701704	2.0	2	2
169.53133476639508	2.0	2	2
169.63141229577312	2.0	2	2
169.73148982515116	2.0	2	2
169.8315673545292	2.0	2	2
169.93164488390724	2.0	2	2
170.03172241328528	2.0	2	2
170.1317999426633	2.0	2	2
170.23187747204133	2.0	2	2
170.33195500141937	2.0	2	2
170.43203253079741	2.0	2	2
170.53211006017546	2.0	2	2
170.6321875895535	2.0	2	2
170.73226511893154	2.0	2	2
170.83234264830958	2.0	2	2
170.93242017768762	2.0	2	2
171.03249770706563	2.0	2	2
171.13257523644367	2.0	2	2
171.2326527658217	2.0	2	2
171.33273029519975	2.0	2	2
171.4328078245778	2.0	2	2
171.53288535395583	2.0	2	2
171.63296288333387	2.0	2	2
171.73304041271192	2.0	2	2
171.83311794208993	2.0	2	2
171.93319547146797	2.0	2	2
172.033273000846	2.0	2	2
172.13335053022405	2.0	2	2
172.2334280596021	3.0	3	3
172.33350558898013	3.0	3	3
172.43358311835817	3.0	3	3
172.5336606477362	3.0	3	3
172.63373817711422	3.0	3	3
172.73381570649227	3.0	3	3
172.8338932358703	3.0	3	3
172.93397076524835	3.0	3	3
173.0340482946264	3.0	3	3
173.13412582400443	3.0	3	3
173.23420335338247	3.0	3	3
173.3342808827605	3.0	3	3
173.43435841213852	3.0	3	3
173.53443594151656	3.0	3	3
173.6345134708946	3.0	3	3
173.73459100027264	3.0	3	3
173.83466852965068	3.0	3	3
173.93474605902873	3.0	3	3
174.03482358840677	3.0	3	3
174.1349011177848	3.0	3	3
174.23497864716282	3.0	3	3
174.33505617654086	3.0	3	3
174.4351337059189	3.0	3	3
174.53521123529694	3.0	3	3
174.63528876467498	3.0	3	3
174.73536629405302	3.0	3	3
174.83544382343106	3.0	3	3
174.9355213528091	3.0	3	3
175.03559888218712	3.0	3	3
175.13567641156516	3.0	3	3
175.2357539409432	3.0	3	3
175.33583147032124	3.0	3	3
175.43590899969928	3.0	3	3
175.53598652907732	3.0	3	3
175.63606405845536	3.0	3	3
175.7361415878334	3.0	3	3
175.83621911721144	3.0	3	3
175.93629664658945	3.0	3	3
176.0363741759675	3.0	3	3
176.13645170534554	3.0	3	3
176.23652923472358	3.0	3	3
176.33660676410162	3.0	3	3
176.43668429347966	3.0	3	3
176.5367618228577	3.0	3	3
176.63683935223574	3.0	3	3
176.73691688161375	3.0	3	3
176.8369944109918	3.0	3	3
176.93707194036983	3.0	3	3
177.03714946974787	3.0	3	3
177.13722699912591	3.0	3	3
177.23730452850396	3.0	3	3
177.337382057882	3.0	3	3
177.43745958726004	3.0	3	3
177.53753711663805	3.0	3	3
177.6376146460161	3.0	3	3
177.73769217539413	3.0	3	3
177.83776970477217	3.0	3	3
177.9378472341502	3.0	3	3
178.03792476352825	3.0	3	3
178.1380022929063	2.0	2	2
178.23807982228433	2.0	2	2
178.33815735166235	2.0	2	2
178.4382348810404	1.0	1	1
178.53831241041843	1.0	1	1
178.63838993979647	1.0	1	1
178.7384674691745	1.0	1	1
178.83854499855255	1.0	1	1
178.9386225279306	2.0	2	2
179.03870005730863	2.0	2	2
179.13877758668664	2.0	2	2
179.23885511606468	2.0	2	2
179.33893264544272	2.0	2	2
179.43901017482077	2.0	2	2
179.5390877041988	2.0	2	2
179.63916523357685	2.0	2	2
179.7392427629549	2.0	2	2
179.83932029233293	1.0	1	1
179.93939782171097	1.0	1	1
180.03947535108898	1.0	1	1
180.13955288046702	1.0	1	1
180.23963040984506	1.0	1	1
180.3397079392231	1.0	1	1
180.43978546860114	1.0	1	1
180.53986299797918	1.0	1	1
180.63994052735723	1.0	1	1
180.74001805673527	1.0	1	1
180.84009558611328	1.0	1	1
180.94017311549132	1.0	1	1
181.04025064486936	1.0	1	1
181.1403281742474	1.0	1	1
181.24040570362544	1.0	1	1
181.34048323300348	1.0	1	1
181.44056076238152	1.0	1	1
181.54063829175956	1.0	1	1
181.64071582113758	1.0	1	1
181.74079335051562	1.0	1	1
181.84087087989366	1.0	1	1
181.9409484092717	1.0	1	1
182.04102593864974	1.0	1	1
182.14110346802778	1.0	1	1
182.24118099740582	1.0	1	1
182.34125852678386	1.0	1	1
182.44133605616187	1.0	1	1
182.5414135855399	1.0	1	1
182.64149111491795	1.0	1	1
182.741568644296	1.0	1	1
