time	diversity	m_div	M_div
0.0	38.0	38	38
0.10010734288570915	38.0	38	38
0.2002146857714183	38.0	38	38
0.3003220286571274	38.0	38	38
0.4004293715428366	38.0	38	38
0.5005367144285457	36.0	36	36
0.6006440573142549	36.0	36	36
0.7007514001999641	36.0	36	36
0.8008587430856732	33.0	33	33
0.9009660859713823	33.0	33	33
1.0010734288570915	33.0	33	33
1.1011807717428006	33.0	33	33
1.2012881146285097	33.0	33	33
1.3013954575142188	33.0	33	33
1.4015028003999281	33.0	33	33
1.5016101432856372	33.0	33	33
1.6017174861713463	33.0	33	33
1.7018248290570555	33.0	33	33
1.8019321719427646	33.0	33	33
1.9020395148284739	33.0	33	33
2.002146857714183	33.0	33	33
2.102254200599892	33.0	33	33
2.202361543485601	33.0	33	33
2.3024688863713103	33.0	33	33
2.4025762292570194	33.0	33	33
2.5026835721427285	31.0	31	31
2.6027909150284376	31.0	31	31
2.702898257914147	31.0	31	31
2.8030056007998563	29.0	29	29
2.9031129436855654	29.0	29	29
3.0032202865712745	30.0	30	30
3.1033276294569836	30.0	30	30
3.2034349723426927	31.0	31	31
3.303542315228402	31.0	31	31
3.403649658114111	29.0	29	29
3.50375700099982	29.0	29	29
3.603864343885529	29.0	29	29
3.7039716867712382	29.0	29	29
3.8040790296569478	29.0	29	29
3.904186372542657	29.0	29	29
4.004293715428366	29.0	29	29
4.104401058314075	29.0	29	29
4.204508401199784	29.0	29	29
4.304615744085494	28.0	28	28
4.404723086971202	28.0	28	28
4.504830429856912	28.0	28	28
4.604937772742621	28.0	28	28
4.70504511562833	27.0	27	27
4.805152458514039	24.0	24	24
4.905259801399748	24.0	24	24
5.005367144285457	22.0	22	22
5.105474487171167	22.0	22	22
5.205581830056875	21.0	21	21
5.305689172942585	21.0	21	21
5.405796515828294	21.0	21	21
5.505903858714003	21.0	21	21
5.606011201599713	21.0	21	21
5.706118544485421	21.0	21	21
5.806225887371131	19.0	19	19
5.906333230256839	19.0	19	19
6.006440573142549	17.0	17	17
6.106547916028258	17.0	17	17
6.206655258913967	17.0	17	17
6.306762601799676	16.0	16	16
6.406869944685385	14.0	14	14
6.506977287571095	14.0	14	14
6.607084630456804	14.0	14	14
6.707191973342513	13.0	13	13
6.807299316228222	13.0	13	13
6.907406659113931	3.0	3	3
7.00751400199964	3.0	3	3
7.10762134488535	3.0	3	3
7.207728687771058	3.0	3	3
7.307836030656768	3.0	3	3
7.4079433735424765	3.0	3	3
7.508050716428186	3.0	3	3
7.6081580593138955	3.0	3	3
7.708265402199604	3.0	3	3
7.808372745085314	3.0	3	3
7.908480087971022	3.0	3	3
8.008587430856732	3.0	3	3
8.10869477374244	3.0	3	3
8.20880211662815	3.0	3	3
8.30890945951386	4.0	4	4
8.409016802399568	4.0	4	4
8.509124145285277	4.0	4	4
8.609231488170987	4.0	4	4
8.709338831056696	4.0	4	4
8.809446173942405	4.0	4	4
8.909553516828113	4.0	4	4
9.009660859713824	4.0	4	4
9.109768202599533	4.0	4	4
9.209875545485241	4.0	4	4
9.30998288837095	4.0	4	4
9.41009023125666	4.0	4	4
9.510197574142369	4.0	4	4
9.610304917028078	4.0	4	4
9.710412259913788	4.0	4	4
9.810519602799497	4.0	4	4
9.910626945685205	4.0	4	4
10.010734288570914	4.0	4	4
10.110841631456625	4.0	4	4
10.210948974342333	4.0	4	4
10.311056317228042	4.0	4	4
10.41116366011375	4.0	4	4
10.511271002999461	4.0	4	4
10.61137834588517	4.0	4	4
10.711485688770878	4.0	4	4
10.811593031656589	4.0	4	4
10.911700374542297	4.0	4	4
11.011807717428006	4.0	4	4
11.111915060313715	4.0	4	4
11.212022403199425	4.0	4	4
11.312129746085134	4.0	4	4
11.412237088970842	4.0	4	4
11.512344431856551	4.0	4	4
11.612451774742262	4.0	4	4
11.71255911762797	4.0	4	4
11.812666460513679	4.0	4	4
11.91277380339939	4.0	4	4
12.012881146285098	4.0	4	4
12.112988489170807	4.0	4	4
12.213095832056515	4.0	4	4
12.313203174942226	4.0	4	4
12.413310517827934	4.0	4	4
12.513417860713643	4.0	4	4
12.613525203599352	4.0	4	4
12.713632546485062	4.0	4	4
12.81373988937077	4.0	4	4
12.91384723225648	4.0	4	4
13.01395457514219	4.0	4	4
13.114061918027899	4.0	4	4
13.214169260913607	4.0	4	4
13.314276603799316	4.0	4	4
13.414383946685026	4.0	4	4
13.514491289570735	4.0	4	4
13.614598632456444	4.0	4	4
13.714705975342152	4.0	4	4
13.814813318227863	4.0	4	4
13.914920661113571	4.0	4	4
14.01502800399928	5.0	5	5
14.11513534688499	5.0	5	5
14.2152426897707	5.0	5	5
14.315350032656408	5.0	5	5
14.415457375542116	5.0	5	5
14.515564718427827	5.0	5	5
14.615672061313536	5.0	5	5
14.715779404199244	5.0	5	5
14.815886747084953	5.0	5	5
14.915994089970663	5.0	5	5
15.016101432856372	5.0	5	5
15.11620877574208	5.0	5	5
15.216316118627791	5.0	5	5
15.3164234615135	5.0	5	5
15.416530804399208	5.0	5	5
15.516638147284917	5.0	5	5
15.616745490170628	5.0	5	5
15.716852833056336	5.0	5	5
15.816960175942045	5.0	5	5
15.917067518827754	5.0	5	5
16.017174861713464	5.0	5	5
16.117282204599174	5.0	5	5
16.21738954748488	5.0	5	5
16.31749689037059	5.0	5	5
16.4176042332563	5.0	5	5
16.51771157614201	5.0	5	5
16.61781891902772	5.0	5	5
16.717926261913426	5.0	5	5
16.818033604799137	5.0	5	5
16.918140947684847	5.0	5	5
17.018248290570554	5.0	5	5
17.118355633456265	5.0	5	5
17.218462976341975	5.0	5	5
17.318570319227682	5.0	5	5
17.418677662113392	5.0	5	5
17.5187850049991	5.0	5	5
17.61889234788481	5.0	5	5
17.71899969077052	5.0	5	5
17.819107033656227	5.0	5	5
17.919214376541937	5.0	5	5
18.019321719427648	5.0	5	5
18.119429062313355	5.0	5	5
18.219536405199065	5.0	5	5
18.319643748084776	5.0	5	5
18.419751090970482	5.0	5	5
18.519858433856193	5.0	5	5
18.6199657767419	5.0	5	5
18.72007311962761	5.0	5	5
18.82018046251332	5.0	5	5
18.920287805399028	5.0	5	5
19.020395148284738	5.0	5	5
19.12050249117045	5.0	5	5
19.220609834056155	4.0	4	4
19.320717176941866	4.0	4	4
19.420824519827576	4.0	4	4
19.520931862713283	4.0	4	4
19.621039205598994	4.0	4	4
19.7211465484847	4.0	4	4
19.82125389137041	4.0	4	4
19.92136123425612	4.0	4	4
20.021468577141828	4.0	4	4
20.12157592002754	4.0	4	4
20.22168326291325	4.0	4	4
20.321790605798956	4.0	4	4
20.421897948684666	4.0	4	4
20.522005291570377	4.0	4	4
20.622112634456084	4.0	4	4
20.722219977341794	4.0	4	4
20.8223273202275	4.0	4	4
20.92243466311321	4.0	4	4
21.022542005998922	4.0	4	4
21.12264934888463	4.0	4	4
21.22275669177034	4.0	4	4
21.32286403465605	3.0	3	3
21.422971377541757	3.0	3	3
21.523078720427467	3.0	3	3
21.623186063313177	3.0	3	3
21.723293406198884	3.0	3	3
21.823400749084595	3.0	3	3
21.9235080919703	2.0	2	2
22.023615434856012	2.0	2	2
22.123722777741722	2.0	2	2
22.22383012062743	2.0	2	2
22.32393746351314	2.0	2	2
22.42404480639885	2.0	2	2
22.524152149284557	2.0	2	2
22.624259492170268	2.0	2	2
22.724366835055978	2.0	2	2
22.824474177941685	2.0	2	2
22.924581520827395	2.0	2	2
23.024688863713102	2.0	2	2
23.124796206598813	2.0	2	2
23.224903549484523	2.0	2	2
23.32501089237023	2.0	2	2
23.42511823525594	2.0	2	2
23.52522557814165	2.0	2	2
23.625332921027358	2.0	2	2
23.725440263913068	2.0	2	2
23.82554760679878	2.0	2	2
23.925654949684485	1.0	1	1
24.025762292570196	1.0	1	1
24.125869635455903	1.0	1	1
24.225976978341613	1.0	1	1
24.326084321227324	1.0	1	1
24.42619166411303	1.0	1	1
24.52629900699874	1.0	1	1
24.62640634988445	1.0	1	1
24.72651369277016	1.0	1	1
24.82662103565587	1.0	1	1
24.92672837854158	1.0	1	1
25.026835721427286	1.0	1	1
25.126943064312997	1.0	1	1
25.227050407198703	1.0	1	1
25.327157750084414	1.0	1	1
25.427265092970124	1.0	1	1
25.52737243585583	1.0	1	1
25.62747977874154	1.0	1	1
25.727587121627252	1.0	1	1
25.82769446451296	1.0	1	1
25.92780180739867	1.0	1	1
26.02790915028438	1.0	1	1
26.128016493170087	1.0	1	1
26.228123836055797	1.0	1	1
26.328231178941504	1.0	1	1
26.428338521827214	1.0	1	1
26.528445864712925	1.0	1	1
26.62855320759863	1.0	1	1
26.728660550484342	1.0	1	1
26.828767893370053	1.0	1	1
26.92887523625576	1.0	1	1
27.02898257914147	1.0	1	1
27.12908992202718	1.0	1	1
27.229197264912887	1.0	1	1
27.329304607798598	1.0	1	1
27.429411950684305	1.0	1	1
27.529519293570015	1.0	1	1
27.629626636455725	1.0	1	1
27.729733979341432	1.0	1	1
27.829841322227143	1.0	1	1
27.929948665112853	1.0	1	1
28.03005600799856	1.0	1	1
28.13016335088427	1.0	1	1
28.23027069376998	1.0	1	1
28.330378036655688	1.0	1	1
28.4304853795414	1.0	1	1
28.530592722427105	1.0	1	1
28.630700065312816	1.0	1	1
28.730807408198526	1.0	1	1
28.830914751084233	1.0	1	1
28.931022093969943	1.0	1	1
29.031129436855654	1.0	1	1
29.13123677974136	1.0	1	1
29.23134412262707	1.0	1	1
29.33145146551278	1.0	1	1
29.43155880839849	1.0	1	1
29.5316661512842	1.0	1	1
29.631773494169906	1.0	1	1
29.731880837055616	1.0	1	1
29.831988179941327	1.0	1	1
29.932095522827034	1.0	1	1
30.032202865712744	1.0	1	1
30.132310208598454	1.0	1	1
30.23241755148416	1.0	1	1
30.33252489436987	1.0	1	1
30.432632237255582	1.0	1	1
30.53273958014129	1.0	1	1
30.632846923027	1.0	1	1
30.732954265912706	1.0	1	1
30.833061608798417	1.0	1	1
30.933168951684127	1.0	1	1
31.033276294569834	1.0	1	1
31.133383637455545	1.0	1	1
31.233490980341255	1.0	1	1
31.333598323226962	1.0	1	1
31.433705666112672	1.0	1	1
31.533813008998383	1.0	1	1
31.63392035188409	1.0	1	1
31.7340276947698	1.0	1	1
31.834135037655507	1.0	1	1
31.934242380541217	2.0	2	2
32.03434972342693	2.0	2	2
32.134457066312635	2.0	2	2
32.23456440919835	2.0	2	2
32.334671752084056	2.0	2	2
32.43477909496976	2.0	2	2
32.53488643785547	2.0	2	2
32.63499378074118	2.0	2	2
32.73510112362689	2.0	2	2
32.8352084665126	2.0	2	2
32.93531580939831	2.0	2	2
33.03542315228402	2.0	2	2
33.135530495169725	2.0	2	2
33.23563783805544	2.0	2	2
33.335745180941146	2.0	2	2
33.43585252382685	2.0	2	2
33.53595986671257	2.0	2	2
33.636067209598274	2.0	2	2
33.73617455248398	2.0	2	2
33.836281895369694	2.0	2	2
33.9363892382554	2.0	2	2
34.03649658114111	2.0	2	2
34.13660392402682	2.0	2	2
34.23671126691253	2.0	2	2
34.336818609798236	2.0	2	2
34.43692595268395	2.0	2	2
34.53703329556966	2.0	2	2
34.637140638455364	2.0	2	2
34.73724798134107	2.0	2	2
34.837355324226785	2.0	2	2
34.93746266711249	2.0	2	2
35.0375700099982	2.0	2	2
35.13767735288391	2.0	2	2
35.23778469576962	2.0	2	2
35.337892038655326	2.0	2	2
35.43799938154104	2.0	2	2
35.53810672442675	2.0	2	2
35.638214067312454	2.0	2	2
35.73832141019817	2.0	2	2
35.838428753083875	2.0	2	2
35.93853609596958	2.0	2	2
36.038643438855296	2.0	2	2
36.138750781741	2.0	2	2
36.23885812462671	2.0	2	2
36.33896546751242	2.0	2	2
36.43907281039813	2.0	2	2
36.53918015328384	2.0	2	2
36.63928749616955	2.0	2	2
36.73939483905526	2.0	2	2
36.839502181940965	2.0	2	2
36.93960952482667	2.0	2	2
37.039716867712386	3.0	3	3
37.13982421059809	3.0	3	3
37.2399315534838	3.0	3	3
37.340038896369514	3.0	3	3
37.44014623925522	3.0	3	3
37.54025358214093	3.0	3	3
37.64036092502664	3.0	3	3
37.74046826791235	3.0	3	3
37.840575610798055	3.0	3	3
37.94068295368377	3.0	3	3
38.040790296569476	3.0	3	3
38.14089763945518	3.0	3	3
38.2410049823409	4.0	4	4
38.341112325226604	4.0	4	4
38.44121966811231	4.0	4	4
38.541327010998025	4.0	4	4
38.64143435388373	4.0	4	4
38.74154169676944	4.0	4	4
38.84164903965515	4.0	4	4
38.94175638254086	4.0	4	4
39.041863725426566	5.0	5	5
39.14197106831227	5.0	5	5
39.24207841119799	6.0	6	6
39.342185754083694	6.0	6	6
39.4422930969694	7.0	7	7
39.542400439855115	8.0	8	8
39.64250778274082	9.0	9	9
39.74261512562653	11.0	11	11
39.84272246851224	11.0	11	11
39.94282981139795	12.0	12	12
40.042937154283656	12.0	12	12
40.14304449716937	13.0	13	13
40.24315184005508	13.0	13	13
40.343259182940784	13.0	13	13
40.4433665258265	13.0	13	13
40.543473868712205	13.0	13	13
40.64358121159791	13.0	13	13
40.743688554483626	12.0	12	12
40.84379589736933	12.0	12	12
40.94390324025504	12.0	12	12
41.044010583140754	12.0	12	12
41.14411792602646	12.0	12	12
41.24422526891217	12.0	12	12
41.344332611797874	12.0	12	12
41.44443995468359	12.0	12	12
41.544547297569295	12.0	12	12
41.644654640455	12.0	12	12
41.744761983340716	12.0	12	12
41.84486932622642	12.0	12	12
41.94497666911213	12.0	12	12
42.045084011997844	12.0	12	12
42.14519135488355	12.0	12	12
42.24529869776926	12.0	12	12
42.34540604065497	12.0	12	12
42.44551338354068	12.0	12	12
42.545620726426385	12.0	12	12
42.6457280693121	12.0	12	12
42.745835412197806	11.0	11	11
42.84594275508351	11.0	11	11
42.94605009796923	11.0	11	11
43.046157440854934	11.0	11	11
43.14626478374064	11.0	11	11
43.246372126626355	11.0	11	11
43.34647946951206	12.0	12	12
43.44658681239777	12.0	12	12
43.546694155283475	12.0	12	12
43.64680149816919	12.0	12	12
43.746908841054896	12.0	12	12
43.8470161839406	12.0	12	12
43.94712352682632	12.0	12	12
44.047230869712024	12.0	12	12
44.14733821259773	12.0	12	12
44.247445555483445	12.0	12	12
44.34755289836915	12.0	12	12
44.44766024125486	12.0	12	12
44.54776758414057	12.0	12	12
44.64787492702628	12.0	12	12
44.74798226991199	12.0	12	12
44.8480896127977	12.0	12	12
44.94819695568341	12.0	12	12
45.048304298569114	12.0	12	12
45.14841164145483	12.0	12	12
45.248518984340535	12.0	12	12
45.34862632722624	13.0	13	13
45.448733670111956	13.0	13	13
45.54884101299766	13.0	13	13
45.64894835588337	13.0	13	13
45.74905569876908	13.0	13	13
45.84916304165479	13.0	13	13
45.9492703845405	13.0	13	13
46.049377727426204	13.0	13	13
46.14948507031192	13.0	13	13
46.249592413197625	12.0	12	12
46.34969975608333	12.0	12	12
46.449807098969046	12.0	12	12
46.54991444185475	13.0	13	13
46.65002178474046	13.0	13	13
46.750129127626174	13.0	13	13
46.85023647051188	14.0	14	14
46.95034381339759	14.0	14	14
47.0504511562833	14.0	14	14
47.15055849916901	14.0	14	14
47.250665842054715	14.0	14	14
47.35077318494043	14.0	14	14
47.450880527826136	14.0	14	14
47.55098787071184	14.0	14	14
47.65109521359756	15.0	15	15
47.751202556483264	15.0	15	15
47.85130989936897	15.0	15	15
47.95141724225468	16.0	16	16
48.05152458514039	16.0	16	16
48.1516319280261	16.0	16	16
48.251739270911806	17.0	17	17
48.35184661379752	16.0	16	16
48.45195395668323	15.0	15	15
48.55206129956893	15.0	15	15
48.65216864245465	14.0	14	14
48.752275985340354	14.0	14	14
48.85238332822606	14.0	14	14
48.952490671111775	15.0	15	15
49.05259801399748	15.0	15	15
49.15270535688319	15.0	15	15
49.2528126997689	15.0	15	15
49.35292004265461	15.0	15	15
49.45302738554032	15.0	15	15
49.55313472842603	15.0	15	15
49.65324207131174	15.0	15	15
49.753349414197444	16.0	16	16
49.85345675708316	16.0	16	16
49.953564099968865	16.0	16	16
50.05367144285457	16.0	16	16
50.15377878574028	16.0	16	16
50.25388612862599	16.0	16	16
50.3539934715117	16.0	16	16
50.45410081439741	16.0	16	16
50.55420815728312	16.0	16	16
50.65431550016883	16.0	16	16
50.754422843054535	16.0	16	16
50.85453018594025	16.0	16	16
50.954637528825955	15.0	15	15
51.05474487171166	15.0	15	15
51.154852214597376	15.0	15	15
51.25495955748308	15.0	15	15
51.35506690036879	15.0	15	15
51.455174243254504	14.0	14	14
51.55528158614021	14.0	14	14
51.65538892902592	14.0	14	14
51.75549627191163	14.0	14	14
51.85560361479734	14.0	14	14
51.955710957683046	14.0	14	14
52.05581830056876	14.0	14	14
52.15592564345447	14.0	14	14
52.25603298634017	14.0	14	14
52.35614032922589	14.0	14	14
52.456247672111594	14.0	14	14
52.5563550149973	14.0	14	14
52.65646235788301	14.0	14	14
52.75656970076872	14.0	14	14
52.85667704365443	14.0	14	14
52.956784386540136	14.0	14	14
53.05689172942585	14.0	14	14
53.15699907231156	13.0	13	13
53.25710641519726	12.0	12	12
53.35721375808298	12.0	12	12
53.457321100968684	12.0	12	12
53.55742844385439	12.0	12	12
53.657535786740105	11.0	11	11
53.75764312962581	11.0	11	11
53.85775047251152	10.0	10	10
53.95785781539723	10.0	10	10
54.05796515828294	12.0	12	12
54.15807250116865	12.0	12	12
54.25817984405436	12.0	12	12
54.35828718694007	12.0	12	12
54.458394529825775	12.0	12	12
54.55850187271149	12.0	12	12
54.658609215597195	12.0	12	12
54.7587165584829	12.0	12	12
54.85882390136861	11.0	11	11
54.95893124425432	11.0	11	11
55.05903858714003	12.0	12	12
55.15914593002574	12.0	12	12
55.25925327291145	12.0	12	12
55.35936061579716	12.0	12	12
55.459467958682865	12.0	12	12
55.55957530156858	11.0	11	11
55.659682644454286	11.0	11	11
55.75978998733999	11.0	11	11
55.85989733022571	11.0	11	11
55.96000467311141	11.0	11	11
56.06011201599712	11.0	11	11
56.160219358882834	10.0	10	10
56.26032670176854	10.0	10	10
56.36043404465425	9.0	9	9
56.46054138753996	9.0	9	9
56.56064873042567	9.0	9	9
56.660756073311376	10.0	10	10
56.76086341619709	10.0	10	10
56.8609707590828	10.0	10	10
56.9610781019685	10.0	10	10
57.06118544485421	9.0	9	9
57.161292787739924	9.0	9	9
57.26140013062563	9.0	9	9
57.36150747351134	8.0	8	8
57.46161481639705	8.0	8	8
57.56172215928276	8.0	8	8
57.661829502168466	6.0	6	6
57.76193684505418	6.0	6	6
57.86204418793989	6.0	6	6
57.962151530825594	6.0	6	6
58.06225887371131	7.0	7	7
58.162366216597015	7.0	7	7
58.26247355948272	8.0	8	8
58.362580902368435	8.0	8	8
58.46268824525414	8.0	8	8
58.56279558813985	8.0	8	8
58.66290293102556	8.0	8	8
58.76301027391127	8.0	8	8
58.86311761679698	8.0	8	8
58.96322495968269	7.0	7	7
59.0633323025684	7.0	7	7
59.163439645454105	7.0	7	7
59.26354698833981	7.0	7	7
59.363654331225526	5.0	5	5
59.46376167411123	4.0	4	4
59.56386901699694	5.0	5	5
59.66397635988265	5.0	5	5
59.76408370276836	4.0	4	4
59.86419104565407	4.0	4	4
59.96429838853978	4.0	4	4
60.06440573142549	4.0	4	4
60.164513074311195	5.0	5	5
60.26462041719691	5.0	5	5
60.364727760082616	5.0	5	5
60.46483510296832	5.0	5	5
60.56494244585404	5.0	5	5
60.66504978873974	6.0	6	6
60.76515713162545	6.0	6	6
60.865264474511164	6.0	6	6
60.96537181739687	6.0	6	6
61.06547916028258	7.0	7	7
61.16558650316829	8.0	8	8
61.265693846054	8.0	8	8
61.365801188939706	8.0	8	8
61.46590853182541	8.0	8	8
61.56601587471113	8.0	8	8
61.666123217596834	7.0	7	7
61.76623056048254	7.0	7	7
61.866337903368255	6.0	6	6
61.96644524625396	6.0	6	6
62.06655258913967	6.0	6	6
62.16665993202538	6.0	6	6
62.26676727491109	6.0	6	6
62.366874617796796	6.0	6	6
62.46698196068251	6.0	6	6
62.56708930356822	6.0	6	6
62.667196646453924	6.0	6	6
62.76730398933964	6.0	6	6
62.867411332225345	7.0	7	7
62.96751867511105	7.0	7	7
63.067626017996766	7.0	7	7
63.16773336088247	7.0	7	7
63.26784070376818	6.0	6	6
63.36794804665389	6.0	6	6
63.4680553895396	6.0	6	6
63.56816273242531	6.0	6	6
63.668270075311014	6.0	6	6
63.76837741819673	6.0	6	6
63.868484761082435	6.0	6	6
63.96859210396814	6.0	6	6
64.06869944685386	6.0	6	6
64.16880678973956	6.0	6	6
64.26891413262527	6.0	6	6
64.36902147551098	6.0	6	6
64.4691288183967	6.0	6	6
64.5692361612824	6.0	6	6
64.66934350416811	6.0	6	6
64.76945084705382	6.0	6	6
64.86955818993953	6.0	6	6
64.96966553282523	6.0	6	6
65.06977287571094	6.0	6	6
65.16988021859666	8.0	8	8
65.26998756148237	9.0	9	9
65.37009490436807	11.0	11	11
65.47020224725378	15.0	15	15
65.57030959013949	16.0	16	16
65.6704169330252	19.0	19	19
65.77052427591092	20.0	20	20
65.87063161879662	20.0	20	20
65.97073896168233	22.0	22	22
66.07084630456804	22.0	22	22
66.17095364745374	22.0	22	22
66.27106099033945	23.0	23	23
66.37116833322517	23.0	23	23
66.47127567611088	23.0	23	23
66.57138301899658	22.0	22	22
66.67149036188229	22.0	22	22
66.771597704768	21.0	21	21
66.8717050476537	21.0	21	21
66.97181239053941	21.0	21	21
67.07191973342513	20.0	20	20
67.17202707631084	20.0	20	20
67.27213441919655	20.0	20	20
67.37224176208225	20.0	20	20
67.47234910496796	20.0	20	20
67.57245644785367	20.0	20	20
67.67256379073939	20.0	20	20
67.7726711336251	20.0	20	20
67.8727784765108	18.0	18	18
67.97288581939651	18.0	18	18
68.07299316228222	18.0	18	18
68.17310050516792	17.0	17	17
68.27320784805364	17.0	17	17
68.37331519093935	17.0	17	17
68.47342253382506	18.0	18	18
68.57352987671077	18.0	18	18
68.67363721959647	18.0	18	18
68.77374456248218	18.0	18	18
68.8738519053679	17.0	17	17
68.9739592482536	16.0	16	16
69.07406659113931	16.0	16	16
69.17417393402502	16.0	16	16
69.27428127691073	16.0	16	16
69.37438861979643	16.0	16	16
69.47449596268214	16.0	16	16
69.57460330556786	15.0	15	15
69.67471064845357	15.0	15	15
69.77481799133928	15.0	15	15
69.87492533422498	15.0	15	15
69.97503267711069	15.0	15	15
70.0751400199964	13.0	13	13
70.17524736288212	13.0	13	13
70.27535470576782	14.0	14	14
70.37546204865353	13.0	13	13
70.47556939153924	13.0	13	13
70.57567673442495	14.0	14	14
70.67578407731065	14.0	14	14
70.77589142019637	14.0	14	14
70.87599876308208	14.0	14	14
70.97610610596779	14.0	14	14
71.0762134488535	15.0	15	15
71.1763207917392	15.0	15	15
71.27642813462491	15.0	15	15
71.37653547751061	15.0	15	15
71.47664282039634	15.0	15	15
71.57675016328204	15.0	15	15
71.67685750616775	15.0	15	15
71.77696484905346	15.0	15	15
71.87707219193916	15.0	15	15
71.97717953482487	17.0	17	17
72.07728687771059	17.0	17	17
72.1773942205963	17.0	17	17
72.277501563482	17.0	17	17
72.37760890636771	15.0	15	15
72.47771624925342	15.0	15	15
72.57782359213913	15.0	15	15
72.67793093502485	14.0	14	14
72.77803827791055	14.0	14	14
72.87814562079626	14.0	14	14
72.97825296368197	13.0	13	13
73.07836030656767	13.0	13	13
73.17846764945338	14.0	14	14
73.2785749923391	14.0	14	14
73.37868233522481	14.0	14	14
73.47878967811052	14.0	14	14
73.57889702099622	14.0	14	14
73.67900436388193	15.0	15	15
73.77911170676764	15.0	15	15
73.87921904965334	15.0	15	15
73.97932639253906	15.0	15	15
74.07943373542477	15.0	15	15
74.17954107831048	15.0	15	15
74.27964842119619	15.0	15	15
74.37975576408189	15.0	15	15
74.4798631069676	15.0	15	15
74.57997044985332	15.0	15	15
74.68007779273903	14.0	14	14
74.78018513562473	14.0	14	14
74.88029247851044	14.0	14	14
74.98039982139615	14.0	14	14
75.08050716428185	15.0	15	15
75.18061450716758	14.0	14	14
75.28072185005328	14.0	14	14
75.38082919293899	14.0	14	14
75.4809365358247	14.0	14	14
75.5810438787104	14.0	14	14
75.68115122159611	14.0	14	14
75.78125856448182	14.0	14	14
75.88136590736754	14.0	14	14
75.98147325025325	14.0	14	14
76.08158059313895	14.0	14	14
76.18168793602466	14.0	14	14
76.28179527891037	14.0	14	14
76.38190262179607	14.0	14	14
76.4820099646818	14.0	14	14
76.5821173075675	14.0	14	14
76.68222465045321	14.0	14	14
76.78233199333891	13.0	13	13
76.88243933622462	13.0	13	13
76.98254667911033	13.0	13	13
77.08265402199605	13.0	13	13
77.18276136488176	13.0	13	13
77.28286870776746	13.0	13	13
77.38297605065317	13.0	13	13
77.48308339353888	13.0	13	13
77.58319073642458	13.0	13	13
77.6832980793103	13.0	13	13
77.78340542219601	13.0	13	13
77.88351276508172	13.0	13	13
77.98362010796743	13.0	13	13
78.08372745085313	13.0	13	13
78.18383479373884	13.0	13	13
78.28394213662455	13.0	13	13
78.38404947951027	13.0	13	13
78.48415682239597	13.0	13	13
78.58426416528168	13.0	13	13
78.68437150816739	13.0	13	13
78.7844788510531	13.0	13	13
78.8845861939388	13.0	13	13
78.98469353682452	13.0	13	13
79.08480087971023	13.0	13	13
79.18490822259594	13.0	13	13
79.28501556548164	13.0	13	13
79.38512290836735	13.0	13	13
79.48523025125306	13.0	13	13
79.58533759413878	13.0	13	13
79.68544493702449	13.0	13	13
79.78555227991019	13.0	13	13
79.8856596227959	13.0	13	13
79.9857669656816	13.0	13	13
80.08587430856731	13.0	13	13
80.18598165145303	13.0	13	13
80.28608899433874	13.0	13	13
80.38619633722445	13.0	13	13
80.48630368011015	14.0	14	14
80.58641102299586	14.0	14	14
80.68651836588157	14.0	14	14
80.78662570876728	14.0	14	14
80.886733051653	13.0	13	13
80.9868403945387	14.0	14	14
81.08694773742441	14.0	14	14
81.18705508031012	14.0	14	14
81.28716242319582	14.0	14	14
81.38726976608153	14.0	14	14
81.48737710896725	14.0	14	14
81.58748445185296	13.0	13	13
81.68759179473867	13.0	13	13
81.78769913762437	13.0	13	13
81.88780648051008	13.0	13	13
81.98791382339579	13.0	13	13
82.08802116628151	13.0	13	13
82.18812850916721	13.0	13	13
82.28823585205292	13.0	13	13
82.38834319493863	12.0	12	12
82.48845053782433	12.0	12	12
82.58855788071004	12.0	12	12
82.68866522359575	12.0	12	12
82.78877256648147	12.0	12	12
82.88887990936718	12.0	12	12
82.98898725225288	11.0	11	11
83.08909459513859	11.0	11	11
83.1892019380243	11.0	11	11
83.28930928091	11.0	11	11
83.38941662379573	11.0	11	11
83.48952396668143	11.0	11	11
83.58963130956714	11.0	11	11
83.68973865245285	11.0	11	11
83.78984599533855	12.0	12	12
83.88995333822426	11.0	11	11
83.99006068110998	11.0	11	11
84.09016802399569	12.0	12	12
84.1902753668814	12.0	12	12
84.2903827097671	13.0	13	13
84.39049005265281	13.0	13	13
84.49059739553852	11.0	11	11
84.59070473842424	12.0	12	12
84.69081208130994	12.0	12	12
84.79091942419565	12.0	12	12
84.89102676708136	12.0	12	12
84.99113410996706	12.0	12	12
85.09124145285277	12.0	12	12
85.19134879573848	11.0	11	11
85.2914561386242	11.0	11	11
85.3915634815099	11.0	11	11
85.49167082439561	11.0	11	11
85.59177816728132	11.0	11	11
85.69188551016703	10.0	10	10
85.79199285305273	9.0	9	9
85.89210019593845	9.0	9	9
85.99220753882416	9.0	9	9
86.09231488170987	9.0	9	9
86.19242222459557	8.0	8	8
86.29252956748128	8.0	8	8
86.39263691036699	7.0	7	7
86.49274425325271	7.0	7	7
86.59285159613842	7.0	7	7
86.69295893902412	5.0	5	5
86.79306628190983	5.0	5	5
86.89317362479554	5.0	5	5
86.99328096768124	5.0	5	5
87.09338831056695	5.0	5	5
87.19349565345267	5.0	5	5
87.29360299633838	5.0	5	5
87.39371033922409	5.0	5	5
87.49381768210979	5.0	5	5
87.5939250249955	4.0	4	4
87.6940323678812	5.0	5	5
87.79413971076693	5.0	5	5
87.89424705365263	5.0	5	5
87.99435439653834	5.0	5	5
88.09446173942405	5.0	5	5
88.19456908230976	5.0	5	5
88.29467642519546	5.0	5	5
88.39478376808118	5.0	5	5
88.49489111096689	5.0	5	5
88.5949984538526	5.0	5	5
88.6951057967383	5.0	5	5
88.79521313962401	5.0	5	5
88.89532048250972	5.0	5	5
88.99542782539544	5.0	5	5
89.09553516828115	5.0	5	5
89.19564251116685	5.0	5	5
89.29574985405256	5.0	5	5
89.39585719693827	5.0	5	5
89.49596453982397	5.0	5	5
89.59607188270968	5.0	5	5
89.6961792255954	6.0	6	6
89.79628656848111	5.0	5	5
89.89639391136681	5.0	5	5
89.99650125425252	5.0	5	5
90.09660859713823	6.0	6	6
90.19671594002394	6.0	6	6
90.29682328290966	5.0	5	5
90.39693062579536	5.0	5	5
90.49703796868107	5.0	5	5
90.59714531156678	5.0	5	5
90.69725265445248	5.0	5	5
90.79735999733819	6.0	6	6
90.89746734022391	6.0	6	6
90.99757468310962	6.0	6	6
91.09768202599533	6.0	6	6
91.19778936888103	7.0	7	7
91.29789671176674	7.0	7	7
91.39800405465245	7.0	7	7
91.49811139753815	7.0	7	7
91.59821874042387	7.0	7	7
91.69832608330958	7.0	7	7
91.79843342619529	7.0	7	7
91.898540769081	7.0	7	7
91.9986481119667	8.0	8	8
92.09875545485241	8.0	8	8
92.19886279773813	8.0	8	8
92.29897014062384	7.0	7	7
92.39907748350954	7.0	7	7
92.49918482639525	7.0	7	7
92.59929216928096	7.0	7	7
92.69939951216666	7.0	7	7
92.79950685505239	7.0	7	7
92.89961419793809	6.0	6	6
92.9997215408238	6.0	6	6
93.0998288837095	6.0	6	6
93.19993622659521	4.0	4	4
93.30004356948092	5.0	5	5
93.40015091236664	5.0	5	5
93.50025825525235	5.0	5	5
93.60036559813805	4.0	4	4
93.70047294102376	5.0	5	5
93.80058028390947	5.0	5	5
93.90068762679518	5.0	5	5
94.00079496968088	5.0	5	5
94.1009023125666	5.0	5	5
94.20100965545231	5.0	5	5
94.30111699833802	6.0	6	6
94.40122434122372	6.0	6	6
94.50133168410943	6.0	6	6
94.60143902699514	6.0	6	6
94.70154636988086	6.0	6	6
94.80165371276657	6.0	6	6
94.90176105565227	5.0	5	5
95.00186839853798	5.0	5	5
95.10197574142369	5.0	5	5
95.2020830843094	5.0	5	5
95.30219042719511	6.0	6	6
95.40229777008082	6.0	6	6
95.50240511296653	4.0	4	4
95.60251245585224	4.0	4	4
95.70261979873794	4.0	4	4
95.80272714162365	4.0	4	4
95.90283448450936	4.0	4	4
96.00294182739508	4.0	4	4
96.10304917028078	4.0	4	4
96.20315651316649	4.0	4	4
96.3032638560522	4.0	4	4
96.4033711989379	5.0	5	5
96.50347854182361	5.0	5	5
96.60358588470933	4.0	4	4
96.70369322759504	4.0	4	4
96.80380057048075	4.0	4	4
96.90390791336645	4.0	4	4
97.00401525625216	4.0	4	4
97.10412259913787	5.0	5	5
97.20422994202359	5.0	5	5
97.3043372849093	5.0	5	5
97.404444627795	5.0	5	5
97.50455197068071	5.0	5	5
97.60465931356642	4.0	4	4
97.70476665645212	5.0	5	5
97.80487399933784	5.0	5	5
97.90498134222355	5.0	5	5
98.00508868510926	5.0	5	5
98.10519602799496	5.0	5	5
98.20530337088067	5.0	5	5
98.30541071376638	5.0	5	5
98.40551805665208	5.0	5	5
98.5056253995378	6.0	6	6
98.60573274242351	6.0	6	6
98.70584008530922	6.0	6	6
98.80594742819493	6.0	6	6
98.90605477108063	6.0	6	6
99.00616211396634	7.0	7	7
99.10626945685206	7.0	7	7
99.20637679973777	7.0	7	7
99.30648414262348	7.0	7	7
99.40659148550918	7.0	7	7
99.50669882839489	7.0	7	7
99.6068061712806	7.0	7	7
99.70691351416632	7.0	7	7
99.80702085705202	8.0	8	8
99.90712819993773	8.0	8	8
100.00723554282344	7.0	7	7
100.10734288570914	7.0	7	7
100.20745022859485	7.0	7	7
100.30755757148056	7.0	7	7
100.40766491436628	7.0	7	7
100.50777225725199	7.0	7	7
100.6078796001377	6.0	6	6
100.7079869430234	6.0	6	6
100.8080942859091	6.0	6	6
100.90820162879481	6.0	6	6
101.00830897168053	6.0	6	6
101.10841631456624	6.0	6	6
101.20852365745195	6.0	6	6
101.30863100033766	6.0	6	6
101.40873834322336	6.0	6	6
101.50884568610907	5.0	5	5
101.60895302899479	5.0	5	5
101.7090603718805	5.0	5	5
101.8091677147662	5.0	5	5
101.90927505765191	5.0	5	5
102.00938240053762	5.0	5	5
102.10948974342332	6.0	6	6
102.20959708630905	6.0	6	6
102.30970442919475	6.0	6	6
102.40981177208046	6.0	6	6
102.50991911496617	6.0	6	6
102.61002645785187	6.0	6	6
102.71013380073758	6.0	6	6
102.81024114362329	6.0	6	6
102.91034848650901	5.0	5	5
103.01045582939472	5.0	5	5
103.11056317228042	5.0	5	5
103.21067051516613	5.0	5	5
103.31077785805184	5.0	5	5
103.41088520093754	5.0	5	5
103.51099254382326	5.0	5	5
103.61109988670897	5.0	5	5
103.71120722959468	5.0	5	5
103.81131457248038	5.0	5	5
103.91142191536609	5.0	5	5
104.0115292582518	5.0	5	5
104.11163660113752	5.0	5	5
104.21174394402323	5.0	5	5
104.31185128690893	5.0	5	5
104.41195862979464	5.0	5	5
104.51206597268035	5.0	5	5
104.61217331556605	5.0	5	5
104.71228065845177	5.0	5	5
104.81238800133748	5.0	5	5
104.91249534422319	5.0	5	5
105.0126026871089	5.0	5	5
105.1127100299946	5.0	5	5
105.21281737288031	5.0	5	5
105.31292471576602	5.0	5	5
105.41303205865174	5.0	5	5
105.51313940153744	5.0	5	5
105.61324674442315	5.0	5	5
105.71335408730886	5.0	5	5
105.81346143019456	5.0	5	5
105.91356877308027	5.0	5	5
106.01367611596599	5.0	5	5
106.1137834588517	5.0	5	5
106.2138908017374	5.0	5	5
106.31399814462311	5.0	5	5
106.41410548750882	5.0	5	5
106.51421283039453	5.0	5	5
106.61432017328025	5.0	5	5
106.71442751616596	5.0	5	5
106.81453485905166	5.0	5	5
106.91464220193737	5.0	5	5
107.01474954482308	5.0	5	5
107.11485688770878	5.0	5	5
107.21496423059449	5.0	5	5
107.31507157348021	5.0	5	5
107.41517891636592	5.0	5	5
107.51528625925162	5.0	5	5
107.61539360213733	5.0	5	5
107.71550094502304	5.0	5	5
107.81560828790874	5.0	5	5
107.91571563079447	5.0	5	5
108.01582297368017	5.0	5	5
108.11593031656588	5.0	5	5
108.21603765945159	5.0	5	5
108.3161450023373	5.0	5	5
108.416252345223	5.0	5	5
108.51635968810872	5.0	5	5
108.61646703099443	5.0	5	5
108.71657437388014	5.0	5	5
108.81668171676584	5.0	5	5
108.91678905965155	5.0	5	5
109.01689640253726	5.0	5	5
109.11700374542298	5.0	5	5
109.21711108830868	5.0	5	5
109.31721843119439	5.0	5	5
109.4173257740801	5.0	5	5
109.5174331169658	4.0	4	4
109.61754045985151	4.0	4	4
109.71764780273722	4.0	4	4
109.81775514562294	4.0	4	4
109.91786248850865	4.0	4	4
110.01796983139435	4.0	4	4
110.11807717428006	4.0	4	4
110.21818451716577	4.0	4	4
110.31829186005147	4.0	4	4
110.4183992029372	3.0	3	3
110.5185065458229	3.0	3	3
110.61861388870861	3.0	3	3
110.71872123159432	3.0	3	3
110.81882857448002	3.0	3	3
110.91893591736573	3.0	3	3
111.01904326025145	3.0	3	3
111.11915060313716	3.0	3	3
111.21925794602286	3.0	3	3
111.31936528890857	3.0	3	3
111.41947263179428	3.0	3	3
111.51957997467998	3.0	3	3
111.61968731756569	3.0	3	3
111.71979466045141	3.0	3	3
111.81990200333712	3.0	3	3
111.92000934622283	3.0	3	3
112.02011668910853	3.0	3	3
112.12022403199424	3.0	3	3
112.22033137487995	3.0	3	3
112.32043871776567	3.0	3	3
112.42054606065138	3.0	3	3
112.52065340353708	3.0	3	3
112.62076074642279	3.0	3	3
112.7208680893085	3.0	3	3
112.8209754321942	3.0	3	3
112.92108277507992	3.0	3	3
113.02119011796563	3.0	3	3
113.12129746085134	3.0	3	3
113.22140480373704	3.0	3	3
113.32151214662275	3.0	3	3
113.42161948950846	3.0	3	3
113.52172683239418	3.0	3	3
113.62183417527989	3.0	3	3
113.7219415181656	3.0	3	3
113.8220488610513	2.0	2	2
113.922156203937	1.0	1	1
114.02226354682271	1.0	1	1
114.12237088970842	0.0	0	0
114.22247823259414	0.0	0	0
114.32258557547985	0.0	0	0
114.42269291836556	0.0	0	0
114.52280026125126	0.0	0	0
114.62290760413697	0.0	0	0
114.72301494702268	0.0	0	0
114.8231222899084	0.0	0	0
114.9232296327941	0.0	0	0
115.02333697567981	0.0	0	0
115.12344431856552	0.0	0	0
115.22355166145122	0.0	0	0
115.32365900433693	0.0	0	0
115.42376634722265	0.0	0	0
115.52387369010836	0.0	0	0
115.62398103299407	0.0	0	0
115.72408837587977	0.0	0	0
115.82419571876548	0.0	0	0
115.92430306165119	0.0	0	0
116.0244104045369	0.0	0	0
116.12451774742262	0.0	0	0
116.22462509030832	0.0	0	0
116.32473243319403	0.0	0	0
116.42483977607974	0.0	0	0
116.52494711896544	0.0	0	0
116.62505446185115	0.0	0	0
116.72516180473687	0.0	0	0
116.82526914762258	0.0	0	0
116.92537649050828	0.0	0	0
117.02548383339399	0.0	0	0
117.1255911762797	0.0	0	0
117.2256985191654	0.0	0	0
117.32580586205113	0.0	0	0
117.42591320493683	0.0	0	0
117.52602054782254	0.0	0	0
117.62612789070825	0.0	0	0
117.72623523359395	0.0	0	0
117.82634257647966	0.0	0	0
117.92644991936538	0.0	0	0
118.02655726225109	0.0	0	0
118.1266646051368	0.0	0	0
118.2267719480225	0.0	0	0
118.32687929090821	0.0	0	0
118.42698663379392	0.0	0	0
118.52709397667962	0.0	0	0
118.62720131956534	0.0	0	0
118.72730866245105	1.0	1	1
118.82741600533676	1.0	1	1
118.92752334822246	1.0	1	1
119.02763069110817	1.0	1	1
119.12773803399388	1.0	1	1
119.2278453768796	1.0	1	1
119.3279527197653	1.0	1	1
119.42806006265101	1.0	1	1
119.52816740553672	1.0	1	1
119.62827474842243	1.0	1	1
119.72838209130813	1.0	1	1
119.82848943419386	1.0	1	1
119.92859677707956	1.0	1	1
120.02870411996527	1.0	1	1
120.12881146285098	1.0	1	1
120.22891880573668	1.0	1	1
120.32902614862239	1.0	1	1
120.4291334915081	1.0	1	1
120.52924083439382	1.0	1	1
120.62934817727952	1.0	1	1
120.72945552016523	1.0	1	1
120.82956286305094	1.0	1	1
120.92967020593665	1.0	1	1
121.02977754882235	1.0	1	1
121.12988489170807	1.0	1	1
121.22999223459378	1.0	1	1
121.33009957747949	0.0	0	0
121.4302069203652	0.0	0	0
121.5303142632509	0.0	0	0
121.63042160613661	0.0	0	0
121.73052894902233	0.0	0	0
121.83063629190804	0.0	0	0
121.93074363479374	0.0	0	0
122.03085097767945	0.0	0	0
122.13095832056516	0.0	0	0
122.23106566345086	0.0	0	0
122.33117300633658	0.0	0	0
122.43128034922229	0.0	0	0
122.531387692108	0.0	0	0
122.6314950349937	0.0	0	0
122.73160237787941	0.0	0	0
122.83170972076512	0.0	0	0
122.93181706365083	0.0	0	0
123.03192440653655	0.0	0	0
123.13203174942225	0.0	0	0
123.23213909230796	0.0	0	0
123.33224643519367	0.0	0	0
123.43235377807937	0.0	0	0
123.53246112096508	0.0	0	0
123.6325684638508	0.0	0	0
123.73267580673651	0.0	0	0
123.83278314962222	0.0	0	0
123.93289049250792	0.0	0	0
124.03299783539363	0.0	0	0
124.13310517827934	0.0	0	0
124.23321252116506	0.0	0	0
124.33331986405076	0.0	0	0
124.43342720693647	0.0	0	0
124.53353454982218	0.0	0	0
124.63364189270789	0.0	0	0
124.73374923559359	0.0	0	0
124.8338565784793	0.0	0	0
124.93396392136502	0.0	0	0
125.03407126425073	0.0	0	0
125.13417860713643	0.0	0	0
125.23428595002214	0.0	0	0
125.33439329290785	0.0	0	0
125.43450063579355	0.0	0	0
125.53460797867928	0.0	0	0
125.63471532156498	0.0	0	0
125.73482266445069	0.0	0	0
125.8349300073364	0.0	0	0
125.9350373502221	0.0	0	0
126.03514469310781	0.0	0	0
126.13525203599353	1.0	1	1
126.23535937887924	1.0	1	1
126.33546672176494	1.0	1	1
126.43557406465065	1.0	1	1
126.53568140753636	1.0	1	1
126.63578875042207	1.0	1	1
126.73589609330779	1.0	1	1
126.8360034361935	1.0	1	1
126.9361107790792	1.0	1	1
127.03621812196491	2.0	2	2
127.13632546485061	2.0	2	2
127.23643280773632	2.0	2	2
127.33654015062203	2.0	2	2
127.43664749350775	2.0	2	2
127.53675483639346	2.0	2	2
127.63686217927916	2.0	2	2
127.73696952216487	2.0	2	2
127.83707686505058	2.0	2	2
127.93718420793628	2.0	2	2
128.037291550822	3.0	3	3
128.1373988937077	3.0	3	3
128.23750623659342	3.0	3	3
128.33761357947913	3.0	3	3
128.43772092236483	3.0	3	3
128.53782826525054	2.0	2	2
128.63793560813625	2.0	2	2
128.73804295102195	2.0	2	2
128.83815029390766	2.0	2	2
128.9382576367934	2.0	2	2
129.0383649796791	2.0	2	2
129.1384723225648	1.0	1	1
129.23857966545052	1.0	1	1
129.33868700833622	2.0	2	2
129.43879435122193	2.0	2	2
129.53890169410764	2.0	2	2
129.63900903699334	2.0	2	2
129.73911637987905	2.0	2	2
129.83922372276476	2.0	2	2
129.93933106565046	2.0	2	2
130.03943840853617	2.0	2	2
130.13954575142188	2.0	2	2
130.2396530943076	2.0	2	2
130.33976043719332	2.0	2	2
130.43986778007903	2.0	2	2
130.53997512296473	2.0	2	2
130.64008246585044	2.0	2	2
130.74018980873615	2.0	2	2
130.84029715162185	2.0	2	2
130.94040449450756	2.0	2	2
131.04051183739327	2.0	2	2
131.14061918027897	2.0	2	2
131.24072652316468	2.0	2	2
131.3408338660504	2.0	2	2
131.44094120893612	2.0	2	2
131.54104855182183	2.0	2	2
131.64115589470754	1.0	1	1
131.74126323759324	1.0	1	1
131.84137058047895	1.0	1	1
131.94147792336466	1.0	1	1
132.04158526625037	1.0	1	1
132.14169260913607	1.0	1	1
132.24179995202178	1.0	1	1
132.3419072949075	1.0	1	1
132.4420146377932	1.0	1	1
132.5421219806789	1.0	1	1
132.6422293235646	1.0	1	1
132.74233666645034	1.0	1	1
132.84244400933605	1.0	1	1
132.94255135222176	1.0	1	1
133.04265869510746	1.0	1	1
133.14276603799317	1.0	1	1
133.24287338087888	1.0	1	1
133.34298072376458	1.0	1	1
133.4430880666503	1.0	1	1
133.543195409536	1.0	1	1
133.6433027524217	1.0	1	1
133.7434100953074	1.0	1	1
133.84351743819312	1.0	1	1
133.94362478107882	1.0	1	1
134.04373212396456	2.0	2	2
134.14383946685027	2.0	2	2
134.24394680973597	2.0	2	2
134.34405415262168	2.0	2	2
134.4441614955074	2.0	2	2
134.5442688383931	2.0	2	2
134.6443761812788	2.0	2	2
134.7444835241645	2.0	2	2
134.84459086705021	2.0	2	2
134.94469820993592	2.0	2	2
135.04480555282163	2.0	2	2
135.14491289570734	2.0	2	2
135.24502023859307	1.0	1	1
135.34512758147878	1.0	1	1
135.44523492436448	1.0	1	1
135.5453422672502	1.0	1	1
135.6454496101359	1.0	1	1
135.7455569530216	1.0	1	1
135.8456642959073	1.0	1	1
135.94577163879302	1.0	1	1
136.04587898167873	1.0	1	1
136.14598632456443	1.0	1	1
136.24609366745014	0.0	0	0
136.34620101033585	0.0	0	0
136.44630835322155	0.0	0	0
136.5464156961073	0.0	0	0
136.646523038993	0.0	0	0
136.7466303818787	0.0	0	0
136.8467377247644	0.0	0	0
136.94684506765012	1.0	1	1
137.04695241053582	1.0	1	1
137.14705975342153	2.0	2	2
137.24716709630724	2.0	2	2
137.34727443919294	3.0	3	3
137.44738178207865	3.0	3	3
137.54748912496436	3.0	3	3
137.64759646785006	3.0	3	3
137.7477038107358	3.0	3	3
137.8478111536215	3.0	3	3
137.9479184965072	3.0	3	3
138.04802583939292	3.0	3	3
138.14813318227863	3.0	3	3
138.24824052516433	3.0	3	3
138.34834786805004	3.0	3	3
138.44845521093575	3.0	3	3
138.54856255382145	3.0	3	3
138.64866989670716	3.0	3	3
138.74877723959287	3.0	3	3
138.84888458247858	4.0	4	4
138.94899192536428	4.0	4	4
139.04909926825002	4.0	4	4
139.14920661113572	4.0	4	4
139.24931395402143	3.0	3	3
139.34942129690714	3.0	3	3
139.44952863979285	2.0	2	2
139.54963598267855	2.0	2	2
139.64974332556426	2.0	2	2
139.74985066844997	2.0	2	2
139.84995801133567	2.0	2	2
139.95006535422138	2.0	2	2
140.0501726971071	2.0	2	2
140.1502800399928	2.0	2	2
140.25038738287853	2.0	2	2
140.35049472576424	2.0	2	2
140.45060206864994	2.0	2	2
140.55070941153565	1.0	1	1
140.65081675442136	1.0	1	1
140.75092409730706	1.0	1	1
140.85103144019277	1.0	1	1
140.95113878307848	1.0	1	1
141.05124612596418	1.0	1	1
141.1513534688499	1.0	1	1
141.2514608117356	1.0	1	1
141.3515681546213	1.0	1	1
141.451675497507	1.0	1	1
141.55178284039275	1.0	1	1
141.65189018327845	1.0	1	1
141.75199752616416	1.0	1	1
141.85210486904987	1.0	1	1
141.95221221193557	1.0	1	1
142.05231955482128	1.0	1	1
142.152426897707	1.0	1	1
142.2525342405927	1.0	1	1
142.3526415834784	1.0	1	1
142.4527489263641	1.0	1	1
142.55285626924982	1.0	1	1
142.65296361213552	1.0	1	1
142.75307095502123	1.0	1	1
142.85317829790696	1.0	1	1
142.95328564079267	1.0	1	1
143.05339298367838	1.0	1	1
143.15350032656409	1.0	1	1
143.2536076694498	1.0	1	1
143.3537150123355	1.0	1	1
143.4538223552212	1.0	1	1
143.5539296981069	1.0	1	1
143.65403704099262	1.0	1	1
143.75414438387833	1.0	1	1
143.85425172676403	1.0	1	1
143.95435906964974	1.0	1	1
144.05446641253548	1.0	1	1
144.15457375542118	2.0	2	2
144.2546810983069	2.0	2	2
144.3547884411926	2.0	2	2
144.4548957840783	2.0	2	2
144.555003126964	2.0	2	2
144.65511046984972	2.0	2	2
144.75521781273542	2.0	2	2
144.85532515562113	2.0	2	2
144.95543249850684	2.0	2	2
145.05553984139254	2.0	2	2
145.15564718427825	2.0	2	2
145.25575452716396	2.0	2	2
145.3558618700497	2.0	2	2
145.4559692129354	2.0	2	2
145.5560765558211	2.0	2	2
145.65618389870681	2.0	2	2
145.75629124159252	2.0	2	2
145.85639858447823	2.0	2	2
145.95650592736393	2.0	2	2
146.05661327024964	2.0	2	2
146.15672061313535	2.0	2	2
146.25682795602106	2.0	2	2
146.35693529890676	2.0	2	2
146.45704264179247	2.0	2	2
146.5571499846782	2.0	2	2
146.6572573275639	2.0	2	2
146.75736467044962	2.0	2	2
146.85747201333533	2.0	2	2
146.95757935622103	2.0	2	2
147.05768669910674	2.0	2	2
147.15779404199245	2.0	2	2
147.25790138487815	2.0	2	2
147.35800872776386	2.0	2	2
147.45811607064957	2.0	2	2
147.55822341353527	2.0	2	2
147.65833075642098	2.0	2	2
147.7584380993067	2.0	2	2
147.85854544219242	2.0	2	2
147.95865278507813	2.0	2	2
148.05876012796384	2.0	2	2
148.15886747084954	2.0	2	2
148.25897481373525	2.0	2	2
148.35908215662096	2.0	2	2
148.45918949950666	2.0	2	2
148.55929684239237	2.0	2	2
148.65940418527808	2.0	2	2
148.75951152816378	2.0	2	2
148.8596188710495	2.0	2	2
148.9597262139352	2.0	2	2
149.05983355682093	2.0	2	2
149.15994089970664	2.0	2	2
149.26004824259235	2.0	2	2
149.36015558547805	2.0	2	2
149.46026292836376	2.0	2	2
149.56037027124947	2.0	2	2
149.66047761413517	2.0	2	2
149.76058495702088	2.0	2	2
149.8606922999066	2.0	2	2
149.9607996427923	2.0	2	2
150.060906985678	2.0	2	2
150.1610143285637	2.0	2	2
150.26112167144942	2.0	2	2
150.36122901433515	3.0	3	3
150.46133635722086	3.0	3	3
150.56144370010657	3.0	3	3
150.66155104299227	3.0	3	3
150.76165838587798	3.0	3	3
150.8617657287637	3.0	3	3
150.9618730716494	3.0	3	3
151.0619804145351	3.0	3	3
151.1620877574208	3.0	3	3
151.2621951003065	3.0	3	3
151.36230244319222	3.0	3	3
151.46240978607793	3.0	3	3
151.56251712896363	3.0	3	3
151.66262447184937	3.0	3	3
151.76273181473508	3.0	3	3
151.86283915762078	3.0	3	3
151.9629465005065	3.0	3	3
152.0630538433922	3.0	3	3
152.1631611862779	3.0	3	3
152.2632685291636	3.0	3	3
152.36337587204932	3.0	3	3
152.46348321493502	2.0	2	2
152.56359055782073	2.0	2	2
152.66369790070644	2.0	2	2
152.76380524359215	2.0	2	2
152.86391258647788	2.0	2	2
152.9640199293636	2.0	2	2
153.0641272722493	2.0	2	2
153.164234615135	2.0	2	2
153.2643419580207	2.0	2	2
153.36444930090641	2.0	2	2
153.46455664379212	2.0	2	2
153.56466398667783	2.0	2	2
153.66477132956354	2.0	2	2
153.76487867244924	2.0	2	2
153.86498601533495	2.0	2	2
153.96509335822066	2.0	2	2
154.06520070110636	2.0	2	2
154.1653080439921	2.0	2	2
154.2654153868778	2.0	2	2
154.3655227297635	1.0	1	1
154.46563007264922	1.0	1	1
154.56573741553493	1.0	1	1
154.66584475842063	1.0	1	1
154.76595210130634	1.0	1	1
154.86605944419205	1.0	1	1
154.96616678707775	1.0	1	1
155.06627412996346	1.0	1	1
155.16638147284917	1.0	1	1
155.26648881573487	1.0	1	1
155.3665961586206	1.0	1	1
155.46670350150632	1.0	1	1
155.56681084439202	1.0	1	1
155.66691818727773	1.0	1	1
155.76702553016344	1.0	1	1
155.86713287304914	1.0	1	1
155.96724021593485	1.0	1	1
156.06734755882056	1.0	1	1
156.16745490170626	1.0	1	1
156.26756224459197	1.0	1	1
156.36766958747768	1.0	1	1
156.46777693036339	1.0	1	1
156.5678842732491	1.0	1	1
156.66799161613483	1.0	1	1
156.76809895902053	1.0	1	1
156.86820630190624	1.0	1	1
156.96831364479195	0.0	0	0
157.06842098767765	1.0	1	1
157.16852833056336	1.0	1	1
157.26863567344907	1.0	1	1
157.36874301633478	1.0	1	1
157.46885035922048	1.0	1	1
157.5689577021062	1.0	1	1
157.6690650449919	1.0	1	1
157.7691723878776	1.0	1	1
157.86927973076334	1.0	1	1
157.96938707364905	1.0	1	1
158.06949441653475	1.0	1	1
158.16960175942046	1.0	1	1
158.26970910230617	1.0	1	1
158.36981644519187	1.0	1	1
158.46992378807758	1.0	1	1
158.5700311309633	1.0	1	1
158.670138473849	1.0	1	1
158.7702458167347	1.0	1	1
158.8703531596204	1.0	1	1
158.9704605025061	1.0	1	1
159.07056784539182	1.0	1	1
159.17067518827756	1.0	1	1
159.27078253116326	1.0	1	1
159.37088987404897	1.0	1	1
159.47099721693468	1.0	1	1
159.57110455982038	1.0	1	1
159.6712119027061	1.0	1	1
159.7713192455918	1.0	1	1
159.8714265884775	1.0	1	1
159.9715339313632	1.0	1	1
160.07164127424892	1.0	1	1
160.17174861713463	1.0	1	1
160.27185596002033	1.0	1	1
160.37196330290607	1.0	1	1
160.47207064579177	1.0	1	1
160.57217798867748	1.0	1	1
160.6722853315632	1.0	1	1
160.7723926744489	1.0	1	1
160.8725000173346	1.0	1	1
160.9726073602203	1.0	1	1
161.07271470310602	1.0	1	1
161.17282204599172	1.0	1	1
161.27292938887743	1.0	1	1
161.37303673176314	1.0	1	1
161.47314407464884	1.0	1	1
161.57325141753455	1.0	1	1
161.67335876042029	1.0	1	1
161.773466103306	2.0	2	2
161.8735734461917	2.0	2	2
161.9736807890774	2.0	2	2
162.0737881319631	2.0	2	2
162.17389547484882	2.0	2	2
162.27400281773453	3.0	3	3
162.37411016062023	3.0	3	3
162.47421750350594	3.0	3	3
162.57432484639165	3.0	3	3
162.67443218927735	3.0	3	3
162.77453953216306	3.0	3	3
162.87464687504877	3.0	3	3
162.9747542179345	3.0	3	3
163.0748615608202	3.0	3	3
163.17496890370592	3.0	3	3
163.27507624659162	4.0	4	4
163.37518358947733	5.0	5	5
163.47529093236304	5.0	5	5
163.57539827524874	5.0	5	5
163.67550561813445	5.0	5	5
163.77561296102016	5.0	5	5
163.87572030390587	5.0	5	5
163.97582764679157	5.0	5	5
164.07593498967728	5.0	5	5
164.17604233256301	5.0	5	5
164.27614967544872	5.0	5	5
164.37625701833443	6.0	6	6
164.47636436122013	6.0	6	6
164.57647170410584	6.0	6	6
164.67657904699155	6.0	6	6
164.77668638987726	6.0	6	6
164.87679373276296	5.0	5	5
164.97690107564867	5.0	5	5
165.07700841853438	5.0	5	5
165.17711576142008	5.0	5	5
165.2772231043058	5.0	5	5
165.3773304471915	4.0	4	4
165.47743779007723	4.0	4	4
165.57754513296294	3.0	3	3
165.67765247584865	3.0	3	3
165.77775981873435	3.0	3	3
165.87786716162006	3.0	3	3
165.97797450450577	3.0	3	3
166.07808184739147	3.0	3	3
166.17818919027718	4.0	4	4
166.2782965331629	5.0	5	5
166.3784038760486	5.0	5	5
166.4785112189343	3.0	3	3
166.57861856182	3.0	3	3
166.67872590470574	3.0	3	3
166.77883324759145	4.0	4	4
166.87894059047716	4.0	4	4
166.97904793336286	4.0	4	4
167.07915527624857	5.0	5	5
167.17926261913428	6.0	6	6
167.27936996201998	6.0	6	6
167.3794773049057	6.0	6	6
167.4795846477914	6.0	6	6
167.5796919906771	6.0	6	6
167.6797993335628	6.0	6	6
167.77990667644852	6.0	6	6
167.88001401933423	6.0	6	6
167.98012136221996	6.0	6	6
168.08022870510567	6.0	6	6
168.18033604799137	6.0	6	6
168.28044339087708	6.0	6	6
168.3805507337628	6.0	6	6
168.4806580766485	6.0	6	6
168.5807654195342	4.0	4	4
168.6808727624199	4.0	4	4
168.78098010530562	4.0	4	4
168.88108744819132	4.0	4	4
168.98119479107703	3.0	3	3
169.08130213396274	3.0	3	3
169.18140947684847	3.0	3	3
169.28151681973418	3.0	3	3
169.3816241626199	3.0	3	3
169.4817315055056	2.0	2	2
169.5818388483913	2.0	2	2
169.681946191277	2.0	2	2
169.7820535341627	2.0	2	2
169.88216087704842	2.0	2	2
169.98226821993413	2.0	2	2
170.08237556281983	2.0	2	2
170.18248290570554	2.0	2	2
170.28259024859125	2.0	2	2
170.38269759147695	2.0	2	2
170.4828049343627	3.0	3	3
170.5829122772484	3.0	3	3
170.6830196201341	3.0	3	3
170.7831269630198	3.0	3	3
170.88323430590552	3.0	3	3
170.98334164879122	3.0	3	3
171.08344899167693	3.0	3	3
171.18355633456264	3.0	3	3
171.28366367744835	3.0	3	3
171.38377102033405	3.0	3	3
171.48387836321976	3.0	3	3
171.58398570610547	3.0	3	3
171.68409304899117	3.0	3	3
171.7842003918769	3.0	3	3
171.88430773476261	3.0	3	3
171.98441507764832	3.0	3	3
172.08452242053403	3.0	3	3
172.18462976341974	3.0	3	3
172.28473710630544	3.0	3	3
172.38484444919115	3.0	3	3
172.48495179207686	4.0	4	4
172.58505913496256	4.0	4	4
172.68516647784827	4.0	4	4
172.78527382073398	4.0	4	4
172.88538116361968	5.0	5	5
172.98548850650542	5.0	5	5
173.08559584939113	5.0	5	5
173.18570319227683	5.0	5	5
173.28581053516254	5.0	5	5
173.38591787804825	5.0	5	5
173.48602522093395	5.0	5	5
173.58613256381966	5.0	5	5
173.68623990670537	5.0	5	5
173.78634724959107	5.0	5	5
173.88645459247678	5.0	5	5
173.9865619353625	5.0	5	5
174.0866692782482	5.0	5	5
174.1867766211339	5.0	5	5
174.28688396401964	5.0	5	5
174.38699130690534	5.0	5	5
174.48709864979105	5.0	5	5
174.58720599267676	4.0	4	4
174.68731333556246	4.0	4	4
174.78742067844817	4.0	4	4
174.88752802133388	4.0	4	4
174.98763536421959	4.0	4	4
175.0877427071053	4.0	4	4
175.187850049991	4.0	4	4
175.2879573928767	4.0	4	4
175.3880647357624	4.0	4	4
175.48817207864815	4.0	4	4
175.58827942153385	4.0	4	4
175.68838676441956	4.0	4	4
175.78849410730527	4.0	4	4
175.88860145019098	4.0	4	4
175.98870879307668	4.0	4	4
176.0888161359624	4.0	4	4
176.1889234788481	4.0	4	4
176.2890308217338	4.0	4	4
176.3891381646195	4.0	4	4
176.48924550750522	4.0	4	4
176.58935285039092	4.0	4	4
176.68946019327663	4.0	4	4
176.78956753616237	4.0	4	4
176.88967487904807	4.0	4	4
176.98978222193378	4.0	4	4
177.0898895648195	4.0	4	4
177.1899969077052	4.0	4	4
177.2901042505909	4.0	4	4
177.3902115934766	4.0	4	4
177.4903189363623	4.0	4	4
177.59042627924802	4.0	4	4
177.69053362213373	4.0	4	4
177.79064096501943	4.0	4	4
177.89074830790514	4.0	4	4
177.99085565079088	4.0	4	4
178.09096299367658	4.0	4	4
178.1910703365623	4.0	4	4
178.291177679448	4.0	4	4
178.3912850223337	4.0	4	4
178.4913923652194	4.0	4	4
178.59149970810512	4.0	4	4
178.69160705099083	4.0	4	4
178.79171439387653	4.0	4	4
178.89182173676224	4.0	4	4
178.99192907964795	4.0	4	4
179.09203642253365	4.0	4	4
179.19214376541936	4.0	4	4
179.2922511083051	4.0	4	4
179.3923584511908	4.0	4	4
179.4924657940765	4.0	4	4
179.59257313696222	3.0	3	3
179.69268047984792	3.0	3	3
179.79278782273363	3.0	3	3
179.89289516561934	3.0	3	3
179.99300250850504	3.0	3	3
180.09310985139075	3.0	3	3
180.19321719427646	3.0	3	3
180.29332453716216	3.0	3	3
180.39343188004787	2.0	2	2
180.4935392229336	2.0	2	2
180.5936465658193	2.0	2	2
180.69375390870502	2.0	2	2
180.79386125159073	2.0	2	2
180.89396859447643	2.0	2	2
180.99407593736214	2.0	2	2
181.09418328024785	2.0	2	2
181.19429062313355	2.0	2	2
181.29439796601926	2.0	2	2
181.39450530890497	2.0	2	2
181.49461265179067	2.0	2	2
181.59471999467638	2.0	2	2
181.6948273375621	2.0	2	2
181.79493468044782	2.0	2	2
181.89504202333353	2.0	2	2
181.99514936621924	2.0	2	2
182.09525670910494	2.0	2	2
182.19536405199065	1.0	1	1
182.29547139487636	1.0	1	1
182.39557873776207	1.0	1	1
182.49568608064777	1.0	1	1
182.59579342353348	1.0	1	1
182.6959007664192	1.0	1	1
182.7960081093049	1.0	1	1
182.8961154521906	1.0	1	1
182.9962227950763	1.0	1	1
183.09633013796204	1.0	1	1
183.19643748084775	1.0	1	1
183.29654482373346	1.0	1	1
183.39665216661916	1.0	1	1
183.49675950950487	1.0	1	1
183.59686685239058	1.0	1	1
183.69697419527628	1.0	1	1
183.797081538162	1.0	1	1
