time	diversity	m_div	M_div
0.0	38.0	38	38
0.10006773981327606	38.0	38	38
0.20013547962655212	38.0	38	38
0.3002032194398282	38.0	38	38
0.40027095925310424	36.0	36	36
0.5003386990663803	36.0	36	36
0.6004064388796564	36.0	36	36
0.7004741786929324	36.0	36	36
0.8005419185062085	35.0	35	35
0.9006096583194846	35.0	35	35
1.0006773981327606	35.0	35	35
1.1007451379460367	35.0	35	35
1.2008128777593128	33.0	33	33
1.3008806175725889	33.0	33	33
1.4009483573858648	33.0	33	33
1.5010160971991409	33.0	33	33
1.601083837012417	33.0	33	33
1.701151576825693	33.0	33	33
1.8012193166389692	33.0	33	33
1.901287056452245	33.0	33	33
2.001354796265521	31.0	31	31
2.1014225360787973	31.0	31	31
2.2014902758920734	31.0	31	31
2.3015580157053495	31.0	31	31
2.4016257555186256	31.0	31	31
2.5016934953319017	31.0	31	31
2.6017612351451778	30.0	30	30
2.7018289749584534	30.0	30	30
2.8018967147717295	30.0	30	30
2.9019644545850056	30.0	30	30
3.0020321943982817	30.0	30	30
3.102099934211558	30.0	30	30
3.202167674024834	30.0	30	30
3.30223541383811	30.0	30	30
3.402303153651386	31.0	31	31
3.5023708934646622	30.0	30	30
3.6024386332779383	30.0	30	30
3.7025063730912144	31.0	31	31
3.80257411290449	31.0	31	31
3.902641852717766	29.0	29	29
4.002709592531042	29.0	29	29
4.102777332344319	29.0	29	29
4.2028450721575945	25.0	25	25
4.30291281197087	25.0	25	25
4.402980551784147	25.0	25	25
4.503048291597422	25.0	25	25
4.603116031410699	23.0	23	23
4.703183771223975	23.0	23	23
4.803251511037251	23.0	23	23
4.903319250850527	23.0	23	23
5.003386990663803	21.0	21	21
5.103454730477079	18.0	18	18
5.2035224702903555	18.0	18	18
5.303590210103631	18.0	18	18
5.403657949916907	18.0	18	18
5.503725689730183	17.0	17	17
5.603793429543459	16.0	16	16
5.703861169356736	16.0	16	16
5.803928909170011	16.0	16	16
5.903996648983288	16.0	16	16
6.0040643887965635	16.0	16	16
6.10413212860984	16.0	16	16
6.204199868423116	16.0	16	16
6.304267608236392	16.0	16	16
6.404335348049668	14.0	14	14
6.5044030878629435	14.0	14	14
6.60447082767622	14.0	14	14
6.704538567489496	14.0	14	14
6.804606307302772	13.0	13	13
6.904674047116048	3.0	3	3
7.0047417869293245	3.0	3	3
7.1048095267426	3.0	3	3
7.204877266555877	3.0	3	3
7.304945006369152	3.0	3	3
7.405012746182429	4.0	4	4
7.5050804859957045	4.0	4	4
7.60514822580898	4.0	4	4
7.705215965622257	4.0	4	4
7.805283705435532	4.0	4	4
7.905351445248809	4.0	4	4
8.005419185062085	4.0	4	4
8.105486924875361	4.0	4	4
8.205554664688638	4.0	4	4
8.305622404501912	4.0	4	4
8.405690144315189	4.0	4	4
8.505757884128466	4.0	4	4
8.60582562394174	4.0	4	4
8.705893363755017	4.0	4	4
8.805961103568293	4.0	4	4
8.90602884338157	4.0	4	4
9.006096583194845	4.0	4	4
9.106164323008121	4.0	4	4
9.206232062821398	4.0	4	4
9.306299802634674	4.0	4	4
9.40636754244795	4.0	4	4
9.506435282261226	4.0	4	4
9.606503022074502	4.0	4	4
9.706570761887777	4.0	4	4
9.806638501701054	4.0	4	4
9.90670624151433	4.0	4	4
10.006773981327607	4.0	4	4
10.106841721140881	4.0	4	4
10.206909460954158	4.0	4	4
10.306977200767435	4.0	4	4
10.407044940580711	4.0	4	4
10.507112680393986	4.0	4	4
10.607180420207262	4.0	4	4
10.707248160020539	4.0	4	4
10.807315899833814	4.0	4	4
10.90738363964709	4.0	4	4
11.007451379460367	4.0	4	4
11.107519119273643	4.0	4	4
11.207586859086918	4.0	4	4
11.307654598900195	4.0	4	4
11.407722338713471	4.0	4	4
11.507790078526748	4.0	4	4
11.607857818340023	4.0	4	4
11.707925558153299	4.0	4	4
11.807993297966576	4.0	4	4
11.90806103777985	4.0	4	4
12.008128777593127	4.0	4	4
12.108196517406403	4.0	4	4
12.20826425721968	4.0	4	4
12.308331997032955	4.0	4	4
12.408399736846231	4.0	4	4
12.508467476659508	4.0	4	4
12.608535216472784	4.0	4	4
12.70860295628606	4.0	4	4
12.808670696099336	4.0	4	4
12.908738435912612	4.0	4	4
13.008806175725887	4.0	4	4
13.108873915539164	4.0	4	4
13.20894165535244	4.0	4	4
13.309009395165717	4.0	4	4
13.409077134978991	4.0	4	4
13.509144874792268	4.0	4	4
13.609212614605545	4.0	4	4
13.709280354418821	4.0	4	4
13.809348094232096	4.0	4	4
13.909415834045372	4.0	4	4
14.009483573858649	4.0	4	4
14.109551313671924	4.0	4	4
14.2096190534852	4.0	4	4
14.309686793298477	5.0	5	5
14.409754533111753	5.0	5	5
14.509822272925028	5.0	5	5
14.609890012738305	5.0	5	5
14.709957752551581	5.0	5	5
14.810025492364858	5.0	5	5
14.910093232178133	5.0	5	5
15.010160971991409	5.0	5	5
15.110228711804686	5.0	5	5
15.21029645161796	5.0	5	5
15.310364191431237	5.0	5	5
15.410431931244513	5.0	5	5
15.51049967105779	5.0	5	5
15.610567410871065	5.0	5	5
15.710635150684341	5.0	5	5
15.810702890497618	5.0	5	5
15.910770630310894	5.0	5	5
16.01083837012417	5.0	5	5
16.110906109937446	5.0	5	5
16.210973849750722	5.0	5	5
16.311041589564	5.0	5	5
16.411109329377275	5.0	5	5
16.51117706919055	5.0	5	5
16.611244809003825	5.0	5	5
16.7113125488171	5.0	5	5
16.811380288630378	5.0	5	5
16.911448028443655	5.0	5	5
17.01151576825693	5.0	5	5
17.111583508070208	5.0	5	5
17.21165124788348	5.0	5	5
17.311718987696757	5.0	5	5
17.411786727510034	5.0	5	5
17.51185446732331	5.0	5	5
17.611922207136587	5.0	5	5
17.711989946949863	5.0	5	5
17.81205768676314	5.0	5	5
17.912125426576416	5.0	5	5
18.01219316638969	5.0	5	5
18.112260906202966	5.0	5	5
18.212328646016243	5.0	5	5
18.31239638582952	5.0	5	5
18.412464125642796	5.0	5	5
18.512531865456072	5.0	5	5
18.61259960526935	5.0	5	5
18.71266734508262	5.0	5	5
18.8127350848959	5.0	5	5
18.912802824709175	5.0	5	5
19.01287056452245	5.0	5	5
19.112938304335728	5.0	5	5
19.213006044149004	5.0	5	5
19.31307378396228	5.0	5	5
19.413141523775554	5.0	5	5
19.51320926358883	5.0	5	5
19.613277003402107	5.0	5	5
19.713344743215384	5.0	5	5
19.81341248302866	5.0	5	5
19.913480222841937	5.0	5	5
20.013547962655213	5.0	5	5
20.11361570246849	5.0	5	5
20.213683442281763	5.0	5	5
20.31375118209504	5.0	5	5
20.413818921908316	5.0	5	5
20.513886661721592	4.0	4	4
20.61395440153487	4.0	4	4
20.714022141348146	4.0	4	4
20.814089881161422	4.0	4	4
20.914157620974695	4.0	4	4
21.01422536078797	4.0	4	4
21.114293100601248	4.0	4	4
21.214360840414525	4.0	4	4
21.3144285802278	4.0	4	4
21.414496320041078	4.0	4	4
21.514564059854354	4.0	4	4
21.614631799667627	4.0	4	4
21.714699539480904	4.0	4	4
21.81476727929418	4.0	4	4
21.914835019107457	4.0	4	4
22.014902758920734	4.0	4	4
22.11497049873401	4.0	4	4
22.215038238547287	4.0	4	4
22.315105978360563	4.0	4	4
22.415173718173836	4.0	4	4
22.515241457987113	4.0	4	4
22.61530919780039	4.0	4	4
22.715376937613666	4.0	4	4
22.815444677426942	4.0	4	4
22.91551241724022	4.0	4	4
23.015580157053495	3.0	3	3
23.11564789686677	3.0	3	3
23.215715636680045	3.0	3	3
23.31578337649332	3.0	3	3
23.415851116306598	3.0	3	3
23.515918856119875	2.0	2	2
23.61598659593315	2.0	2	2
23.716054335746428	2.0	2	2
23.8161220755597	2.0	2	2
23.916189815372977	2.0	2	2
24.016257555186254	2.0	2	2
24.11632529499953	2.0	2	2
24.216393034812807	2.0	2	2
24.316460774626083	2.0	2	2
24.41652851443936	2.0	2	2
24.516596254252637	2.0	2	2
24.61666399406591	2.0	2	2
24.716731733879186	2.0	2	2
24.816799473692463	2.0	2	2
24.91686721350574	2.0	2	2
25.016934953319016	1.0	1	1
25.117002693132292	1.0	1	1
25.21707043294557	1.0	1	1
25.317138172758842	1.0	1	1
25.41720591257212	1.0	1	1
25.517273652385395	1.0	1	1
25.61734139219867	1.0	1	1
25.717409132011948	1.0	1	1
25.817476871825225	1.0	1	1
25.9175446116385	1.0	1	1
26.017612351451774	1.0	1	1
26.11768009126505	1.0	1	1
26.217747831078327	1.0	1	1
26.317815570891604	1.0	1	1
26.41788331070488	1.0	1	1
26.517951050518157	1.0	1	1
26.618018790331433	1.0	1	1
26.718086530144706	1.0	1	1
26.818154269957983	1.0	1	1
26.91822200977126	1.0	1	1
27.018289749584536	1.0	1	1
27.118357489397813	1.0	1	1
27.21842522921109	1.0	1	1
27.318492969024366	1.0	1	1
27.418560708837642	1.0	1	1
27.518628448650915	1.0	1	1
27.61869618846419	1.0	1	1
27.71876392827747	1.0	1	1
27.818831668090745	1.0	1	1
27.91889940790402	1.0	1	1
28.018967147717298	1.0	1	1
28.119034887530574	1.0	1	1
28.219102627343847	2.0	2	2
28.319170367157124	2.0	2	2
28.4192381069704	2.0	2	2
28.519305846783677	2.0	2	2
28.619373586596954	2.0	2	2
28.71944132641023	2.0	2	2
28.819509066223507	2.0	2	2
28.91957680603678	2.0	2	2
29.019644545850056	2.0	2	2
29.119712285663333	2.0	2	2
29.21978002547661	2.0	2	2
29.319847765289886	2.0	2	2
29.419915505103162	2.0	2	2
29.51998324491644	2.0	2	2
29.620050984729716	2.0	2	2
29.72011872454299	2.0	2	2
29.820186464356265	2.0	2	2
29.92025420416954	2.0	2	2
30.020321943982818	1.0	1	1
30.120389683796095	1.0	1	1
30.22045742360937	1.0	1	1
30.320525163422648	1.0	1	1
30.42059290323592	1.0	1	1
30.520660643049197	1.0	1	1
30.620728382862474	1.0	1	1
30.72079612267575	1.0	1	1
30.820863862489027	1.0	1	1
30.920931602302304	1.0	1	1
31.02099934211558	1.0	1	1
31.121067081928853	1.0	1	1
31.22113482174213	1.0	1	1
31.321202561555406	1.0	1	1
31.421270301368683	1.0	1	1
31.52133804118196	1.0	1	1
31.621405780995236	1.0	1	1
31.721473520808512	1.0	1	1
31.82154126062179	1.0	1	1
31.921609000435062	1.0	1	1
32.02167674024834	1.0	1	1
32.121744480061615	1.0	1	1
32.22181221987489	1.0	1	1
32.32187995968817	1.0	1	1
32.421947699501445	1.0	1	1
32.52201543931472	1.0	1	1
32.622083179128	1.0	1	1
32.722150918941274	1.0	1	1
32.82221865875455	1.0	1	1
32.92228639856783	1.0	1	1
33.0223541383811	1.0	1	1
33.12242187819437	1.0	1	1
33.22248961800765	1.0	1	1
33.322557357820926	1.0	1	1
33.4226250976342	1.0	1	1
33.52269283744748	1.0	1	1
33.622760577260756	1.0	1	1
33.72282831707403	1.0	1	1
33.82289605688731	1.0	1	1
33.922963796700586	1.0	1	1
34.02303153651386	1.0	1	1
34.12309927632714	1.0	1	1
34.223167016140415	1.0	1	1
34.32323475595369	1.0	1	1
34.42330249576696	1.0	1	1
34.52337023558024	1.0	1	1
34.623437975393514	1.0	1	1
34.72350571520679	1.0	1	1
34.82357345502007	1.0	1	1
34.923641194833344	1.0	1	1
35.02370893464662	1.0	1	1
35.1237766744599	1.0	1	1
35.223844414273174	1.0	1	1
35.32391215408645	1.0	1	1
35.42397989389973	1.0	1	1
35.524047633713	1.0	1	1
35.62411537352628	1.0	1	1
35.724183113339556	1.0	1	1
35.82425085315283	1.0	1	1
35.9243185929661	1.0	1	1
36.02438633277938	1.0	1	1
36.124454072592656	1.0	1	1
36.22452181240593	1.0	1	1
36.32458955221921	1.0	1	1
36.424657292032485	1.0	1	1
36.52472503184576	1.0	1	1
36.62479277165904	1.0	1	1
36.724860511472315	1.0	1	1
36.82492825128559	1.0	1	1
36.92499599109887	1.0	1	1
37.025063730912144	1.0	1	1
37.12513147072542	1.0	1	1
37.2251992105387	2.0	2	2
37.325266950351974	2.0	2	2
37.42533469016524	2.0	2	2
37.52540242997852	3.0	3	3
37.6254701697918	3.0	3	3
37.72553790960507	4.0	4	4
37.82560564941835	4.0	4	4
37.925673389231626	4.0	4	4
38.0257411290449	5.0	5	5
38.12580886885818	5.0	5	5
38.225876608671456	5.0	5	5
38.32594434848473	6.0	6	6
38.42601208829801	6.0	6	6
38.526079828111286	6.0	6	6
38.62614756792456	6.0	6	6
38.72621530773784	6.0	6	6
38.82628304755111	6.0	6	6
38.926350787364385	5.0	5	5
39.02641852717766	5.0	5	5
39.12648626699094	6.0	6	6
39.226554006804214	8.0	8	8
39.32662174661749	8.0	8	8
39.42668948643077	8.0	8	8
39.526757226244044	9.0	9	9
39.62682496605732	9.0	9	9
39.7268927058706	9.0	9	9
39.82696044568387	11.0	11	11
39.92702818549715	12.0	12	12
40.02709592531043	12.0	12	12
40.1271636651237	12.0	12	12
40.22723140493698	12.0	12	12
40.32729914475025	12.0	12	12
40.427366884563526	12.0	12	12
40.5274346243768	12.0	12	12
40.62750236419008	12.0	12	12
40.727570104003355	12.0	12	12
40.82763784381663	12.0	12	12
40.92770558362991	12.0	12	12
41.027773323443185	12.0	12	12
41.12784106325646	12.0	12	12
41.22790880306974	12.0	12	12
41.327976542883015	12.0	12	12
41.42804428269629	12.0	12	12
41.52811202250957	12.0	12	12
41.628179762322844	12.0	12	12
41.728247502136114	12.0	12	12
41.82831524194939	12.0	12	12
41.92838298176267	12.0	12	12
42.02845072157594	12.0	12	12
42.12851846138922	12.0	12	12
42.228586201202496	12.0	12	12
42.32865394101577	12.0	12	12
42.42872168082905	12.0	12	12
42.528789420642326	12.0	12	12
42.6288571604556	12.0	12	12
42.72892490026888	12.0	12	12
42.828992640082156	12.0	12	12
42.92906037989543	12.0	12	12
43.02912811970871	12.0	12	12
43.129195859521985	12.0	12	12
43.229263599335255	13.0	13	13
43.32933133914853	13.0	13	13
43.42939907896181	13.0	13	13
43.529466818775084	13.0	13	13
43.62953455858836	13.0	13	13
43.72960229840164	13.0	13	13
43.829670038214914	13.0	13	13
43.92973777802819	13.0	13	13
44.02980551784147	13.0	13	13
44.129873257654744	13.0	13	13
44.22994099746802	13.0	13	13
44.3300087372813	13.0	13	13
44.43007647709457	13.0	13	13
44.53014421690785	14.0	14	14
44.630211956721126	14.0	14	14
44.730279696534396	14.0	14	14
44.83034743634767	14.0	14	14
44.93041517616095	14.0	14	14
45.030482915974225	14.0	14	14
45.1305506557875	14.0	14	14
45.23061839560078	14.0	14	14
45.330686135414055	14.0	14	14
45.43075387522733	14.0	14	14
45.53082161504061	14.0	14	14
45.630889354853885	14.0	14	14
45.73095709466716	14.0	14	14
45.83102483448044	14.0	14	14
45.931092574293714	15.0	15	15
46.03116031410699	15.0	15	15
46.13122805392026	15.0	15	15
46.23129579373354	15.0	15	15
46.33136353354681	15.0	15	15
46.43143127336009	15.0	15	15
46.53149901317337	15.0	15	15
46.63156675298664	15.0	15	15
46.73163449279992	15.0	15	15
46.831702232613196	15.0	15	15
46.93176997242647	15.0	15	15
47.03183771223975	15.0	15	15
47.131905452053026	15.0	15	15
47.2319731918663	15.0	15	15
47.33204093167958	15.0	15	15
47.432108671492855	15.0	15	15
47.53217641130613	15.0	15	15
47.6322441511194	15.0	15	15
47.73231189093268	15.0	15	15
47.832379630745955	15.0	15	15
47.93244737055923	15.0	15	15
48.03251511037251	15.0	15	15
48.132582850185784	15.0	15	15
48.23265058999906	15.0	15	15
48.33271832981234	15.0	15	15
48.432786069625614	15.0	15	15
48.53285380943889	15.0	15	15
48.63292154925217	15.0	15	15
48.73298928906544	15.0	15	15
48.83305702887872	15.0	15	15
48.933124768692	15.0	15	15
49.03319250850527	15.0	15	15
49.13326024831854	15.0	15	15
49.23332798813182	15.0	15	15
49.333395727945096	15.0	15	15
49.43346346775837	15.0	15	15
49.53353120757165	15.0	15	15
49.633598947384925	15.0	15	15
49.7336666871982	14.0	14	14
49.83373442701148	14.0	14	14
49.933802166824755	14.0	14	14
50.03386990663803	14.0	14	14
50.13393764645131	14.0	14	14
50.234005386264585	14.0	14	14
50.33407312607786	14.0	14	14
50.43414086589114	14.0	14	14
50.53420860570441	14.0	14	14
50.634276345517684	15.0	15	15
50.73434408533096	16.0	16	16
50.83441182514424	16.0	16	16
50.93447956495751	15.0	15	15
51.03454730477079	15.0	15	15
51.134615044584066	13.0	13	13
51.23468278439734	14.0	14	14
51.33475052421062	14.0	14	14
51.434818264023896	14.0	14	14
51.53488600383717	14.0	14	14
51.63495374365045	14.0	14	14
51.735021483463726	14.0	14	14
51.835089223277	14.0	14	14
51.93515696309028	14.0	14	14
52.03522470290355	14.0	14	14
52.135292442716825	14.0	14	14
52.2353601825301	14.0	14	14
52.33542792234338	14.0	14	14
52.435495662156654	14.0	14	14
52.53556340196993	14.0	14	14
52.63563114178321	14.0	14	14
52.735698881596484	14.0	14	14
52.83576662140976	14.0	14	14
52.93583436122304	14.0	14	14
53.035902101036314	15.0	15	15
53.13596984084959	14.0	14	14
53.23603758066287	14.0	14	14
53.33610532047614	14.0	14	14
53.43617306028941	14.0	14	14
53.53624080010269	14.0	14	14
53.636308539915966	13.0	13	13
53.73637627972924	13.0	13	13
53.83644401954252	13.0	13	13
53.936511759355795	13.0	13	13
54.03657949916907	12.0	12	12
54.13664723898235	13.0	13	13
54.236714978795625	13.0	13	13
54.3367827186089	12.0	12	12
54.43685045842218	11.0	11	11
54.536918198235455	11.0	11	11
54.63698593804873	10.0	10	10
54.73705367786201	8.0	8	8
54.837121417675284	8.0	8	8
54.937189157488554	8.0	8	8
55.03725689730183	7.0	7	7
55.13732463711511	8.0	8	8
55.23739237692838	8.0	8	8
55.33746011674166	7.0	7	7
55.43752785655494	8.0	8	8
55.53759559636821	8.0	8	8
55.63766333618149	8.0	8	8
55.737731075994766	8.0	8	8
55.83779881580804	8.0	8	8
55.93786655562132	8.0	8	8
56.037934295434596	8.0	8	8
56.13800203524787	8.0	8	8
56.23806977506115	10.0	10	10
56.338137514874425	9.0	9	9
56.438205254687695	9.0	9	9
56.53827299450097	9.0	9	9
56.63834073431425	9.0	9	9
56.738408474127525	9.0	9	9
56.8384762139408	9.0	9	9
56.93854395375408	9.0	9	9
57.038611693567354	7.0	7	7
57.13867943338063	7.0	7	7
57.23874717319391	7.0	7	7
57.338814913007184	8.0	8	8
57.43888265282046	7.0	7	7
57.53895039263374	6.0	6	6
57.63901813244701	7.0	7	7
57.73908587226029	8.0	8	8
57.83915361207356	7.0	7	7
57.939221351886836	7.0	7	7
58.03928909170011	8.0	8	8
58.13935683151339	8.0	8	8
58.239424571326666	8.0	8	8
58.33949231113994	8.0	8	8
58.43956005095322	7.0	7	7
58.539627790766495	7.0	7	7
58.63969553057977	7.0	7	7
58.73976327039305	6.0	6	6
58.839831010206325	6.0	6	6
58.9398987500196	5.0	5	5
59.03996648983288	4.0	4	4
59.140034229646155	3.0	3	3
59.24010196945943	3.0	3	3
59.3401697092727	3.0	3	3
59.44023744908598	3.0	3	3
59.540305188899254	3.0	3	3
59.64037292871253	3.0	3	3
59.74044066852581	3.0	3	3
59.84050840833908	4.0	4	4
59.94057614815236	4.0	4	4
60.040643887965636	4.0	4	4
60.14071162777891	5.0	5	5
60.24077936759219	5.0	5	5
60.340847107405466	5.0	5	5
60.44091484721874	5.0	5	5
60.54098258703202	5.0	5	5
60.641050326845296	6.0	6	6
60.74111806665857	6.0	6	6
60.84118580647184	6.0	6	6
60.94125354628512	6.0	6	6
61.041321286098395	5.0	5	5
61.14138902591167	5.0	5	5
61.24145676572495	5.0	5	5
61.341524505538224	5.0	5	5
61.4415922453515	5.0	5	5
61.54165998516478	6.0	6	6
61.641727724978054	5.0	5	5
61.74179546479133	5.0	5	5
61.84186320460461	6.0	6	6
61.941930944417884	6.0	6	6
62.04199868423116	6.0	6	6
62.14206642404444	7.0	7	7
62.242134163857706	7.0	7	7
62.34220190367098	7.0	7	7
62.44226964348426	7.0	7	7
62.542337383297536	7.0	7	7
62.64240512311081	7.0	7	7
62.74247286292409	8.0	8	8
62.842540602737365	8.0	8	8
62.94260834255064	8.0	8	8
63.04267608236392	8.0	8	8
63.142743822177195	8.0	8	8
63.24281156199047	8.0	8	8
63.34287930180375	7.0	7	7
63.442947041617025	7.0	7	7
63.5430147814303	7.0	7	7
63.64308252124358	7.0	7	7
63.74315026105685	6.0	6	6
63.843218000870124	6.0	6	6
63.9432857406834	6.0	6	6
64.04335348049668	6.0	6	6
64.14342122030996	6.0	6	6
64.24348896012323	6.0	6	6
64.34355669993651	6.0	6	6
64.44362443974978	6.0	6	6
64.54369217956305	5.0	5	5
64.64375991937634	5.0	5	5
64.7438276591896	5.0	5	5
64.84389539900289	5.0	5	5
64.94396313881616	5.0	5	5
65.04403087862944	5.0	5	5
65.14409861844271	5.0	5	5
65.244166358256	5.0	5	5
65.34423409806926	5.0	5	5
65.44430183788255	6.0	6	6
65.54436957769582	6.0	6	6
65.6444373175091	7.0	7	7
65.74450505732237	8.0	8	8
65.84457279713565	7.0	7	7
65.94464053694892	9.0	9	9
66.0447082767622	10.0	10	10
66.14477601657548	11.0	11	11
66.24484375638875	10.0	10	10
66.34491149620203	10.0	10	10
66.4449792360153	11.0	11	11
66.54504697582858	11.0	11	11
66.64511471564185	13.0	13	13
66.74518245545514	14.0	14	14
66.8452501952684	15.0	15	15
66.94531793508169	15.0	15	15
67.04538567489496	15.0	15	15
67.14545341470824	15.0	15	15
67.24552115452151	15.0	15	15
67.34558889433478	15.0	15	15
67.44565663414807	15.0	15	15
67.54572437396133	15.0	15	15
67.64579211377462	15.0	15	15
67.74585985358789	16.0	16	16
67.84592759340117	16.0	16	16
67.94599533321444	16.0	16	16
68.04606307302772	16.0	16	16
68.146130812841	16.0	16	16
68.24619855265428	16.0	16	16
68.34626629246755	15.0	15	15
68.44633403228083	15.0	15	15
68.5464017720941	17.0	17	17
68.64646951190738	18.0	18	18
68.74653725172065	18.0	18	18
68.84660499153392	18.0	18	18
68.9466727313472	18.0	18	18
69.04674047116048	18.0	18	18
69.14680821097376	18.0	18	18
69.24687595078703	19.0	19	19
69.34694369060031	18.0	18	18
69.44701143041358	18.0	18	18
69.54707917022687	20.0	20	20
69.64714691004014	20.0	20	20
69.74721464985342	21.0	21	21
69.84728238966669	22.0	22	22
69.94735012947997	22.0	22	22
70.04741786929324	22.0	22	22
70.14748560910652	22.0	22	22
70.2475533489198	21.0	21	21
70.34762108873306	20.0	20	20
70.44768882854635	21.0	21	21
70.54775656835962	20.0	20	20
70.6478243081729	20.0	20	20
70.74789204798617	20.0	20	20
70.84795978779945	18.0	18	18
70.94802752761272	18.0	18	18
71.048095267426	18.0	18	18
71.14816300723928	18.0	18	18
71.24823074705256	16.0	16	16
71.34829848686583	16.0	16	16
71.44836622667911	17.0	17	17
71.54843396649238	17.0	17	17
71.64850170630567	17.0	17	17
71.74856944611894	17.0	17	17
71.8486371859322	17.0	17	17
71.94870492574549	17.0	17	17
72.04877266555876	17.0	17	17
72.14884040537204	17.0	17	17
72.24890814518531	17.0	17	17
72.3489758849986	17.0	17	17
72.44904362481186	17.0	17	17
72.54911136462515	16.0	16	16
72.64917910443842	15.0	15	15
72.7492468442517	16.0	16	16
72.84931458406497	16.0	16	16
72.94938232387825	16.0	16	16
73.04945006369152	15.0	15	15
73.1495178035048	15.0	15	15
73.24958554331808	15.0	15	15
73.34965328313135	15.0	15	15
73.44972102294463	15.0	15	15
73.5497887627579	16.0	16	16
73.64985650257118	15.0	15	15
73.74992424238445	15.0	15	15
73.84999198219774	15.0	15	15
73.950059722011	14.0	14	14
74.05012746182429	14.0	14	14
74.15019520163756	14.0	14	14
74.25026294145084	14.0	14	14
74.35033068126411	15.0	15	15
74.4503984210774	15.0	15	15
74.55046616089066	15.0	15	15
74.65053390070395	15.0	15	15
74.75060164051722	15.0	15	15
74.85066938033049	15.0	15	15
74.95073712014377	15.0	15	15
75.05080485995704	16.0	16	16
75.15087259977032	16.0	16	16
75.2509403395836	16.0	16	16
75.35100807939688	16.0	16	16
75.45107581921015	16.0	16	16
75.55114355902343	15.0	15	15
75.6512112988367	15.0	15	15
75.75127903864998	15.0	15	15
75.85134677846325	15.0	15	15
75.95141451827654	15.0	15	15
76.0514822580898	15.0	15	15
76.15154999790307	15.0	15	15
76.25161773771636	15.0	15	15
76.35168547752963	14.0	14	14
76.45175321734291	14.0	14	14
76.55182095715618	14.0	14	14
76.65188869696946	14.0	14	14
76.75195643678273	14.0	14	14
76.85202417659602	13.0	13	13
76.95209191640929	13.0	13	13
77.05215965622257	13.0	13	13
77.15222739603584	13.0	13	13
77.25229513584912	13.0	13	13
77.3523628756624	13.0	13	13
77.45243061547568	13.0	13	13
77.55249835528895	13.0	13	13
77.65256609510222	13.0	13	13
77.7526338349155	13.0	13	13
77.85270157472877	13.0	13	13
77.95276931454205	13.0	13	13
78.05283705435532	13.0	13	13
78.1529047941686	13.0	13	13
78.25297253398188	13.0	13	13
78.35304027379516	13.0	13	13
78.45310801360843	13.0	13	13
78.55317575342171	13.0	13	13
78.65324349323498	13.0	13	13
78.75331123304827	13.0	13	13
78.85337897286153	13.0	13	13
78.95344671267482	13.0	13	13
79.05351445248809	13.0	13	13
79.15358219230136	13.0	13	13
79.25364993211464	13.0	13	13
79.35371767192791	13.0	13	13
79.4537854117412	13.0	13	13
79.55385315155446	12.0	12	12
79.65392089136775	12.0	12	12
79.75398863118102	12.0	12	12
79.8540563709943	11.0	11	11
79.95412411080757	11.0	11	11
80.05419185062085	11.0	11	11
80.15425959043412	12.0	12	12
80.2543273302474	12.0	12	12
80.35439507006068	12.0	12	12
80.45446280987396	12.0	12	12
80.55453054968723	12.0	12	12
80.6545982895005	12.0	12	12
80.75466602931378	12.0	12	12
80.85473376912705	12.0	12	12
80.95480150894033	12.0	12	12
81.0548692487536	12.0	12	12
81.15493698856689	12.0	12	12
81.25500472838016	12.0	12	12
81.35507246819344	12.0	12	12
81.45514020800671	12.0	12	12
81.55520794782	12.0	12	12
81.65527568763326	12.0	12	12
81.75534342744655	12.0	12	12
81.85541116725982	12.0	12	12
81.9554789070731	12.0	12	12
82.05554664688637	12.0	12	12
82.15561438669964	12.0	12	12
82.25568212651292	12.0	12	12
82.35574986632619	12.0	12	12
82.45581760613948	12.0	12	12
82.55588534595275	12.0	12	12
82.65595308576603	13.0	13	13
82.7560208255793	13.0	13	13
82.85608856539258	12.0	12	12
82.95615630520585	12.0	12	12
83.05622404501914	13.0	13	13
83.1562917848324	13.0	13	13
83.25635952464569	14.0	14	14
83.35642726445896	13.0	13	13
83.45649500427223	12.0	12	12
83.55656274408551	13.0	13	13
83.65663048389878	13.0	13	13
83.75669822371206	13.0	13	13
83.85676596352533	13.0	13	13
83.95683370333862	13.0	13	13
84.05690144315189	12.0	12	12
84.15696918296517	12.0	12	12
84.25703692277844	11.0	11	11
84.35710466259172	11.0	11	11
84.45717240240499	10.0	10	10
84.55724014221828	11.0	11	11
84.65730788203155	11.0	11	11
84.75737562184483	11.0	11	11
84.8574433616581	11.0	11	11
84.95751110147137	11.0	11	11
85.05757884128465	11.0	11	11
85.15764658109792	10.0	10	10
85.2577143209112	9.0	9	9
85.35778206072447	9.0	9	9
85.45784980053776	9.0	9	9
85.55791754035103	9.0	9	9
85.65798528016431	9.0	9	9
85.75805301997758	9.0	9	9
85.85812075979086	9.0	9	9
85.95818849960413	8.0	8	8
86.05825623941742	8.0	8	8
86.15832397923069	8.0	8	8
86.25839171904397	7.0	7	7
86.35845945885724	7.0	7	7
86.45852719867051	6.0	6	6
86.5585949384838	6.0	6	6
86.65866267829706	6.0	6	6
86.75873041811035	6.0	6	6
86.85879815792362	6.0	6	6
86.9588658977369	6.0	6	6
87.05893363755017	6.0	6	6
87.15900137736345	5.0	5	5
87.25906911717672	5.0	5	5
87.35913685699	5.0	5	5
87.45920459680327	5.0	5	5
87.55927233661656	5.0	5	5
87.65934007642983	5.0	5	5
87.75940781624311	5.0	5	5
87.85947555605638	5.0	5	5
87.95954329586965	6.0	6	6
88.05961103568293	6.0	6	6
88.1596787754962	6.0	6	6
88.25974651530949	6.0	6	6
88.35981425512276	6.0	6	6
88.45988199493604	6.0	6	6
88.55994973474931	6.0	6	6
88.6600174745626	6.0	6	6
88.76008521437586	6.0	6	6
88.86015295418915	6.0	6	6
88.96022069400242	6.0	6	6
89.0602884338157	6.0	6	6
89.16035617362897	6.0	6	6
89.26042391344225	6.0	6	6
89.36049165325552	6.0	6	6
89.46055939306879	6.0	6	6
89.56062713288208	6.0	6	6
89.66069487269534	6.0	6	6
89.76076261250863	6.0	6	6
89.8608303523219	6.0	6	6
89.96089809213518	6.0	6	6
90.06096583194845	6.0	6	6
90.16103357176173	6.0	6	6
90.261101311575	7.0	7	7
90.36116905138829	7.0	7	7
90.46123679120156	6.0	6	6
90.56130453101484	6.0	6	6
90.66137227082811	6.0	6	6
90.76144001064138	7.0	7	7
90.86150775045466	6.0	6	6
90.96157549026793	5.0	5	5
91.06164323008122	5.0	5	5
91.16171096989449	5.0	5	5
91.26177870970777	5.0	5	5
91.36184644952104	5.0	5	5
91.46191418933432	6.0	6	6
91.56198192914759	6.0	6	6
91.66204966896088	6.0	6	6
91.76211740877415	6.0	6	6
91.86218514858743	6.0	6	6
91.9622528884007	6.0	6	6
92.06232062821398	6.0	6	6
92.16238836802725	6.0	6	6
92.26245610784052	6.0	6	6
92.3625238476538	7.0	7	7
92.46259158746707	7.0	7	7
92.56265932728036	7.0	7	7
92.66272706709363	7.0	7	7
92.76279480690691	7.0	7	7
92.86286254672018	7.0	7	7
92.96293028653346	7.0	7	7
93.06299802634673	7.0	7	7
93.16306576616002	7.0	7	7
93.26313350597329	7.0	7	7
93.36320124578657	5.0	5	5
93.46326898559984	4.0	4	4
93.56333672541312	4.0	4	4
93.66340446522639	6.0	6	6
93.76347220503966	5.0	5	5
93.86353994485295	5.0	5	5
93.96360768466621	5.0	5	5
94.0636754244795	5.0	5	5
94.16374316429277	6.0	6	6
94.26381090410605	6.0	6	6
94.36387864391932	6.0	6	6
94.4639463837326	6.0	6	6
94.56401412354587	6.0	6	6
94.66408186335916	5.0	5	5
94.76414960317243	5.0	5	5
94.86421734298571	4.0	4	4
94.96428508279898	4.0	4	4
95.06435282261226	4.0	4	4
95.16442056242553	2.0	2	2
95.2644883022388	2.0	2	2
95.36455604205209	3.0	3	3
95.46462378186536	3.0	3	3
95.56469152167864	3.0	3	3
95.66475926149191	4.0	4	4
95.76482700130519	4.0	4	4
95.86489474111846	4.0	4	4
95.96496248093175	4.0	4	4
96.06503022074502	4.0	4	4
96.1650979605583	4.0	4	4
96.26516570037157	3.0	3	3
96.36523344018485	3.0	3	3
96.46530117999812	3.0	3	3
96.5653689198114	3.0	3	3
96.66543665962467	3.0	3	3
96.76550439943794	3.0	3	3
96.86557213925123	3.0	3	3
96.9656398790645	3.0	3	3
97.06570761887778	3.0	3	3
97.16577535869105	3.0	3	3
97.26584309850433	3.0	3	3
97.3659108383176	3.0	3	3
97.46597857813089	3.0	3	3
97.56604631794416	2.0	2	2
97.66611405775744	2.0	2	2
97.76618179757071	2.0	2	2
97.866249537384	2.0	2	2
97.96631727719726	2.0	2	2
98.06638501701055	2.0	2	2
98.16645275682382	3.0	3	3
98.26652049663709	3.0	3	3
98.36658823645037	3.0	3	3
98.46665597626364	3.0	3	3
98.56672371607692	3.0	3	3
98.66679145589019	3.0	3	3
98.76685919570347	3.0	3	3
98.86692693551674	3.0	3	3
98.96699467533003	3.0	3	3
99.0670624151433	3.0	3	3
99.16713015495658	3.0	3	3
99.26719789476985	4.0	4	4
99.36726563458313	4.0	4	4
99.4673333743964	4.0	4	4
99.56740111420967	5.0	5	5
99.66746885402296	5.0	5	5
99.76753659383623	5.0	5	5
99.86760433364951	5.0	5	5
99.96767207346278	5.0	5	5
100.06773981327606	5.0	5	5
100.16780755308933	5.0	5	5
100.26787529290262	5.0	5	5
100.36794303271589	5.0	5	5
100.46801077252917	5.0	5	5
100.56807851234244	4.0	4	4
100.66814625215572	4.0	4	4
100.76821399196899	3.0	3	3
100.86828173178228	4.0	4	4
100.96834947159554	4.0	4	4
101.06841721140881	4.0	4	4
101.1684849512221	4.0	4	4
101.26855269103537	4.0	4	4
101.36862043084865	5.0	5	5
101.46868817066192	5.0	5	5
101.5687559104752	5.0	5	5
101.66882365028847	5.0	5	5
101.76889139010176	5.0	5	5
101.86895912991503	5.0	5	5
101.96902686972831	5.0	5	5
102.06909460954158	5.0	5	5
102.16916234935486	5.0	5	5
102.26923008916813	5.0	5	5
102.36929782898142	5.0	5	5
102.46936556879469	5.0	5	5
102.56943330860796	5.0	5	5
102.66950104842124	5.0	5	5
102.76956878823451	5.0	5	5
102.86963652804779	5.0	5	5
102.96970426786106	5.0	5	5
103.06977200767435	5.0	5	5
103.16983974748761	5.0	5	5
103.2699074873009	5.0	5	5
103.36997522711417	5.0	5	5
103.47004296692745	5.0	5	5
103.57011070674072	5.0	5	5
103.670178446554	5.0	5	5
103.77024618636727	5.0	5	5
103.87031392618056	5.0	5	5
103.97038166599383	5.0	5	5
104.0704494058071	5.0	5	5
104.17051714562038	5.0	5	5
104.27058488543365	5.0	5	5
104.37065262524693	5.0	5	5
104.4707203650602	5.0	5	5
104.57078810487349	5.0	5	5
104.67085584468676	5.0	5	5
104.77092358450004	5.0	5	5
104.87099132431331	5.0	5	5
104.97105906412659	5.0	5	5
105.07112680393986	5.0	5	5
105.17119454375315	5.0	5	5
105.27126228356641	5.0	5	5
105.3713300233797	5.0	5	5
105.47139776319297	5.0	5	5
105.57146550300624	5.0	5	5
105.67153324281952	5.0	5	5
105.77160098263279	5.0	5	5
105.87166872244607	5.0	5	5
105.97173646225934	5.0	5	5
106.07180420207263	5.0	5	5
106.1718719418859	5.0	5	5
106.27193968169918	5.0	5	5
106.37200742151245	5.0	5	5
106.47207516132573	5.0	5	5
106.572142901139	5.0	5	5
106.67221064095229	5.0	5	5
106.77227838076556	5.0	5	5
106.87234612057883	4.0	4	4
106.97241386039211	4.0	4	4
107.07248160020538	4.0	4	4
107.17254934001866	4.0	4	4
107.27261707983193	4.0	4	4
107.37268481964522	4.0	4	4
107.47275255945848	4.0	4	4
107.57282029927177	4.0	4	4
107.67288803908504	4.0	4	4
107.77295577889832	4.0	4	4
107.87302351871159	3.0	3	3
107.97309125852487	3.0	3	3
108.07315899833814	3.0	3	3
108.17322673815143	3.0	3	3
108.2732944779647	3.0	3	3
108.37336221777797	3.0	3	3
108.47342995759125	3.0	3	3
108.57349769740452	3.0	3	3
108.6735654372178	3.0	3	3
108.77363317703107	3.0	3	3
108.87370091684436	3.0	3	3
108.97376865665763	3.0	3	3
109.07383639647091	3.0	3	3
109.17390413628418	3.0	3	3
109.27397187609746	3.0	3	3
109.37403961591073	3.0	3	3
109.47410735572402	3.0	3	3
109.57417509553729	3.0	3	3
109.67424283535057	3.0	3	3
109.77431057516384	3.0	3	3
109.87437831497711	3.0	3	3
109.97444605479039	3.0	3	3
110.07451379460366	3.0	3	3
110.17458153441694	3.0	3	3
110.27464927423021	3.0	3	3
110.3747170140435	3.0	3	3
110.47478475385677	3.0	3	3
110.57485249367005	3.0	3	3
110.67492023348332	3.0	3	3
110.7749879732966	3.0	3	3
110.87505571310987	3.0	3	3
110.97512345292316	3.0	3	3
111.07519119273643	3.0	3	3
111.17525893254971	3.0	3	3
111.27532667236298	3.0	3	3
111.37539441217625	3.0	3	3
111.47546215198953	3.0	3	3
111.5755298918028	3.0	3	3
111.67559763161609	3.0	3	3
111.77566537142935	3.0	3	3
111.87573311124264	3.0	3	3
111.97580085105591	3.0	3	3
112.07586859086919	3.0	3	3
112.17593633068246	3.0	3	3
112.27600407049574	3.0	3	3
112.37607181030901	3.0	3	3
112.4761395501223	3.0	3	3
112.57620728993557	3.0	3	3
112.67627502974885	3.0	3	3
112.77634276956212	3.0	3	3
112.87641050937539	3.0	3	3
112.97647824918867	3.0	3	3
113.07654598900194	2.0	2	2
113.17661372881523	2.0	2	2
113.2766814686285	1.0	1	1
113.37674920844178	1.0	1	1
113.47681694825505	1.0	1	1
113.57688468806833	1.0	1	1
113.6769524278816	1.0	1	1
113.77702016769489	1.0	1	1
113.87708790750816	0.0	0	0
113.97715564732144	0.0	0	0
114.07722338713471	0.0	0	0
114.17729112694799	0.0	0	0
114.27735886676126	0.0	0	0
114.37742660657453	0.0	0	0
114.47749434638781	0.0	0	0
114.57756208620108	0.0	0	0
114.67762982601437	0.0	0	0
114.77769756582764	0.0	0	0
114.87776530564092	0.0	0	0
114.97783304545419	0.0	0	0
115.07790078526747	0.0	0	0
115.17796852508074	0.0	0	0
115.27803626489403	0.0	0	0
115.3781040047073	0.0	0	0
115.47817174452058	0.0	0	0
115.57823948433385	0.0	0	0
115.67830722414712	0.0	0	0
115.7783749639604	0.0	0	0
115.87844270377367	0.0	0	0
115.97851044358696	0.0	0	0
116.07857818340023	0.0	0	0
116.17864592321351	0.0	0	0
116.27871366302678	0.0	0	0
116.37878140284006	0.0	0	0
116.47884914265333	0.0	0	0
116.57891688246661	0.0	0	0
116.67898462227988	0.0	0	0
116.77905236209317	0.0	0	0
116.87912010190644	0.0	0	0
116.97918784171972	0.0	0	0
117.07925558153299	0.0	0	0
117.17932332134626	0.0	0	0
117.27939106115954	0.0	0	0
117.37945880097281	0.0	0	0
117.4795265407861	0.0	0	0
117.57959428059937	0.0	0	0
117.67966202041265	0.0	0	0
117.77972976022592	0.0	0	0
117.8797975000392	0.0	0	0
117.97986523985247	0.0	0	0
118.07993297966576	0.0	0	0
118.18000071947903	1.0	1	1
118.28006845929231	1.0	1	1
118.38013619910558	1.0	1	1
118.48020393891886	1.0	1	1
118.58027167873213	1.0	1	1
118.6803394185454	1.0	1	1
118.78040715835868	1.0	1	1
118.88047489817195	1.0	1	1
118.98054263798524	1.0	1	1
119.08061037779851	1.0	1	1
119.18067811761179	1.0	1	1
119.28074585742506	1.0	1	1
119.38081359723834	1.0	1	1
119.48088133705161	1.0	1	1
119.5809490768649	1.0	1	1
119.68101681667817	1.0	1	1
119.78108455649145	1.0	1	1
119.88115229630472	1.0	1	1
119.981220036118	1.0	1	1
120.08128777593127	1.0	1	1
120.18135551574454	1.0	1	1
120.28142325555783	1.0	1	1
120.3814909953711	0.0	0	0
120.48155873518438	0.0	0	0
120.58162647499765	0.0	0	0
120.68169421481093	0.0	0	0
120.7817619546242	0.0	0	0
120.88182969443749	0.0	0	0
120.98189743425075	0.0	0	0
121.08196517406404	0.0	0	0
121.18203291387731	0.0	0	0
121.28210065369059	0.0	0	0
121.38216839350386	0.0	0	0
121.48223613331714	0.0	0	0
121.58230387313041	0.0	0	0
121.68237161294368	0.0	0	0
121.78243935275697	0.0	0	0
121.88250709257024	0.0	0	0
121.98257483238352	0.0	0	0
122.08264257219679	0.0	0	0
122.18271031201007	0.0	0	0
122.28277805182334	0.0	0	0
122.38284579163663	0.0	0	0
122.4829135314499	0.0	0	0
122.58298127126318	0.0	0	0
122.68304901107645	0.0	0	0
122.78311675088973	0.0	0	0
122.883184490703	0.0	0	0
122.98325223051627	0.0	0	0
123.08331997032955	0.0	0	0
123.18338771014282	0.0	0	0
123.28345544995611	0.0	0	0
123.38352318976938	0.0	0	0
123.48359092958266	0.0	0	0
123.58365866939593	0.0	0	0
123.68372640920921	0.0	0	0
123.78379414902248	0.0	0	0
123.88386188883577	0.0	0	0
123.98392962864904	0.0	0	0
124.08399736846232	0.0	0	0
124.18406510827559	0.0	0	0
124.28413284808887	0.0	0	0
124.38420058790214	0.0	0	0
124.48426832771541	0.0	0	0
124.5843360675287	0.0	0	0
124.68440380734197	0.0	0	0
124.78447154715525	0.0	0	0
124.88453928696852	0.0	0	0
124.9846070267818	0.0	0	0
125.08467476659507	0.0	0	0
125.18474250640836	0.0	0	0
125.28481024622162	0.0	0	0
125.38487798603491	0.0	0	0
125.48494572584818	0.0	0	0
125.58501346566146	0.0	0	0
125.68508120547473	0.0	0	0
125.78514894528801	0.0	0	0
125.88521668510128	0.0	0	0
125.98528442491455	0.0	0	0
126.08535216472784	0.0	0	0
126.1854199045411	0.0	0	0
126.28548764435439	0.0	0	0
126.38555538416766	0.0	0	0
126.48562312398094	0.0	0	0
126.58569086379421	0.0	0	0
126.6857586036075	1.0	1	1
126.78582634342077	1.0	1	1
126.88589408323405	1.0	1	1
126.98596182304732	1.0	1	1
127.0860295628606	1.0	1	1
127.18609730267387	1.0	1	1
127.28616504248716	1.0	1	1
127.38623278230043	1.0	1	1
127.4863005221137	1.0	1	1
127.58636826192698	1.0	1	1
127.68643600174025	1.0	1	1
127.78650374155353	1.0	1	1
127.8865714813668	1.0	1	1
127.98663922118008	1.0	1	1
128.08670696099335	1.0	1	1
128.18677470080664	3.0	3	3
128.28684244061992	4.0	4	4
128.38691018043318	4.0	4	4
128.48697792024646	4.0	4	4
128.58704566005974	4.0	4	4
128.68711339987303	4.0	4	4
128.78718113968628	4.0	4	4
128.88724887949957	4.0	4	4
128.98731661931285	4.0	4	4
129.0873843591261	4.0	4	4
129.1874520989394	4.0	4	4
129.28751983875267	4.0	4	4
129.38758757856596	4.0	4	4
129.4876553183792	4.0	4	4
129.5877230581925	4.0	4	4
129.68779079800578	4.0	4	4
129.78785853781906	4.0	4	4
129.88792627763232	4.0	4	4
129.9879940174456	4.0	4	4
130.08806175725888	4.0	4	4
130.18812949707217	4.0	4	4
130.28819723688542	2.0	2	2
130.3882649766987	1.0	1	1
130.488332716512	1.0	1	1
130.58840045632525	1.0	1	1
130.68846819613853	1.0	1	1
130.7885359359518	1.0	1	1
130.8886036757651	1.0	1	1
130.98867141557835	1.0	1	1
131.08873915539164	1.0	1	1
131.18880689520492	1.0	1	1
131.2888746350182	1.0	1	1
131.38894237483146	1.0	1	1
131.48901011464474	1.0	1	1
131.58907785445803	1.0	1	1
131.6891455942713	1.0	1	1
131.78921333408456	1.0	1	1
131.88928107389785	1.0	1	1
131.98934881371113	1.0	1	1
132.0894165535244	1.0	1	1
132.18948429333767	1.0	1	1
132.28955203315095	1.0	1	1
132.38961977296424	1.0	1	1
132.4896875127775	1.0	1	1
132.58975525259078	1.0	1	1
132.68982299240406	1.0	1	1
132.78989073221734	1.0	1	1
132.8899584720306	1.0	1	1
132.99002621184388	1.0	1	1
133.09009395165717	1.0	1	1
133.19016169147045	1.0	1	1
133.2902294312837	1.0	1	1
133.390297171097	1.0	1	1
133.49036491091027	1.0	1	1
133.59043265072353	1.0	1	1
133.6905003905368	1.0	1	1
133.7905681303501	1.0	1	1
133.89063587016338	1.0	1	1
133.99070360997663	2.0	2	2
134.09077134978992	2.0	2	2
134.1908390896032	2.0	2	2
134.29090682941649	2.0	2	2
134.39097456922974	2.0	2	2
134.49104230904302	2.0	2	2
134.5911100488563	2.0	2	2
134.69117778866956	2.0	2	2
134.79124552848285	2.0	2	2
134.89131326829613	1.0	1	1
134.9913810081094	1.0	1	1
135.09144874792267	1.0	1	1
135.19151648773595	2.0	2	2
135.29158422754924	2.0	2	2
135.39165196736252	2.0	2	2
135.49171970717578	2.0	2	2
135.59178744698906	3.0	3	3
135.69185518680234	3.0	3	3
135.79192292661563	3.0	3	3
135.89199066642888	3.0	3	3
135.99205840624217	3.0	3	3
136.09212614605545	3.0	3	3
136.1921938858687	3.0	3	3
136.292261625682	3.0	3	3
136.39232936549527	3.0	3	3
136.49239710530856	3.0	3	3
136.5924648451218	3.0	3	3
136.6925325849351	3.0	3	3
136.79260032474838	3.0	3	3
136.89266806456166	3.0	3	3
136.99273580437492	4.0	4	4
137.0928035441882	4.0	4	4
137.19287128400148	3.0	3	3
137.29293902381477	3.0	3	3
137.39300676362802	3.0	3	3
137.4930745034413	3.0	3	3
137.5931422432546	3.0	3	3
137.69320998306785	3.0	3	3
137.79327772288113	2.0	2	2
137.8933454626944	2.0	2	2
137.9934132025077	2.0	2	2
138.09348094232095	2.0	2	2
138.19354868213424	2.0	2	2
138.29361642194752	2.0	2	2
138.3936841617608	2.0	2	2
138.49375190157406	2.0	2	2
138.59381964138734	2.0	2	2
138.69388738120062	2.0	2	2
138.7939551210139	2.0	2	2
138.89402286082716	2.0	2	2
138.99409060064045	2.0	2	2
139.09415834045373	2.0	2	2
139.194226080267	1.0	1	1
139.29429382008027	0.0	0	0
139.39436155989355	0.0	0	0
139.49442929970684	0.0	0	0
139.5944970395201	0.0	0	0
139.69456477933338	0.0	0	0
139.79463251914666	0.0	0	0
139.89470025895994	0.0	0	0
139.9947679987732	0.0	0	0
140.09483573858648	0.0	0	0
140.19490347839977	0.0	0	0
140.29497121821305	0.0	0	0
140.3950389580263	0.0	0	0
140.4951066978396	0.0	0	0
140.59517443765287	0.0	0	0
140.69524217746613	0.0	0	0
140.7953099172794	0.0	0	0
140.8953776570927	0.0	0	0
140.99544539690598	0.0	0	0
141.09551313671923	0.0	0	0
141.19558087653252	0.0	0	0
141.2956486163458	0.0	0	0
141.39571635615908	0.0	0	0
141.49578409597234	0.0	0	0
141.59585183578562	0.0	0	0
141.6959195755989	0.0	0	0
141.7959873154122	0.0	0	0
141.89605505522545	0.0	0	0
141.99612279503873	0.0	0	0
142.096190534852	0.0	0	0
142.19625827466527	0.0	0	0
142.29632601447855	0.0	0	0
142.39639375429184	0.0	0	0
142.49646149410512	0.0	0	0
142.59652923391837	0.0	0	0
142.69659697373166	0.0	0	0
142.79666471354494	0.0	0	0
142.89673245335823	0.0	0	0
142.99680019317148	0.0	0	0
143.09686793298476	1.0	1	1
143.19693567279805	1.0	1	1
143.29700341261133	1.0	1	1
143.3970711524246	1.0	1	1
143.49713889223787	1.0	1	1
143.59720663205115	1.0	1	1
143.6972743718644	1.0	1	1
143.7973421116777	1.0	1	1
143.89740985149098	1.0	1	1
143.99747759130426	2.0	2	2
144.09754533111752	2.0	2	2
144.1976130709308	2.0	2	2
144.29768081074408	2.0	2	2
144.39774855055737	2.0	2	2
144.49781629037062	2.0	2	2
144.5978840301839	2.0	2	2
144.6979517699972	2.0	2	2
144.79801950981047	2.0	2	2
144.89808724962373	2.0	2	2
144.998154989437	2.0	2	2
145.0982227292503	2.0	2	2
145.19829046906355	2.0	2	2
145.29835820887683	2.0	2	2
145.39842594869012	2.0	2	2
145.4984936885034	2.0	2	2
145.59856142831666	2.0	2	2
145.69862916812994	2.0	2	2
145.79869690794322	2.0	2	2
145.8987646477565	2.0	2	2
145.99883238756976	2.0	2	2
146.09890012738305	2.0	2	2
146.19896786719633	2.0	2	2
146.2990356070096	2.0	2	2
146.39910334682287	2.0	2	2
146.49917108663615	2.0	2	2
146.59923882644944	2.0	2	2
146.6993065662627	2.0	2	2
146.79937430607598	2.0	2	2
146.89944204588926	2.0	2	2
146.99950978570254	2.0	2	2
147.0995775255158	2.0	2	2
147.19964526532908	2.0	2	2
147.29971300514237	2.0	2	2
147.39978074495565	2.0	2	2
147.4998484847689	2.0	2	2
147.5999162245822	2.0	2	2
147.69998396439547	2.0	2	2
147.80005170420876	2.0	2	2
147.900119444022	2.0	2	2
148.0001871838353	2.0	2	2
148.10025492364858	2.0	2	2
148.20032266346183	2.0	2	2
148.30039040327512	2.0	2	2
148.4004581430884	2.0	2	2
148.50052588290168	2.0	2	2
148.60059362271494	2.0	2	2
148.70066136252822	2.0	2	2
148.8007291023415	2.0	2	2
148.9007968421548	2.0	2	2
149.00086458196805	2.0	2	2
149.10093232178133	2.0	2	2
149.2010000615946	2.0	2	2
149.3010678014079	2.0	2	2
149.40113554122115	2.0	2	2
149.50120328103444	2.0	2	2
149.60127102084772	3.0	3	3
149.70133876066097	3.0	3	3
149.80140650047426	3.0	3	3
149.90147424028754	3.0	3	3
150.00154198010082	3.0	3	3
150.10160971991408	3.0	3	3
150.20167745972736	3.0	3	3
150.30174519954065	3.0	3	3
150.40181293935393	3.0	3	3
150.5018806791672	3.0	3	3
150.60194841898047	3.0	3	3
150.70201615879375	3.0	3	3
150.802083898607	3.0	3	3
150.9021516384203	3.0	3	3
151.00221937823358	3.0	3	3
151.10228711804686	3.0	3	3
151.20235485786012	3.0	3	3
151.3024225976734	3.0	3	3
151.40249033748668	3.0	3	3
151.50255807729997	3.0	3	3
151.60262581711322	3.0	3	3
151.7026935569265	3.0	3	3
151.8027612967398	3.0	3	3
151.90282903655307	2.0	2	2
152.00289677636633	2.0	2	2
152.1029645161796	2.0	2	2
152.2030322559929	2.0	2	2
152.30309999580615	2.0	2	2
152.40316773561943	2.0	2	2
152.50323547543272	2.0	2	2
152.603303215246	2.0	2	2
152.70337095505926	2.0	2	2
152.80343869487254	2.0	2	2
152.90350643468582	2.0	2	2
153.0035741744991	2.0	2	2
153.10364191431236	2.0	2	2
153.20370965412565	2.0	2	2
153.30377739393893	2.0	2	2
153.4038451337522	2.0	2	2
153.50391287356547	2.0	2	2
153.60398061337875	2.0	2	2
153.70404835319204	2.0	2	2
153.8041160930053	2.0	2	2
153.90418383281857	2.0	2	2
154.00425157263186	2.0	2	2
154.10431931244514	2.0	2	2
154.2043870522584	2.0	2	2
154.30445479207168	2.0	2	2
154.40452253188496	2.0	2	2
154.50459027169825	2.0	2	2
154.6046580115115	2.0	2	2
154.7047257513248	2.0	2	2
154.80479349113807	2.0	2	2
154.90486123095135	2.0	2	2
155.0049289707646	2.0	2	2
155.1049967105779	2.0	2	2
155.20506445039118	2.0	2	2
155.30513219020443	2.0	2	2
155.40519993001772	2.0	2	2
155.505267669831	2.0	2	2
155.60533540964428	2.0	2	2
155.70540314945754	2.0	2	2
155.80547088927082	2.0	2	2
155.9055386290841	2.0	2	2
156.0056063688974	2.0	2	2
156.10567410871064	2.0	2	2
156.20574184852393	2.0	2	2
156.3058095883372	1.0	1	1
156.4058773281505	0.0	0	0
156.50594506796375	0.0	0	0
156.60601280777703	0.0	0	0
156.70608054759032	0.0	0	0
156.80614828740357	0.0	0	0
156.90621602721686	0.0	0	0
157.00628376703014	0.0	0	0
157.10635150684342	0.0	0	0
157.20641924665668	0.0	0	0
157.30648698646996	0.0	0	0
157.40655472628325	0.0	0	0
157.50662246609653	0.0	0	0
157.60669020590979	0.0	0	0
157.70675794572307	0.0	0	0
157.80682568553635	0.0	0	0
157.90689342534964	0.0	0	0
158.0069611651629	0.0	0	0
158.10702890497618	0.0	0	0
158.20709664478946	0.0	0	0
158.30716438460271	0.0	0	0
158.407232124416	0.0	0	0
158.50729986422928	0.0	0	0
158.60736760404257	0.0	0	0
158.70743534385582	0.0	0	0
158.8075030836691	0.0	0	0
158.9075708234824	0.0	0	0
159.00763856329567	0.0	0	0
159.10770630310893	0.0	0	0
159.2077740429222	0.0	0	0
159.3078417827355	0.0	0	0
159.40790952254878	0.0	0	0
159.50797726236203	0.0	0	0
159.60804500217532	0.0	0	0
159.7081127419886	0.0	0	0
159.80818048180186	0.0	0	0
159.90824822161514	0.0	0	0
160.00831596142842	0.0	0	0
160.1083837012417	0.0	0	0
160.20845144105496	0.0	0	0
160.30851918086825	0.0	0	0
160.40858692068153	0.0	0	0
160.5086546604948	0.0	0	0
160.60872240030807	0.0	0	0
160.70879014012135	1.0	1	1
160.80885787993464	1.0	1	1
160.90892561974792	1.0	1	1
161.00899335956117	1.0	1	1
161.10906109937446	1.0	1	1
161.20912883918774	1.0	1	1
161.309196579001	1.0	1	1
161.40926431881428	1.0	1	1
161.50933205862756	1.0	1	1
161.60939979844085	1.0	1	1
161.7094675382541	1.0	1	1
161.8095352780674	1.0	1	1
161.90960301788067	1.0	1	1
162.00967075769395	1.0	1	1
162.1097384975072	1.0	1	1
162.2098062373205	2.0	2	2
162.30987397713378	2.0	2	2
162.40994171694706	2.0	2	2
162.51000945676032	2.0	2	2
162.6100771965736	2.0	2	2
162.71014493638688	2.0	2	2
162.81021267620014	2.0	2	2
162.91028041601342	2.0	2	2
163.0103481558267	2.0	2	2
163.11041589564	2.0	2	2
163.21048363545324	2.0	2	2
163.31055137526653	2.0	2	2
163.4106191150798	2.0	2	2
163.5106868548931	2.0	2	2
163.61075459470635	2.0	2	2
163.71082233451963	3.0	3	3
163.81089007433292	3.0	3	3
163.9109578141462	3.0	3	3
164.01102555395946	3.0	3	3
164.11109329377274	3.0	3	3
164.21116103358602	3.0	3	3
164.31122877339928	4.0	4	4
164.41129651321256	4.0	4	4
164.51136425302585	3.0	3	3
164.61143199283913	4.0	4	4
164.71149973265238	4.0	4	4
164.81156747246567	4.0	4	4
164.91163521227895	4.0	4	4
165.01170295209224	5.0	5	5
165.1117706919055	5.0	5	5
165.21183843171877	6.0	6	6
165.31190617153206	7.0	7	7
165.41197391134534	7.0	7	7
165.5120416511586	7.0	7	7
165.61210939097188	7.0	7	7
165.71217713078516	7.0	7	7
165.81224487059842	7.0	7	7
165.9123126104117	8.0	8	8
166.012380350225	8.0	8	8
166.11244809003827	8.0	8	8
166.21251582985153	8.0	8	8
166.3125835696648	9.0	9	9
166.4126513094781	9.0	9	9
166.51271904929138	8.0	8	8
166.61278678910463	7.0	7	7
166.71285452891792	7.0	7	7
166.8129222687312	7.0	7	7
166.91299000854445	7.0	7	7
167.01305774835774	6.0	6	6
167.11312548817102	6.0	6	6
167.2131932279843	6.0	6	6
167.31326096779756	5.0	5	5
167.41332870761084	4.0	4	4
167.51339644742413	4.0	4	4
167.6134641872374	4.0	4	4
167.71353192705067	3.0	3	3
167.81359966686395	3.0	3	3
167.91366740667723	3.0	3	3
168.01373514649052	2.0	2	2
168.11380288630377	2.0	2	2
168.21387062611706	2.0	2	2
168.31393836593034	2.0	2	2
168.4140061057436	2.0	2	2
168.51407384555688	3.0	3	3
168.61414158537016	4.0	4	4
168.71420932518345	3.0	3	3
168.8142770649967	3.0	3	3
168.91434480480999	3.0	3	3
169.01441254462327	3.0	3	3
169.11448028443655	3.0	3	3
169.2145480242498	3.0	3	3
169.3146157640631	3.0	3	3
169.41468350387638	3.0	3	3
169.51475124368966	3.0	3	3
169.61481898350291	3.0	3	3
169.7148867233162	3.0	3	3
169.81495446312948	3.0	3	3
169.91502220294274	3.0	3	3
170.01508994275602	4.0	4	4
170.1151576825693	4.0	4	4
170.2152254223826	4.0	4	4
170.31529316219584	4.0	4	4
170.41536090200913	4.0	4	4
170.5154286418224	4.0	4	4
170.6154963816357	4.0	4	4
170.71556412144895	4.0	4	4
170.81563186126223	4.0	4	4
170.91569960107552	4.0	4	4
171.0157673408888	4.0	4	4
171.11583508070206	4.0	4	4
171.21590282051534	4.0	4	4
171.31597056032862	4.0	4	4
171.41603830014188	4.0	4	4
171.51610603995516	4.0	4	4
171.61617377976845	4.0	4	4
171.71624151958173	4.0	4	4
171.81630925939498	4.0	4	4
171.91637699920827	4.0	4	4
172.01644473902155	4.0	4	4
172.11651247883484	4.0	4	4
172.2165802186481	4.0	4	4
172.31664795846137	4.0	4	4
172.41671569827466	4.0	4	4
172.51678343808794	4.0	4	4
172.6168511779012	4.0	4	4
172.71691891771448	4.0	4	4
172.81698665752776	4.0	4	4
172.91705439734102	4.0	4	4
173.0171221371543	4.0	4	4
173.1171898769676	4.0	4	4
173.21725761678087	4.0	4	4
173.31732535659413	4.0	4	4
173.4173930964074	4.0	4	4
173.5174608362207	4.0	4	4
173.61752857603398	4.0	4	4
173.71759631584723	4.0	4	4
173.81766405566052	4.0	4	4
173.9177317954738	4.0	4	4
174.01779953528708	4.0	4	4
174.11786727510034	4.0	4	4
174.21793501491362	4.0	4	4
174.3180027547269	4.0	4	4
174.41807049454016	4.0	4	4
174.51813823435344	4.0	4	4
174.61820597416673	4.0	4	4
174.71827371398	4.0	4	4
174.81834145379327	4.0	4	4
174.91840919360655	4.0	4	4
175.01847693341983	4.0	4	4
175.11854467323312	4.0	4	4
175.21861241304637	4.0	4	4
175.31868015285966	4.0	4	4
175.41874789267294	5.0	5	5
175.51881563248622	5.0	5	5
175.61888337229948	5.0	5	5
175.71895111211276	5.0	5	5
175.81901885192605	5.0	5	5
175.9190865917393	4.0	4	4
176.01915433155258	4.0	4	4
176.11922207136587	4.0	4	4
176.21928981117915	4.0	4	4
176.3193575509924	4.0	4	4
176.4194252908057	4.0	4	4
176.51949303061897	4.0	4	4
176.61956077043226	4.0	4	4
176.7196285102455	4.0	4	4
176.8196962500588	4.0	4	4
176.91976398987208	4.0	4	4
177.01983172968536	4.0	4	4
177.11989946949862	4.0	4	4
177.2199672093119	4.0	4	4
177.3200349491252	4.0	4	4
177.42010268893844	4.0	4	4
177.52017042875173	4.0	4	4
177.620238168565	4.0	4	4
177.7203059083783	4.0	4	4
177.82037364819155	4.0	4	4
177.92044138800483	4.0	4	4
178.02050912781812	4.0	4	4
178.1205768676314	4.0	4	4
178.22064460744465	4.0	4	4
178.32071234725794	4.0	4	4
178.42078008707122	4.0	4	4
178.5208478268845	4.0	4	4
178.62091556669776	4.0	4	4
178.72098330651104	4.0	4	4
178.82105104632433	4.0	4	4
178.92111878613758	4.0	4	4
179.02118652595087	4.0	4	4
179.12125426576415	4.0	4	4
179.22132200557743	4.0	4	4
179.3213897453907	4.0	4	4
179.42145748520397	4.0	4	4
179.52152522501726	4.0	4	4
179.62159296483054	4.0	4	4
179.7216607046438	4.0	4	4
179.82172844445708	4.0	4	4
179.92179618427036	4.0	4	4
180.02186392408365	4.0	4	4
180.1219316638969	4.0	4	4
180.22199940371019	4.0	4	4
180.32206714352347	4.0	4	4
180.42213488333672	4.0	4	4
180.52220262315	4.0	4	4
180.6222703629633	4.0	4	4
180.72233810277658	4.0	4	4
180.82240584258983	4.0	4	4
180.92247358240311	4.0	4	4
181.0225413222164	3.0	3	3
181.12260906202968	3.0	3	3
181.22267680184294	3.0	3	3
181.32274454165622	3.0	3	3
181.4228122814695	3.0	3	3
181.52288002128276	3.0	3	3
181.62294776109604	3.0	3	3
181.72301550090933	3.0	3	3
181.8230832407226	3.0	3	3
181.92315098053587	3.0	3	3
182.02321872034915	3.0	3	3
182.12328646016243	3.0	3	3
182.22335419997572	3.0	3	3
182.32342193978897	3.0	3	3
182.42348967960226	3.0	3	3
182.52355741941554	3.0	3	3
182.62362515922882	3.0	3	3
182.72369289904208	3.0	3	3
182.82376063885536	3.0	3	3
182.92382837866865	3.0	3	3
183.0238961184819	3.0	3	3
183.12396385829518	2.0	2	2
183.22403159810847	2.0	2	2
183.32409933792175	2.0	2	2
183.424167077735	2.0	2	2
183.5242348175483	2.0	2	2
183.62430255736157	2.0	2	2
183.72437029717486	2.0	2	2
183.8244380369881	2.0	2	2
183.9245057768014	2.0	2	2
184.02457351661468	2.0	2	2
184.12464125642796	2.0	2	2
184.22470899624122	2.0	2	2
184.3247767360545	2.0	2	2
184.4248444758678	2.0	2	2
184.52491221568104	2.0	2	2
184.62497995549433	2.0	2	2
184.7250476953076	1.0	1	1
184.8251154351209	1.0	1	1
184.92518317493415	1.0	1	1
185.02525091474743	1.0	1	1
185.12531865456072	1.0	1	1
185.225386394374	1.0	1	1
