time	diversity	m_div	M_div
0.0	38.0	38	38
0.10010484692789665	38.0	38	38
0.2002096938557933	38.0	38	38
0.3003145407836899	38.0	38	38
0.4004193877115866	38.0	38	38
0.5005242346394833	38.0	38	38
0.6006290815673798	38.0	38	38
0.7007339284952765	36.0	36	36
0.8008387754231732	33.0	33	33
0.9009436223510698	33.0	33	33
1.0010484692789665	33.0	33	33
1.1011533162068632	33.0	33	33
1.2012581631347596	33.0	33	33
1.3013630100626563	33.0	33	33
1.401467856990553	33.0	33	33
1.5015727039184497	33.0	33	33
1.6016775508463463	33.0	33	33
1.701782397774243	33.0	33	33
1.8018872447021397	33.0	33	33
1.9019920916300364	33.0	33	33
2.002096938557933	33.0	33	33
2.1022017854858297	33.0	33	33
2.2023066324137264	33.0	33	33
2.302411479341623	33.0	33	33
2.4025163262695193	33.0	33	33
2.502621173197416	33.0	33	33
2.6027260201253126	33.0	33	33
2.7028308670532093	33.0	33	33
2.802935713981106	33.0	33	33
2.9030405609090026	33.0	33	33
3.0031454078368993	30.0	30	30
3.103250254764796	30.0	30	30
3.2033551016926927	31.0	31	31
3.3034599486205893	31.0	31	31
3.403564795548486	31.0	31	31
3.5036696424763827	31.0	31	31
3.6037744894042794	31.0	31	31
3.703879336332176	32.0	32	32
3.8039841832600727	32.0	32	32
3.9040890301879694	32.0	32	32
4.004193877115866	32.0	32	32
4.104298724043763	32.0	32	32
4.204403570971659	32.0	32	32
4.304508417899556	30.0	30	30
4.404613264827453	30.0	30	30
4.504718111755349	30.0	30	30
4.604822958683246	27.0	27	27
4.704927805611143	27.0	27	27
4.8050326525390386	26.0	26	26
4.905137499466935	25.0	25	25
5.005242346394832	23.0	23	23
5.105347193322729	23.0	23	23
5.205452040250625	23.0	23	23
5.305556887178522	23.0	23	23
5.405661734106419	23.0	23	23
5.505766581034315	23.0	23	23
5.605871427962212	23.0	23	23
5.705976274890109	21.0	21	21
5.806081121818005	19.0	19	19
5.906185968745902	19.0	19	19
6.006290815673799	19.0	19	19
6.106395662601695	19.0	19	19
6.206500509529592	19.0	19	19
6.306605356457489	17.0	17	17
6.406710203385385	17.0	17	17
6.506815050313282	16.0	16	16
6.606919897241179	15.0	15	15
6.707024744169075	13.0	13	13
6.807129591096972	13.0	13	13
6.907234438024869	3.0	3	3
7.007339284952765	3.0	3	3
7.107444131880662	3.0	3	3
7.207548978808559	3.0	3	3
7.307653825736455	3.0	3	3
7.407758672664352	3.0	3	3
7.507863519592249	3.0	3	3
7.607968366520145	4.0	4	4
7.708073213448042	4.0	4	4
7.808178060375939	4.0	4	4
7.908282907303835	4.0	4	4
8.008387754231732	4.0	4	4
8.108492601159629	4.0	4	4
8.208597448087525	4.0	4	4
8.308702295015422	4.0	4	4
8.408807141943319	4.0	4	4
8.508911988871215	4.0	4	4
8.609016835799112	4.0	4	4
8.709121682727009	4.0	4	4
8.809226529654905	4.0	4	4
8.909331376582802	4.0	4	4
9.009436223510699	4.0	4	4
9.109541070438596	4.0	4	4
9.209645917366492	4.0	4	4
9.309750764294389	4.0	4	4
9.409855611222286	4.0	4	4
9.509960458150182	4.0	4	4
9.610065305078077	4.0	4	4
9.710170152005974	4.0	4	4
9.81027499893387	4.0	4	4
9.910379845861767	4.0	4	4
10.010484692789664	4.0	4	4
10.11058953971756	4.0	4	4
10.210694386645457	4.0	4	4
10.310799233573354	4.0	4	4
10.41090408050125	4.0	4	4
10.511008927429147	4.0	4	4
10.611113774357044	4.0	4	4
10.71121862128494	4.0	4	4
10.811323468212837	4.0	4	4
10.911428315140734	4.0	4	4
11.01153316206863	4.0	4	4
11.111638008996527	4.0	4	4
11.211742855924424	4.0	4	4
11.31184770285232	4.0	4	4
11.411952549780217	4.0	4	4
11.512057396708114	4.0	4	4
11.61216224363601	4.0	4	4
11.712267090563907	4.0	4	4
11.812371937491804	4.0	4	4
11.9124767844197	4.0	4	4
12.012581631347597	4.0	4	4
12.112686478275494	4.0	4	4
12.21279132520339	4.0	4	4
12.312896172131287	4.0	4	4
12.413001019059184	4.0	4	4
12.51310586598708	4.0	4	4
12.613210712914977	4.0	4	4
12.713315559842874	4.0	4	4
12.81342040677077	4.0	4	4
12.913525253698667	4.0	4	4
13.013630100626564	4.0	4	4
13.11373494755446	4.0	4	4
13.213839794482357	4.0	4	4
13.313944641410254	4.0	4	4
13.41404948833815	4.0	4	4
13.514154335266047	4.0	4	4
13.614259182193944	4.0	4	4
13.71436402912184	4.0	4	4
13.814468876049737	4.0	4	4
13.914573722977634	4.0	4	4
14.01467856990553	4.0	4	4
14.114783416833427	4.0	4	4
14.214888263761324	4.0	4	4
14.31499311068922	4.0	4	4
14.415097957617117	4.0	4	4
14.515202804545014	4.0	4	4
14.61530765147291	5.0	5	5
14.715412498400807	5.0	5	5
14.815517345328704	5.0	5	5
14.9156221922566	5.0	5	5
15.015727039184497	5.0	5	5
15.115831886112394	5.0	5	5
15.21593673304029	5.0	5	5
15.316041579968187	5.0	5	5
15.416146426896084	5.0	5	5
15.51625127382398	5.0	5	5
15.616356120751878	5.0	5	5
15.716460967679774	5.0	5	5
15.81656581460767	5.0	5	5
15.916670661535568	5.0	5	5
16.016775508463464	5.0	5	5
16.11688035539136	5.0	5	5
16.216985202319258	5.0	5	5
16.317090049247152	5.0	5	5
16.41719489617505	5.0	5	5
16.517299743102946	5.0	5	5
16.617404590030844	5.0	5	5
16.71750943695874	5.0	5	5
16.817614283886638	5.0	5	5
16.917719130814532	5.0	5	5
17.01782397774243	5.0	5	5
17.117928824670326	5.0	5	5
17.218033671598224	5.0	5	5
17.31813851852612	5.0	5	5
17.418243365454018	5.0	5	5
17.518348212381913	5.0	5	5
17.61845305930981	5.0	5	5
17.718557906237706	5.0	5	5
17.818662753165604	5.0	5	5
17.9187676000935	5.0	5	5
18.018872447021398	5.0	5	5
18.118977293949293	5.0	5	5
18.21908214087719	5.0	5	5
18.319186987805086	5.0	5	5
18.419291834732984	5.0	5	5
18.51939668166088	5.0	5	5
18.619501528588778	5.0	5	5
18.719606375516673	5.0	5	5
18.81971122244457	5.0	5	5
18.919816069372466	5.0	5	5
19.019920916300364	5.0	5	5
19.12002576322826	5.0	5	5
19.220130610156154	5.0	5	5
19.320235457084053	5.0	5	5
19.420340304011948	5.0	5	5
19.520445150939846	5.0	5	5
19.62054999786774	5.0	5	5
19.72065484479564	5.0	5	5
19.820759691723534	5.0	5	5
19.920864538651433	5.0	5	5
20.020969385579328	5.0	5	5
20.121074232507226	5.0	5	5
20.22117907943512	5.0	5	5
20.32128392636302	5.0	5	5
20.421388773290914	5.0	5	5
20.521493620218813	5.0	5	5
20.621598467146708	5.0	5	5
20.721703314074606	4.0	4	4
20.8218081610025	4.0	4	4
20.9219130079304	4.0	4	4
21.022017854858294	4.0	4	4
21.122122701786193	4.0	4	4
21.222227548714088	4.0	4	4
21.322332395641986	4.0	4	4
21.42243724256988	4.0	4	4
21.52254208949778	4.0	4	4
21.622646936425674	4.0	4	4
21.722751783353573	4.0	4	4
21.822856630281468	4.0	4	4
21.922961477209366	3.0	3	3
22.02306632413726	3.0	3	3
22.12317117106516	2.0	2	2
22.223276017993054	2.0	2	2
22.323380864920953	2.0	2	2
22.423485711848848	2.0	2	2
22.523590558776746	2.0	2	2
22.62369540570464	2.0	2	2
22.72380025263254	2.0	2	2
22.823905099560434	2.0	2	2
22.924009946488333	2.0	2	2
23.024114793416228	2.0	2	2
23.124219640344126	2.0	2	2
23.22432448727202	2.0	2	2
23.32442933419992	2.0	2	2
23.424534181127814	2.0	2	2
23.524639028055713	2.0	2	2
23.624743874983608	2.0	2	2
23.724848721911506	2.0	2	2
23.8249535688394	2.0	2	2
23.9250584157673	2.0	2	2
24.025163262695195	2.0	2	2
24.125268109623093	2.0	2	2
24.225372956550988	2.0	2	2
24.325477803478886	2.0	2	2
24.42558265040678	2.0	2	2
24.52568749733468	2.0	2	2
24.625792344262575	2.0	2	2
24.725897191190473	2.0	2	2
24.826002038118368	2.0	2	2
24.926106885046266	2.0	2	2
25.02621173197416	2.0	2	2
25.12631657890206	2.0	2	2
25.226421425829955	2.0	2	2
25.326526272757853	2.0	2	2
25.426631119685748	2.0	2	2
25.526735966613646	2.0	2	2
25.62684081354154	2.0	2	2
25.726945660469436	2.0	2	2
25.827050507397335	2.0	2	2
25.92715535432523	2.0	2	2
26.027260201253128	2.0	2	2
26.127365048181023	2.0	2	2
26.22746989510892	2.0	2	2
26.327574742036816	2.0	2	2
26.427679588964715	1.0	1	1
26.52778443589261	1.0	1	1
26.627889282820508	1.0	1	1
26.727994129748403	1.0	1	1
26.8280989766763	1.0	1	1
26.928203823604196	1.0	1	1
27.028308670532095	1.0	1	1
27.12841351745999	1.0	1	1
27.228518364387888	1.0	1	1
27.328623211315783	1.0	1	1
27.42872805824368	1.0	1	1
27.528832905171576	1.0	1	1
27.628937752099475	0.0	0	0
27.72904259902737	0.0	0	0
27.829147445955268	0.0	0	0
27.929252292883163	0.0	0	0
28.02935713981106	0.0	0	0
28.129461986738956	0.0	0	0
28.229566833666855	0.0	0	0
28.32967168059475	0.0	0	0
28.429776527522648	0.0	0	0
28.529881374450543	0.0	0	0
28.62998622137844	0.0	0	0
28.730091068306336	1.0	1	1
28.830195915234235	1.0	1	1
28.93030076216213	1.0	1	1
29.030405609090028	1.0	1	1
29.130510456017923	1.0	1	1
29.23061530294582	1.0	1	1
29.330720149873716	1.0	1	1
29.430824996801615	1.0	1	1
29.53092984372951	1.0	1	1
29.63103469065741	1.0	1	1
29.731139537585303	1.0	1	1
29.8312443845132	1.0	1	1
29.931349231441096	1.0	1	1
30.031454078368995	1.0	1	1
30.13155892529689	1.0	1	1
30.23166377222479	1.0	1	1
30.331768619152683	1.0	1	1
30.43187346608058	1.0	1	1
30.531978313008477	1.0	1	1
30.632083159936375	1.0	1	1
30.73218800686427	1.0	1	1
30.83229285379217	1.0	1	1
30.932397700720063	1.0	1	1
31.03250254764796	1.0	1	1
31.132607394575857	1.0	1	1
31.232712241503755	1.0	1	1
31.33281708843165	1.0	1	1
31.43292193535955	1.0	1	1
31.533026782287443	1.0	1	1
31.63313162921534	1.0	1	1
31.733236476143237	1.0	1	1
31.833341323071135	1.0	1	1
31.93344616999903	1.0	1	1
32.03355101692693	1.0	1	1
32.13365586385482	1.0	1	1
32.23376071078272	1.0	1	1
32.33386555771062	1.0	1	1
32.433970404638515	1.0	1	1
32.53407525156641	1.0	1	1
32.634180098494305	1.0	1	1
32.7342849454222	1.0	1	1
32.8343897923501	1.0	1	1
32.93449463927799	1.0	1	1
33.03459948620589	1.0	1	1
33.13470433313379	1.0	1	1
33.23480918006169	1.0	1	1
33.33491402698958	1.0	1	1
33.43501887391748	1.0	1	1
33.53512372084538	1.0	1	1
33.635228567773275	1.0	1	1
33.73533341470117	1.0	1	1
33.835438261629065	1.0	1	1
33.93554310855696	1.0	1	1
34.03564795548486	1.0	1	1
34.13575280241275	1.0	1	1
34.23585764934065	1.0	1	1
34.33596249626855	1.0	1	1
34.43606734319645	1.0	1	1
34.53617219012434	1.0	1	1
34.63627703705224	1.0	1	1
34.73638188398014	1.0	1	1
34.836486730908035	1.0	1	1
34.93659157783593	1.0	1	1
35.036696424763825	1.0	1	1
35.13680127169172	1.0	1	1
35.23690611861962	1.0	1	1
35.33701096554751	1.0	1	1
35.43711581247541	1.0	1	1
35.53722065940331	1.0	1	1
35.63732550633121	1.0	1	1
35.7374303532591	1.0	1	1
35.837535200187	1.0	1	1
35.9376400471149	1.0	1	1
36.037744894042795	1.0	1	1
36.13784974097069	1.0	1	1
36.237954587898585	1.0	1	1
36.338059434826484	1.0	1	1
36.43816428175438	1.0	1	1
36.53826912868227	1.0	1	1
36.63837397561017	1.0	1	1
36.73847882253807	1.0	1	1
36.83858366946597	1.0	1	1
36.93868851639386	1.0	1	1
37.03879336332176	1.0	1	1
37.13889821024966	1.0	1	1
37.239003057177555	1.0	1	1
37.33910790410545	1.0	1	1
37.439212751033345	1.0	1	1
37.539317597961244	2.0	2	2
37.63942244488914	2.0	2	2
37.73952729181703	3.0	3	3
37.83963213874493	3.0	3	3
37.93973698567283	3.0	3	3
38.03984183260073	3.0	3	3
38.13994667952862	4.0	4	4
38.24005152645652	4.0	4	4
38.34015637338442	4.0	4	4
38.44026122031231	5.0	5	5
38.54036606724021	5.0	5	5
38.640470914168105	5.0	5	5
38.740575761096004	5.0	5	5
38.840680608023895	5.0	5	5
38.940785454951794	5.0	5	5
39.04089030187969	6.0	6	6
39.14099514880759	6.0	6	6
39.24109999573548	7.0	7	7
39.34120484266338	7.0	7	7
39.44130968959128	9.0	9	9
39.54141453651918	9.0	9	9
39.64151938344707	10.0	10	10
39.74162423037497	10.0	10	10
39.841729077302865	10.0	10	10
39.941833924230764	10.0	10	10
40.041938771158655	10.0	10	10
40.142043618086554	11.0	11	11
40.24214846501445	11.0	11	11
40.34225331194235	11.0	11	11
40.44235815887024	11.0	11	11
40.54246300579814	11.0	11	11
40.64256785272604	10.0	10	10
40.74267269965394	10.0	10	10
40.84277754658183	10.0	10	10
40.94288239350973	10.0	10	10
41.042987240437625	10.0	10	10
41.143092087365524	10.0	10	10
41.243196934293415	10.0	10	10
41.343301781221314	11.0	11	11
41.44340662814921	11.0	11	11
41.54351147507711	11.0	11	11
41.643616322005	11.0	11	11
41.7437211689329	11.0	11	11
41.8438260158608	11.0	11	11
41.9439308627887	12.0	12	12
42.04403570971659	12.0	12	12
42.14414055664449	12.0	12	12
42.244245403572386	12.0	12	12
42.344350250500284	12.0	12	12
42.444455097428175	12.0	12	12
42.544559944356074	12.0	12	12
42.64466479128397	12.0	12	12
42.74476963821187	12.0	12	12
42.84487448513976	12.0	12	12
42.94497933206766	12.0	12	12
43.04508417899556	12.0	12	12
43.14518902592346	12.0	12	12
43.24529387285135	12.0	12	12
43.34539871977925	12.0	12	12
43.445503566707146	12.0	12	12
43.545608413635044	12.0	12	12
43.645713260562935	12.0	12	12
43.745818107490834	12.0	12	12
43.84592295441873	12.0	12	12
43.94602780134663	12.0	12	12
44.04613264827452	12.0	12	12
44.14623749520242	12.0	12	12
44.24634234213032	12.0	12	12
44.34644718905822	12.0	12	12
44.44655203598611	12.0	12	12
44.54665688291401	12.0	12	12
44.646761729841906	12.0	12	12
44.746866576769804	12.0	12	12
44.846971423697696	12.0	12	12
44.947076270625594	12.0	12	12
45.04718111755349	12.0	12	12
45.147285964481384	12.0	12	12
45.24739081140928	12.0	12	12
45.34749565833718	11.0	11	11
45.44760050526508	11.0	11	11
45.54770535219297	11.0	11	11
45.64781019912087	11.0	11	11
45.74791504604877	11.0	11	11
45.848019892976666	11.0	11	11
45.94812473990456	11.0	11	11
46.048229586832456	11.0	11	11
46.148334433760354	11.0	11	11
46.24843928068825	11.0	11	11
46.348544127616144	11.0	11	11
46.44864897454404	11.0	11	11
46.54875382147194	12.0	12	12
46.64885866839984	13.0	13	13
46.74896351532773	13.0	13	13
46.84906836225563	13.0	13	13
46.94917320918353	14.0	14	14
47.049278056111426	14.0	14	14
47.14938290303932	14.0	14	14
47.249487749967216	14.0	14	14
47.349592596895114	14.0	14	14
47.44969744382301	14.0	14	14
47.549802290750904	14.0	14	14
47.6499071376788	14.0	14	14
47.7500119846067	14.0	14	14
47.8501168315346	15.0	15	15
47.95022167846249	15.0	15	15
48.05032652539039	15.0	15	15
48.15043137231829	15.0	15	15
48.250536219246186	15.0	15	15
48.35064106617408	15.0	15	15
48.450745913101976	15.0	15	15
48.550850760029874	15.0	15	15
48.65095560695777	15.0	15	15
48.751060453885664	15.0	15	15
48.85116530081356	15.0	15	15
48.95127014774146	15.0	15	15
49.05137499466936	15.0	15	15
49.15147984159725	15.0	15	15
49.25158468852515	15.0	15	15
49.35168953545305	16.0	16	16
49.451794382380946	16.0	16	16
49.55189922930884	16.0	16	16
49.652004076236736	16.0	16	16
49.752108923164634	16.0	16	16
49.85221377009253	16.0	16	16
49.952318617020424	16.0	16	16
50.05242346394832	16.0	16	16
50.15252831087622	16.0	16	16
50.25263315780412	16.0	16	16
50.35273800473201	16.0	16	16
50.45284285165991	16.0	16	16
50.55294769858781	16.0	16	16
50.653052545515706	15.0	15	15
50.7531573924436	15.0	15	15
50.853262239371496	15.0	15	15
50.953367086299394	14.0	14	14
51.05347193322729	14.0	14	14
51.153576780155184	13.0	13	13
51.25368162708308	13.0	13	13
51.35378647401098	13.0	13	13
51.45389132093887	13.0	13	13
51.55399616786677	13.0	13	13
51.65410101479467	13.0	13	13
51.75420586172257	13.0	13	13
51.85431070865046	14.0	14	14
51.95441555557836	14.0	14	14
52.054520402506256	14.0	14	14
52.154625249434154	15.0	15	15
52.254730096362046	15.0	15	15
52.354834943289944	15.0	15	15
52.45493979021784	15.0	15	15
52.55504463714574	14.0	14	14
52.65514948407363	14.0	14	14
52.75525433100153	14.0	14	14
52.85535917792943	15.0	15	15
52.95546402485733	15.0	15	15
53.05556887178522	15.0	15	15
53.15567371871312	15.0	15	15
53.255778565641016	15.0	15	15
53.355883412568915	14.0	14	14
53.455988259496806	14.0	14	14
53.556093106424704	14.0	14	14
53.6561979533526	14.0	14	14
53.7563028002805	13.0	13	13
53.85640764720839	13.0	13	13
53.95651249413629	12.0	12	12
54.05661734106419	12.0	12	12
54.15672218799209	12.0	12	12
54.25682703491998	12.0	12	12
54.35693188184788	11.0	11	11
54.457036728775776	11.0	11	11
54.557141575703675	11.0	11	11
54.657246422631566	11.0	11	11
54.757351269559464	11.0	11	11
54.85745611648736	10.0	10	10
54.95756096341526	10.0	10	10
55.05766581034315	9.0	9	9
55.15777065727105	10.0	10	10
55.25787550419895	11.0	11	11
55.35798035112685	9.0	9	9
55.45808519805474	9.0	9	9
55.55819004498264	9.0	9	9
55.658294891910536	9.0	9	9
55.758399738838435	8.0	8	8
55.858504585766326	8.0	8	8
55.958609432694224	8.0	8	8
56.05871427962212	8.0	8	8
56.15881912655002	8.0	8	8
56.25892397347791	7.0	7	7
56.35902882040581	8.0	8	8
56.45913366733371	8.0	8	8
56.55923851426161	7.0	7	7
56.6593433611895	7.0	7	7
56.7594482081174	7.0	7	7
56.859553055045296	8.0	8	8
56.959657901973195	8.0	8	8
57.059762748901086	8.0	8	8
57.159867595828985	8.0	8	8
57.25997244275688	6.0	6	6
57.36007728968478	7.0	7	7
57.46018213661267	7.0	7	7
57.56028698354057	7.0	7	7
57.66039183046847	6.0	6	6
57.76049667739636	7.0	7	7
57.86060152432426	7.0	7	7
57.96070637125216	7.0	7	7
58.060811218180056	6.0	6	6
58.16091606510795	6.0	6	6
58.261020912035846	8.0	8	8
58.361125758963745	8.0	8	8
58.46123060589164	9.0	9	9
58.561335452819534	8.0	8	8
58.66144029974743	8.0	8	8
58.76154514667533	8.0	8	8
58.86164999360323	7.0	7	7
58.96175484053112	7.0	7	7
59.06185968745902	7.0	7	7
59.16196453438692	7.0	7	7
59.26206938131482	7.0	7	7
59.36217422824271	5.0	5	5
59.462279075170606	6.0	6	6
59.562383922098505	5.0	5	5
59.6624887690264	5.0	5	5
59.762593615954295	5.0	5	5
59.86269846288219	4.0	4	4
59.96280330981009	4.0	4	4
60.06290815673799	4.0	4	4
60.16301300366588	5.0	5	5
60.26311785059378	5.0	5	5
60.36322269752168	4.0	4	4
60.46332754444958	4.0	4	4
60.56343239137747	4.0	4	4
60.663537238305366	4.0	4	4
60.763642085233265	5.0	5	5
60.86374693216116	5.0	5	5
60.963851779089055	5.0	5	5
61.06395662601695	5.0	5	5
61.16406147294485	5.0	5	5
61.26416631987275	5.0	5	5
61.36427116680064	5.0	5	5
61.46437601372854	5.0	5	5
61.56448086065644	6.0	6	6
61.66458570758434	6.0	6	6
61.76469055451223	7.0	7	7
61.86479540144013	7.0	7	7
61.964900248368025	7.0	7	7
62.06500509529592	7.0	7	7
62.165109942223815	7.0	7	7
62.26521478915171	6.0	6	6
62.36531963607961	6.0	6	6
62.46542448300751	6.0	6	6
62.5655293299354	6.0	6	6
62.6656341768633	6.0	6	6
62.7657390237912	6.0	6	6
62.8658438707191	6.0	6	6
62.96594871764699	6.0	6	6
63.06605356457489	6.0	6	6
63.166158411502785	6.0	6	6
63.26626325843068	6.0	6	6
63.366368105358575	6.0	6	6
63.46647295228647	7.0	7	7
63.56657779921437	7.0	7	7
63.66668264614227	7.0	7	7
63.76678749307016	7.0	7	7
63.86689233999806	7.0	7	7
63.96699718692596	7.0	7	7
64.06710203385386	6.0	6	6
64.16720688078175	6.0	6	6
64.26731172770964	6.0	6	6
64.36741657463755	6.0	6	6
64.46752142156544	6.0	6	6
64.56762626849334	6.0	6	6
64.66773111542123	6.0	6	6
64.76783596234912	6.0	6	6
64.86794080927703	6.0	6	6
64.96804565620492	5.0	5	5
65.06815050313281	5.0	5	5
65.16825535006072	5.0	5	5
65.26836019698861	5.0	5	5
65.36846504391652	7.0	7	7
65.4685698908444	9.0	9	9
65.5686747377723	11.0	11	11
65.6687795847002	12.0	12	12
65.7688844316281	18.0	18	18
65.86898927855599	21.0	21	21
65.96909412548389	21.0	21	21
66.06919897241178	22.0	22	22
66.16930381933969	23.0	23	23
66.26940866626758	23.0	23	23
66.36951351319547	23.0	23	23
66.46961836012338	23.0	23	23
66.56972320705127	22.0	22	22
66.66982805397916	21.0	21	21
66.76993290090707	21.0	21	21
66.87003774783496	20.0	20	20
66.97014259476286	20.0	20	20
67.07024744169075	21.0	21	21
67.17035228861864	21.0	21	21
67.27045713554655	21.0	21	21
67.37056198247444	19.0	19	19
67.47066682940233	19.0	19	19
67.57077167633024	17.0	17	17
67.67087652325813	17.0	17	17
67.77098137018604	17.0	17	17
67.87108621711393	16.0	16	16
67.97119106404182	17.0	17	17
68.07129591096972	17.0	17	17
68.17140075789762	17.0	17	17
68.2715056048255	17.0	17	17
68.37161045175341	17.0	17	17
68.4717152986813	17.0	17	17
68.57182014560921	17.0	17	17
68.6719249925371	17.0	17	17
68.77202983946499	17.0	17	17
68.8721346863929	17.0	17	17
68.97223953332079	17.0	17	17
69.07234438024868	17.0	17	17
69.17244922717659	17.0	17	17
69.27255407410448	17.0	17	17
69.37265892103238	17.0	17	17
69.47276376796027	17.0	17	17
69.57286861488816	18.0	18	18
69.67297346181607	18.0	18	18
69.77307830874396	18.0	18	18
69.87318315567185	18.0	18	18
69.97328800259976	15.0	15	15
70.07339284952765	14.0	14	14
70.17349769645556	14.0	14	14
70.27360254338345	13.0	13	13
70.37370739031134	13.0	13	13
70.47381223723924	13.0	13	13
70.57391708416714	13.0	13	13
70.67402193109503	13.0	13	13
70.77412677802293	14.0	14	14
70.87423162495082	14.0	14	14
70.97433647187871	14.0	14	14
71.07444131880662	14.0	14	14
71.17454616573451	14.0	14	14
71.27465101266242	16.0	16	16
71.37475585959031	15.0	15	15
71.4748607065182	16.0	16	16
71.5749655534461	16.0	16	16
71.675070400374	16.0	16	16
71.77517524730189	15.0	15	15
71.8752800942298	15.0	15	15
71.97538494115769	15.0	15	15
72.07548978808559	14.0	14	14
72.17559463501348	14.0	14	14
72.27569948194137	14.0	14	14
72.37580432886928	14.0	14	14
72.47590917579717	15.0	15	15
72.57601402272506	15.0	15	15
72.67611886965297	15.0	15	15
72.77622371658086	15.0	15	15
72.87632856350876	13.0	13	13
72.97643341043666	13.0	13	13
73.07653825736455	13.0	13	13
73.17664310429245	13.0	13	13
73.27674795122034	13.0	13	13
73.37685279814824	13.0	13	13
73.47695764507614	12.0	12	12
73.57706249200403	12.0	12	12
73.67716733893194	12.0	12	12
73.77727218585983	13.0	13	13
73.87737703278772	14.0	14	14
73.97748187971563	14.0	14	14
74.07758672664352	14.0	14	14
74.17769157357141	14.0	14	14
74.27779642049931	13.0	13	13
74.3779012674272	13.0	13	13
74.47800611435511	13.0	13	13
74.578110961283	14.0	14	14
74.6782158082109	14.0	14	14
74.7783206551388	14.0	14	14
74.87842550206669	14.0	14	14
74.97853034899458	13.0	13	13
75.07863519592249	13.0	13	13
75.17874004285038	13.0	13	13
75.27884488977828	13.0	13	13
75.37894973670618	13.0	13	13
75.47905458363407	13.0	13	13
75.57915943056197	14.0	14	14
75.67926427748986	14.0	14	14
75.77936912441776	14.0	14	14
75.87947397134566	14.0	14	14
75.97957881827355	14.0	14	14
76.07968366520146	14.0	14	14
76.17978851212935	14.0	14	14
76.27989335905724	14.0	14	14
76.37999820598515	14.0	14	14
76.48010305291304	14.0	14	14
76.58020789984093	14.0	14	14
76.68031274676883	14.0	14	14
76.78041759369673	14.0	14	14
76.88052244062462	14.0	14	14
76.98062728755252	14.0	14	14
77.08073213448041	14.0	14	14
77.18083698140832	14.0	14	14
77.28094182833621	12.0	12	12
77.3810466752641	12.0	12	12
77.48115152219201	12.0	12	12
77.5812563691199	12.0	12	12
77.68136121604779	11.0	11	11
77.7814660629757	11.0	11	11
77.88157090990359	11.0	11	11
77.98167575683149	11.0	11	11
78.08178060375938	11.0	11	11
78.18188545068728	11.0	11	11
78.28199029761518	11.0	11	11
78.38209514454307	11.0	11	11
78.48219999147096	11.0	11	11
78.58230483839887	11.0	11	11
78.68240968532676	11.0	11	11
78.78251453225467	11.0	11	11
78.88261937918256	11.0	11	11
78.98272422611045	11.0	11	11
79.08282907303835	11.0	11	11
79.18293391996625	11.0	11	11
79.28303876689414	11.0	11	11
79.38314361382204	11.0	11	11
79.48324846074993	11.0	11	11
79.58335330767784	11.0	11	11
79.68345815460573	11.0	11	11
79.78356300153362	11.0	11	11
79.88366784846153	11.0	11	11
79.98377269538942	11.0	11	11
80.08387754231731	11.0	11	11
80.18398238924522	11.0	11	11
80.28408723617311	11.0	11	11
80.38419208310101	12.0	12	12
80.4842969300289	12.0	12	12
80.5844017769568	12.0	12	12
80.6845066238847	12.0	12	12
80.78461147081259	12.0	12	12
80.88471631774048	12.0	12	12
80.98482116466839	12.0	12	12
81.08492601159628	12.0	12	12
81.18503085852419	12.0	12	12
81.28513570545208	12.0	12	12
81.38524055237997	12.0	12	12
81.48534539930787	12.0	12	12
81.58545024623577	11.0	11	11
81.68555509316366	11.0	11	11
81.78565994009156	10.0	10	10
81.88576478701945	10.0	10	10
81.98586963394736	11.0	11	11
82.08597448087525	11.0	11	11
82.18607932780314	11.0	11	11
82.28618417473105	11.0	11	11
82.38628902165894	10.0	10	10
82.48639386858683	10.0	10	10
82.58649871551474	10.0	10	10
82.68660356244263	10.0	10	10
82.78670840937053	10.0	10	10
82.88681325629842	10.0	10	10
82.98691810322632	10.0	10	10
83.08702295015422	11.0	11	11
83.18712779708211	12.0	12	12
83.28723264401	13.0	13	13
83.38733749093791	11.0	11	11
83.4874423378658	11.0	11	11
83.58754718479369	11.0	11	11
83.6876520317216	11.0	11	11
83.78775687864949	11.0	11	11
83.8878617255774	11.0	11	11
83.98796657250529	11.0	11	11
84.08807141943318	11.0	11	11
84.18817626636108	11.0	11	11
84.28828111328897	13.0	13	13
84.38838596021687	13.0	13	13
84.48849080714477	13.0	13	13
84.58859565407266	12.0	12	12
84.68870050100057	10.0	10	10
84.78880534792846	10.0	10	10
84.88891019485635	10.0	10	10
84.98901504178426	10.0	10	10
85.08911988871215	10.0	10	10
85.18922473564004	10.0	10	10
85.28932958256794	10.0	10	10
85.38943442949584	10.0	10	10
85.48953927642374	10.0	10	10
85.58964412335163	10.0	10	10
85.68974897027952	8.0	8	8
85.78985381720743	8.0	8	8
85.88995866413532	8.0	8	8
85.99006351106321	8.0	8	8
86.09016835799112	8.0	8	8
86.19027320491901	8.0	8	8
86.29037805184691	8.0	8	8
86.3904828987748	8.0	8	8
86.4905877457027	8.0	8	8
86.5906925926306	7.0	7	7
86.6907974395585	8.0	8	8
86.79090228648639	8.0	8	8
86.89100713341429	7.0	7	7
86.99111198034218	6.0	6	6
87.09121682727009	6.0	6	6
87.19132167419798	6.0	6	6
87.29142652112587	6.0	6	6
87.39153136805378	6.0	6	6
87.49163621498167	6.0	6	6
87.59174106190956	6.0	6	6
87.69184590883746	6.0	6	6
87.79195075576536	5.0	5	5
87.89205560269326	5.0	5	5
87.99216044962115	5.0	5	5
88.09226529654904	5.0	5	5
88.19237014347695	5.0	5	5
88.29247499040484	5.0	5	5
88.39257983733273	5.0	5	5
88.49268468426064	5.0	5	5
88.59278953118853	5.0	5	5
88.69289437811643	5.0	5	5
88.79299922504433	5.0	5	5
88.89310407197222	5.0	5	5
88.99320891890012	5.0	5	5
89.09331376582801	6.0	6	6
89.1934186127559	6.0	6	6
89.29352345968381	6.0	6	6
89.3936283066117	6.0	6	6
89.49373315353961	6.0	6	6
89.5938380004675	6.0	6	6
89.69394284739539	6.0	6	6
89.7940476943233	6.0	6	6
89.89415254125119	6.0	6	6
89.99425738817908	6.0	6	6
90.09436223510698	6.0	6	6
90.19446708203488	7.0	7	7
90.29457192896277	7.0	7	7
90.39467677589067	7.0	7	7
90.49478162281856	7.0	7	7
90.59488646974647	7.0	7	7
90.69499131667436	6.0	6	6
90.79509616360225	6.0	6	6
90.89520101053016	6.0	6	6
90.99530585745805	6.0	6	6
91.09541070438594	7.0	7	7
91.19551555131385	6.0	6	6
91.29562039824174	6.0	6	6
91.39572524516964	6.0	6	6
91.49583009209753	6.0	6	6
91.59593493902543	6.0	6	6
91.69603978595333	6.0	6	6
91.79614463288122	6.0	6	6
91.89624947980911	6.0	6	6
91.99635432673702	6.0	6	6
92.09645917366491	6.0	6	6
92.19656402059282	6.0	6	6
92.29666886752071	6.0	6	6
92.3967737144486	6.0	6	6
92.4968785613765	6.0	6	6
92.5969834083044	6.0	6	6
92.69708825523229	6.0	6	6
92.7971931021602	6.0	6	6
92.89729794908808	7.0	7	7
92.99740279601599	7.0	7	7
93.09750764294388	7.0	7	7
93.19761248987177	7.0	7	7
93.29771733679968	7.0	7	7
93.39782218372757	7.0	7	7
93.49792703065546	8.0	8	8
93.59803187758337	8.0	8	8
93.69813672451126	8.0	8	8
93.79824157143916	9.0	9	9
93.89834641836705	9.0	9	9
93.99845126529495	10.0	10	10
94.09855611222285	9.0	9	9
94.19866095915074	9.0	9	9
94.29876580607863	8.0	8	8
94.39887065300654	8.0	8	8
94.49897549993443	8.0	8	8
94.59908034686234	8.0	8	8
94.69918519379023	7.0	7	7
94.79929004071812	7.0	7	7
94.89939488764603	5.0	5	5
94.99949973457392	6.0	6	6
95.09960458150181	5.0	5	5
95.19970942842971	5.0	5	5
95.2998142753576	5.0	5	5
95.39991912228551	5.0	5	5
95.5000239692134	5.0	5	5
95.6001288161413	5.0	5	5
95.7002336630692	4.0	4	4
95.80033850999709	4.0	4	4
95.90044335692498	5.0	5	5
96.00054820385289	5.0	5	5
96.10065305078078	4.0	4	4
96.20075789770867	3.0	3	3
96.30086274463658	3.0	3	3
96.40096759156447	3.0	3	3
96.50107243849237	3.0	3	3
96.60117728542026	3.0	3	3
96.70128213234815	3.0	3	3
96.80138697927606	3.0	3	3
96.90149182620395	3.0	3	3
97.00159667313184	3.0	3	3
97.10170152005975	2.0	2	2
97.20180636698764	2.0	2	2
97.30191121391555	3.0	3	3
97.40201606084344	3.0	3	3
97.50212090777133	3.0	3	3
97.60222575469923	4.0	4	4
97.70233060162712	4.0	4	4
97.80243544855502	4.0	4	4
97.90254029548292	4.0	4	4
98.00264514241081	4.0	4	4
98.10274998933872	4.0	4	4
98.20285483626661	4.0	4	4
98.3029596831945	4.0	4	4
98.4030645301224	4.0	4	4
98.5031693770503	4.0	4	4
98.60327422397819	4.0	4	4
98.7033790709061	4.0	4	4
98.80348391783399	4.0	4	4
98.90358876476189	4.0	4	4
99.00369361168978	4.0	4	4
99.10379845861767	4.0	4	4
99.20390330554558	4.0	4	4
99.30400815247347	4.0	4	4
99.40411299940136	4.0	4	4
99.50421784632927	4.0	4	4
99.60432269325716	4.0	4	4
99.70442754018507	4.0	4	4
99.80453238711296	4.0	4	4
99.90463723404085	5.0	5	5
100.00474208096875	5.0	5	5
100.10484692789665	5.0	5	5
100.20495177482454	5.0	5	5
100.30505662175244	5.0	5	5
100.40516146868033	5.0	5	5
100.50526631560824	5.0	5	5
100.60537116253613	5.0	5	5
100.70547600946402	5.0	5	5
100.80558085639193	5.0	5	5
100.90568570331982	5.0	5	5
101.00579055024771	5.0	5	5
101.10589539717562	5.0	5	5
101.2060002441035	5.0	5	5
101.30610509103141	5.0	5	5
101.4062099379593	5.0	5	5
101.5063147848872	5.0	5	5
101.6064196318151	5.0	5	5
101.70652447874299	5.0	5	5
101.80662932567088	5.0	5	5
101.90673417259879	4.0	4	4
102.00683901952668	4.0	4	4
102.10694386645459	4.0	4	4
102.20704871338248	4.0	4	4
102.30715356031037	4.0	4	4
102.40725840723827	4.0	4	4
102.50736325416617	4.0	4	4
102.60746810109406	4.0	4	4
102.70757294802196	4.0	4	4
102.80767779494985	4.0	4	4
102.90778264187774	4.0	4	4
103.00788748880565	4.0	4	4
103.10799233573354	4.0	4	4
103.20809718266145	4.0	4	4
103.30820202958934	4.0	4	4
103.40830687651723	4.0	4	4
103.50841172344514	4.0	4	4
103.60851657037303	4.0	4	4
103.70862141730092	4.0	4	4
103.80872626422882	4.0	4	4
103.90883111115672	5.0	5	5
104.00893595808462	5.0	5	5
104.10904080501251	5.0	5	5
104.2091456519404	5.0	5	5
104.30925049886831	5.0	5	5
104.4093553457962	5.0	5	5
104.50946019272409	5.0	5	5
104.609565039652	5.0	5	5
104.70966988657989	5.0	5	5
104.8097747335078	5.0	5	5
104.90987958043569	5.0	5	5
105.00998442736358	5.0	5	5
105.11008927429148	5.0	5	5
105.21019412121937	5.0	5	5
105.31029896814726	5.0	5	5
105.41040381507517	5.0	5	5
105.51050866200306	5.0	5	5
105.61061350893097	5.0	5	5
105.71071835585886	5.0	5	5
105.81082320278675	5.0	5	5
105.91092804971466	5.0	5	5
106.01103289664255	5.0	5	5
106.11113774357044	5.0	5	5
106.21124259049834	5.0	5	5
106.31134743742624	5.0	5	5
106.41145228435414	5.0	5	5
106.51155713128203	5.0	5	5
106.61166197820992	5.0	5	5
106.71176682513783	5.0	5	5
106.81187167206572	5.0	5	5
106.91197651899361	5.0	5	5
107.01208136592152	5.0	5	5
107.11218621284941	5.0	5	5
107.21229105977731	5.0	5	5
107.3123959067052	5.0	5	5
107.4125007536331	5.0	5	5
107.512605600561	5.0	5	5
107.6127104474889	5.0	5	5
107.71281529441679	5.0	5	5
107.81292014134469	5.0	5	5
107.91302498827258	4.0	4	4
108.01312983520049	4.0	4	4
108.11323468212838	4.0	4	4
108.21333952905627	4.0	4	4
108.31344437598418	4.0	4	4
108.41354922291207	4.0	4	4
108.51365406983996	4.0	4	4
108.61375891676786	4.0	4	4
108.71386376369576	4.0	4	4
108.81396861062366	4.0	4	4
108.91407345755155	4.0	4	4
109.01417830447944	4.0	4	4
109.11428315140735	4.0	4	4
109.21438799833524	4.0	4	4
109.31449284526313	4.0	4	4
109.41459769219104	4.0	4	4
109.51470253911893	4.0	4	4
109.61480738604682	4.0	4	4
109.71491223297473	4.0	4	4
109.81501707990262	4.0	4	4
109.91512192683052	4.0	4	4
110.01522677375841	4.0	4	4
110.1153316206863	4.0	4	4
110.21543646761421	4.0	4	4
110.3155413145421	4.0	4	4
110.41564616147	4.0	4	4
110.5157510083979	4.0	4	4
110.61585585532579	3.0	3	3
110.7159607022537	3.0	3	3
110.81606554918159	3.0	3	3
110.91617039610948	3.0	3	3
111.01627524303738	3.0	3	3
111.11638008996528	3.0	3	3
111.21648493689317	3.0	3	3
111.31658978382107	3.0	3	3
111.41669463074896	3.0	3	3
111.51679947767687	3.0	3	3
111.61690432460476	3.0	3	3
111.71700917153265	3.0	3	3
111.81711401846056	3.0	3	3
111.91721886538845	3.0	3	3
112.01732371231634	3.0	3	3
112.11742855924425	3.0	3	3
112.21753340617214	3.0	3	3
112.31763825310004	3.0	3	3
112.41774310002793	3.0	3	3
112.51784794695583	3.0	3	3
112.61795279388373	3.0	3	3
112.71805764081162	3.0	3	3
112.81816248773951	3.0	3	3
112.91826733466742	3.0	3	3
113.01837218159531	3.0	3	3
113.11847702852322	2.0	2	2
113.21858187545111	2.0	2	2
113.318686722379	2.0	2	2
113.4187915693069	1.0	1	1
113.5188964162348	1.0	1	1
113.61900126316269	1.0	1	1
113.71910611009059	1.0	1	1
113.81921095701848	1.0	1	1
113.91931580394639	0.0	0	0
114.01942065087428	0.0	0	0
114.11952549780217	0.0	0	0
114.21963034473008	0.0	0	0
114.31973519165797	0.0	0	0
114.41984003858586	0.0	0	0
114.51994488551377	0.0	0	0
114.62004973244166	0.0	0	0
114.72015457936956	0.0	0	0
114.82025942629745	0.0	0	0
114.92036427322535	0.0	0	0
115.02046912015325	0.0	0	0
115.12057396708114	0.0	0	0
115.22067881400903	0.0	0	0
115.32078366093694	0.0	0	0
115.42088850786483	0.0	0	0
115.52099335479272	0.0	0	0
115.62109820172063	0.0	0	0
115.72120304864852	0.0	0	0
115.82130789557642	0.0	0	0
115.92141274250432	0.0	0	0
116.02151758943221	0.0	0	0
116.12162243636011	0.0	0	0
116.221727283288	0.0	0	0
116.3218321302159	0.0	0	0
116.4219369771438	0.0	0	0
116.52204182407169	0.0	0	0
116.6221466709996	0.0	0	0
116.72225151792749	0.0	0	0
116.82235636485538	0.0	0	0
116.92246121178329	0.0	0	0
117.02256605871118	0.0	0	0
117.12267090563907	0.0	0	0
117.22277575256697	0.0	0	0
117.32288059949487	0.0	0	0
117.42298544642277	0.0	0	0
117.52309029335066	0.0	0	0
117.62319514027855	0.0	0	0
117.72329998720646	0.0	0	0
117.82340483413435	0.0	0	0
117.92350968106224	0.0	0	0
118.02361452799015	0.0	0	0
118.12371937491804	0.0	0	0
118.22382422184594	0.0	0	0
118.32392906877384	0.0	0	0
118.42403391570173	0.0	0	0
118.52413876262963	0.0	0	0
118.62424360955752	0.0	0	0
118.72434845648542	0.0	0	0
118.82445330341332	0.0	0	0
118.92455815034121	0.0	0	0
119.02466299726912	0.0	0	0
119.12476784419701	0.0	0	0
119.2248726911249	0.0	0	0
119.3249775380528	0.0	0	0
119.4250823849807	0.0	0	0
119.52518723190859	0.0	0	0
119.6252920788365	0.0	0	0
119.72539692576439	0.0	0	0
119.82550177269229	0.0	0	0
119.92560661962018	0.0	0	0
120.02571146654807	1.0	1	1
120.12581631347598	1.0	1	1
120.22592116040387	1.0	1	1
120.32602600733176	1.0	1	1
120.42613085425967	1.0	1	1
120.52623570118756	1.0	1	1
120.62634054811546	1.0	1	1
120.72644539504336	1.0	1	1
120.82655024197125	1.0	1	1
120.92665508889915	1.0	1	1
121.02675993582704	1.0	1	1
121.12686478275494	1.0	1	1
121.22696962968284	1.0	1	1
121.32707447661073	1.0	1	1
121.42717932353864	1.0	1	1
121.52728417046653	1.0	1	1
121.62738901739442	1.0	1	1
121.72749386432233	1.0	1	1
121.82759871125022	1.0	1	1
121.92770355817811	1.0	1	1
122.02780840510601	1.0	1	1
122.1279132520339	1.0	1	1
122.2280180989618	0.0	0	0
122.3281229458897	0.0	0	0
122.4282277928176	0.0	0	0
122.5283326397455	0.0	0	0
122.62843748667339	0.0	0	0
122.72854233360128	0.0	0	0
122.82864718052919	0.0	0	0
122.92875202745708	0.0	0	0
123.02885687438497	0.0	0	0
123.12896172131288	0.0	0	0
123.22906656824077	0.0	0	0
123.32917141516867	0.0	0	0
123.42927626209656	0.0	0	0
123.52938110902446	0.0	0	0
123.62948595595236	0.0	0	0
123.72959080288025	0.0	0	0
123.82969564980814	0.0	0	0
123.92980049673605	0.0	0	0
124.02990534366394	0.0	0	0
124.13001019059185	0.0	0	0
124.23011503751974	0.0	0	0
124.33021988444763	0.0	0	0
124.43032473137553	0.0	0	0
124.53042957830343	0.0	0	0
124.63053442523132	0.0	0	0
124.73063927215922	0.0	0	0
124.83074411908711	0.0	0	0
124.93084896601502	0.0	0	0
125.03095381294291	0.0	0	0
125.1310586598708	0.0	0	0
125.23116350679871	0.0	0	0
125.3312683537266	0.0	0	0
125.43137320065449	0.0	0	0
125.5314780475824	0.0	0	0
125.63158289451029	0.0	0	0
125.7316877414382	0.0	0	0
125.83179258836608	0.0	0	0
125.93189743529398	0.0	0	0
126.03200228222188	0.0	0	0
126.13210712914977	0.0	0	0
126.23221197607766	0.0	0	0
126.33231682300557	0.0	0	0
126.43242166993346	0.0	0	0
126.53252651686137	0.0	0	0
126.63263136378926	0.0	0	0
126.73273621071715	0.0	0	0
126.83284105764506	0.0	0	0
126.93294590457295	0.0	0	0
127.03305075150084	1.0	1	1
127.13315559842874	1.0	1	1
127.23326044535663	1.0	1	1
127.33336529228454	1.0	1	1
127.43347013921243	1.0	1	1
127.53357498614032	1.0	1	1
127.63367983306823	1.0	1	1
127.73378467999612	1.0	1	1
127.83388952692401	1.0	1	1
127.93399437385192	1.0	1	1
128.0340992207798	1.0	1	1
128.1342040677077	1.0	1	1
128.2343089146356	1.0	1	1
128.3344137615635	2.0	2	2
128.4345186084914	2.0	2	2
128.53462345541928	3.0	3	3
128.63472830234718	3.0	3	3
128.7348331492751	3.0	3	3
128.834937996203	4.0	4	4
128.93504284313087	4.0	4	4
129.03514769005878	4.0	4	4
129.13525253698668	4.0	4	4
129.23535738391456	3.0	3	3
129.33546223084247	3.0	3	3
129.43556707777037	3.0	3	3
129.53567192469825	3.0	3	3
129.63577677162615	3.0	3	3
129.73588161855406	3.0	3	3
129.83598646548194	3.0	3	3
129.93609131240984	3.0	3	3
130.03619615933775	3.0	3	3
130.13630100626563	3.0	3	3
130.23640585319353	3.0	3	3
130.33651070012144	2.0	2	2
130.43661554704934	2.0	2	2
130.53672039397722	2.0	2	2
130.63682524090513	2.0	2	2
130.73693008783303	2.0	2	2
130.8370349347609	2.0	2	2
130.9371397816888	1.0	1	1
131.03724462861672	1.0	1	1
131.1373494755446	1.0	1	1
131.2374543224725	1.0	1	1
131.3375591694004	1.0	1	1
131.43766401632828	1.0	1	1
131.5377688632562	1.0	1	1
131.6378737101841	1.0	1	1
131.73797855711197	1.0	1	1
131.83808340403988	1.0	1	1
131.93818825096778	1.0	1	1
132.0382930978957	1.0	1	1
132.13839794482357	1.0	1	1
132.23850279175147	1.0	1	1
132.33860763867938	1.0	1	1
132.43871248560725	1.0	1	1
132.53881733253516	1.0	1	1
132.63892217946307	1.0	1	1
132.73902702639094	1.0	1	1
132.83913187331885	1.0	1	1
132.93923672024675	1.0	1	1
133.03934156717463	2.0	2	2
133.13944641410254	2.0	2	2
133.23955126103044	2.0	2	2
133.33965610795832	2.0	2	2
133.43976095488622	2.0	2	2
133.53986580181413	2.0	2	2
133.63997064874204	2.0	2	2
133.7400754956699	2.0	2	2
133.84018034259782	2.0	2	2
133.94028518952572	1.0	1	1
134.0403900364536	1.0	1	1
134.1404948833815	1.0	1	1
134.2405997303094	1.0	1	1
134.3407045772373	2.0	2	2
134.4408094241652	2.0	2	2
134.5409142710931	2.0	2	2
134.64101911802098	2.0	2	2
134.74112396494888	2.0	2	2
134.8412288118768	2.0	2	2
134.94133365880467	2.0	2	2
135.04143850573257	2.0	2	2
135.14154335266048	2.0	2	2
135.24164819958835	2.0	2	2
135.34175304651626	2.0	2	2
135.44185789344417	2.0	2	2
135.54196274037207	2.0	2	2
135.64206758729995	2.0	2	2
135.74217243422785	2.0	2	2
135.84227728115576	2.0	2	2
135.94238212808364	2.0	2	2
136.04248697501154	2.0	2	2
136.14259182193945	2.0	2	2
136.24269666886732	2.0	2	2
136.34280151579523	2.0	2	2
136.44290636272314	1.0	1	1
136.543011209651	1.0	1	1
136.64311605657892	1.0	1	1
136.74322090350682	1.0	1	1
136.8433257504347	1.0	1	1
136.9434305973626	2.0	2	2
137.0435354442905	2.0	2	2
137.14364029121842	2.0	2	2
137.2437451381463	2.0	2	2
137.3438499850742	2.0	2	2
137.4439548320021	2.0	2	2
137.54405967892998	2.0	2	2
137.6441645258579	2.0	2	2
137.7442693727858	2.0	2	2
137.84437421971367	2.0	2	2
137.94447906664158	2.0	2	2
138.04458391356948	2.0	2	2
138.14468876049736	2.0	2	2
138.24479360742527	2.0	2	2
138.34489845435317	2.0	2	2
138.44500330128105	3.0	3	3
138.54510814820895	3.0	3	3
138.64521299513686	3.0	3	3
138.74531784206476	3.0	3	3
138.84542268899264	3.0	3	3
138.94552753592055	3.0	3	3
139.04563238284845	3.0	3	3
139.14573722977633	3.0	3	3
139.24584207670424	2.0	2	2
139.34594692363214	2.0	2	2
139.44605177056002	2.0	2	2
139.54615661748792	2.0	2	2
139.64626146441583	2.0	2	2
139.7463663113437	2.0	2	2
139.8464711582716	2.0	2	2
139.94657600519952	2.0	2	2
140.0466808521274	2.0	2	2
140.1467856990553	2.0	2	2
140.2468905459832	2.0	2	2
140.3469953929111	1.0	1	1
140.447100239839	1.0	1	1
140.5472050867669	0.0	0	0
140.6473099336948	0.0	0	0
140.74741478062268	0.0	0	0
140.84751962755058	0.0	0	0
140.9476244744785	0.0	0	0
141.04772932140636	0.0	0	0
141.14783416833427	0.0	0	0
141.24793901526218	0.0	0	0
141.34804386219005	0.0	0	0
141.44814870911796	0.0	0	0
141.54825355604586	0.0	0	0
141.64835840297374	0.0	0	0
141.74846324990165	0.0	0	0
141.84856809682955	0.0	0	0
141.94867294375743	0.0	0	0
142.04877779068534	0.0	0	0
142.14888263761324	0.0	0	0
142.24898748454115	0.0	0	0
142.34909233146902	0.0	0	0
142.44919717839693	0.0	0	0
142.54930202532483	0.0	0	0
142.6494068722527	0.0	0	0
142.74951171918062	0.0	0	0
142.84961656610852	0.0	0	0
142.9497214130364	0.0	0	0
143.0498262599643	0.0	0	0
143.1499311068922	0.0	0	0
143.2500359538201	0.0	0	0
143.350140800748	0.0	0	0
143.4502456476759	0.0	0	0
143.55035049460378	1.0	1	1
143.65045534153168	1.0	1	1
143.7505601884596	1.0	1	1
143.8506650353875	1.0	1	1
143.95076988231537	1.0	1	1
144.05087472924328	1.0	1	1
144.15097957617118	1.0	1	1
144.25108442309906	1.0	1	1
144.35118927002696	1.0	1	1
144.45129411695487	1.0	1	1
144.55139896388275	1.0	1	1
144.65150381081065	1.0	1	1
144.75160865773856	2.0	2	2
144.85171350466644	2.0	2	2
144.95181835159434	2.0	2	2
145.05192319852225	2.0	2	2
145.15202804545012	2.0	2	2
145.25213289237803	2.0	2	2
145.35223773930593	2.0	2	2
145.45234258623384	2.0	2	2
145.55244743316172	2.0	2	2
145.65255228008962	2.0	2	2
145.75265712701753	2.0	2	2
145.8527619739454	2.0	2	2
145.9528668208733	2.0	2	2
146.05297166780122	2.0	2	2
146.1530765147291	2.0	2	2
146.253181361657	2.0	2	2
146.3532862085849	2.0	2	2
146.45339105551278	2.0	2	2
146.5534959024407	2.0	2	2
146.6536007493686	2.0	2	2
146.75370559629647	2.0	2	2
146.85381044322438	2.0	2	2
146.95391529015228	2.0	2	2
147.0540201370802	2.0	2	2
147.15412498400806	2.0	2	2
147.25422983093597	2.0	2	2
147.35433467786387	2.0	2	2
147.45443952479175	2.0	2	2
147.55454437171966	2.0	2	2
147.65464921864756	2.0	2	2
147.75475406557544	2.0	2	2
147.85485891250335	2.0	2	2
147.95496375943125	2.0	2	2
148.05506860635913	2.0	2	2
148.15517345328703	2.0	2	2
148.25527830021494	2.0	2	2
148.35538314714282	2.0	2	2
148.45548799407072	2.0	2	2
148.55559284099863	2.0	2	2
148.6556976879265	2.0	2	2
148.7558025348544	2.0	2	2
148.85590738178232	2.0	2	2
148.95601222871022	2.0	2	2
149.0561170756381	2.0	2	2
149.156221922566	2.0	2	2
149.2563267694939	2.0	2	2
149.3564316164218	2.0	2	2
149.4565364633497	2.0	2	2
149.5566413102776	2.0	2	2
149.65674615720548	2.0	2	2
149.75685100413338	2.0	2	2
149.8569558510613	2.0	2	2
149.95706069798916	2.0	2	2
150.05716554491707	2.0	2	2
150.15727039184497	3.0	3	3
150.25737523877285	3.0	3	3
150.35748008570076	3.0	3	3
150.45758493262866	3.0	3	3
150.55768977955657	3.0	3	3
150.65779462648445	3.0	3	3
150.75789947341235	3.0	3	3
150.85800432034026	3.0	3	3
150.95810916726813	3.0	3	3
151.05821401419604	3.0	3	3
151.15831886112394	3.0	3	3
151.25842370805182	3.0	3	3
151.35852855497973	3.0	3	3
151.45863340190763	3.0	3	3
151.5587382488355	3.0	3	3
151.65884309576342	3.0	3	3
151.75894794269132	3.0	3	3
151.8590527896192	3.0	3	3
151.9591576365471	3.0	3	3
152.059262483475	3.0	3	3
152.15936733040292	3.0	3	3
152.2594721773308	3.0	3	3
152.3595770242587	2.0	2	2
152.4596818711866	2.0	2	2
152.55978671811448	2.0	2	2
152.6598915650424	2.0	2	2
152.7599964119703	2.0	2	2
152.86010125889817	2.0	2	2
152.96020610582607	2.0	2	2
153.06031095275398	2.0	2	2
153.16041579968186	2.0	2	2
153.26052064660976	2.0	2	2
153.36062549353767	2.0	2	2
153.46073034046555	2.0	2	2
153.56083518739345	2.0	2	2
153.66094003432136	2.0	2	2
153.76104488124923	2.0	2	2
153.86114972817714	2.0	2	2
153.96125457510504	2.0	2	2
154.06135942203295	2.0	2	2
154.16146426896083	2.0	2	2
154.26156911588873	2.0	2	2
154.36167396281664	2.0	2	2
154.46177880974452	2.0	2	2
154.56188365667242	2.0	2	2
154.66198850360033	2.0	2	2
154.7620933505282	2.0	2	2
154.8621981974561	2.0	2	2
154.96230304438402	2.0	2	2
155.0624078913119	2.0	2	2
155.1625127382398	2.0	2	2
155.2626175851677	2.0	2	2
155.36272243209558	2.0	2	2
155.4628272790235	2.0	2	2
155.5629321259514	2.0	2	2
155.6630369728793	2.0	2	2
155.76314181980717	2.0	2	2
155.86324666673508	2.0	2	2
155.96335151366299	2.0	2	2
156.06345636059086	2.0	2	2
156.16356120751877	2.0	2	2
156.26366605444667	2.0	2	2
156.36377090137455	2.0	2	2
156.46387574830246	1.0	1	1
156.56398059523036	1.0	1	1
156.66408544215824	1.0	1	1
156.76419028908614	1.0	1	1
156.86429513601405	1.0	1	1
156.96439998294193	1.0	1	1
157.06450482986983	1.0	1	1
157.16460967679774	1.0	1	1
157.26471452372564	1.0	1	1
157.36481937065352	1.0	1	1
157.46492421758143	0.0	0	0
157.56502906450933	0.0	0	0
157.6651339114372	0.0	0	0
157.76523875836511	0.0	0	0
157.86534360529302	0.0	0	0
157.9654484522209	0.0	0	0
158.0655532991488	0.0	0	0
158.1656581460767	0.0	0	0
158.26576299300459	0.0	0	0
158.3658678399325	0.0	0	0
158.4659726868604	0.0	0	0
158.56607753378827	0.0	0	0
158.66618238071618	0.0	0	0
158.76628722764409	1.0	1	1
158.866392074572	1.0	1	1
158.96649692149987	1.0	1	1
159.06660176842777	1.0	1	1
159.16670661535568	1.0	1	1
159.26681146228356	1.0	1	1
159.36691630921146	1.0	1	1
159.46702115613937	1.0	1	1
159.56712600306724	1.0	1	1
159.66723084999515	1.0	1	1
159.76733569692306	1.0	1	1
159.86744054385093	1.0	1	1
159.96754539077884	1.0	1	1
160.06765023770674	1.0	1	1
160.16775508463462	1.0	1	1
160.26785993156253	1.0	1	1
160.36796477849043	1.0	1	1
160.4680696254183	1.0	1	1
160.56817447234621	1.0	1	1
160.66827931927412	1.0	1	1
160.76838416620203	1.0	1	1
160.8684890131299	1.0	1	1
160.9685938600578	1.0	1	1
161.0686987069857	1.0	1	1
161.1688035539136	2.0	2	2
161.2689084008415	2.0	2	2
161.3690132477694	2.0	2	2
161.46911809469728	2.0	2	2
161.56922294162518	2.0	2	2
161.6693277885531	2.0	2	2
161.76943263548097	2.0	2	2
161.86953748240887	2.0	2	2
161.96964232933678	2.0	2	2
162.06974717626466	3.0	3	3
162.16985202319256	3.0	3	3
162.26995687012047	3.0	3	3
162.37006171704837	3.0	3	3
162.47016656397625	3.0	3	3
162.57027141090416	3.0	3	3
162.67037625783206	3.0	3	3
162.77048110475994	3.0	3	3
162.87058595168784	3.0	3	3
162.97069079861575	3.0	3	3
163.07079564554363	3.0	3	3
163.17090049247153	3.0	3	3
163.27100533939944	3.0	3	3
163.37111018632731	3.0	3	3
163.47121503325522	3.0	3	3
163.57131988018313	3.0	3	3
163.671424727111	3.0	3	3
163.7715295740389	3.0	3	3
163.8716344209668	3.0	3	3
163.97173926789472	3.0	3	3
164.0718441148226	3.0	3	3
164.1719489617505	3.0	3	3
164.2720538086784	4.0	4	4
164.37215865560628	4.0	4	4
164.4722635025342	5.0	5	5
164.5723683494621	5.0	5	5
164.67247319638997	5.0	5	5
164.77257804331788	5.0	5	5
164.87268289024578	5.0	5	5
164.97278773717366	5.0	5	5
165.07289258410157	5.0	5	5
165.17299743102947	6.0	6	6
165.27310227795735	6.0	6	6
165.37320712488525	6.0	6	6
165.47331197181316	6.0	6	6
165.57341681874107	6.0	6	6
165.67352166566894	6.0	6	6
165.77362651259685	6.0	6	6
165.87373135952475	6.0	6	6
165.97383620645263	7.0	7	7
166.07394105338054	7.0	7	7
166.17404590030844	7.0	7	7
166.27415074723632	7.0	7	7
166.37425559416423	7.0	7	7
166.47436044109213	6.0	6	6
166.57446528802	5.0	5	5
166.6745701349479	4.0	4	4
166.77467498187582	3.0	3	3
166.8747798288037	3.0	3	3
166.9748846757316	3.0	3	3
167.0749895226595	3.0	3	3
167.17509436958738	4.0	4	4
167.2751992165153	5.0	5	5
167.3753040634432	4.0	4	4
167.4754089103711	4.0	4	4
167.57551375729898	4.0	4	4
167.67561860422688	4.0	4	4
167.7757234511548	4.0	4	4
167.87582829808267	4.0	4	4
167.97593314501057	4.0	4	4
168.07603799193848	4.0	4	4
168.17614283886635	3.0	3	3
168.27624768579426	3.0	3	3
168.37635253272217	3.0	3	3
168.47645737965004	3.0	3	3
168.57656222657795	4.0	4	4
168.67666707350585	4.0	4	4
168.77677192043373	4.0	4	4
168.87687676736164	4.0	4	4
168.97698161428954	4.0	4	4
169.07708646121745	4.0	4	4
169.17719130814532	4.0	4	4
169.27729615507323	4.0	4	4
169.37740100200114	2.0	2	2
169.477505848929	2.0	2	2
169.57761069585692	2.0	2	2
169.67771554278482	2.0	2	2
169.7778203897127	2.0	2	2
169.8779252366406	2.0	2	2
169.9780300835685	2.0	2	2
170.0781349304964	3.0	3	3
170.1782397774243	3.0	3	3
170.2783446243522	3.0	3	3
170.37844947128008	3.0	3	3
170.47855431820798	3.0	3	3
170.5786591651359	3.0	3	3
170.6787640120638	3.0	3	3
170.77886885899167	3.0	3	3
170.87897370591958	3.0	3	3
170.97907855284748	3.0	3	3
171.07918339977536	3.0	3	3
171.17928824670327	4.0	4	4
171.27939309363117	4.0	4	4
171.37949794055905	4.0	4	4
171.47960278748695	4.0	4	4
171.57970763441486	4.0	4	4
171.67981248134274	4.0	4	4
171.77991732827064	4.0	4	4
171.88002217519855	4.0	4	4
171.98012702212642	4.0	4	4
172.08023186905433	4.0	4	4
172.18033671598224	4.0	4	4
172.28044156291014	4.0	4	4
172.38054640983802	4.0	4	4
172.48065125676592	4.0	4	4
172.58075610369383	4.0	4	4
172.6808609506217	4.0	4	4
172.7809657975496	4.0	4	4
172.88107064447752	4.0	4	4
172.9811754914054	4.0	4	4
173.0812803383333	4.0	4	4
173.1813851852612	4.0	4	4
173.28149003218908	4.0	4	4
173.381594879117	4.0	4	4
173.4816997260449	4.0	4	4
173.58180457297277	4.0	4	4
173.68190941990068	4.0	4	4
173.78201426682858	4.0	4	4
173.88211911375646	5.0	5	5
173.98222396068437	5.0	5	5
174.08232880761227	5.0	5	5
174.18243365454018	5.0	5	5
174.28253850146805	5.0	5	5
174.38264334839596	5.0	5	5
174.48274819532386	5.0	5	5
174.58285304225174	5.0	5	5
174.68295788917965	4.0	4	4
174.78306273610755	4.0	4	4
174.88316758303543	4.0	4	4
174.98327242996334	4.0	4	4
175.08337727689124	4.0	4	4
175.18348212381912	4.0	4	4
175.28358697074702	4.0	4	4
175.38369181767493	4.0	4	4
175.4837966646028	4.0	4	4
175.5839015115307	4.0	4	4
175.68400635845862	4.0	4	4
175.78411120538652	4.0	4	4
175.8842160523144	4.0	4	4
175.9843208992423	4.0	4	4
176.0844257461702	4.0	4	4
176.1845305930981	4.0	4	4
176.284635440026	4.0	4	4
176.3847402869539	4.0	4	4
176.48484513388178	4.0	4	4
176.58494998080968	4.0	4	4
176.6850548277376	4.0	4	4
176.78515967466546	4.0	4	4
176.88526452159337	4.0	4	4
176.98536936852128	4.0	4	4
177.08547421544915	4.0	4	4
177.18557906237706	4.0	4	4
177.28568390930496	4.0	4	4
177.38578875623287	4.0	4	4
177.48589360316075	4.0	4	4
177.58599845008865	4.0	4	4
177.68610329701656	4.0	4	4
177.78620814394444	4.0	4	4
177.88631299087234	4.0	4	4
177.98641783780025	4.0	4	4
178.08652268472812	3.0	3	3
178.18662753165603	3.0	3	3
178.28673237858393	3.0	3	3
178.3868372255118	3.0	3	3
178.48694207243972	3.0	3	3
178.58704691936762	3.0	3	3
178.6871517662955	3.0	3	3
178.7872566132234	3.0	3	3
178.8873614601513	3.0	3	3
178.98746630707922	3.0	3	3
179.0875711540071	3.0	3	3
179.187676000935	3.0	3	3
179.2877808478629	3.0	3	3
179.38788569479078	3.0	3	3
179.4879905417187	3.0	3	3
179.5880953886466	3.0	3	3
179.68820023557447	3.0	3	3
179.78830508250238	3.0	3	3
179.88840992943028	3.0	3	3
179.98851477635816	3.0	3	3
180.08861962328606	3.0	3	3
180.18872447021397	3.0	3	3
180.28882931714185	3.0	3	3
180.38893416406975	3.0	3	3
180.48903901099766	3.0	3	3
180.58914385792554	3.0	3	3
180.68924870485344	3.0	3	3
180.78935355178135	3.0	3	3
180.88945839870925	3.0	3	3
180.98956324563713	3.0	3	3
181.08966809256503	3.0	3	3
181.18977293949294	3.0	3	3
181.28987778642082	3.0	3	3
181.38998263334872	3.0	3	3
181.49008748027663	3.0	3	3
181.5901923272045	3.0	3	3
181.6902971741324	2.0	2	2
181.79040202106032	2.0	2	2
181.8905068679882	2.0	2	2
181.9906117149161	2.0	2	2
182.090716561844	2.0	2	2
182.19082140877188	2.0	2	2
182.2909262556998	2.0	2	2
182.3910311026277	2.0	2	2
182.4911359495556	2.0	2	2
182.59124079648348	2.0	2	2
182.69134564341138	2.0	2	2
182.7914504903393	2.0	2	2
182.89155533726716	2.0	2	2
182.99166018419507	2.0	2	2
183.09176503112297	2.0	2	2
183.19186987805085	2.0	2	2
183.29197472497876	2.0	2	2
183.39207957190666	2.0	2	2
183.49218441883454	2.0	2	2
183.59228926576245	1.0	1	1
183.69239411269035	1.0	1	1
183.79249895961823	1.0	1	1
183.89260380654613	1.0	1	1
183.99270865347404	1.0	1	1
184.09281350040195	1.0	1	1
184.19291834732982	1.0	1	1
184.29302319425773	1.0	1	1
184.39312804118563	1.0	1	1
184.4932328881135	1.0	1	1
184.59333773504142	1.0	1	1
184.69344258196932	1.0	1	1
184.7935474288972	1.0	1	1
184.8936522758251	1.0	1	1
184.993757122753	1.0	1	1
