time	diversity	m_div	M_div
0.0	38.0	38	38
0.10007841098568777	38.0	38	38
0.20015682197137555	38.0	38	38
0.30023523295706334	38.0	38	38
0.4003136439427511	38.0	38	38
0.5003920549284389	38.0	38	38
0.6004704659141267	38.0	38	38
0.7005488768998144	38.0	38	38
0.8006272878855022	38.0	38	38
0.90070569887119	37.0	37	37
1.0007841098568777	37.0	37	37
1.1008625208425655	37.0	37	37
1.2009409318282533	37.0	37	37
1.3010193428139412	37.0	37	37
1.4010977537996288	35.0	35	35
1.5011761647853166	35.0	35	35
1.6012545757710044	35.0	35	35
1.7013329867566922	35.0	35	35
1.80141139774238	35.0	35	35
1.9014898087280676	33.0	33	33
2.0015682197137554	33.0	33	33
2.1016466306994435	33.0	33	33
2.201725041685131	33.0	33	33
2.3018034526708187	33.0	33	33
2.4018818636565067	33.0	33	33
2.5019602746421943	30.0	30	30
2.6020386856278823	30.0	30	30
2.70211709661357	30.0	30	30
2.8021955075992575	31.0	31	31
2.9022739185849455	31.0	31	31
3.002352329570633	32.0	32	32
3.102430740556321	32.0	32	32
3.2025091515420088	32.0	32	32
3.3025875625276964	32.0	32	32
3.4026659735133844	32.0	32	32
3.502744384499072	32.0	32	32
3.60282279548476	32.0	32	32
3.7029012064704476	31.0	31	31
3.802979617456135	30.0	30	30
3.9030580284418233	30.0	30	30
4.003136439427511	30.0	30	30
4.103214850413199	30.0	30	30
4.203293261398887	30.0	30	30
4.303371672384574	28.0	28	28
4.403450083370262	28.0	28	28
4.50352849435595	28.0	28	28
4.603606905341637	28.0	28	28
4.703685316327325	28.0	28	28
4.803763727313013	28.0	28	28
4.9038421382987005	26.0	26	26
5.003920549284389	26.0	26	26
5.103998960270077	26.0	26	26
5.204077371255765	24.0	24	24
5.304155782241452	24.0	24	24
5.40423419322714	24.0	24	24
5.504312604212828	21.0	21	21
5.604391015198515	19.0	19	19
5.704469426184203	17.0	17	17
5.804547837169891	17.0	17	17
5.904626248155578	17.0	17	17
6.004704659141266	17.0	17	17
6.104783070126954	17.0	17	17
6.204861481112642	17.0	17	17
6.3049398920983295	14.0	14	14
6.4050183030840175	14.0	14	14
6.505096714069706	13.0	13	13
6.605175125055393	13.0	13	13
6.705253536041081	13.0	13	13
6.805331947026769	13.0	13	13
6.905410358012457	3.0	3	3
7.005488768998144	3.0	3	3
7.105567179983832	3.0	3	3
7.20564559096952	3.0	3	3
7.305724001955207	3.0	3	3
7.405802412940895	3.0	3	3
7.505880823926583	3.0	3	3
7.60595923491227	3.0	3	3
7.7060376458979585	3.0	3	3
7.8061160568836465	3.0	3	3
7.9061944678693346	3.0	3	3
8.006272878855022	3.0	3	3
8.10635128984071	3.0	3	3
8.206429700826398	3.0	3	3
8.306508111812086	3.0	3	3
8.406586522797774	3.0	3	3
8.50666493378346	3.0	3	3
8.606743344769148	3.0	3	3
8.706821755754836	3.0	3	3
8.806900166740524	3.0	3	3
8.906978577726212	3.0	3	3
9.0070569887119	3.0	3	3
9.107135399697587	3.0	3	3
9.207213810683275	3.0	3	3
9.307292221668963	3.0	3	3
9.40737063265465	3.0	3	3
9.507449043640339	3.0	3	3
9.607527454626027	3.0	3	3
9.707605865611715	3.0	3	3
9.807684276597401	3.0	3	3
9.907762687583089	3.0	3	3
10.007841098568777	3.0	3	3
10.107919509554465	3.0	3	3
10.207997920540153	3.0	3	3
10.308076331525841	4.0	4	4
10.40815474251153	4.0	4	4
10.508233153497216	4.0	4	4
10.608311564482904	4.0	4	4
10.708389975468592	4.0	4	4
10.80846838645428	4.0	4	4
10.908546797439968	4.0	4	4
11.008625208425656	4.0	4	4
11.108703619411344	4.0	4	4
11.20878203039703	4.0	4	4
11.308860441382718	4.0	4	4
11.408938852368406	4.0	4	4
11.509017263354094	4.0	4	4
11.609095674339782	4.0	4	4
11.70917408532547	4.0	4	4
11.809252496311156	4.0	4	4
11.909330907296845	4.0	4	4
12.009409318282533	4.0	4	4
12.10948772926822	4.0	4	4
12.209566140253909	4.0	4	4
12.309644551239597	4.0	4	4
12.409722962225285	4.0	4	4
12.509801373210971	4.0	4	4
12.609879784196659	4.0	4	4
12.709958195182347	4.0	4	4
12.810036606168035	4.0	4	4
12.910115017153723	4.0	4	4
13.010193428139411	4.0	4	4
13.1102718391251	4.0	4	4
13.210350250110785	4.0	4	4
13.310428661096473	4.0	4	4
13.410507072082162	4.0	4	4
13.51058548306785	4.0	4	4
13.610663894053538	4.0	4	4
13.710742305039226	4.0	4	4
13.810820716024914	4.0	4	4
13.9108991270106	4.0	4	4
14.010977537996288	4.0	4	4
14.111055948981976	4.0	4	4
14.211134359967664	4.0	4	4
14.311212770953352	4.0	4	4
14.41129118193904	4.0	4	4
14.511369592924726	4.0	4	4
14.611448003910414	4.0	4	4
14.711526414896102	4.0	4	4
14.81160482588179	4.0	4	4
14.911683236867479	4.0	4	4
15.011761647853167	4.0	4	4
15.111840058838855	4.0	4	4
15.21191846982454	4.0	4	4
15.311996880810229	4.0	4	4
15.412075291795917	4.0	4	4
15.512153702781605	4.0	4	4
15.612232113767293	4.0	4	4
15.712310524752981	4.0	4	4
15.812388935738669	4.0	4	4
15.912467346724355	4.0	4	4
16.012545757710043	5.0	5	5
16.11262416869573	5.0	5	5
16.21270257968142	5.0	5	5
16.312780990667108	5.0	5	5
16.412859401652796	5.0	5	5
16.512937812638484	5.0	5	5
16.61301622362417	5.0	5	5
16.71309463460986	5.0	5	5
16.813173045595548	5.0	5	5
16.913251456581232	5.0	5	5
17.01332986756692	5.0	5	5
17.11340827855261	5.0	5	5
17.213486689538296	5.0	5	5
17.313565100523984	5.0	5	5
17.413643511509672	5.0	5	5
17.51372192249536	5.0	5	5
17.61380033348105	5.0	5	5
17.713878744466736	5.0	5	5
17.813957155452425	5.0	5	5
17.914035566438113	5.0	5	5
18.0141139774238	5.0	5	5
18.11419238840949	5.0	5	5
18.214270799395173	5.0	5	5
18.31434921038086	5.0	5	5
18.41442762136655	5.0	5	5
18.514506032352237	5.0	5	5
18.614584443337925	5.0	5	5
18.714662854323613	5.0	5	5
18.8147412653093	5.0	5	5
18.91481967629499	5.0	5	5
19.014898087280677	5.0	5	5
19.114976498266365	5.0	5	5
19.215054909252054	5.0	5	5
19.31513332023774	5.0	5	5
19.41521173122343	5.0	5	5
19.515290142209118	5.0	5	5
19.615368553194802	5.0	5	5
19.71544696418049	5.0	5	5
19.815525375166178	5.0	5	5
19.915603786151866	5.0	5	5
20.015682197137554	5.0	5	5
20.115760608123242	5.0	5	5
20.21583901910893	5.0	5	5
20.31591743009462	5.0	5	5
20.415995841080306	5.0	5	5
20.516074252065994	5.0	5	5
20.616152663051682	4.0	4	4
20.71623107403737	4.0	4	4
20.81630948502306	4.0	4	4
20.916387896008743	4.0	4	4
21.01646630699443	4.0	4	4
21.11654471798012	4.0	4	4
21.216623128965807	4.0	4	4
21.316701539951495	4.0	4	4
21.416779950937183	4.0	4	4
21.51685836192287	4.0	4	4
21.61693677290856	4.0	4	4
21.717015183894247	4.0	4	4
21.817093594879935	4.0	4	4
21.917172005865623	3.0	3	3
22.01725041685131	3.0	3	3
22.117328827837	3.0	3	3
22.217407238822688	3.0	3	3
22.317485649808372	3.0	3	3
22.41756406079406	3.0	3	3
22.517642471779748	3.0	3	3
22.617720882765436	2.0	2	2
22.717799293751124	2.0	2	2
22.817877704736812	2.0	2	2
22.9179561157225	2.0	2	2
23.01803452670819	2.0	2	2
23.118112937693876	2.0	2	2
23.218191348679564	2.0	2	2
23.318269759665252	2.0	2	2
23.41834817065094	2.0	2	2
23.51842658163663	1.0	1	1
23.618504992622313	1.0	1	1
23.718583403608	1.0	1	1
23.81866181459369	1.0	1	1
23.918740225579377	1.0	1	1
24.018818636565065	1.0	1	1
24.118897047550753	1.0	1	1
24.21897545853644	1.0	1	1
24.31905386952213	1.0	1	1
24.419132280507817	1.0	1	1
24.519210691493505	1.0	1	1
24.619289102479193	1.0	1	1
24.71936751346488	1.0	1	1
24.81944592445057	1.0	1	1
24.919524335436257	1.0	1	1
25.019602746421942	1.0	1	1
25.11968115740763	1.0	1	1
25.219759568393318	1.0	1	1
25.319837979379006	1.0	1	1
25.419916390364694	1.0	1	1
25.519994801350382	1.0	1	1
25.62007321233607	1.0	1	1
25.720151623321758	1.0	1	1
25.820230034307446	1.0	1	1
25.920308445293134	1.0	1	1
26.020386856278822	1.0	1	1
26.12046526726451	1.0	1	1
26.2205436782502	1.0	1	1
26.320622089235883	1.0	1	1
26.42070050022157	1.0	1	1
26.52077891120726	1.0	1	1
26.620857322192947	1.0	1	1
26.720935733178635	1.0	1	1
26.821014144164323	1.0	1	1
26.92109255515001	1.0	1	1
27.0211709661357	1.0	1	1
27.121249377121387	1.0	1	1
27.221327788107075	1.0	1	1
27.321406199092763	1.0	1	1
27.42148461007845	1.0	1	1
27.52156302106414	1.0	1	1
27.621641432049827	1.0	1	1
27.721719843035512	1.0	1	1
27.8217982540212	1.0	1	1
27.921876665006888	1.0	1	1
28.021955075992576	1.0	1	1
28.122033486978264	1.0	1	1
28.222111897963952	1.0	1	1
28.32219030894964	1.0	1	1
28.422268719935328	1.0	1	1
28.522347130921016	1.0	1	1
28.622425541906704	1.0	1	1
28.722503952892392	1.0	1	1
28.82258236387808	1.0	1	1
28.92266077486377	1.0	1	1
29.022739185849453	1.0	1	1
29.12281759683514	1.0	1	1
29.22289600782083	1.0	1	1
29.322974418806517	1.0	1	1
29.423052829792205	1.0	1	1
29.523131240777893	1.0	1	1
29.62320965176358	1.0	1	1
29.72328806274927	1.0	1	1
29.823366473734957	1.0	1	1
29.923444884720645	1.0	1	1
30.023523295706333	1.0	1	1
30.12360170669202	1.0	1	1
30.22368011767771	1.0	1	1
30.323758528663397	1.0	1	1
30.42383693964908	1.0	1	1
30.52391535063477	1.0	1	1
30.623993761620458	1.0	1	1
30.724072172606146	1.0	1	1
30.824150583591834	1.0	1	1
30.924228994577522	1.0	1	1
31.02430740556321	1.0	1	1
31.124385816548898	1.0	1	1
31.224464227534586	1.0	1	1
31.324542638520274	1.0	1	1
31.424621049505962	1.0	1	1
31.52469946049165	1.0	1	1
31.624777871477338	1.0	1	1
31.724856282463023	1.0	1	1
31.82493469344871	1.0	1	1
31.9250131044344	1.0	1	1
32.02509151542009	1.0	1	1
32.125169926405775	1.0	1	1
32.22524833739146	1.0	1	1
32.32532674837715	1.0	1	1
32.42540515936284	1.0	1	1
32.52548357034853	1.0	1	1
32.625561981334215	1.0	1	1
32.7256403923199	1.0	1	1
32.82571880330559	1.0	1	1
32.92579721429128	1.0	1	1
33.02587562527697	1.0	1	1
33.125954036262655	1.0	1	1
33.22603244724834	1.0	1	1
33.32611085823403	1.0	1	1
33.42618926921972	1.0	1	1
33.52626768020541	1.0	1	1
33.626346091191095	1.0	1	1
33.726424502176776	1.0	1	1
33.826502913162464	1.0	1	1
33.92658132414815	1.0	1	1
34.02665973513384	1.0	1	1
34.12673814611953	2.0	2	2
34.22681655710522	2.0	2	2
34.326894968090905	1.0	1	1
34.42697337907659	1.0	1	1
34.52705179006228	1.0	1	1
34.62713020104797	1.0	1	1
34.72720861203366	1.0	1	1
34.827287023019345	1.0	1	1
34.92736543400503	1.0	1	1
35.02744384499072	1.0	1	1
35.12752225597641	1.0	1	1
35.2276006669621	1.0	1	1
35.327679077947785	1.0	1	1
35.42775748893347	1.0	1	1
35.52783589991916	1.0	1	1
35.62791431090485	1.0	1	1
35.72799272189054	1.0	1	1
35.828071132876225	1.0	1	1
35.92814954386191	1.0	1	1
36.0282279548476	1.0	1	1
36.12830636583329	1.0	1	1
36.22838477681898	1.0	1	1
36.328463187804665	1.0	1	1
36.428541598790346	1.0	1	1
36.528620009776034	1.0	1	1
36.62869842076172	1.0	1	1
36.72877683174741	1.0	1	1
36.8288552427331	1.0	1	1
36.928933653718786	1.0	1	1
37.029012064704474	1.0	1	1
37.12909047569016	1.0	1	1
37.22916888667585	1.0	1	1
37.32924729766154	1.0	1	1
37.42932570864723	1.0	1	1
37.529404119632915	1.0	1	1
37.6294825306186	1.0	1	1
37.72956094160429	2.0	2	2
37.82963935258998	2.0	2	2
37.92971776357567	2.0	2	2
38.029796174561355	3.0	3	3
38.12987458554704	3.0	3	3
38.22995299653273	3.0	3	3
38.33003140751842	3.0	3	3
38.43010981850411	3.0	3	3
38.530188229489795	3.0	3	3
38.63026664047548	3.0	3	3
38.73034505146117	3.0	3	3
38.83042346244686	4.0	4	4
38.93050187343255	4.0	4	4
39.030580284418235	4.0	4	4
39.130658695403916	4.0	4	4
39.230737106389604	6.0	6	6
39.33081551737529	8.0	8	8
39.43089392836098	9.0	9	9
39.53097233934667	9.0	9	9
39.631050750332356	9.0	9	9
39.731129161318044	9.0	9	9
39.83120757230373	9.0	9	9
39.93128598328942	10.0	10	10
40.03136439427511	10.0	10	10
40.1314428052608	11.0	11	11
40.231521216246485	11.0	11	11
40.33159962723217	11.0	11	11
40.43167803821786	11.0	11	11
40.53175644920355	11.0	11	11
40.63183486018924	11.0	11	11
40.731913271174925	11.0	11	11
40.83199168216061	11.0	11	11
40.9320700931463	11.0	11	11
41.03214850413199	11.0	11	11
41.13222691511768	11.0	11	11
41.232305326103365	11.0	11	11
41.33238373708905	11.0	11	11
41.43246214807474	11.0	11	11
41.53254055906043	11.0	11	11
41.63261897004612	11.0	11	11
41.732697381031805	11.0	11	11
41.832775792017486	11.0	11	11
41.932854203003174	11.0	11	11
42.03293261398886	11.0	11	11
42.13301102497455	11.0	11	11
42.23308943596024	11.0	11	11
42.333167846945926	11.0	11	11
42.433246257931614	11.0	11	11
42.5333246689173	11.0	11	11
42.63340307990299	11.0	11	11
42.73348149088868	11.0	11	11
42.83355990187437	11.0	11	11
42.933638312860054	11.0	11	11
43.03371672384574	11.0	11	11
43.13379513483143	11.0	11	11
43.23387354581712	11.0	11	11
43.33395195680281	11.0	11	11
43.434030367788495	11.0	11	11
43.53410877877418	11.0	11	11
43.63418718975987	11.0	11	11
43.73426560074556	11.0	11	11
43.83434401173125	11.0	11	11
43.934422422716935	11.0	11	11
44.03450083370262	11.0	11	11
44.13457924468831	11.0	11	11
44.234657655674	11.0	11	11
44.33473606665969	11.0	11	11
44.434814477645375	11.0	11	11
44.534892888631056	10.0	10	10
44.634971299616744	10.0	10	10
44.73504971060243	10.0	10	10
44.83512812158812	10.0	10	10
44.93520653257381	10.0	10	10
45.035284943559496	10.0	10	10
45.135363354545184	10.0	10	10
45.23544176553087	10.0	10	10
45.33552017651656	10.0	10	10
45.43559858750225	10.0	10	10
45.535676998487936	12.0	12	12
45.635755409473624	12.0	12	12
45.73583382045931	12.0	12	12
45.835912231445	13.0	13	13
45.93599064243069	13.0	13	13
46.03606905341638	13.0	13	13
46.136147464402065	14.0	14	14
46.23622587538775	14.0	14	14
46.33630428637344	15.0	15	15
46.43638269735913	15.0	15	15
46.53646110834482	15.0	15	15
46.636539519330505	15.0	15	15
46.73661793031619	15.0	15	15
46.83669634130188	15.0	15	15
46.93677475228757	15.0	15	15
47.03685316327326	15.0	15	15
47.136931574258945	15.0	15	15
47.237009985244626	15.0	15	15
47.337088396230314	15.0	15	15
47.437166807216	15.0	15	15
47.53724521820169	15.0	15	15
47.63732362918738	16.0	16	16
47.737402040173066	16.0	16	16
47.837480451158754	16.0	16	16
47.93755886214444	16.0	16	16
48.03763727313013	16.0	16	16
48.13771568411582	16.0	16	16
48.237794095101506	17.0	17	17
48.337872506087194	17.0	17	17
48.43795091707288	17.0	17	17
48.53802932805857	17.0	17	17
48.63810773904426	17.0	17	17
48.73818615002995	17.0	17	17
48.838264561015635	17.0	17	17
48.93834297200132	17.0	17	17
49.03842138298701	18.0	18	18
49.1384997939727	18.0	18	18
49.23857820495839	18.0	18	18
49.338656615944075	17.0	17	17
49.43873502692976	17.0	17	17
49.53881343791545	18.0	18	18
49.63889184890114	18.0	18	18
49.73897025988683	18.0	18	18
49.839048670872515	18.0	18	18
49.939127081858196	17.0	17	17
50.039205492843884	17.0	17	17
50.13928390382957	17.0	17	17
50.23936231481526	17.0	17	17
50.33944072580095	17.0	17	17
50.439519136786636	17.0	17	17
50.539597547772324	17.0	17	17
50.63967595875801	17.0	17	17
50.7397543697437	17.0	17	17
50.83983278072939	17.0	17	17
50.939911191715076	17.0	17	17
51.039989602700764	17.0	17	17
51.14006801368645	16.0	16	16
51.24014642467214	16.0	16	16
51.34022483565783	16.0	16	16
51.440303246643516	16.0	16	16
51.540381657629204	16.0	16	16
51.64046006861489	16.0	16	16
51.74053847960058	16.0	16	16
51.84061689058627	16.0	16	16
51.94069530157196	16.0	16	16
52.040773712557645	16.0	16	16
52.14085212354333	16.0	16	16
52.24093053452902	16.0	16	16
52.34100894551471	16.0	16	16
52.4410873565004	17.0	17	17
52.541165767486085	17.0	17	17
52.641244178471766	17.0	17	17
52.741322589457454	17.0	17	17
52.84140100044314	17.0	17	17
52.94147941142883	17.0	17	17
53.04155782241452	17.0	17	17
53.141636233400206	17.0	17	17
53.241714644385894	17.0	17	17
53.34179305537158	15.0	15	15
53.44187146635727	14.0	14	14
53.54194987734296	14.0	14	14
53.642028288328646	14.0	14	14
53.742106699314334	14.0	14	14
53.84218511030002	14.0	14	14
53.94226352128571	14.0	14	14
54.0423419322714	14.0	14	14
54.142420343257086	13.0	13	13
54.242498754242774	14.0	14	14
54.34257716522846	14.0	14	14
54.44265557621415	14.0	14	14
54.54273398719984	14.0	14	14
54.64281239818553	14.0	14	14
54.742890809171215	14.0	14	14
54.8429692201569	15.0	15	15
54.94304763114259	15.0	15	15
55.04312604212828	15.0	15	15
55.14320445311397	15.0	15	15
55.243282864099655	16.0	16	16
55.343361275085336	16.0	16	16
55.443439686071024	16.0	16	16
55.54351809705671	16.0	16	16
55.6435965080424	16.0	16	16
55.74367491902809	15.0	15	15
55.843753330013776	16.0	16	16
55.943831740999464	17.0	17	17
56.04391015198515	16.0	16	16
56.14398856297084	15.0	15	15
56.24406697395653	15.0	15	15
56.344145384942216	15.0	15	15
56.444223795927904	14.0	14	14
56.54430220691359	14.0	14	14
56.64438061789928	14.0	14	14
56.74445902888497	14.0	14	14
56.844537439870656	13.0	13	13
56.944615850856344	11.0	11	11
57.04469426184203	9.0	9	9
57.14477267282772	10.0	10	10
57.24485108381341	11.0	11	11
57.344929494799096	11.0	11	11
57.445007905784784	10.0	10	10
57.54508631677047	9.0	9	9
57.64516472775616	8.0	8	8
57.74524313874185	7.0	7	7
57.84532154972754	7.0	7	7
57.945399960713225	7.0	7	7
58.045478371698906	7.0	7	7
58.145556782684594	7.0	7	7
58.24563519367028	7.0	7	7
58.34571360465597	8.0	8	8
58.44579201564166	8.0	8	8
58.545870426627346	7.0	7	7
58.645948837613034	6.0	6	6
58.74602724859872	6.0	6	6
58.84610565958441	8.0	8	8
58.9461840705701	8.0	8	8
59.046262481555786	8.0	8	8
59.146340892541474	8.0	8	8
59.24641930352716	8.0	8	8
59.34649771451285	9.0	9	9
59.44657612549854	9.0	9	9
59.546654536484226	9.0	9	9
59.646732947469914	8.0	8	8
59.7468113584556	8.0	8	8
59.84688976944129	8.0	8	8
59.94696818042698	7.0	7	7
60.047046591412666	6.0	6	6
60.147125002398354	5.0	5	5
60.24720341338404	5.0	5	5
60.34728182436973	5.0	5	5
60.44736023535542	5.0	5	5
60.54743864634111	5.0	5	5
60.647517057326795	5.0	5	5
60.747595468312475	5.0	5	5
60.84767387929816	5.0	5	5
60.94775229028385	6.0	6	6
61.04783070126954	6.0	6	6
61.14790911225523	6.0	6	6
61.247987523240916	6.0	6	6
61.348065934226604	6.0	6	6
61.44814434521229	6.0	6	6
61.54822275619798	6.0	6	6
61.64830116718367	6.0	6	6
61.748379578169356	6.0	6	6
61.848457989155044	6.0	6	6
61.94853640014073	6.0	6	6
62.04861481112642	6.0	6	6
62.14869322211211	6.0	6	6
62.248771633097796	6.0	6	6
62.348850044083484	7.0	7	7
62.44892845506917	7.0	7	7
62.54900686605486	7.0	7	7
62.64908527704055	7.0	7	7
62.749163688026236	7.0	7	7
62.849242099011924	7.0	7	7
62.94932050999761	7.0	7	7
63.0493989209833	7.0	7	7
63.14947733196899	7.0	7	7
63.249555742954676	7.0	7	7
63.349634153940364	7.0	7	7
63.449712564926045	7.0	7	7
63.54979097591173	7.0	7	7
63.64986938689742	8.0	8	8
63.74994779788311	8.0	8	8
63.8500262088688	8.0	8	8
63.950104619854486	8.0	8	8
64.05018303084017	8.0	8	8
64.15026144182586	8.0	8	8
64.25033985281155	8.0	8	8
64.35041826379724	7.0	7	7
64.45049667478293	7.0	7	7
64.55057508576861	7.0	7	7
64.6506534967543	7.0	7	7
64.75073190773999	7.0	7	7
64.85081031872568	7.0	7	7
64.95088872971137	6.0	6	6
65.05096714069705	6.0	6	6
65.15104555168274	6.0	6	6
65.25112396266843	6.0	6	6
65.35120237365412	6.0	6	6
65.4512807846398	6.0	6	6
65.5513591956255	8.0	8	8
65.65143760661118	9.0	9	9
65.75151601759687	10.0	10	10
65.85159442858256	10.0	10	10
65.95167283956825	11.0	11	11
66.05175125055393	12.0	12	12
66.15182966153962	13.0	13	13
66.25190807252531	12.0	12	12
66.351986483511	12.0	12	12
66.45206489449669	12.0	12	12
66.55214330548237	12.0	12	12
66.65222171646806	12.0	12	12
66.75230012745375	12.0	12	12
66.85237853843944	12.0	12	12
66.95245694942513	14.0	14	14
67.05253536041081	15.0	15	15
67.1526137713965	17.0	17	17
67.25269218238219	17.0	17	17
67.35277059336788	17.0	17	17
67.45284900435355	16.0	16	16
67.55292741533924	16.0	16	16
67.65300582632493	16.0	16	16
67.75308423731062	16.0	16	16
67.8531626482963	16.0	16	16
67.95324105928199	16.0	16	16
68.05331947026768	16.0	16	16
68.15339788125337	16.0	16	16
68.25347629223906	17.0	17	17
68.35355470322475	17.0	17	17
68.45363311421043	17.0	17	17
68.55371152519612	17.0	17	17
68.65378993618181	17.0	17	17
68.7538683471675	17.0	17	17
68.85394675815319	16.0	16	16
68.95402516913887	15.0	15	15
69.05410358012456	16.0	16	16
69.15418199111025	16.0	16	16
69.25426040209594	17.0	17	17
69.35433881308163	17.0	17	17
69.45441722406731	18.0	18	18
69.554495635053	19.0	19	19
69.65457404603869	19.0	19	19
69.75465245702438	19.0	19	19
69.85473086801007	20.0	20	20
69.95480927899575	21.0	21	21
70.05488768998144	21.0	21	21
70.15496610096713	21.0	21	21
70.25504451195282	21.0	21	21
70.3551229229385	21.0	21	21
70.4552013339242	20.0	20	20
70.55527974490988	19.0	19	19
70.65535815589557	19.0	19	19
70.75543656688126	18.0	18	18
70.85551497786695	18.0	18	18
70.95559338885263	18.0	18	18
71.05567179983832	16.0	16	16
71.15575021082401	16.0	16	16
71.2558286218097	16.0	16	16
71.35590703279539	15.0	15	15
71.45598544378107	16.0	16	16
71.55606385476676	17.0	17	17
71.65614226575245	16.0	16	16
71.75622067673814	17.0	17	17
71.85629908772383	18.0	18	18
71.95637749870951	17.0	17	17
72.0564559096952	16.0	16	16
72.15653432068089	15.0	15	15
72.25661273166658	15.0	15	15
72.35669114265227	14.0	14	14
72.45676955363795	14.0	14	14
72.55684796462364	14.0	14	14
72.65692637560933	14.0	14	14
72.75700478659502	15.0	15	15
72.85708319758069	14.0	14	14
72.95716160856638	14.0	14	14
73.05724001955207	14.0	14	14
73.15731843053776	14.0	14	14
73.25739684152344	13.0	13	13
73.35747525250913	13.0	13	13
73.45755366349482	13.0	13	13
73.55763207448051	12.0	12	12
73.6577104854662	12.0	12	12
73.75778889645188	12.0	12	12
73.85786730743757	12.0	12	12
73.95794571842326	12.0	12	12
74.05802412940895	12.0	12	12
74.15810254039464	12.0	12	12
74.25818095138033	12.0	12	12
74.35825936236601	12.0	12	12
74.4583377733517	12.0	12	12
74.55841618433739	12.0	12	12
74.65849459532308	12.0	12	12
74.75857300630877	12.0	12	12
74.85865141729445	13.0	13	13
74.95872982828014	13.0	13	13
75.05880823926583	14.0	14	14
75.15888665025152	14.0	14	14
75.2589650612372	14.0	14	14
75.3590434722229	14.0	14	14
75.45912188320858	14.0	14	14
75.55920029419427	14.0	14	14
75.65927870517996	14.0	14	14
75.75935711616565	14.0	14	14
75.85943552715133	14.0	14	14
75.95951393813702	14.0	14	14
76.05959234912271	14.0	14	14
76.1596707601084	14.0	14	14
76.25974917109409	13.0	13	13
76.35982758207977	13.0	13	13
76.45990599306546	13.0	13	13
76.55998440405115	13.0	13	13
76.66006281503684	13.0	13	13
76.76014122602253	13.0	13	13
76.86021963700821	13.0	13	13
76.9602980479939	12.0	12	12
77.06037645897959	12.0	12	12
77.16045486996528	12.0	12	12
77.26053328095097	12.0	12	12
77.36061169193665	12.0	12	12
77.46069010292234	12.0	12	12
77.56076851390803	11.0	11	11
77.66084692489372	11.0	11	11
77.7609253358794	11.0	11	11
77.8610037468651	11.0	11	11
77.96108215785078	11.0	11	11
78.06116056883647	11.0	11	11
78.16123897982216	11.0	11	11
78.26131739080783	11.0	11	11
78.36139580179352	11.0	11	11
78.46147421277921	11.0	11	11
78.5615526237649	11.0	11	11
78.66163103475058	11.0	11	11
78.76170944573627	11.0	11	11
78.86178785672196	11.0	11	11
78.96186626770765	11.0	11	11
79.06194467869334	11.0	11	11
79.16202308967902	11.0	11	11
79.26210150066471	11.0	11	11
79.3621799116504	11.0	11	11
79.46225832263609	11.0	11	11
79.56233673362178	11.0	11	11
79.66241514460746	11.0	11	11
79.76249355559315	11.0	11	11
79.86257196657884	11.0	11	11
79.96265037756453	11.0	11	11
80.06272878855022	11.0	11	11
80.1628071995359	11.0	11	11
80.2628856105216	11.0	11	11
80.36296402150728	12.0	12	12
80.46304243249297	12.0	12	12
80.56312084347866	12.0	12	12
80.66319925446435	12.0	12	12
80.76327766545003	12.0	12	12
80.86335607643572	12.0	12	12
80.96343448742141	12.0	12	12
81.0635128984071	12.0	12	12
81.16359130939279	11.0	11	11
81.26366972037847	11.0	11	11
81.36374813136416	11.0	11	11
81.46382654234985	11.0	11	11
81.56390495333554	11.0	11	11
81.66398336432123	11.0	11	11
81.76406177530691	11.0	11	11
81.8641401862926	11.0	11	11
81.96421859727829	11.0	11	11
82.06429700826398	11.0	11	11
82.16437541924967	11.0	11	11
82.26445383023535	11.0	11	11
82.36453224122104	11.0	11	11
82.46461065220673	10.0	10	10
82.56468906319242	10.0	10	10
82.6647674741781	10.0	10	10
82.7648458851638	10.0	10	10
82.86492429614948	10.0	10	10
82.96500270713517	10.0	10	10
83.06508111812086	10.0	10	10
83.16515952910655	10.0	10	10
83.26523794009223	10.0	10	10
83.36531635107792	10.0	10	10
83.46539476206361	10.0	10	10
83.5654731730493	11.0	11	11
83.66555158403497	11.0	11	11
83.76562999502066	11.0	11	11
83.86570840600635	12.0	12	12
83.96578681699204	14.0	14	14
84.06586522797772	13.0	13	13
84.16594363896341	13.0	13	13
84.2660220499491	13.0	13	13
84.36610046093479	12.0	12	12
84.46617887192048	13.0	13	13
84.56625728290616	13.0	13	13
84.66633569389185	12.0	12	12
84.76641410487754	12.0	12	12
84.86649251586323	12.0	12	12
84.96657092684892	13.0	13	13
85.0666493378346	13.0	13	13
85.16672774882029	13.0	13	13
85.26680615980598	13.0	13	13
85.36688457079167	11.0	11	11
85.46696298177736	9.0	9	9
85.56704139276304	9.0	9	9
85.66711980374873	9.0	9	9
85.76719821473442	9.0	9	9
85.86727662572011	9.0	9	9
85.9673550367058	8.0	8	8
86.06743344769149	8.0	8	8
86.16751185867717	8.0	8	8
86.26759026966286	7.0	7	7
86.36766868064855	6.0	6	6
86.46774709163424	6.0	6	6
86.56782550261993	5.0	5	5
86.66790391360561	5.0	5	5
86.7679823245913	5.0	5	5
86.86806073557699	5.0	5	5
86.96813914656268	6.0	6	6
87.06821755754837	6.0	6	6
87.16829596853405	6.0	6	6
87.26837437951974	6.0	6	6
87.36845279050543	6.0	6	6
87.46853120149112	6.0	6	6
87.5686096124768	6.0	6	6
87.6686880234625	6.0	6	6
87.76876643444818	6.0	6	6
87.86884484543387	6.0	6	6
87.96892325641956	6.0	6	6
88.06900166740525	6.0	6	6
88.16908007839093	6.0	6	6
88.26915848937662	6.0	6	6
88.36923690036231	6.0	6	6
88.469315311348	6.0	6	6
88.56939372233369	6.0	6	6
88.66947213331937	6.0	6	6
88.76955054430506	6.0	6	6
88.86962895529075	6.0	6	6
88.96970736627644	6.0	6	6
89.06978577726211	6.0	6	6
89.1698641882478	6.0	6	6
89.26994259923349	7.0	7	7
89.37002101021918	7.0	7	7
89.47009942120486	7.0	7	7
89.57017783219055	7.0	7	7
89.67025624317624	7.0	7	7
89.77033465416193	7.0	7	7
89.87041306514762	7.0	7	7
89.9704914761333	7.0	7	7
90.07056988711899	7.0	7	7
90.17064829810468	7.0	7	7
90.27072670909037	7.0	7	7
90.37080512007606	7.0	7	7
90.47088353106174	7.0	7	7
90.57096194204743	7.0	7	7
90.67104035303312	8.0	8	8
90.77111876401881	7.0	7	7
90.8711971750045	7.0	7	7
90.97127558599018	6.0	6	6
91.07135399697587	6.0	6	6
91.17143240796156	6.0	6	6
91.27151081894725	6.0	6	6
91.37158922993294	6.0	6	6
91.47166764091862	6.0	6	6
91.57174605190431	7.0	7	7
91.67182446289	8.0	8	8
91.77190287387569	7.0	7	7
91.87198128486138	7.0	7	7
91.97205969584707	7.0	7	7
92.07213810683275	7.0	7	7
92.17221651781844	7.0	7	7
92.27229492880413	7.0	7	7
92.37237333978982	7.0	7	7
92.4724517507755	7.0	7	7
92.5725301617612	7.0	7	7
92.67260857274688	5.0	5	5
92.77268698373257	4.0	4	4
92.87276539471826	4.0	4	4
92.97284380570395	4.0	4	4
93.07292221668963	4.0	4	4
93.17300062767532	4.0	4	4
93.27307903866101	4.0	4	4
93.3731574496467	4.0	4	4
93.47323586063239	4.0	4	4
93.57331427161807	4.0	4	4
93.67339268260376	4.0	4	4
93.77347109358945	4.0	4	4
93.87354950457514	4.0	4	4
93.97362791556083	3.0	3	3
94.07370632654651	5.0	5	5
94.1737847375322	5.0	5	5
94.27386314851789	5.0	5	5
94.37394155950358	6.0	6	6
94.47401997048925	6.0	6	6
94.57409838147494	6.0	6	6
94.67417679246063	6.0	6	6
94.77425520344632	6.0	6	6
94.874333614432	7.0	7	7
94.97441202541769	7.0	7	7
95.07449043640338	7.0	7	7
95.17456884738907	7.0	7	7
95.27464725837476	6.0	6	6
95.37472566936044	6.0	6	6
95.47480408034613	6.0	6	6
95.57488249133182	6.0	6	6
95.67496090231751	6.0	6	6
95.7750393133032	7.0	7	7
95.87511772428888	7.0	7	7
95.97519613527457	6.0	6	6
96.07527454626026	6.0	6	6
96.17535295724595	6.0	6	6
96.27543136823164	6.0	6	6
96.37550977921732	5.0	5	5
96.47558819020301	5.0	5	5
96.5756666011887	6.0	6	6
96.67574501217439	6.0	6	6
96.77582342316008	6.0	6	6
96.87590183414576	6.0	6	6
96.97598024513145	6.0	6	6
97.07605865611714	6.0	6	6
97.17613706710283	6.0	6	6
97.27621547808852	6.0	6	6
97.3762938890742	6.0	6	6
97.4763723000599	6.0	6	6
97.57645071104558	6.0	6	6
97.67652912203127	5.0	5	5
97.77660753301696	5.0	5	5
97.87668594400265	5.0	5	5
97.97676435498833	5.0	5	5
98.07684276597402	5.0	5	5
98.17692117695971	5.0	5	5
98.2769995879454	5.0	5	5
98.37707799893109	5.0	5	5
98.47715640991677	6.0	6	6
98.57723482090246	6.0	6	6
98.67731323188815	6.0	6	6
98.77739164287384	6.0	6	6
98.87747005385953	6.0	6	6
98.97754846484521	6.0	6	6
99.0776268758309	6.0	6	6
99.17770528681659	6.0	6	6
99.27778369780228	5.0	5	5
99.37786210878797	5.0	5	5
99.47794051977365	6.0	6	6
99.57801893075934	7.0	7	7
99.67809734174503	7.0	7	7
99.77817575273072	6.0	6	6
99.87825416371639	7.0	7	7
99.97833257470208	7.0	7	7
100.07841098568777	7.0	7	7
100.17848939667346	7.0	7	7
100.27856780765914	7.0	7	7
100.37864621864483	7.0	7	7
100.47872462963052	7.0	7	7
100.57880304061621	7.0	7	7
100.6788814516019	6.0	6	6
100.77895986258758	6.0	6	6
100.87903827357327	6.0	6	6
100.97911668455896	6.0	6	6
101.07919509554465	5.0	5	5
101.17927350653034	5.0	5	5
101.27935191751602	5.0	5	5
101.37943032850171	5.0	5	5
101.4795087394874	5.0	5	5
101.57958715047309	5.0	5	5
101.67966556145878	5.0	5	5
101.77974397244446	5.0	5	5
101.87982238343015	5.0	5	5
101.97990079441584	5.0	5	5
102.07997920540153	5.0	5	5
102.18005761638722	5.0	5	5
102.2801360273729	5.0	5	5
102.38021443835859	5.0	5	5
102.48029284934428	5.0	5	5
102.58037126032997	5.0	5	5
102.68044967131566	5.0	5	5
102.78052808230134	5.0	5	5
102.88060649328703	5.0	5	5
102.98068490427272	5.0	5	5
103.08076331525841	5.0	5	5
103.1808417262441	5.0	5	5
103.28092013722978	5.0	5	5
103.38099854821547	5.0	5	5
103.48107695920116	5.0	5	5
103.58115537018685	5.0	5	5
103.68123378117254	5.0	5	5
103.78131219215823	5.0	5	5
103.88139060314391	5.0	5	5
103.9814690141296	5.0	5	5
104.08154742511529	5.0	5	5
104.18162583610098	5.0	5	5
104.28170424708667	5.0	5	5
104.38178265807235	5.0	5	5
104.48186106905804	5.0	5	5
104.58193948004373	5.0	5	5
104.68201789102942	5.0	5	5
104.7820963020151	5.0	5	5
104.8821747130008	5.0	5	5
104.98225312398648	5.0	5	5
105.08233153497217	5.0	5	5
105.18240994595784	5.0	5	5
105.28248835694353	5.0	5	5
105.38256676792922	5.0	5	5
105.48264517891491	5.0	5	5
105.5827235899006	5.0	5	5
105.68280200088628	5.0	5	5
105.78288041187197	5.0	5	5
105.88295882285766	5.0	5	5
105.98303723384335	5.0	5	5
106.08311564482904	5.0	5	5
106.18319405581472	5.0	5	5
106.28327246680041	5.0	5	5
106.3833508777861	5.0	5	5
106.48342928877179	5.0	5	5
106.58350769975748	5.0	5	5
106.68358611074316	5.0	5	5
106.78366452172885	5.0	5	5
106.88374293271454	5.0	5	5
106.98382134370023	5.0	5	5
107.08389975468592	5.0	5	5
107.1839781656716	4.0	4	4
107.28405657665729	4.0	4	4
107.38413498764298	4.0	4	4
107.48421339862867	4.0	4	4
107.58429180961436	4.0	4	4
107.68437022060004	4.0	4	4
107.78444863158573	3.0	3	3
107.88452704257142	3.0	3	3
107.98460545355711	3.0	3	3
108.0846838645428	3.0	3	3
108.18476227552848	3.0	3	3
108.28484068651417	3.0	3	3
108.38491909749986	3.0	3	3
108.48499750848555	3.0	3	3
108.58507591947124	3.0	3	3
108.68515433045692	3.0	3	3
108.78523274144261	3.0	3	3
108.8853111524283	3.0	3	3
108.98538956341399	3.0	3	3
109.08546797439968	3.0	3	3
109.18554638538536	3.0	3	3
109.28562479637105	3.0	3	3
109.38570320735674	3.0	3	3
109.48578161834243	3.0	3	3
109.58586002932812	3.0	3	3
109.6859384403138	3.0	3	3
109.7860168512995	3.0	3	3
109.88609526228518	3.0	3	3
109.98617367327087	3.0	3	3
110.08625208425656	3.0	3	3
110.18633049524225	3.0	3	3
110.28640890622793	3.0	3	3
110.38648731721362	3.0	3	3
110.48656572819931	3.0	3	3
110.58664413918498	3.0	3	3
110.68672255017067	3.0	3	3
110.78680096115636	3.0	3	3
110.88687937214205	3.0	3	3
110.98695778312774	3.0	3	3
111.08703619411342	3.0	3	3
111.18711460509911	3.0	3	3
111.2871930160848	3.0	3	3
111.38727142707049	3.0	3	3
111.48734983805618	3.0	3	3
111.58742824904186	3.0	3	3
111.68750666002755	3.0	3	3
111.78758507101324	3.0	3	3
111.88766348199893	3.0	3	3
111.98774189298462	3.0	3	3
112.0878203039703	3.0	3	3
112.18789871495599	3.0	3	3
112.28797712594168	3.0	3	3
112.38805553692737	3.0	3	3
112.48813394791306	3.0	3	3
112.58821235889874	2.0	2	2
112.68829076988443	2.0	2	2
112.78836918087012	2.0	2	2
112.88844759185581	2.0	2	2
112.9885260028415	2.0	2	2
113.08860441382718	2.0	2	2
113.18868282481287	2.0	2	2
113.28876123579856	2.0	2	2
113.38883964678425	2.0	2	2
113.48891805776994	2.0	2	2
113.58899646875562	2.0	2	2
113.68907487974131	2.0	2	2
113.789153290727	2.0	2	2
113.88923170171269	1.0	1	1
113.98931011269838	1.0	1	1
114.08938852368406	0.0	0	0
114.18946693466975	0.0	0	0
114.28954534565544	0.0	0	0
114.38962375664113	0.0	0	0
114.48970216762682	0.0	0	0
114.5897805786125	0.0	0	0
114.68985898959819	0.0	0	0
114.78993740058388	0.0	0	0
114.89001581156957	0.0	0	0
114.99009422255526	0.0	0	0
115.09017263354094	0.0	0	0
115.19025104452663	0.0	0	0
115.29032945551232	0.0	0	0
115.39040786649801	0.0	0	0
115.4904862774837	0.0	0	0
115.59056468846939	0.0	0	0
115.69064309945507	0.0	0	0
115.79072151044076	0.0	0	0
115.89079992142645	0.0	0	0
115.99087833241212	0.0	0	0
116.09095674339781	0.0	0	0
116.1910351543835	0.0	0	0
116.29111356536919	0.0	0	0
116.39119197635488	0.0	0	0
116.49127038734056	0.0	0	0
116.59134879832625	0.0	0	0
116.69142720931194	0.0	0	0
116.79150562029763	0.0	0	0
116.89158403128332	0.0	0	0
116.991662442269	0.0	0	0
117.09174085325469	0.0	0	0
117.19181926424038	0.0	0	0
117.29189767522607	0.0	0	0
117.39197608621176	0.0	0	0
117.49205449719744	0.0	0	0
117.59213290818313	0.0	0	0
117.69221131916882	0.0	0	0
117.79228973015451	0.0	0	0
117.8923681411402	0.0	0	0
117.99244655212588	0.0	0	0
118.09252496311157	0.0	0	0
118.19260337409726	0.0	0	0
118.29268178508295	0.0	0	0
118.39276019606864	0.0	0	0
118.49283860705432	0.0	0	0
118.59291701804001	0.0	0	0
118.6929954290257	0.0	0	0
118.79307384001139	0.0	0	0
118.89315225099708	0.0	0	0
118.99323066198276	0.0	0	0
119.09330907296845	0.0	0	0
119.19338748395414	0.0	0	0
119.29346589493983	0.0	0	0
119.39354430592552	0.0	0	0
119.4936227169112	0.0	0	0
119.59370112789689	0.0	0	0
119.69377953888258	0.0	0	0
119.79385794986827	0.0	0	0
119.89393636085396	0.0	0	0
119.99401477183964	0.0	0	0
120.09409318282533	0.0	0	0
120.19417159381102	0.0	0	0
120.29425000479671	0.0	0	0
120.3943284157824	0.0	0	0
120.49440682676808	0.0	0	0
120.59448523775377	0.0	0	0
120.69456364873946	0.0	0	0
120.79464205972515	0.0	0	0
120.89472047071084	0.0	0	0
120.99479888169652	0.0	0	0
121.09487729268221	0.0	0	0
121.1949557036679	0.0	0	0
121.29503411465359	0.0	0	0
121.39511252563926	0.0	0	0
121.49519093662495	0.0	0	0
121.59526934761064	0.0	0	0
121.69534775859633	0.0	0	0
121.79542616958202	0.0	0	0
121.8955045805677	0.0	0	0
121.99558299155339	0.0	0	0
122.09566140253908	0.0	0	0
122.19573981352477	0.0	0	0
122.29581822451046	0.0	0	0
122.39589663549614	0.0	0	0
122.49597504648183	0.0	0	0
122.59605345746752	0.0	0	0
122.69613186845321	0.0	0	0
122.7962102794389	0.0	0	0
122.89628869042458	0.0	0	0
122.99636710141027	0.0	0	0
123.09644551239596	0.0	0	0
123.19652392338165	0.0	0	0
123.29660233436734	1.0	1	1
123.39668074535302	1.0	1	1
123.49675915633871	1.0	1	1
123.5968375673244	1.0	1	1
123.69691597831009	1.0	1	1
123.79699438929578	1.0	1	1
123.89707280028146	1.0	1	1
123.99715121126715	1.0	1	1
124.09722962225284	1.0	1	1
124.19730803323853	1.0	1	1
124.29738644422422	1.0	1	1
124.3974648552099	1.0	1	1
124.49754326619559	1.0	1	1
124.59762167718128	1.0	1	1
124.69770008816697	1.0	1	1
124.79777849915266	1.0	1	1
124.89785691013834	1.0	1	1
124.99793532112403	1.0	1	1
125.09801373210972	1.0	1	1
125.19809214309541	1.0	1	1
125.2981705540811	1.0	1	1
125.39824896506678	1.0	1	1
125.49832737605247	1.0	1	1
125.59840578703816	1.0	1	1
125.69848419802385	0.0	0	0
125.79856260900954	0.0	0	0
125.89864101999522	0.0	0	0
125.99871943098091	0.0	0	0
126.0987978419666	0.0	0	0
126.19887625295229	0.0	0	0
126.29895466393798	0.0	0	0
126.39903307492366	0.0	0	0
126.49911148590935	1.0	1	1
126.59918989689504	1.0	1	1
126.69926830788073	1.0	1	1
126.7993467188664	1.0	1	1
126.89942512985209	1.0	1	1
126.99950354083778	1.0	1	1
127.09958195182347	2.0	2	2
127.19966036280915	2.0	2	2
127.29973877379484	2.0	2	2
127.39981718478053	2.0	2	2
127.49989559576622	2.0	2	2
127.5999740067519	3.0	3	3
127.7000524177376	3.0	3	3
127.80013082872328	3.0	3	3
127.90020923970897	3.0	3	3
128.00028765069467	3.0	3	3
128.10036606168035	3.0	3	3
128.20044447266605	3.0	3	3
128.30052288365172	3.0	3	3
128.40060129463743	3.0	3	3
128.5006797056231	3.0	3	3
128.6007581166088	3.0	3	3
128.70083652759448	3.0	3	3
128.80091493858018	3.0	3	3
128.90099334956585	3.0	3	3
129.00107176055155	3.0	3	3
129.10115017153723	3.0	3	3
129.20122858252293	3.0	3	3
129.3013069935086	3.0	3	3
129.4013854044943	3.0	3	3
129.50146381547998	3.0	3	3
129.60154222646565	3.0	3	3
129.70162063745136	3.0	3	3
129.80169904843703	2.0	2	2
129.90177745942273	2.0	2	2
130.0018558704084	2.0	2	2
130.1019342813941	2.0	2	2
130.20201269237978	2.0	2	2
130.30209110336548	2.0	2	2
130.40216951435116	2.0	2	2
130.50224792533686	2.0	2	2
130.60232633632253	2.0	2	2
130.70240474730824	2.0	2	2
130.8024831582939	2.0	2	2
130.9025615692796	2.0	2	2
131.0026399802653	2.0	2	2
131.102718391251	2.0	2	2
131.20279680223666	2.0	2	2
131.30287521322236	2.0	2	2
131.40295362420804	2.0	2	2
131.50303203519374	1.0	1	1
131.60311044617941	1.0	1	1
131.70318885716512	1.0	1	1
131.8032672681508	1.0	1	1
131.9033456791365	1.0	1	1
132.00342409012217	1.0	1	1
132.10350250110787	1.0	1	1
132.20358091209354	1.0	1	1
132.30365932307924	1.0	1	1
132.40373773406492	1.0	1	1
132.50381614505062	1.0	1	1
132.6038945560363	1.0	1	1
132.703972967022	1.0	1	1
132.80405137800767	1.0	1	1
132.90412978899337	1.0	1	1
133.00420819997905	1.0	1	1
133.10428661096475	1.0	1	1
133.20436502195042	0.0	0	0
133.30444343293613	0.0	0	0
133.4045218439218	0.0	0	0
133.5046002549075	0.0	0	0
133.60467866589318	1.0	1	1
133.70475707687888	1.0	1	1
133.80483548786455	1.0	1	1
133.90491389885025	1.0	1	1
134.00499230983593	1.0	1	1
134.10507072082163	1.0	1	1
134.2051491318073	1.0	1	1
134.305227542793	1.0	1	1
134.40530595377868	1.0	1	1
134.50538436476438	1.0	1	1
134.60546277575006	1.0	1	1
134.70554118673576	2.0	2	2
134.80561959772143	2.0	2	2
134.9056980087071	2.0	2	2
135.0057764196928	2.0	2	2
135.10585483067848	2.0	2	2
135.20593324166418	2.0	2	2
135.30601165264986	2.0	2	2
135.40609006363556	2.0	2	2
135.50616847462123	2.0	2	2
135.60624688560694	3.0	3	3
135.7063252965926	3.0	3	3
135.8064037075783	3.0	3	3
135.90648211856399	3.0	3	3
136.0065605295497	3.0	3	3
136.10663894053536	3.0	3	3
136.20671735152106	3.0	3	3
136.30679576250674	3.0	3	3
136.40687417349244	3.0	3	3
136.5069525844781	3.0	3	3
136.60703099546382	3.0	3	3
136.7071094064495	3.0	3	3
136.8071878174352	3.0	3	3
136.90726622842087	3.0	3	3
137.00734463940657	2.0	2	2
137.10742305039224	2.0	2	2
137.20750146137794	2.0	2	2
137.30757987236362	2.0	2	2
137.40765828334932	2.0	2	2
137.507736694335	2.0	2	2
137.6078151053207	2.0	2	2
137.70789351630637	2.0	2	2
137.80797192729207	2.0	2	2
137.90805033827775	2.0	2	2
138.00812874926345	1.0	1	1
138.10820716024912	2.0	2	2
138.20828557123482	2.0	2	2
138.3083639822205	2.0	2	2
138.4084423932062	2.0	2	2
138.50852080419187	2.0	2	2
138.60859921517758	2.0	2	2
138.70867762616325	3.0	3	3
138.80875603714895	3.0	3	3
138.90883444813463	3.0	3	3
139.00891285912033	3.0	3	3
139.108991270106	3.0	3	3
139.2090696810917	3.0	3	3
139.30914809207738	3.0	3	3
139.40922650306308	3.0	3	3
139.50930491404876	3.0	3	3
139.60938332503446	3.0	3	3
139.70946173602013	3.0	3	3
139.80954014700583	3.0	3	3
139.9096185579915	3.0	3	3
140.0096969689772	3.0	3	3
140.10977537996288	3.0	3	3
140.20985379094859	3.0	3	3
140.30993220193426	2.0	2	2
140.41001061291993	2.0	2	2
140.51008902390564	2.0	2	2
140.6101674348913	2.0	2	2
140.710245845877	2.0	2	2
140.81032425686269	2.0	2	2
140.9104026678484	2.0	2	2
141.01048107883406	2.0	2	2
141.11055948981976	2.0	2	2
141.21063790080544	2.0	2	2
141.31071631179114	1.0	1	1
141.4107947227768	1.0	1	1
141.51087313376252	1.0	1	1
141.6109515447482	1.0	1	1
141.7110299557339	1.0	1	1
141.81110836671957	1.0	1	1
141.91118677770527	1.0	1	1
142.01126518869094	1.0	1	1
142.11134359967664	1.0	1	1
142.21142201066232	1.0	1	1
142.31150042164802	1.0	1	1
142.4115788326337	1.0	1	1
142.5116572436194	1.0	1	1
142.61173565460507	1.0	1	1
142.71181406559077	1.0	1	1
142.81189247657645	1.0	1	1
142.91197088756215	1.0	1	1
143.01204929854782	1.0	1	1
143.11212770953352	1.0	1	1
143.2122061205192	1.0	1	1
143.3122845315049	1.0	1	1
143.41236294249057	1.0	1	1
143.51244135347628	1.0	1	1
143.61251976446195	1.0	1	1
143.71259817544765	1.0	1	1
143.81267658643333	1.0	1	1
143.91275499741903	1.0	1	1
144.0128334084047	1.0	1	1
144.1129118193904	1.0	1	1
144.21299023037608	1.0	1	1
144.31306864136178	1.0	1	1
144.41314705234745	1.0	1	1
144.51322546333316	1.0	1	1
144.61330387431883	1.0	1	1
144.71338228530453	1.0	1	1
144.8134606962902	1.0	1	1
144.9135391072759	1.0	1	1
145.01361751826158	1.0	1	1
145.11369592924729	1.0	1	1
145.21377434023296	1.0	1	1
145.31385275121866	1.0	1	1
145.41393116220434	1.0	1	1
145.51400957319004	1.0	1	1
145.6140879841757	1.0	1	1
145.71416639516139	1.0	1	1
145.8142448061471	1.0	1	1
145.91432321713276	2.0	2	2
146.01440162811846	2.0	2	2
146.11448003910414	2.0	2	2
146.21455845008984	2.0	2	2
146.3146368610755	2.0	2	2
146.41471527206122	2.0	2	2
146.5147936830469	2.0	2	2
146.6148720940326	2.0	2	2
146.71495050501827	2.0	2	2
146.81502891600397	2.0	2	2
146.91510732698964	2.0	2	2
147.01518573797534	2.0	2	2
147.11526414896102	2.0	2	2
147.21534255994672	2.0	2	2
147.3154209709324	2.0	2	2
147.4154993819181	2.0	2	2
147.51557779290377	2.0	2	2
147.61565620388947	2.0	2	2
147.71573461487515	2.0	2	2
147.81581302586085	2.0	2	2
147.91589143684652	2.0	2	2
148.01596984783222	2.0	2	2
148.1160482588179	2.0	2	2
148.2161266698036	2.0	2	2
148.31620508078927	2.0	2	2
148.41628349177498	2.0	2	2
148.51636190276065	2.0	2	2
148.61644031374635	2.0	2	2
148.71651872473203	2.0	2	2
148.81659713571773	2.0	2	2
148.9166755467034	2.0	2	2
149.0167539576891	2.0	2	2
149.11683236867478	2.0	2	2
149.21691077966048	2.0	2	2
149.31698919064615	2.0	2	2
149.41706760163186	2.0	2	2
149.51714601261753	2.0	2	2
149.61722442360323	2.0	2	2
149.7173028345889	3.0	3	3
149.8173812455746	3.0	3	3
149.91745965656028	3.0	3	3
150.01753806754598	3.0	3	3
150.11761647853166	3.0	3	3
150.21769488951736	3.0	3	3
150.31777330050303	3.0	3	3
150.41785171148874	3.0	3	3
150.5179301224744	3.0	3	3
150.6180085334601	3.0	3	3
150.7180869444458	3.0	3	3
150.8181653554315	3.0	3	3
150.91824376641716	3.0	3	3
151.01832217740287	3.0	3	3
151.11840058838854	3.0	3	3
151.2184789993742	3.0	3	3
151.31855741035992	3.0	3	3
151.4186358213456	2.0	2	2
151.5187142323313	2.0	2	2
151.61879264331697	2.0	2	2
151.71887105430267	2.0	2	2
151.81894946528834	2.0	2	2
151.91902787627404	2.0	2	2
152.01910628725972	2.0	2	2
152.11918469824542	2.0	2	2
152.2192631092311	2.0	2	2
152.3193415202168	2.0	2	2
152.41941993120247	2.0	2	2
152.51949834218817	2.0	2	2
152.61957675317385	2.0	2	2
152.71965516415955	2.0	2	2
152.81973357514522	2.0	2	2
152.91981198613092	2.0	2	2
153.0198903971166	2.0	2	2
153.1199688081023	2.0	2	2
153.22004721908797	2.0	2	2
153.32012563007368	2.0	2	2
153.42020404105935	2.0	2	2
153.52028245204505	2.0	2	2
153.62036086303073	2.0	2	2
153.72043927401643	2.0	2	2
153.8205176850021	2.0	2	2
153.9205960959878	2.0	2	2
154.02067450697348	2.0	2	2
154.12075291795918	1.0	1	1
154.22083132894485	1.0	1	1
154.32090973993056	1.0	1	1
154.42098815091623	1.0	1	1
154.52106656190193	1.0	1	1
154.6211449728876	1.0	1	1
154.7212233838733	1.0	1	1
154.82130179485898	1.0	1	1
154.92138020584468	1.0	1	1
155.02145861683036	1.0	1	1
155.12153702781606	1.0	1	1
155.22161543880173	1.0	1	1
155.32169384978744	1.0	1	1
155.4217722607731	1.0	1	1
155.5218506717588	1.0	1	1
155.6219290827445	1.0	1	1
155.7220074937302	1.0	1	1
155.82208590471586	1.0	1	1
155.92216431570156	1.0	1	1
156.02224272668724	1.0	1	1
156.12232113767294	1.0	1	1
156.22239954865861	1.0	1	1
156.32247795964432	1.0	1	1
156.42255637063	0.0	0	0
156.52263478161566	0.0	0	0
156.62271319260137	0.0	0	0
156.72279160358704	0.0	0	0
156.82287001457274	0.0	0	0
156.92294842555842	0.0	0	0
157.02302683654412	0.0	0	0
157.1231052475298	0.0	0	0
157.2231836585155	0.0	0	0
157.32326206950117	0.0	0	0
157.42334048048687	0.0	0	0
157.52341889147255	0.0	0	0
157.62349730245825	0.0	0	0
157.72357571344392	0.0	0	0
157.82365412442962	0.0	0	0
157.9237325354153	0.0	0	0
158.023810946401	0.0	0	0
158.12388935738667	0.0	0	0
158.22396776837238	0.0	0	0
158.32404617935805	0.0	0	0
158.42412459034375	0.0	0	0
158.52420300132943	0.0	0	0
158.62428141231513	0.0	0	0
158.7243598233008	0.0	0	0
158.8244382342865	0.0	0	0
158.92451664527218	0.0	0	0
159.02459505625788	0.0	0	0
159.12467346724355	0.0	0	0
159.22475187822926	0.0	0	0
159.32483028921493	0.0	0	0
159.42490870020063	0.0	0	0
159.5249871111863	0.0	0	0
159.625065522172	0.0	0	0
159.72514393315768	0.0	0	0
159.82522234414338	0.0	0	0
159.92530075512906	0.0	0	0
160.02537916611476	0.0	0	0
160.12545757710043	0.0	0	0
160.22553598808614	0.0	0	0
160.3256143990718	0.0	0	0
160.4256928100575	0.0	0	0
160.5257712210432	0.0	0	0
160.6258496320289	0.0	0	0
160.72592804301456	0.0	0	0
160.82600645400026	0.0	0	0
160.92608486498594	0.0	0	0
161.02616327597164	0.0	0	0
161.12624168695731	0.0	0	0
161.22632009794302	0.0	0	0
161.3263985089287	0.0	0	0
161.4264769199144	0.0	0	0
161.52655533090007	1.0	1	1
161.62663374188577	1.0	1	1
161.72671215287144	1.0	1	1
161.82679056385712	1.0	1	1
161.92686897484282	1.0	1	1
162.0269473858285	2.0	2	2
162.1270257968142	2.0	2	2
162.22710420779987	2.0	2	2
162.32718261878557	2.0	2	2
162.42726102977124	2.0	2	2
162.52733944075695	3.0	3	3
162.62741785174262	3.0	3	3
162.72749626272832	3.0	3	3
162.827574673714	3.0	3	3
162.9276530846997	3.0	3	3
163.02773149568537	3.0	3	3
163.12780990667108	4.0	4	4
163.22788831765675	4.0	4	4
163.32796672864245	4.0	4	4
163.42804513962813	4.0	4	4
163.52812355061383	4.0	4	4
163.6282019615995	4.0	4	4
163.7282803725852	5.0	5	5
163.82835878357088	5.0	5	5
163.92843719455658	5.0	5	5
164.02851560554225	5.0	5	5
164.12859401652796	5.0	5	5
164.22867242751363	5.0	5	5
164.32875083849933	5.0	5	5
164.428829249485	5.0	5	5
164.5289076604707	5.0	5	5
164.62898607145638	5.0	5	5
164.72906448244208	5.0	5	5
164.82914289342776	4.0	4	4
164.92922130441346	4.0	4	4
165.02929971539913	4.0	4	4
165.12937812638484	4.0	4	4
165.2294565373705	4.0	4	4
165.3295349483562	4.0	4	4
165.4296133593419	4.0	4	4
165.5296917703276	4.0	4	4
165.62977018131326	4.0	4	4
165.72984859229896	4.0	4	4
165.82992700328464	4.0	4	4
165.93000541427034	3.0	3	3
166.030083825256	2.0	2	2
166.13016223624172	3.0	3	3
166.2302406472274	3.0	3	3
166.3303190582131	3.0	3	3
166.43039746919877	3.0	3	3
166.53047588018447	3.0	3	3
166.63055429117014	4.0	4	4
166.73063270215584	4.0	4	4
166.83071111314152	4.0	4	4
166.93078952412722	5.0	5	5
167.0308679351129	5.0	5	5
167.1309463460986	5.0	5	5
167.23102475708427	5.0	5	5
167.33110316806994	5.0	5	5
167.43118157905565	4.0	4	4
167.53125999004132	4.0	4	4
167.63133840102702	4.0	4	4
167.7314168120127	4.0	4	4
167.8314952229984	4.0	4	4
167.93157363398407	3.0	3	3
168.03165204496977	3.0	3	3
168.13173045595545	3.0	3	3
168.23180886694115	3.0	3	3
168.33188727792682	3.0	3	3
168.43196568891253	2.0	2	2
168.5320440998982	2.0	2	2
168.6321225108839	2.0	2	2
168.73220092186958	1.0	1	1
168.83227933285528	1.0	1	1
168.93235774384095	1.0	1	1
169.03243615482666	2.0	2	2
169.13251456581233	2.0	2	2
169.23259297679803	2.0	2	2
169.3326713877837	2.0	2	2
169.4327497987694	2.0	2	2
169.53282820975508	2.0	2	2
169.63290662074078	2.0	2	2
169.73298503172646	2.0	2	2
169.83306344271216	2.0	2	2
169.93314185369783	2.0	2	2
170.03322026468354	2.0	2	2
170.1332986756692	3.0	3	3
170.2333770866549	3.0	3	3
170.33345549764059	3.0	3	3
170.4335339086263	3.0	3	3
170.53361231961196	3.0	3	3
170.63369073059766	3.0	3	3
170.73376914158334	3.0	3	3
170.83384755256904	3.0	3	3
170.9339259635547	3.0	3	3
171.03400437454042	3.0	3	3
171.1340827855261	3.0	3	3
171.2341611965118	3.0	3	3
171.33423960749747	3.0	3	3
171.43431801848317	3.0	3	3
171.53439642946884	4.0	4	4
171.63447484045454	4.0	4	4
171.73455325144022	4.0	4	4
171.83463166242592	4.0	4	4
171.9347100734116	3.0	3	3
172.0347884843973	3.0	3	3
172.13486689538297	3.0	3	3
172.23494530636867	3.0	3	3
172.33502371735435	3.0	3	3
172.43510212834005	3.0	3	3
172.53518053932572	3.0	3	3
172.6352589503114	3.0	3	3
172.7353373612971	3.0	3	3
172.83541577228277	3.0	3	3
172.93549418326847	3.0	3	3
173.03557259425415	3.0	3	3
173.13565100523985	3.0	3	3
173.23572941622552	3.0	3	3
173.33580782721123	3.0	3	3
173.4358862381969	3.0	3	3
173.5359646491826	3.0	3	3
173.63604306016828	3.0	3	3
173.73612147115398	3.0	3	3
173.83619988213965	3.0	3	3
173.93627829312535	3.0	3	3
174.03635670411103	3.0	3	3
174.13643511509673	3.0	3	3
174.2365135260824	3.0	3	3
174.3365919370681	3.0	3	3
174.43667034805378	3.0	3	3
174.53674875903948	3.0	3	3
174.63682717002516	3.0	3	3
174.73690558101086	3.0	3	3
174.83698399199653	3.0	3	3
174.93706240298224	3.0	3	3
175.0371408139679	3.0	3	3
175.1372192249536	3.0	3	3
175.23729763593929	3.0	3	3
175.337376046925	3.0	3	3
175.43745445791066	3.0	3	3
175.53753286889636	3.0	3	3
175.63761127988204	3.0	3	3
175.73768969086774	3.0	3	3
175.8377681018534	3.0	3	3
175.93784651283912	3.0	3	3
176.0379249238248	3.0	3	3
176.1380033348105	3.0	3	3
176.23808174579617	3.0	3	3
176.33816015678187	3.0	3	3
176.43823856776754	3.0	3	3
176.53831697875324	3.0	3	3
176.63839538973892	3.0	3	3
176.73847380072462	3.0	3	3
176.8385522117103	3.0	3	3
176.938630622696	3.0	3	3
177.03870903368167	3.0	3	3
177.13878744466737	3.0	3	3
177.23886585565305	3.0	3	3
177.33894426663875	3.0	3	3
177.43902267762442	3.0	3	3
177.53910108861012	4.0	4	4
177.6391794995958	4.0	4	4
177.7392579105815	4.0	4	4
177.83933632156717	4.0	4	4
177.93941473255288	4.0	4	4
178.03949314353855	4.0	4	4
178.13957155452422	4.0	4	4
178.23964996550993	4.0	4	4
178.3397283764956	4.0	4	4
178.4398067874813	4.0	4	4
178.53988519846698	4.0	4	4
178.63996360945268	4.0	4	4
178.74004202043835	3.0	3	3
178.84012043142405	3.0	3	3
178.94019884240973	3.0	3	3
179.04027725339543	3.0	3	3
179.1403556643811	3.0	3	3
179.2404340753668	3.0	3	3
179.34051248635248	3.0	3	3
179.44059089733818	3.0	3	3
179.54066930832386	3.0	3	3
179.64074771930956	3.0	3	3
179.74082613029523	3.0	3	3
179.84090454128093	3.0	3	3
179.9409829522666	3.0	3	3
180.0410613632523	3.0	3	3
180.14113977423798	3.0	3	3
180.2412181852237	3.0	3	3
180.34129659620936	3.0	3	3
180.44137500719506	3.0	3	3
180.54145341818074	3.0	3	3
180.64153182916644	3.0	3	3
180.7416102401521	3.0	3	3
180.84168865113782	3.0	3	3
180.9417670621235	3.0	3	3
181.0418454731092	3.0	3	3
181.14192388409487	3.0	3	3
181.24200229508057	3.0	3	3
181.34208070606624	3.0	3	3
181.44215911705194	3.0	3	3
181.54223752803762	2.0	2	2
181.64231593902332	1.0	1	1
181.742394350009	1.0	1	1
