time	diversity	m_div	M_div
0.0	38.0	38	38
0.10009101087263382	38.0	38	38
0.20018202174526764	38.0	38	38
0.30027303261790145	36.0	36	36
0.4003640434905353	36.0	36	36
0.5004550543631691	36.0	36	36
0.6005460652358029	36.0	36	36
0.7006370761084367	34.0	34	34
0.8007280869810706	33.0	33	33
0.9008190978537044	33.0	33	33
1.0009101087263381	33.0	33	33
1.101001119598972	33.0	33	33
1.2010921304716058	33.0	33	33
1.3011831413442396	33.0	33	33
1.4012741522168735	33.0	33	33
1.5013651630895073	33.0	33	33
1.6014561739621411	33.0	33	33
1.701547184834775	33.0	33	33
1.8016381957074088	33.0	33	33
1.9017292065800426	33.0	33	33
2.0018202174526762	33.0	33	33
2.10191122832531	33.0	33	33
2.202002239197944	33.0	33	33
2.3020932500705777	33.0	33	33
2.4021842609432116	33.0	33	33
2.5022752718158454	33.0	33	33
2.6023662826884792	33.0	33	33
2.702457293561113	33.0	33	33
2.802548304433747	33.0	33	33
2.9026393153063808	33.0	33	33
3.0027303261790146	35.0	35	35
3.1028213370516484	35.0	35	35
3.2029123479242823	35.0	35	35
3.303003358796916	35.0	35	35
3.40309436966955	35.0	35	35
3.5031853805421838	35.0	35	35
3.6032763914148176	35.0	35	35
3.7033674022874514	35.0	35	35
3.8034584131600853	36.0	36	36
3.903549424032719	34.0	34	34
4.0036404349053525	34.0	34	34
4.103731445777987	34.0	34	34
4.20382245665062	32.0	32	32
4.303913467523254	32.0	32	32
4.404004478395888	32.0	32	32
4.504095489268522	32.0	32	32
4.6041865001411555	32.0	32	32
4.70427751101379	29.0	29	29
4.804368521886423	29.0	29	29
4.904459532759057	29.0	29	29
5.004550543631691	29.0	29	29
5.104641554504325	29.0	29	29
5.2047325653769585	27.0	27	27
5.304823576249593	24.0	24	24
5.404914587122226	24.0	24	24
5.5050055979948604	22.0	22	22
5.605096608867494	22.0	22	22
5.705187619740128	22.0	22	22
5.8052786306127615	21.0	21	21
5.905369641485396	21.0	21	21
6.005460652358029	21.0	21	21
6.1055516632306635	21.0	21	21
6.205642674103297	21.0	21	21
6.305733684975931	18.0	18	18
6.4058246958485645	18.0	18	18
6.505915706721198	18.0	18	18
6.606006717593832	16.0	16	16
6.706097728466466	16.0	16	16
6.8061887393391	14.0	14	14
6.906279750211733	4.0	4	4
7.0063707610843675	4.0	4	4
7.106461771957001	4.0	4	4
7.206552782829635	4.0	4	4
7.306643793702269	4.0	4	4
7.406734804574903	4.0	4	4
7.506825815447536	4.0	4	4
7.6069168263201705	4.0	4	4
7.707007837192804	4.0	4	4
7.807098848065438	4.0	4	4
7.907189858938072	4.0	4	4
8.007280869810705	4.0	4	4
8.10737188068334	4.0	4	4
8.207462891555974	4.0	4	4
8.307553902428607	4.0	4	4
8.40764491330124	4.0	4	4
8.507735924173875	4.0	4	4
8.607826935046509	4.0	4	4
8.707917945919142	4.0	4	4
8.808008956791776	4.0	4	4
8.90809996766441	4.0	4	4
9.008190978537044	4.0	4	4
9.108281989409678	4.0	4	4
9.208373000282311	4.0	4	4
9.308464011154946	4.0	4	4
9.40855502202758	4.0	4	4
9.508646032900213	4.0	4	4
9.608737043772846	4.0	4	4
9.70882805464548	4.0	4	4
9.808919065518115	4.0	4	4
9.909010076390748	4.0	4	4
10.009101087263382	4.0	4	4
10.109192098136015	4.0	4	4
10.20928310900865	4.0	4	4
10.309374119881284	4.0	4	4
10.409465130753917	4.0	4	4
10.50955614162655	4.0	4	4
10.609647152499186	4.0	4	4
10.709738163371819	4.0	4	4
10.809829174244452	4.0	4	4
10.909920185117086	4.0	4	4
11.010011195989721	4.0	4	4
11.110102206862354	4.0	4	4
11.210193217734988	4.0	4	4
11.310284228607621	4.0	4	4
11.410375239480256	4.0	4	4
11.51046625035289	4.0	4	4
11.610557261225523	4.0	4	4
11.710648272098156	4.0	4	4
11.810739282970792	4.0	4	4
11.910830293843425	4.0	4	4
12.010921304716058	4.0	4	4
12.111012315588692	4.0	4	4
12.211103326461327	4.0	4	4
12.31119433733396	4.0	4	4
12.411285348206594	4.0	4	4
12.511376359079227	4.0	4	4
12.611467369951862	4.0	4	4
12.711558380824496	4.0	4	4
12.811649391697129	4.0	4	4
12.911740402569762	4.0	4	4
13.011831413442396	4.0	4	4
13.111922424315031	4.0	4	4
13.212013435187664	4.0	4	4
13.312104446060298	4.0	4	4
13.412195456932931	4.0	4	4
13.512286467805566	4.0	4	4
13.6123774786782	4.0	4	4
13.712468489550833	4.0	4	4
13.812559500423466	4.0	4	4
13.912650511296102	4.0	4	4
14.012741522168735	4.0	4	4
14.112832533041368	4.0	4	4
14.212923543914002	4.0	4	4
14.313014554786637	4.0	4	4
14.41310556565927	4.0	4	4
14.513196576531904	4.0	4	4
14.613287587404537	4.0	4	4
14.713378598277172	4.0	4	4
14.813469609149806	4.0	4	4
14.913560620022439	4.0	4	4
15.013651630895072	4.0	4	4
15.113742641767708	4.0	4	4
15.213833652640341	4.0	4	4
15.313924663512974	4.0	4	4
15.414015674385608	4.0	4	4
15.514106685258243	4.0	4	4
15.614197696130876	4.0	4	4
15.71428870700351	4.0	4	4
15.814379717876143	4.0	4	4
15.914470728748778	4.0	4	4
16.01456173962141	4.0	4	4
16.114652750494045	4.0	4	4
16.21474376136668	4.0	4	4
16.314834772239312	4.0	4	4
16.414925783111947	4.0	4	4
16.51501679398458	4.0	4	4
16.615107804857214	4.0	4	4
16.71519881572985	4.0	4	4
16.81528982660248	4.0	4	4
16.915380837475116	4.0	4	4
17.01547184834775	4.0	4	4
17.115562859220383	4.0	4	4
17.215653870093018	4.0	4	4
17.31574488096565	4.0	4	4
17.415835891838285	4.0	4	4
17.51592690271092	4.0	4	4
17.61601791358355	4.0	4	4
17.716108924456186	4.0	4	4
17.81619993532882	4.0	4	4
17.916290946201453	4.0	4	4
18.01638195707409	4.0	4	4
18.11647296794672	4.0	4	4
18.216563978819355	4.0	4	4
18.31665498969199	4.0	4	4
18.416746000564622	4.0	4	4
18.516837011437257	4.0	4	4
18.616928022309892	4.0	4	4
18.717019033182524	5.0	5	5
18.81711004405516	5.0	5	5
18.91720105492779	5.0	5	5
19.017292065800426	5.0	5	5
19.11738307667306	5.0	5	5
19.217474087545693	5.0	5	5
19.317565098418328	5.0	5	5
19.41765610929096	5.0	5	5
19.517747120163595	5.0	5	5
19.61783813103623	5.0	5	5
19.71792914190886	5.0	5	5
19.818020152781497	5.0	5	5
19.91811116365413	5.0	5	5
20.018202174526763	5.0	5	5
20.1182931853994	5.0	5	5
20.21838419627203	5.0	5	5
20.318475207144665	5.0	5	5
20.4185662180173	5.0	5	5
20.518657228889932	5.0	5	5
20.618748239762567	5.0	5	5
20.718839250635202	5.0	5	5
20.818930261507834	5.0	5	5
20.91902127238047	5.0	5	5
21.0191122832531	5.0	5	5
21.119203294125736	5.0	5	5
21.21929430499837	5.0	5	5
21.319385315871003	5.0	5	5
21.419476326743638	4.0	4	4
21.519567337616273	4.0	4	4
21.619658348488905	3.0	3	3
21.71974935936154	3.0	3	3
21.81984037023417	3.0	3	3
21.919931381106807	3.0	3	3
22.020022391979442	3.0	3	3
22.120113402852073	3.0	3	3
22.22020441372471	3.0	3	3
22.320295424597344	3.0	3	3
22.420386435469975	3.0	3	3
22.52047744634261	3.0	3	3
22.620568457215242	3.0	3	3
22.720659468087877	3.0	3	3
22.820750478960512	3.0	3	3
22.920841489833144	3.0	3	3
23.02093250070578	3.0	3	3
23.12102351157841	3.0	3	3
23.221114522451046	3.0	3	3
23.32120553332368	3.0	3	3
23.421296544196313	3.0	3	3
23.521387555068948	2.0	2	2
23.621478565941583	2.0	2	2
23.721569576814215	2.0	2	2
23.82166058768685	2.0	2	2
23.92175159855948	2.0	2	2
24.021842609432117	2.0	2	2
24.121933620304752	2.0	2	2
24.222024631177383	2.0	2	2
24.32211564205002	2.0	2	2
24.422206652922654	2.0	2	2
24.522297663795285	2.0	2	2
24.62238867466792	2.0	2	2
24.722479685540552	2.0	2	2
24.822570696413187	1.0	1	1
24.922661707285823	1.0	1	1
25.022752718158454	1.0	1	1
25.12284372903109	1.0	1	1
25.222934739903724	1.0	1	1
25.323025750776356	1.0	1	1
25.42311676164899	1.0	1	1
25.523207772521623	1.0	1	1
25.623298783394258	1.0	1	1
25.723389794266893	1.0	1	1
25.823480805139525	1.0	1	1
25.92357181601216	1.0	1	1
26.02366282688479	1.0	1	1
26.123753837757427	1.0	1	1
26.223844848630062	1.0	1	1
26.323935859502694	1.0	1	1
26.42402687037533	1.0	1	1
26.524117881247964	1.0	1	1
26.624208892120595	1.0	1	1
26.72429990299323	1.0	1	1
26.824390913865862	1.0	1	1
26.924481924738497	1.0	1	1
27.024572935611133	1.0	1	1
27.124663946483764	1.0	1	1
27.2247549573564	1.0	1	1
27.324845968229035	1.0	1	1
27.424936979101666	1.0	1	1
27.5250279899743	1.0	1	1
27.625119000846933	1.0	1	1
27.725210011719568	1.0	1	1
27.825301022592203	1.0	1	1
27.925392033464835	1.0	1	1
28.02548304433747	1.0	1	1
28.125574055210105	1.0	1	1
28.225665066082737	1.0	1	1
28.325756076955372	1.0	1	1
28.425847087828004	1.0	1	1
28.52593809870064	1.0	1	1
28.626029109573274	1.0	1	1
28.726120120445906	1.0	1	1
28.82621113131854	2.0	2	2
28.926302142191172	2.0	2	2
29.026393153063808	2.0	2	2
29.126484163936443	2.0	2	2
29.226575174809074	2.0	2	2
29.32666618568171	2.0	2	2
29.426757196554345	2.0	2	2
29.526848207426976	2.0	2	2
29.62693921829961	2.0	2	2
29.727030229172243	2.0	2	2
29.827121240044878	2.0	2	2
29.927212250917513	2.0	2	2
30.027303261790145	2.0	2	2
30.12739427266278	2.0	2	2
30.227485283535415	2.0	2	2
30.327576294408047	2.0	2	2
30.427667305280682	2.0	2	2
30.527758316153314	2.0	2	2
30.62784932702595	2.0	2	2
30.727940337898584	2.0	2	2
30.828031348771216	2.0	2	2
30.92812235964385	2.0	2	2
31.028213370516486	2.0	2	2
31.128304381389118	1.0	1	1
31.228395392261753	1.0	1	1
31.328486403134384	1.0	1	1
31.42857741400702	1.0	1	1
31.528668424879655	1.0	1	1
31.628759435752286	1.0	1	1
31.72885044662492	1.0	1	1
31.828941457497557	1.0	1	1
31.92903246837019	1.0	1	1
32.02912347924282	1.0	1	1
32.12921449011546	1.0	1	1
32.22930550098809	1.0	1	1
32.32939651186072	1.0	1	1
32.42948752273336	1.0	1	1
32.52957853360599	1.0	1	1
32.629669544478624	1.0	1	1
32.72976055535126	1.0	1	1
32.829851566223894	1.0	1	1
32.929942577096526	1.0	1	1
33.03003358796916	1.0	1	1
33.130124598841796	1.0	1	1
33.23021560971443	1.0	1	1
33.33030662058706	1.0	1	1
33.4303976314597	1.0	1	1
33.53048864233233	1.0	1	1
33.63057965320496	1.0	1	1
33.7306706640776	1.0	1	1
33.83076167495023	1.0	1	1
33.93085268582286	1.0	1	1
34.0309436966955	1.0	1	1
34.13103470756813	1.0	1	1
34.231125718440765	1.0	1	1
34.331216729313404	1.0	1	1
34.431307740186035	1.0	1	1
34.53139875105867	1.0	1	1
34.6314897619313	1.0	1	1
34.73158077280394	1.0	1	1
34.83167178367657	1.0	1	1
34.9317627945492	1.0	1	1
35.03185380542184	1.0	1	1
35.13194481629447	1.0	1	1
35.2320358271671	1.0	1	1
35.33212683803974	1.0	1	1
35.43221784891237	1.0	1	1
35.532308859785005	1.0	1	1
35.63239987065764	1.0	1	1
35.732490881530275	1.0	1	1
35.83258189240291	1.0	1	1
35.93267290327554	1.0	1	1
36.03276391414818	1.0	1	1
36.13285492502081	1.0	1	1
36.23294593589344	1.0	1	1
36.33303694676608	1.0	1	1
36.43312795763871	1.0	1	1
36.53321896851134	1.0	1	1
36.63330997938398	1.0	1	1
36.73340099025661	1.0	1	1
36.833492001129244	1.0	1	1
36.93358301200188	1.0	1	1
37.033674022874514	1.0	1	1
37.133765033747146	1.0	1	1
37.233856044619785	1.0	1	1
37.333947055492416	1.0	1	1
37.43403806636505	1.0	1	1
37.53412907723768	1.0	1	1
37.63422008811032	1.0	1	1
37.73431109898295	1.0	1	1
37.83440210985558	2.0	2	2
37.93449312072822	2.0	2	2
38.03458413160085	2.0	2	2
38.13467514247348	2.0	2	2
38.23476615334612	2.0	2	2
38.334857164218754	2.0	2	2
38.434948175091385	2.0	2	2
38.535039185964024	2.0	2	2
38.635130196836656	2.0	2	2
38.73522120770929	2.0	2	2
38.83531221858192	3.0	3	3
38.93540322945456	3.0	3	3
39.03549424032719	5.0	5	5
39.13558525119982	5.0	5	5
39.23567626207246	6.0	6	6
39.33576727294509	6.0	6	6
39.43585828381772	6.0	6	6
39.53594929469036	7.0	7	7
39.63604030556299	9.0	9	9
39.736131316435625	9.0	9	9
39.83622232730826	10.0	10	10
39.936313338180895	11.0	11	11
40.03640434905353	11.0	11	11
40.136495359926165	11.0	11	11
40.2365863707988	11.0	11	11
40.33667738167143	12.0	12	12
40.43676839254406	12.0	12	12
40.5368594034167	12.0	12	12
40.63695041428933	12.0	12	12
40.73704142516196	12.0	12	12
40.8371324360346	12.0	12	12
40.93722344690723	12.0	12	12
41.037314457779864	12.0	12	12
41.1374054686525	12.0	12	12
41.237496479525134	12.0	12	12
41.337587490397766	12.0	12	12
41.437678501270405	12.0	12	12
41.537769512143036	12.0	12	12
41.63786052301567	12.0	12	12
41.7379515338883	12.0	12	12
41.83804254476094	13.0	13	13
41.93813355563357	13.0	13	13
42.0382245665062	13.0	13	13
42.13831557737884	13.0	13	13
42.23840658825147	13.0	13	13
42.3384975991241	13.0	13	13
42.43858860999674	13.0	13	13
42.538679620869374	12.0	12	12
42.638770631742005	12.0	12	12
42.738861642614644	12.0	12	12
42.838952653487276	12.0	12	12
42.93904366435991	12.0	12	12
43.039134675232546	12.0	12	12
43.13922568610518	12.0	12	12
43.23931669697781	12.0	12	12
43.33940770785044	12.0	12	12
43.43949871872308	12.0	12	12
43.53958972959571	12.0	12	12
43.63968074046834	12.0	12	12
43.73977175134098	12.0	12	12
43.83986276221361	12.0	12	12
43.939953773086245	12.0	12	12
44.040044783958884	12.0	12	12
44.140135794831515	12.0	12	12
44.24022680570415	12.0	12	12
44.340317816576786	12.0	12	12
44.44040882744942	12.0	12	12
44.54049983832205	12.0	12	12
44.64059084919469	12.0	12	12
44.74068186006732	13.0	13	13
44.84077287093995	13.0	13	13
44.94086388181258	13.0	13	13
45.04095489268522	14.0	14	14
45.14104590355785	14.0	14	14
45.241136914430484	14.0	14	14
45.34122792530312	14.0	14	14
45.441318936175755	14.0	14	14
45.541409947048386	15.0	15	15
45.641500957921025	15.0	15	15
45.74159196879366	15.0	15	15
45.84168297966629	15.0	15	15
45.94177399053893	15.0	15	15
46.04186500141156	15.0	15	15
46.14195601228419	14.0	14	14
46.24204702315682	15.0	15	15
46.34213803402946	15.0	15	15
46.44222904490209	16.0	16	16
46.542320055774724	16.0	16	16
46.64241106664736	16.0	16	16
46.742502077519994	16.0	16	16
46.842593088392626	16.0	16	16
46.942684099265264	16.0	16	16
47.042775110137896	17.0	17	17
47.14286612101053	17.0	17	17
47.242957131883166	17.0	17	17
47.3430481427558	17.0	17	17
47.44313915362843	17.0	17	17
47.54323016450107	17.0	17	17
47.6433211753737	17.0	17	17
47.74341218624633	17.0	17	17
47.84350319711896	17.0	17	17
47.9435942079916	17.0	17	17
48.04368521886423	17.0	17	17
48.143776229736865	17.0	17	17
48.243867240609504	17.0	17	17
48.343958251482135	17.0	17	17
48.44404926235477	18.0	18	18
48.544140273227406	18.0	18	18
48.64423128410004	18.0	18	18
48.74432229497267	18.0	18	18
48.84441330584531	18.0	18	18
48.94450431671794	17.0	17	17
49.04459532759057	17.0	17	17
49.1446863384632	17.0	17	17
49.24477734933584	18.0	18	18
49.34486836020847	18.0	18	18
49.444959371081104	18.0	18	18
49.54505038195374	18.0	18	18
49.645141392826375	18.0	18	18
49.745232403699006	18.0	18	18
49.845323414571645	18.0	18	18
49.94541442544428	19.0	19	19
50.04550543631691	18.0	18	18
50.14559644718955	18.0	18	18
50.24568745806218	18.0	18	18
50.34577846893481	18.0	18	18
50.44586947980745	18.0	18	18
50.54596049068008	18.0	18	18
50.64605150155271	18.0	18	18
50.746142512425344	18.0	18	18
50.84623352329798	16.0	16	16
50.946324534170614	16.0	16	16
51.046415545043246	17.0	17	17
51.146506555915884	17.0	17	17
51.246597566788516	16.0	16	16
51.34668857766115	16.0	16	16
51.446779588533786	16.0	16	16
51.54687059940642	16.0	16	16
51.64696161027905	16.0	16	16
51.74705262115169	16.0	16	16
51.84714363202432	16.0	16	16
51.94723464289695	16.0	16	16
52.04732565376958	16.0	16	16
52.14741666464222	16.0	16	16
52.24750767551485	16.0	16	16
52.347598686387485	16.0	16	16
52.447689697260124	16.0	16	16
52.547780708132755	16.0	16	16
52.64787171900539	16.0	16	16
52.747962729878026	16.0	16	16
52.84805374075066	15.0	15	15
52.94814475162329	15.0	15	15
53.04823576249593	15.0	15	15
53.14832677336856	14.0	14	14
53.24841778424119	14.0	14	14
53.34850879511383	14.0	14	14
53.44859980598646	13.0	13	13
53.54869081685909	13.0	13	13
53.648781827731725	13.0	13	13
53.74887283860436	13.0	13	13
53.848963849476995	12.0	12	12
53.94905486034963	12.0	12	12
54.049145871222265	12.0	12	12
54.1492368820949	12.0	12	12
54.24932789296753	13.0	13	13
54.34941890384017	13.0	13	13
54.4495099147128	13.0	13	13
54.54960092558543	13.0	13	13
54.64969193645807	13.0	13	13
54.7497829473307	13.0	13	13
54.84987395820333	13.0	13	13
54.949964969075964	13.0	13	13
55.0500559799486	12.0	12	12
55.150146990821234	12.0	12	12
55.250238001693866	12.0	12	12
55.350329012566505	11.0	11	11
55.450420023439136	14.0	14	14
55.55051103431177	14.0	14	14
55.65060204518441	14.0	14	14
55.75069305605704	14.0	14	14
55.85078406692967	13.0	13	13
55.95087507780231	15.0	15	15
56.05096608867494	14.0	14	14
56.15105709954757	14.0	14	14
56.25114811042021	13.0	13	13
56.35123912129284	12.0	12	12
56.451330132165474	12.0	12	12
56.551421143038105	12.0	12	12
56.651512153910744	12.0	12	12
56.751603164783376	12.0	12	12
56.85169417565601	11.0	11	11
56.951785186528646	10.0	10	10
57.05187619740128	10.0	10	10
57.15196720827391	9.0	9	9
57.25205821914655	9.0	9	9
57.35214923001918	9.0	9	9
57.45224024089181	8.0	8	8
57.55233125176445	7.0	7	7
57.65242226263708	7.0	7	7
57.75251327350971	7.0	7	7
57.852604284382345	8.0	8	8
57.95269529525498	7.0	7	7
58.052786306127615	7.0	7	7
58.15287731700025	7.0	7	7
58.252968327872885	7.0	7	7
58.35305933874552	7.0	7	7
58.45315034961815	6.0	6	6
58.55324136049079	6.0	6	6
58.65333237136342	6.0	6	6
58.75342338223605	6.0	6	6
58.85351439310869	6.0	6	6
58.95360540398132	6.0	6	6
59.05369641485395	6.0	6	6
59.15378742572659	6.0	6	6
59.25387843659922	5.0	5	5
59.353969447471854	5.0	5	5
59.454060458344486	5.0	5	5
59.554151469217125	5.0	5	5
59.654242480089756	6.0	6	6
59.75433349096239	6.0	6	6
59.85442450183503	4.0	4	4
59.95451551270766	4.0	4	4
60.05460652358029	5.0	5	5
60.15469753445293	5.0	5	5
60.25478854532556	5.0	5	5
60.35487955619819	5.0	5	5
60.45497056707083	5.0	5	5
60.55506157794346	5.0	5	5
60.655152588816094	5.0	5	5
60.75524359968873	5.0	5	5
60.855334610561364	4.0	4	4
60.955425621433996	4.0	4	4
61.05551663230663	4.0	4	4
61.155607643179266	6.0	6	6
61.2556986540519	7.0	7	7
61.35578966492453	7.0	7	7
61.45588067579717	7.0	7	7
61.5559716866698	7.0	7	7
61.65606269754243	7.0	7	7
61.75615370841507	7.0	7	7
61.8562447192877	7.0	7	7
61.95633573016033	7.0	7	7
62.05642674103297	8.0	8	8
62.156517751905604	8.0	8	8
62.256608762778235	7.0	7	7
62.35669977365087	7.0	7	7
62.456790784523506	7.0	7	7
62.55688179539614	7.0	7	7
62.65697280626877	8.0	8	8
62.75706381714141	8.0	8	8
62.85715482801404	8.0	8	8
62.95724583888667	8.0	8	8
63.05733684975931	7.0	7	7
63.15742786063194	7.0	7	7
63.25751887150457	7.0	7	7
63.35760988237721	7.0	7	7
63.45770089324984	7.0	7	7
63.557791904122475	6.0	6	6
63.65788291499511	6.0	6	6
63.757973925867745	6.0	6	6
63.85806493674038	6.0	6	6
63.95815594761301	6.0	6	6
64.05824695848564	6.0	6	6
64.15833796935829	6.0	6	6
64.25842898023092	6.0	6	6
64.35851999110355	6.0	6	6
64.45861100197618	6.0	6	6
64.55870201284881	6.0	6	6
64.65879302372144	6.0	6	6
64.75888403459408	6.0	6	6
64.85897504546672	5.0	5	5
64.95906605633935	5.0	5	5
65.05915706721198	5.0	5	5
65.15924807808462	5.0	5	5
65.25933908895725	5.0	5	5
65.35943009982988	5.0	5	5
65.45952111070252	8.0	8	8
65.55961212157516	10.0	10	10
65.65970313244779	12.0	12	12
65.75979414332042	14.0	14	14
65.85988515419305	14.0	14	14
65.95997616506568	15.0	15	15
66.06006717593831	15.0	15	15
66.16015818681096	14.0	14	14
66.26024919768359	14.0	14	14
66.36034020855622	15.0	15	15
66.46043121942886	16.0	16	16
66.56052223030149	16.0	16	16
66.66061324117412	16.0	16	16
66.76070425204676	16.0	16	16
66.8607952629194	15.0	15	15
66.96088627379203	16.0	16	16
67.06097728466466	16.0	16	16
67.16106829553729	15.0	15	15
67.26115930640992	14.0	14	14
67.36125031728255	15.0	15	15
67.4613413281552	15.0	15	15
67.56143233902783	16.0	16	16
67.66152334990046	16.0	16	16
67.7616143607731	18.0	18	18
67.86170537164573	18.0	18	18
67.96179638251836	19.0	19	19
68.061887393391	19.0	19	19
68.16197840426364	19.0	19	19
68.26206941513627	18.0	18	18
68.3621604260089	18.0	18	18
68.46225143688153	18.0	18	18
68.56234244775416	18.0	18	18
68.66243345862681	17.0	17	17
68.76252446949944	17.0	17	17
68.86261548037207	17.0	17	17
68.9627064912447	17.0	17	17
69.06279750211733	17.0	17	17
69.16288851298997	17.0	17	17
69.2629795238626	18.0	18	18
69.36307053473524	18.0	18	18
69.46316154560787	18.0	18	18
69.5632525564805	18.0	18	18
69.66334356735314	16.0	16	16
69.76343457822577	16.0	16	16
69.8635255890984	16.0	16	16
69.96361659997105	16.0	16	16
70.06370761084368	17.0	17	17
70.16379862171631	16.0	16	16
70.26388963258894	16.0	16	16
70.36398064346157	16.0	16	16
70.4640716543342	15.0	15	15
70.56416266520684	16.0	16	16
70.66425367607948	16.0	16	16
70.76434468695211	16.0	16	16
70.86443569782475	16.0	16	16
70.96452670869738	17.0	17	17
71.06461771957001	17.0	17	17
71.16470873044264	17.0	17	17
71.26479974131529	17.0	17	17
71.36489075218792	17.0	17	17
71.46498176306055	16.0	16	16
71.56507277393318	16.0	16	16
71.66516378480581	17.0	17	17
71.76525479567844	17.0	17	17
71.86534580655108	17.0	17	17
71.96543681742372	17.0	17	17
72.06552782829635	16.0	16	16
72.16561883916899	16.0	16	16
72.26570985004162	16.0	16	16
72.36580086091425	16.0	16	16
72.46589187178688	16.0	16	16
72.56598288265953	14.0	14	14
72.66607389353216	14.0	14	14
72.76616490440479	14.0	14	14
72.86625591527742	14.0	14	14
72.96634692615005	14.0	14	14
73.06643793702268	13.0	13	13
73.16652894789533	12.0	12	12
73.26661995876796	12.0	12	12
73.3667109696406	12.0	12	12
73.46680198051322	12.0	12	12
73.56689299138586	12.0	12	12
73.66698400225849	12.0	12	12
73.76707501313112	12.0	12	12
73.86716602400377	14.0	14	14
73.9672570348764	14.0	14	14
74.06734804574903	14.0	14	14
74.16743905662166	14.0	14	14
74.26753006749429	15.0	15	15
74.36762107836692	15.0	15	15
74.46771208923957	15.0	15	15
74.5678031001122	15.0	15	15
74.66789411098483	15.0	15	15
74.76798512185746	14.0	14	14
74.8680761327301	14.0	14	14
74.96816714360273	14.0	14	14
75.06825815447536	14.0	14	14
75.168349165348	14.0	14	14
75.26844017622064	14.0	14	14
75.36853118709327	14.0	14	14
75.4686221979659	14.0	14	14
75.56871320883853	14.0	14	14
75.66880421971116	14.0	14	14
75.76889523058381	14.0	14	14
75.86898624145644	14.0	14	14
75.96907725232907	13.0	13	13
76.0691682632017	13.0	13	13
76.16925927407434	13.0	13	13
76.26935028494697	13.0	13	13
76.3694412958196	13.0	13	13
76.46953230669224	12.0	12	12
76.56962331756488	12.0	12	12
76.66971432843751	12.0	12	12
76.76980533931014	12.0	12	12
76.86989635018277	12.0	12	12
76.9699873610554	12.0	12	12
77.07007837192805	12.0	12	12
77.17016938280068	12.0	12	12
77.27026039367331	12.0	12	12
77.37035140454594	12.0	12	12
77.47044241541857	13.0	13	13
77.5705334262912	12.0	12	12
77.67062443716384	12.0	12	12
77.77071544803648	12.0	12	12
77.87080645890912	11.0	11	11
77.97089746978175	11.0	11	11
78.07098848065438	11.0	11	11
78.17107949152701	11.0	11	11
78.27117050239964	11.0	11	11
78.37126151327229	11.0	11	11
78.47135252414492	11.0	11	11
78.57144353501755	11.0	11	11
78.67153454589018	10.0	10	10
78.77162555676281	10.0	10	10
78.87171656763545	10.0	10	10
78.97180757850809	10.0	10	10
79.07189858938072	10.0	10	10
79.17198960025335	10.0	10	10
79.27208061112599	9.0	9	9
79.37217162199862	9.0	9	9
79.47226263287125	9.0	9	9
79.57235364374388	9.0	9	9
79.67244465461653	9.0	9	9
79.77253566548916	9.0	9	9
79.87262667636179	9.0	9	9
79.97271768723442	9.0	9	9
80.07280869810705	9.0	9	9
80.17289970897968	9.0	9	9
80.27299071985233	9.0	9	9
80.37308173072496	10.0	10	10
80.4731727415976	10.0	10	10
80.57326375247023	10.0	10	10
80.67335476334286	10.0	10	10
80.77344577421549	10.0	10	10
80.87353678508812	10.0	10	10
80.97362779596077	10.0	10	10
81.0737188068334	10.0	10	10
81.17380981770603	10.0	10	10
81.27390082857866	10.0	10	10
81.37399183945129	10.0	10	10
81.47408285032392	10.0	10	10
81.57417386119657	10.0	10	10
81.6742648720692	10.0	10	10
81.77435588294183	10.0	10	10
81.87444689381446	10.0	10	10
81.9745379046871	9.0	9	9
82.07462891555973	9.0	9	9
82.17471992643236	9.0	9	9
82.274810937305	9.0	9	9
82.37490194817764	9.0	9	9
82.47499295905027	9.0	9	9
82.5750839699229	9.0	9	9
82.67517498079553	9.0	9	9
82.77526599166816	9.0	9	9
82.87535700254081	9.0	9	9
82.97544801341344	9.0	9	9
83.07553902428607	10.0	10	10
83.1756300351587	11.0	11	11
83.27572104603134	11.0	11	11
83.37581205690397	11.0	11	11
83.4759030677766	11.0	11	11
83.57599407864925	11.0	11	11
83.67608508952188	11.0	11	11
83.77617610039451	11.0	11	11
83.87626711126714	12.0	12	12
83.97635812213977	12.0	12	12
84.0764491330124	12.0	12	12
84.17654014388505	12.0	12	12
84.27663115475768	12.0	12	12
84.37672216563031	11.0	11	11
84.47681317650294	9.0	9	9
84.57690418737558	9.0	9	9
84.6769951982482	8.0	8	8
84.77708620912085	8.0	8	8
84.87717721999348	8.0	8	8
84.97726823086612	8.0	8	8
85.07735924173875	8.0	8	8
85.17745025261138	9.0	9	9
85.27754126348401	9.0	9	9
85.37763227435664	9.0	9	9
85.47772328522929	9.0	9	9
85.57781429610192	9.0	9	9
85.67790530697455	9.0	9	9
85.77799631784718	9.0	9	9
85.87808732871981	9.0	9	9
85.97817833959245	9.0	9	9
86.07826935046509	9.0	9	9
86.17836036133772	8.0	8	8
86.27845137221036	9.0	9	9
86.37854238308299	9.0	9	9
86.47863339395562	9.0	9	9
86.57872440482825	8.0	8	8
86.67881541570088	8.0	8	8
86.77890642657353	7.0	7	7
86.87899743744616	6.0	6	6
86.97908844831879	6.0	6	6
87.07917945919142	5.0	5	5
87.17927047006405	5.0	5	5
87.27936148093669	5.0	5	5
87.37945249180933	6.0	6	6
87.47954350268196	6.0	6	6
87.5796345135546	6.0	6	6
87.67972552442723	6.0	6	6
87.77981653529986	6.0	6	6
87.87990754617249	6.0	6	6
87.97999855704512	6.0	6	6
88.08008956791777	6.0	6	6
88.1801805787904	6.0	6	6
88.28027158966303	6.0	6	6
88.38036260053566	6.0	6	6
88.4804536114083	6.0	6	6
88.58054462228093	6.0	6	6
88.68063563315357	6.0	6	6
88.7807266440262	6.0	6	6
88.88081765489883	6.0	6	6
88.98090866577147	6.0	6	6
89.0809996766441	7.0	7	7
89.18109068751673	7.0	7	7
89.28118169838937	7.0	7	7
89.381272709262	7.0	7	7
89.48136372013464	7.0	7	7
89.58145473100727	7.0	7	7
89.6815457418799	7.0	7	7
89.78163675275253	7.0	7	7
89.88172776362516	7.0	7	7
89.98181877449781	7.0	7	7
90.08190978537044	7.0	7	7
90.18200079624307	7.0	7	7
90.2820918071157	6.0	6	6
90.38218281798834	6.0	6	6
90.48227382886097	6.0	6	6
90.58236483973361	6.0	6	6
90.68245585060625	6.0	6	6
90.78254686147888	5.0	5	5
90.88263787235151	5.0	5	5
90.98272888322414	5.0	5	5
91.08281989409677	6.0	6	6
91.1829109049694	6.0	6	6
91.28300191584205	6.0	6	6
91.38309292671468	7.0	7	7
91.48318393758731	7.0	7	7
91.58327494845994	7.0	7	7
91.68336595933258	7.0	7	7
91.78345697020521	8.0	8	8
91.88354798107785	8.0	8	8
91.98363899195049	8.0	8	8
92.08373000282312	8.0	8	8
92.18382101369575	8.0	8	8
92.28391202456838	8.0	8	8
92.38400303544101	8.0	8	8
92.48409404631364	7.0	7	7
92.58418505718629	7.0	7	7
92.68427606805892	7.0	7	7
92.78436707893155	7.0	7	7
92.88445808980418	7.0	7	7
92.98454910067682	6.0	6	6
93.08464011154945	4.0	4	4
93.1847311224221	4.0	4	4
93.28482213329472	4.0	4	4
93.38491314416736	4.0	4	4
93.48500415503999	4.0	4	4
93.58509516591262	3.0	3	3
93.68518617678525	3.0	3	3
93.78527718765788	5.0	5	5
93.88536819853053	5.0	5	5
93.98545920940316	6.0	6	6
94.08555022027579	7.0	7	7
94.18564123114842	7.0	7	7
94.28573224202106	7.0	7	7
94.38582325289369	7.0	7	7
94.48591426376633	7.0	7	7
94.58600527463896	8.0	8	8
94.6860962855116	8.0	8	8
94.78618729638423	8.0	8	8
94.88627830725686	8.0	8	8
94.98636931812949	7.0	7	7
95.08646032900214	7.0	7	7
95.18655133987477	6.0	6	6
95.2866423507474	5.0	5	5
95.38673336162003	5.0	5	5
95.48682437249266	5.0	5	5
95.5869153833653	6.0	6	6
95.68700639423793	6.0	6	6
95.78709740511057	6.0	6	6
95.8871884159832	6.0	6	6
95.98727942685584	6.0	6	6
96.08737043772847	6.0	6	6
96.1874614486011	6.0	6	6
96.28755245947373	6.0	6	6
96.38764347034638	7.0	7	7
96.48773448121901	7.0	7	7
96.58782549209164	6.0	6	6
96.68791650296427	6.0	6	6
96.7880075138369	6.0	6	6
96.88809852470953	6.0	6	6
96.98818953558217	6.0	6	6
97.08828054645481	6.0	6	6
97.18837155732744	5.0	5	5
97.28846256820007	5.0	5	5
97.3885535790727	6.0	6	6
97.48864458994534	6.0	6	6
97.58873560081797	6.0	6	6
97.68882661169062	5.0	5	5
97.78891762256325	5.0	5	5
97.88900863343588	5.0	5	5
97.98909964430851	5.0	5	5
98.08919065518114	5.0	5	5
98.18928166605377	5.0	5	5
98.2893726769264	5.0	5	5
98.38946368779905	5.0	5	5
98.48955469867168	5.0	5	5
98.58964570954431	5.0	5	5
98.68973672041695	4.0	4	4
98.78982773128958	4.0	4	4
98.88991874216221	4.0	4	4
98.99000975303485	4.0	4	4
99.09010076390749	4.0	4	4
99.19019177478012	4.0	4	4
99.29028278565275	4.0	4	4
99.39037379652538	4.0	4	4
99.49046480739801	4.0	4	4
99.59055581827064	4.0	4	4
99.69064682914329	4.0	4	4
99.79073784001592	5.0	5	5
99.89082885088855	5.0	5	5
99.99091986176118	5.0	5	5
100.09101087263382	5.0	5	5
100.19110188350645	5.0	5	5
100.2911928943791	5.0	5	5
100.39128390525173	5.0	5	5
100.49137491612436	5.0	5	5
100.59146592699699	5.0	5	5
100.69155693786962	5.0	5	5
100.79164794874225	5.0	5	5
100.8917389596149	5.0	5	5
100.99182997048753	4.0	4	4
101.09192098136016	4.0	4	4
101.19201199223279	4.0	4	4
101.29210300310542	4.0	4	4
101.39219401397806	4.0	4	4
101.49228502485069	3.0	3	3
101.59237603572333	3.0	3	3
101.69246704659597	3.0	3	3
101.7925580574686	3.0	3	3
101.89264906834123	4.0	4	4
101.99274007921386	4.0	4	4
102.09283109008649	4.0	4	4
102.19292210095914	4.0	4	4
102.29301311183177	4.0	4	4
102.3931041227044	4.0	4	4
102.49319513357703	4.0	4	4
102.59328614444966	4.0	4	4
102.6933771553223	5.0	5	5
102.79346816619493	5.0	5	5
102.89355917706757	5.0	5	5
102.9936501879402	5.0	5	5
103.09374119881284	5.0	5	5
103.19383220968547	5.0	5	5
103.2939232205581	5.0	5	5
103.39401423143073	5.0	5	5
103.49410524230338	5.0	5	5
103.59419625317601	5.0	5	5
103.69428726404864	5.0	5	5
103.79437827492127	5.0	5	5
103.8944692857939	5.0	5	5
103.99456029666653	5.0	5	5
104.09465130753917	5.0	5	5
104.19474231841181	5.0	5	5
104.29483332928444	5.0	5	5
104.39492434015708	5.0	5	5
104.4950153510297	5.0	5	5
104.59510636190234	5.0	5	5
104.69519737277497	5.0	5	5
104.79528838364762	5.0	5	5
104.89537939452025	5.0	5	5
104.99547040539288	5.0	5	5
105.09556141626551	5.0	5	5
105.19565242713814	5.0	5	5
105.29574343801077	5.0	5	5
105.39583444888342	5.0	5	5
105.49592545975605	5.0	5	5
105.59601647062868	5.0	5	5
105.69610748150131	5.0	5	5
105.79619849237395	5.0	5	5
105.89628950324658	5.0	5	5
105.99638051411921	5.0	5	5
106.09647152499186	5.0	5	5
106.19656253586449	4.0	4	4
106.29665354673712	4.0	4	4
106.39674455760975	4.0	4	4
106.49683556848238	4.0	4	4
106.59692657935501	4.0	4	4
106.69701759022766	4.0	4	4
106.79710860110029	4.0	4	4
106.89719961197292	4.0	4	4
106.99729062284555	4.0	4	4
107.09738163371819	4.0	4	4
107.19747264459082	4.0	4	4
107.29756365546345	4.0	4	4
107.3976546663361	4.0	4	4
107.49774567720873	4.0	4	4
107.59783668808136	4.0	4	4
107.69792769895399	4.0	4	4
107.79801870982662	4.0	4	4
107.89810972069925	4.0	4	4
107.9982007315719	4.0	4	4
108.09829174244453	4.0	4	4
108.19838275331716	3.0	3	3
108.2984737641898	3.0	3	3
108.39856477506243	3.0	3	3
108.49865578593506	3.0	3	3
108.59874679680769	3.0	3	3
108.69883780768033	3.0	3	3
108.79892881855297	3.0	3	3
108.8990198294256	3.0	3	3
108.99911084029823	3.0	3	3
109.09920185117086	3.0	3	3
109.19929286204349	3.0	3	3
109.29938387291614	3.0	3	3
109.39947488378877	3.0	3	3
109.4995658946614	3.0	3	3
109.59965690553403	3.0	3	3
109.69974791640666	3.0	3	3
109.7998389272793	3.0	3	3
109.89992993815193	3.0	3	3
110.00002094902457	3.0	3	3
110.1001119598972	3.0	3	3
110.20020297076984	3.0	3	3
110.30029398164247	3.0	3	3
110.4003849925151	3.0	3	3
110.50047600338773	3.0	3	3
110.60056701426038	3.0	3	3
110.70065802513301	3.0	3	3
110.80074903600564	3.0	3	3
110.90084004687827	3.0	3	3
111.0009310577509	3.0	3	3
111.10102206862354	3.0	3	3
111.20111307949618	3.0	3	3
111.30120409036881	3.0	3	3
111.40129510124144	3.0	3	3
111.50138611211408	3.0	3	3
111.60147712298671	3.0	3	3
111.70156813385934	3.0	3	3
111.80165914473197	3.0	3	3
111.90175015560462	3.0	3	3
112.00184116647725	3.0	3	3
112.10193217734988	3.0	3	3
112.20202318822251	2.0	2	2
112.30211419909514	2.0	2	2
112.40220520996778	2.0	2	2
112.50229622084042	2.0	2	2
112.60238723171305	2.0	2	2
112.70247824258568	2.0	2	2
112.80256925345832	1.0	1	1
112.90266026433095	1.0	1	1
113.00275127520358	1.0	1	1
113.10284228607621	1.0	1	1
113.20293329694886	1.0	1	1
113.30302430782149	1.0	1	1
113.40311531869412	1.0	1	1
113.50320632956675	1.0	1	1
113.60329734043938	1.0	1	1
113.70338835131201	0.0	0	0
113.80347936218466	0.0	0	0
113.90357037305729	0.0	0	0
114.00366138392992	0.0	0	0
114.10375239480256	0.0	0	0
114.20384340567519	0.0	0	0
114.30393441654782	0.0	0	0
114.40402542742045	0.0	0	0
114.5041164382931	0.0	0	0
114.60420744916573	0.0	0	0
114.70429846003836	0.0	0	0
114.80438947091099	0.0	0	0
114.90448048178362	0.0	0	0
115.00457149265625	0.0	0	0
115.1046625035289	0.0	0	0
115.20475351440153	0.0	0	0
115.30484452527416	0.0	0	0
115.4049355361468	0.0	0	0
115.50502654701943	0.0	0	0
115.60511755789206	0.0	0	0
115.70520856876469	0.0	0	0
115.80529957963734	0.0	0	0
115.90539059050997	0.0	0	0
116.0054816013826	0.0	0	0
116.10557261225523	0.0	0	0
116.20566362312786	0.0	0	0
116.3057546340005	0.0	0	0
116.40584564487314	0.0	0	0
116.50593665574577	0.0	0	0
116.6060276666184	0.0	0	0
116.70611867749103	0.0	0	0
116.80620968836367	0.0	0	0
116.9063006992363	0.0	0	0
117.00639171010894	0.0	0	0
117.10648272098157	0.0	0	0
117.2065737318542	0.0	0	0
117.30666474272684	0.0	0	0
117.40675575359947	0.0	0	0
117.5068467644721	0.0	0	0
117.60693777534473	0.0	0	0
117.70702878621738	0.0	0	0
117.80711979709001	0.0	0	0
117.90721080796264	0.0	0	0
118.00730181883527	0.0	0	0
118.1073928297079	0.0	0	0
118.20748384058054	0.0	0	0
118.30757485145318	0.0	0	0
118.40766586232581	0.0	0	0
118.50775687319845	0.0	0	0
118.60784788407108	0.0	0	0
118.70793889494371	0.0	0	0
118.80802990581634	0.0	0	0
118.90812091668897	0.0	0	0
119.00821192756162	0.0	0	0
119.10830293843425	0.0	0	0
119.20839394930688	0.0	0	0
119.30848496017951	0.0	0	0
119.40857597105214	0.0	0	0
119.50866698192478	0.0	0	0
119.60875799279742	0.0	0	0
119.70884900367005	0.0	0	0
119.80894001454269	0.0	0	0
119.90903102541532	1.0	1	1
120.00912203628795	1.0	1	1
120.10921304716058	1.0	1	1
120.20930405803321	1.0	1	1
120.30939506890586	1.0	1	1
120.40948607977849	1.0	1	1
120.50957709065112	1.0	1	1
120.60966810152375	1.0	1	1
120.70975911239638	1.0	1	1
120.80985012326902	1.0	1	1
120.90994113414166	1.0	1	1
121.01003214501429	1.0	1	1
121.11012315588692	1.0	1	1
121.21021416675956	1.0	1	1
121.31030517763219	1.0	1	1
121.41039618850482	1.0	1	1
121.51048719937747	1.0	1	1
121.6105782102501	1.0	1	1
121.71066922112273	1.0	1	1
121.81076023199536	0.0	0	0
121.91085124286799	0.0	0	0
122.01094225374062	0.0	0	0
122.11103326461325	0.0	0	0
122.2111242754859	0.0	0	0
122.31121528635853	0.0	0	0
122.41130629723116	0.0	0	0
122.5113973081038	0.0	0	0
122.61148831897643	0.0	0	0
122.71157932984906	0.0	0	0
122.8116703407217	0.0	0	0
122.91176135159434	0.0	0	0
123.01185236246697	0.0	0	0
123.1119433733396	0.0	0	0
123.21203438421223	0.0	0	0
123.31212539508486	0.0	0	0
123.4122164059575	0.0	0	0
123.51230741683014	0.0	0	0
123.61239842770277	0.0	0	0
123.7124894385754	0.0	0	0
123.81258044944803	0.0	0	0
123.91267146032067	0.0	0	0
124.0127624711933	0.0	0	0
124.11285348206594	0.0	0	0
124.21294449293858	0.0	0	0
124.31303550381121	0.0	0	0
124.41312651468384	0.0	0	0
124.51321752555647	0.0	0	0
124.6133085364291	0.0	0	0
124.71339954730173	0.0	0	0
124.81349055817438	0.0	0	0
124.91358156904701	0.0	0	0
125.01367257991964	0.0	0	0
125.11376359079227	0.0	0	0
125.2138546016649	0.0	0	0
125.31394561253754	1.0	1	1
125.41403662341018	1.0	1	1
125.51412763428281	1.0	1	1
125.61421864515545	1.0	1	1
125.71430965602808	1.0	1	1
125.81440066690071	2.0	2	2
125.91449167777334	2.0	2	2
126.01458268864597	2.0	2	2
126.11467369951862	2.0	2	2
126.21476471039125	2.0	2	2
126.31485572126388	2.0	2	2
126.41494673213651	2.0	2	2
126.51503774300915	2.0	2	2
126.61512875388178	2.0	2	2
126.71521976475442	2.0	2	2
126.81531077562705	2.0	2	2
126.91540178649969	2.0	2	2
127.01549279737232	2.0	2	2
127.11558380824495	2.0	2	2
127.21567481911758	2.0	2	2
127.31576582999023	2.0	2	2
127.41585684086286	2.0	2	2
127.51594785173549	2.0	2	2
127.61603886260812	2.0	2	2
127.71612987348075	2.0	2	2
127.81622088435338	3.0	3	3
127.91631189522602	2.0	2	2
128.01640290609865	2.0	2	2
128.11649391697128	2.0	2	2
128.2165849278439	2.0	2	2
128.31667593871657	2.0	2	2
128.4167669495892	2.0	2	2
128.51685796046183	2.0	2	2
128.61694897133447	3.0	3	3
128.7170399822071	3.0	3	3
128.81713099307973	3.0	3	3
128.91722200395236	3.0	3	3
129.017313014825	3.0	3	3
129.11740402569762	3.0	3	3
129.21749503657026	3.0	3	3
129.3175860474429	3.0	3	3
129.41767705831552	3.0	3	3
129.51776806918815	3.0	3	3
129.6178590800608	2.0	2	2
129.71795009093344	2.0	2	2
129.81804110180607	2.0	2	2
129.9181321126787	2.0	2	2
130.01822312355134	2.0	2	2
130.11831413442397	2.0	2	2
130.2184051452966	2.0	2	2
130.31849615616923	2.0	2	2
130.41858716704186	2.0	2	2
130.5186781779145	2.0	2	2
130.61876918878713	2.0	2	2
130.71886019965976	1.0	1	1
130.8189512105324	1.0	1	1
130.91904222140505	1.0	1	1
131.01913323227768	1.0	1	1
131.1192242431503	1.0	1	1
131.21931525402294	1.0	1	1
131.31940626489558	1.0	1	1
131.4194972757682	1.0	1	1
131.51958828664084	1.0	1	1
131.61967929751347	1.0	1	1
131.7197703083861	1.0	1	1
131.81986131925873	1.0	1	1
131.91995233013137	1.0	1	1
132.020043341004	1.0	1	1
132.12013435187663	1.0	1	1
132.2202253627493	1.0	1	1
132.32031637362192	1.0	1	1
132.42040738449455	1.0	1	1
132.52049839536718	1.0	1	1
132.62058940623982	1.0	1	1
132.72068041711245	1.0	1	1
132.82077142798508	1.0	1	1
132.9208624388577	1.0	1	1
133.02095344973034	1.0	1	1
133.12104446060297	1.0	1	1
133.2211354714756	1.0	1	1
133.32122648234824	1.0	1	1
133.42131749322087	1.0	1	1
133.52140850409353	1.0	1	1
133.62149951496616	1.0	1	1
133.7215905258388	1.0	1	1
133.82168153671142	1.0	1	1
133.92177254758406	1.0	1	1
134.0218635584567	1.0	1	1
134.12195456932932	1.0	1	1
134.22204558020195	1.0	1	1
134.32213659107458	1.0	1	1
134.4222276019472	1.0	1	1
134.52231861281984	1.0	1	1
134.62240962369248	1.0	1	1
134.7225006345651	1.0	1	1
134.82259164543777	1.0	1	1
134.9226826563104	1.0	1	1
135.02277366718303	1.0	1	1
135.12286467805566	1.0	1	1
135.2229556889283	1.0	1	1
135.32304669980093	2.0	2	2
135.42313771067356	2.0	2	2
135.5232287215462	2.0	2	2
135.62331973241882	2.0	2	2
135.72341074329145	3.0	3	3
135.82350175416408	3.0	3	3
135.92359276503672	2.0	2	2
136.02368377590938	2.0	2	2
136.123774786782	2.0	2	2
136.22386579765464	2.0	2	2
136.32395680852727	3.0	3	3
136.4240478193999	3.0	3	3
136.52413883027253	3.0	3	3
136.62422984114517	3.0	3	3
136.7243208520178	3.0	3	3
136.82441186289043	4.0	4	4
136.92450287376306	4.0	4	4
137.0245938846357	4.0	4	4
137.12468489550832	4.0	4	4
137.22477590638096	4.0	4	4
137.32486691725362	4.0	4	4
137.42495792812625	4.0	4	4
137.52504893899888	4.0	4	4
137.6251399498715	4.0	4	4
137.72523096074414	3.0	3	3
137.82532197161677	3.0	3	3
137.9254129824894	3.0	3	3
138.02550399336204	3.0	3	3
138.12559500423467	3.0	3	3
138.2256860151073	3.0	3	3
138.32577702597993	1.0	1	1
138.42586803685256	1.0	1	1
138.5259590477252	1.0	1	1
138.62605005859785	1.0	1	1
138.7261410694705	0.0	0	0
138.82623208034312	0.0	0	0
138.92632309121575	0.0	0	0
139.02641410208838	0.0	0	0
139.126505112961	0.0	0	0
139.22659612383364	0.0	0	0
139.32668713470628	0.0	0	0
139.4267781455789	0.0	0	0
139.52686915645154	1.0	1	1
139.62696016732417	1.0	1	1
139.7270511781968	1.0	1	1
139.82714218906943	1.0	1	1
139.9272331999421	1.0	1	1
140.02732421081473	1.0	1	1
140.12741522168736	1.0	1	1
140.22750623256	1.0	1	1
140.32759724343262	1.0	1	1
140.42768825430525	1.0	1	1
140.52777926517788	1.0	1	1
140.62787027605052	1.0	1	1
140.72796128692315	1.0	1	1
140.82805229779578	1.0	1	1
140.9281433086684	1.0	1	1
141.02823431954104	1.0	1	1
141.12832533041367	1.0	1	1
141.22841634128633	1.0	1	1
141.32850735215897	1.0	1	1
141.4285983630316	1.0	1	1
141.52868937390423	1.0	1	1
141.62878038477686	1.0	1	1
141.7288713956495	1.0	1	1
141.82896240652212	1.0	1	1
141.92905341739475	1.0	1	1
142.0291444282674	1.0	1	1
142.12923543914002	1.0	1	1
142.22932645001265	1.0	1	1
142.32941746088528	1.0	1	1
142.4295084717579	1.0	1	1
142.52959948263057	1.0	1	1
142.6296904935032	1.0	1	1
142.72978150437584	1.0	1	1
142.82987251524847	1.0	1	1
142.9299635261211	1.0	1	1
143.03005453699373	1.0	1	1
143.13014554786636	1.0	1	1
143.230236558739	1.0	1	1
143.33032756961163	1.0	1	1
143.43041858048426	1.0	1	1
143.5305095913569	1.0	1	1
143.63060060222952	1.0	1	1
143.73069161310215	1.0	1	1
143.8307826239748	1.0	1	1
143.93087363484744	1.0	1	1
144.03096464572008	1.0	1	1
144.1310556565927	1.0	1	1
144.23114666746534	1.0	1	1
144.33123767833797	1.0	1	1
144.4313286892106	1.0	1	1
144.53141970008323	1.0	1	1
144.63151071095587	1.0	1	1
144.7316017218285	1.0	1	1
144.83169273270113	1.0	1	1
144.93178374357376	1.0	1	1
145.0318747544464	1.0	1	1
145.13196576531905	1.0	1	1
145.23205677619168	1.0	1	1
145.33214778706432	2.0	2	2
145.43223879793695	2.0	2	2
145.53232980880958	2.0	2	2
145.6324208196822	2.0	2	2
145.73251183055484	2.0	2	2
145.83260284142747	2.0	2	2
145.9326938523001	2.0	2	2
146.03278486317274	2.0	2	2
146.13287587404537	2.0	2	2
146.232966884918	2.0	2	2
146.33305789579066	2.0	2	2
146.4331489066633	2.0	2	2
146.53323991753592	2.0	2	2
146.63333092840855	2.0	2	2
146.7334219392812	2.0	2	2
146.83351295015382	2.0	2	2
146.93360396102645	2.0	2	2
147.03369497189908	2.0	2	2
147.1337859827717	2.0	2	2
147.23387699364434	2.0	2	2
147.33396800451698	2.0	2	2
147.4340590153896	2.0	2	2
147.53415002626224	2.0	2	2
147.6342410371349	2.0	2	2
147.73433204800753	2.0	2	2
147.83442305888016	2.0	2	2
147.9345140697528	2.0	2	2
148.03460508062543	2.0	2	2
148.13469609149806	3.0	3	3
148.2347871023707	3.0	3	3
148.33487811324332	3.0	3	3
148.43496912411595	3.0	3	3
148.53506013498858	3.0	3	3
148.63515114586122	3.0	3	3
148.73524215673385	3.0	3	3
148.83533316760648	3.0	3	3
148.93542417847914	3.0	3	3
149.03551518935177	3.0	3	3
149.1356062002244	3.0	3	3
149.23569721109703	3.0	3	3
149.33578822196966	3.0	3	3
149.4358792328423	3.0	3	3
149.53597024371493	3.0	3	3
149.63606125458756	3.0	3	3
149.7361522654602	3.0	3	3
149.83624327633282	3.0	3	3
149.93633428720545	3.0	3	3
150.0364252980781	3.0	3	3
150.13651630895072	3.0	3	3
150.23660731982338	2.0	2	2
150.336698330696	2.0	2	2
150.43678934156864	2.0	2	2
150.53688035244127	2.0	2	2
150.6369713633139	2.0	2	2
150.73706237418654	2.0	2	2
150.83715338505917	2.0	2	2
150.9372443959318	2.0	2	2
151.03733540680443	2.0	2	2
151.13742641767706	2.0	2	2
151.2375174285497	2.0	2	2
151.33760843942233	2.0	2	2
151.43769945029496	2.0	2	2
151.53779046116762	2.0	2	2
151.63788147204025	2.0	2	2
151.73797248291288	2.0	2	2
151.8380634937855	2.0	2	2
151.93815450465814	2.0	2	2
152.03824551553078	2.0	2	2
152.1383365264034	2.0	2	2
152.23842753727604	2.0	2	2
152.33851854814867	2.0	2	2
152.4386095590213	2.0	2	2
152.53870056989393	2.0	2	2
152.63879158076656	2.0	2	2
152.7388825916392	2.0	2	2
152.83897360251186	2.0	2	2
152.9390646133845	2.0	2	2
153.03915562425712	2.0	2	2
153.13924663512975	2.0	2	2
153.23933764600238	2.0	2	2
153.33942865687501	2.0	2	2
153.43951966774765	2.0	2	2
153.53961067862028	2.0	2	2
153.6397016894929	2.0	2	2
153.73979270036554	2.0	2	2
153.83988371123817	2.0	2	2
153.9399747221108	2.0	2	2
154.04006573298344	2.0	2	2
154.1401567438561	2.0	2	2
154.24024775472873	2.0	2	2
154.34033876560136	2.0	2	2
154.440429776474	2.0	2	2
154.54052078734662	2.0	2	2
154.64061179821925	2.0	2	2
154.74070280909189	2.0	2	2
154.84079381996452	2.0	2	2
154.94088483083715	2.0	2	2
155.04097584170978	2.0	2	2
155.1410668525824	2.0	2	2
155.24115786345504	2.0	2	2
155.34124887432768	2.0	2	2
155.44133988520034	2.0	2	2
155.54143089607297	2.0	2	2
155.6415219069456	2.0	2	2
155.74161291781823	2.0	2	2
155.84170392869086	2.0	2	2
155.9417949395635	2.0	2	2
156.04188595043613	2.0	2	2
156.14197696130876	2.0	2	2
156.2420679721814	2.0	2	2
156.34215898305402	2.0	2	2
156.44224999392665	2.0	2	2
156.54234100479928	2.0	2	2
156.64243201567194	2.0	2	2
156.74252302654457	2.0	2	2
156.8426140374172	2.0	2	2
156.94270504828984	2.0	2	2
157.04279605916247	2.0	2	2
157.1428870700351	2.0	2	2
157.24297808090773	2.0	2	2
157.34306909178036	2.0	2	2
157.443160102653	2.0	2	2
157.54325111352563	2.0	2	2
157.64334212439826	1.0	1	1
157.7434331352709	1.0	1	1
157.84352414614352	1.0	1	1
157.94361515701618	1.0	1	1
158.0437061678888	1.0	1	1
158.14379717876145	1.0	1	1
158.24388818963408	0.0	0	0
158.3439792005067	0.0	0	0
158.44407021137934	0.0	0	0
158.54416122225197	0.0	0	0
158.6442522331246	0.0	0	0
158.74434324399724	0.0	0	0
158.84443425486987	0.0	0	0
158.9445252657425	0.0	0	0
159.04461627661513	0.0	0	0
159.14470728748776	0.0	0	0
159.24479829836042	1.0	1	1
159.34488930923305	1.0	1	1
159.44498032010569	1.0	1	1
159.54507133097832	1.0	1	1
159.64516234185095	1.0	1	1
159.74525335272358	1.0	1	1
159.8453443635962	1.0	1	1
159.94543537446884	1.0	1	1
160.04552638534147	1.0	1	1
160.1456173962141	1.0	1	1
160.24570840708674	1.0	1	1
160.34579941795937	1.0	1	1
160.445890428832	1.0	1	1
160.54598143970466	1.0	1	1
160.6460724505773	1.0	1	1
160.74616346144992	1.0	1	1
160.84625447232256	1.0	1	1
160.9463454831952	1.0	1	1
161.04643649406782	1.0	1	1
161.14652750494045	1.0	1	1
161.24661851581308	1.0	1	1
161.34670952668571	1.0	1	1
161.44680053755835	1.0	1	1
161.54689154843098	1.0	1	1
161.6469825593036	1.0	1	1
161.74707357017624	1.0	1	1
161.8471645810489	1.0	1	1
161.94725559192153	1.0	1	1
162.04734660279416	1.0	1	1
162.1474376136668	1.0	1	1
162.24752862453943	1.0	1	1
162.34761963541206	1.0	1	1
162.4477106462847	1.0	1	1
162.54780165715732	1.0	1	1
162.64789266802995	1.0	1	1
162.74798367890259	1.0	1	1
162.84807468977522	1.0	1	1
162.94816570064785	1.0	1	1
163.04825671152048	2.0	2	2
163.14834772239314	2.0	2	2
163.24843873326577	2.0	2	2
163.3485297441384	2.0	2	2
163.44862075501104	2.0	2	2
163.54871176588367	2.0	2	2
163.6488027767563	2.0	2	2
163.74889378762893	2.0	2	2
163.84898479850156	2.0	2	2
163.9490758093742	2.0	2	2
164.04916682024682	2.0	2	2
164.14925783111946	3.0	3	3
164.2493488419921	3.0	3	3
164.34943985286472	3.0	3	3
164.44953086373738	3.0	3	3
164.54962187461	3.0	3	3
164.64971288548264	3.0	3	3
164.74980389635527	4.0	4	4
164.8498949072279	4.0	4	4
164.94998591810054	4.0	4	4
165.05007692897317	3.0	3	3
165.1501679398458	4.0	4	4
165.25025895071843	5.0	5	5
165.35034996159106	5.0	5	5
165.4504409724637	6.0	6	6
165.55053198333633	6.0	6	6
165.65062299420896	6.0	6	6
165.75071400508162	6.0	6	6
165.85080501595425	7.0	7	7
165.95089602682688	7.0	7	7
166.0509870376995	7.0	7	7
166.15107804857215	8.0	8	8
166.25116905944478	9.0	9	9
166.3512600703174	9.0	9	9
166.45135108119004	9.0	9	9
166.55144209206267	9.0	9	9
166.6515331029353	9.0	9	9
166.75162411380794	8.0	8	8
166.85171512468057	8.0	8	8
166.9518061355532	8.0	8	8
167.05189714642586	7.0	7	7
167.1519881572985	6.0	6	6
167.25207916817112	6.0	6	6
167.35217017904375	5.0	5	5
167.45226118991638	5.0	5	5
167.55235220078902	5.0	5	5
167.65244321166165	5.0	5	5
167.75253422253428	5.0	5	5
167.8526252334069	5.0	5	5
167.95271624427954	4.0	4	4
168.05280725515217	4.0	4	4
168.1528982660248	2.0	2	2
168.25298927689747	2.0	2	2
168.3530802877701	2.0	2	2
168.45317129864273	2.0	2	2
168.55326230951536	2.0	2	2
168.653353320388	2.0	2	2
168.75344433126062	2.0	2	2
168.85353534213326	2.0	2	2
168.9536263530059	2.0	2	2
169.05371736387852	2.0	2	2
169.15380837475115	2.0	2	2
169.25389938562378	2.0	2	2
169.3539903964964	2.0	2	2
169.45408140736905	2.0	2	2
169.5541724182417	2.0	2	2
169.65426342911434	2.0	2	2
169.75435443998697	2.0	2	2
169.8544454508596	2.0	2	2
169.95453646173223	2.0	2	2
170.05462747260486	2.0	2	2
170.1547184834775	2.0	2	2
170.25480949435013	2.0	2	2
170.35490050522276	3.0	3	3
170.4549915160954	3.0	3	3
170.55508252696802	3.0	3	3
170.65517353784065	3.0	3	3
170.75526454871328	3.0	3	3
170.85535555958595	4.0	4	4
170.95544657045858	4.0	4	4
171.0555375813312	4.0	4	4
171.15562859220384	4.0	4	4
171.25571960307647	4.0	4	4
171.3558106139491	4.0	4	4
171.45590162482173	4.0	4	4
171.55599263569437	4.0	4	4
171.656083646567	4.0	4	4
171.75617465743963	4.0	4	4
171.85626566831226	4.0	4	4
171.9563566791849	4.0	4	4
172.05644769005752	4.0	4	4
172.15653870093018	4.0	4	4
172.25662971180282	4.0	4	4
172.35672072267545	3.0	3	3
172.45681173354808	3.0	3	3
172.5569027444207	3.0	3	3
172.65699375529334	3.0	3	3
172.75708476616597	3.0	3	3
172.8571757770386	3.0	3	3
172.95726678791124	3.0	3	3
173.05735779878387	3.0	3	3
173.1574488096565	3.0	3	3
173.25753982052913	3.0	3	3
173.35763083140176	3.0	3	3
173.45772184227442	3.0	3	3
173.55781285314706	3.0	3	3
173.6579038640197	3.0	3	3
173.75799487489232	3.0	3	3
173.85808588576495	3.0	3	3
173.95817689663758	3.0	3	3
174.0582679075102	3.0	3	3
174.15835891838285	3.0	3	3
174.25844992925548	3.0	3	3
174.3585409401281	3.0	3	3
174.45863195100074	3.0	3	3
174.55872296187337	3.0	3	3
174.658813972746	3.0	3	3
174.75890498361866	3.0	3	3
174.8589959944913	3.0	3	3
174.95908700536393	3.0	3	3
175.05917801623656	3.0	3	3
175.1592690271092	3.0	3	3
175.25936003798182	3.0	3	3
175.35945104885445	3.0	3	3
175.45954205972708	3.0	3	3
175.55963307059972	3.0	3	3
175.65972408147235	3.0	3	3
175.75981509234498	3.0	3	3
175.8599061032176	3.0	3	3
175.95999711409024	3.0	3	3
176.0600881249629	3.0	3	3
176.16017913583553	3.0	3	3
176.26027014670817	3.0	3	3
176.3603611575808	3.0	3	3
176.46045216845343	3.0	3	3
176.56054317932606	3.0	3	3
176.6606341901987	3.0	3	3
176.76072520107132	3.0	3	3
176.86081621194396	3.0	3	3
176.9609072228166	3.0	3	3
177.06099823368922	2.0	2	2
177.16108924456185	2.0	2	2
177.26118025543448	2.0	2	2
177.36127126630714	2.0	2	2
177.46136227717977	2.0	2	2
177.5614532880524	2.0	2	2
177.66154429892504	3.0	3	3
177.76163530979767	3.0	3	3
177.8617263206703	3.0	3	3
177.96181733154293	3.0	3	3
178.06190834241556	3.0	3	3
178.1619993532882	3.0	3	3
178.26209036416083	3.0	3	3
178.36218137503346	3.0	3	3
178.4622723859061	3.0	3	3
178.56236339677875	3.0	3	3
178.66245440765138	3.0	3	3
178.762545418524	3.0	3	3
178.86263642939664	3.0	3	3
178.96272744026928	3.0	3	3
179.0628184511419	3.0	3	3
179.16290946201454	3.0	3	3
179.26300047288717	3.0	3	3
179.3630914837598	3.0	3	3
179.46318249463243	3.0	3	3
179.56327350550507	2.0	2	2
179.6633645163777	2.0	2	2
179.76345552725033	2.0	2	2
179.863546538123	2.0	2	2
179.96363754899562	2.0	2	2
180.06372855986825	2.0	2	2
180.16381957074088	2.0	2	2
180.26391058161352	2.0	2	2
180.36400159248615	2.0	2	2
180.46409260335878	2.0	2	2
180.5641836142314	2.0	2	2
180.66427462510404	2.0	2	2
180.76436563597667	2.0	2	2
180.8644566468493	2.0	2	2
180.96454765772194	2.0	2	2
181.06463866859457	2.0	2	2
181.16472967946723	2.0	2	2
181.26482069033986	2.0	2	2
181.3649117012125	1.0	1	1
181.46500271208512	1.0	1	1
181.56509372295776	1.0	1	1
181.6651847338304	1.0	1	1
181.76527574470302	1.0	1	1
181.86536675557565	1.0	1	1
181.96545776644828	1.0	1	1
182.0655487773209	1.0	1	1
182.16563978819354	1.0	1	1
182.26573079906618	1.0	1	1
182.3658218099388	1.0	1	1
182.46591282081147	1.0	1	1
182.5660038316841	1.0	1	1
182.66609484255673	1.0	1	1
182.76618585342936	1.0	1	1
182.866276864302	1.0	1	1
