time	diversity	m_div	M_div
0.0	38.0	38	38
0.10009883312570997	38.0	38	38
0.20019766625141994	38.0	38	38
0.3002964993771299	38.0	38	38
0.4003953325028399	38.0	38	38
0.5004941656285499	38.0	38	38
0.6005929987542598	38.0	38	38
0.7006918318799698	38.0	38	38
0.8007906650056797	37.0	37	37
0.9008894981313897	35.0	35	35
1.0009883312570997	35.0	35	35
1.1010871643828097	35.0	35	35
1.2011859975085195	35.0	35	35
1.3012848306342295	31.0	31	31
1.4013836637599395	31.0	31	31
1.5014824968856495	31.0	31	31
1.6015813300113595	31.0	31	31
1.7016801631370695	31.0	31	31
1.8017789962627795	31.0	31	31
1.9018778293884895	31.0	31	31
2.0019766625141995	31.0	31	31
2.1020754956399093	31.0	31	31
2.2021743287656195	31.0	31	31
2.3022731618913292	30.0	30	30
2.402371995017039	30.0	30	30
2.5024708281427492	30.0	30	30
2.602569661268459	31.0	31	31
2.7026684943941692	31.0	31	31
2.802767327519879	31.0	31	31
2.902866160645589	31.0	31	31
3.002964993771299	31.0	31	31
3.103063826897009	32.0	32	32
3.203162660022719	30.0	30	30
3.3032614931484288	30.0	30	30
3.403360326274139	28.0	28	28
3.5034591593998488	28.0	28	28
3.603557992525559	28.0	28	28
3.7036568256512687	28.0	28	28
3.803755658776979	28.0	28	28
3.9038544919026887	28.0	28	28
4.003953325028399	28.0	28	28
4.104052158154109	28.0	28	28
4.2041509912798185	29.0	29	29
4.304249824405528	29.0	29	29
4.404348657531239	28.0	28	28
4.504447490656949	28.0	28	28
4.6045463237826585	28.0	28	28
4.704645156908368	23.0	23	23
4.804743990034078	23.0	23	23
4.904842823159789	23.0	23	23
5.0049416562854985	22.0	22	22
5.105040489411208	22.0	22	22
5.205139322536918	21.0	21	21
5.305238155662629	21.0	21	21
5.4053369887883385	21.0	21	21
5.505435821914048	17.0	17	17
5.605534655039758	17.0	17	17
5.705633488165468	17.0	17	17
5.805732321291178	17.0	17	17
5.905831154416888	17.0	17	17
6.005929987542598	17.0	17	17
6.106028820668308	17.0	17	17
6.206127653794018	17.0	17	17
6.306226486919728	17.0	17	17
6.406325320045438	17.0	17	17
6.506424153171148	15.0	15	15
6.6065229862968575	14.0	14	14
6.706621819422568	14.0	14	14
6.806720652548278	14.0	14	14
6.906819485673988	4.0	4	4
7.0069183187996975	4.0	4	4
7.107017151925408	4.0	4	4
7.207115985051118	4.0	4	4
7.307214818176828	4.0	4	4
7.4073136513025375	4.0	4	4
7.507412484428247	4.0	4	4
7.607511317553958	4.0	4	4
7.707610150679668	4.0	4	4
7.8077089838053775	4.0	4	4
7.907807816931087	4.0	4	4
8.007906650056798	4.0	4	4
8.108005483182508	4.0	4	4
8.208104316308217	4.0	4	4
8.308203149433927	4.0	4	4
8.408301982559637	4.0	4	4
8.508400815685347	4.0	4	4
8.608499648811057	4.0	4	4
8.708598481936768	4.0	4	4
8.808697315062478	4.0	4	4
8.908796148188188	4.0	4	4
9.008894981313897	4.0	4	4
9.108993814439607	4.0	4	4
9.209092647565317	4.0	4	4
9.309191480691027	4.0	4	4
9.409290313816737	4.0	4	4
9.509389146942446	4.0	4	4
9.609487980068156	4.0	4	4
9.709586813193868	4.0	4	4
9.809685646319577	4.0	4	4
9.909784479445287	4.0	4	4
10.009883312570997	4.0	4	4
10.109982145696707	4.0	4	4
10.210080978822416	4.0	4	4
10.310179811948126	4.0	4	4
10.410278645073836	4.0	4	4
10.510377478199546	4.0	4	4
10.610476311325257	4.0	4	4
10.710575144450967	4.0	4	4
10.810673977576677	4.0	4	4
10.910772810702387	4.0	4	4
11.010871643828096	4.0	4	4
11.110970476953806	4.0	4	4
11.211069310079516	4.0	4	4
11.311168143205226	4.0	4	4
11.411266976330936	4.0	4	4
11.511365809456647	4.0	4	4
11.611464642582357	4.0	4	4
11.711563475708067	4.0	4	4
11.811662308833776	4.0	4	4
11.911761141959486	4.0	4	4
12.011859975085196	4.0	4	4
12.111958808210906	4.0	4	4
12.212057641336616	4.0	4	4
12.312156474462325	4.0	4	4
12.412255307588037	4.0	4	4
12.512354140713747	4.0	4	4
12.612452973839456	4.0	4	4
12.712551806965166	4.0	4	4
12.812650640090876	4.0	4	4
12.912749473216586	4.0	4	4
13.012848306342296	4.0	4	4
13.112947139468005	4.0	4	4
13.213045972593715	4.0	4	4
13.313144805719427	4.0	4	4
13.413243638845136	4.0	4	4
13.513342471970846	4.0	4	4
13.613441305096556	4.0	4	4
13.713540138222266	4.0	4	4
13.813638971347975	4.0	4	4
13.913737804473685	4.0	4	4
14.013836637599395	4.0	4	4
14.113935470725105	4.0	4	4
14.214034303850816	4.0	4	4
14.314133136976526	4.0	4	4
14.414231970102236	4.0	4	4
14.514330803227946	4.0	4	4
14.614429636353655	4.0	4	4
14.714528469479365	4.0	4	4
14.814627302605075	4.0	4	4
14.914726135730785	4.0	4	4
15.014824968856495	4.0	4	4
15.114923801982206	4.0	4	4
15.215022635107916	4.0	4	4
15.315121468233626	4.0	4	4
15.415220301359335	4.0	4	4
15.515319134485045	4.0	4	4
15.615417967610755	4.0	4	4
15.715516800736465	4.0	4	4
15.815615633862175	4.0	4	4
15.915714466987884	4.0	4	4
16.015813300113596	4.0	4	4
16.115912133239306	4.0	4	4
16.216010966365015	4.0	4	4
16.316109799490725	4.0	4	4
16.416208632616435	4.0	4	4
16.516307465742145	4.0	4	4
16.616406298867854	4.0	4	4
16.716505131993564	4.0	4	4
16.816603965119274	4.0	4	4
16.916702798244984	5.0	5	5
17.016801631370694	5.0	5	5
17.116900464496403	5.0	5	5
17.216999297622113	5.0	5	5
17.317098130747823	5.0	5	5
17.417196963873536	5.0	5	5
17.517295796999246	5.0	5	5
17.617394630124956	5.0	5	5
17.717493463250666	5.0	5	5
17.817592296376375	5.0	5	5
17.917691129502085	5.0	5	5
18.017789962627795	5.0	5	5
18.117888795753505	5.0	5	5
18.217987628879214	5.0	5	5
18.318086462004924	5.0	5	5
18.418185295130634	5.0	5	5
18.518284128256344	5.0	5	5
18.618382961382054	5.0	5	5
18.718481794507763	5.0	5	5
18.818580627633473	5.0	5	5
18.918679460759183	5.0	5	5
19.018778293884893	5.0	5	5
19.118877127010602	5.0	5	5
19.218975960136312	5.0	5	5
19.319074793262025	5.0	5	5
19.419173626387735	5.0	5	5
19.519272459513445	5.0	5	5
19.619371292639155	5.0	5	5
19.719470125764865	5.0	5	5
19.819568958890574	5.0	5	5
19.919667792016284	5.0	5	5
20.019766625141994	5.0	5	5
20.119865458267704	5.0	5	5
20.219964291393413	5.0	5	5
20.320063124519123	5.0	5	5
20.420161957644833	5.0	5	5
20.520260790770543	5.0	5	5
20.620359623896253	5.0	5	5
20.720458457021962	5.0	5	5
20.820557290147672	5.0	5	5
20.920656123273382	5.0	5	5
21.02075495639909	5.0	5	5
21.120853789524805	5.0	5	5
21.220952622650515	4.0	4	4
21.321051455776225	4.0	4	4
21.421150288901934	4.0	4	4
21.521249122027644	4.0	4	4
21.621347955153354	4.0	4	4
21.721446788279064	4.0	4	4
21.821545621404773	4.0	4	4
21.921644454530483	4.0	4	4
22.021743287656193	4.0	4	4
22.121842120781903	3.0	3	3
22.221940953907612	3.0	3	3
22.322039787033322	3.0	3	3
22.422138620159032	3.0	3	3
22.522237453284742	3.0	3	3
22.62233628641045	3.0	3	3
22.72243511953616	3.0	3	3
22.82253395266187	3.0	3	3
22.922632785787584	3.0	3	3
23.022731618913294	3.0	3	3
23.122830452039004	3.0	3	3
23.222929285164714	3.0	3	3
23.323028118290424	3.0	3	3
23.423126951416133	3.0	3	3
23.523225784541843	3.0	3	3
23.623324617667553	3.0	3	3
23.723423450793263	2.0	2	2
23.823522283918972	2.0	2	2
23.923621117044682	2.0	2	2
24.023719950170392	2.0	2	2
24.1238187832961	2.0	2	2
24.22391761642181	2.0	2	2
24.32401644954752	1.0	1	1
24.42411528267323	1.0	1	1
24.52421411579894	1.0	1	1
24.62431294892465	1.0	1	1
24.724411782050364	1.0	1	1
24.824510615176074	1.0	1	1
24.924609448301783	1.0	1	1
25.024708281427493	1.0	1	1
25.124807114553203	1.0	1	1
25.224905947678913	1.0	1	1
25.325004780804623	1.0	1	1
25.425103613930332	1.0	1	1
25.525202447056042	1.0	1	1
25.625301280181752	1.0	1	1
25.72540011330746	1.0	1	1
25.82549894643317	1.0	1	1
25.92559777955888	1.0	1	1
26.02569661268459	1.0	1	1
26.1257954458103	1.0	1	1
26.22589427893601	1.0	1	1
26.32599311206172	1.0	1	1
26.42609194518743	1.0	1	1
26.52619077831314	1.0	1	1
26.626289611438853	1.0	1	1
26.726388444564563	1.0	1	1
26.826487277690273	1.0	1	1
26.926586110815983	1.0	1	1
27.026684943941692	1.0	1	1
27.126783777067402	1.0	1	1
27.226882610193112	1.0	1	1
27.32698144331882	1.0	1	1
27.42708027644453	1.0	1	1
27.52717910957024	1.0	1	1
27.62727794269595	1.0	1	1
27.72737677582166	1.0	1	1
27.82747560894737	1.0	1	1
27.92757444207308	1.0	1	1
28.02767327519879	1.0	1	1
28.1277721083245	1.0	1	1
28.22787094145021	1.0	1	1
28.32796977457592	1.0	1	1
28.428068607701633	1.0	1	1
28.528167440827342	1.0	1	1
28.628266273953052	1.0	1	1
28.728365107078762	1.0	1	1
28.828463940204472	1.0	1	1
28.92856277333018	1.0	1	1
29.02866160645589	1.0	1	1
29.1287604395816	1.0	1	1
29.22885927270731	1.0	1	1
29.32895810583302	1.0	1	1
29.42905693895873	1.0	1	1
29.52915577208444	1.0	1	1
29.62925460521015	1.0	1	1
29.72935343833586	1.0	1	1
29.82945227146157	1.0	1	1
29.92955110458728	1.0	1	1
30.02964993771299	1.0	1	1
30.1297487708387	1.0	1	1
30.229847603964412	1.0	1	1
30.329946437090122	1.0	1	1
30.43004527021583	1.0	1	1
30.53014410334154	1.0	1	1
30.63024293646725	1.0	1	1
30.73034176959296	1.0	1	1
30.83044060271867	1.0	1	1
30.93053943584438	1.0	1	1
31.03063826897009	1.0	1	1
31.1307371020958	2.0	2	2
31.23083593522151	2.0	2	2
31.33093476834722	2.0	2	2
31.43103360147293	2.0	2	2
31.53113243459864	2.0	2	2
31.63123126772435	2.0	2	2
31.73133010085006	2.0	2	2
31.83142893397577	2.0	2	2
31.93152776710148	2.0	2	2
32.03162660022719	2.0	2	2
32.1317254333529	2.0	2	2
32.23182426647861	2.0	2	2
32.33192309960432	2.0	2	2
32.43202193273003	2.0	2	2
32.53212076585574	2.0	2	2
32.63221959898145	2.0	2	2
32.73231843210716	2.0	2	2
32.83241726523287	2.0	2	2
32.932516098358576	2.0	2	2
33.03261493148429	2.0	2	2
33.13271376461	2.0	2	2
33.23281259773571	2.0	2	2
33.33291143086142	2.0	2	2
33.43301026398713	2.0	2	2
33.53310909711284	2.0	2	2
33.63320793023855	2.0	2	2
33.73330676336426	2.0	2	2
33.83340559648997	2.0	2	2
33.93350442961568	2.0	2	2
34.03360326274139	2.0	2	2
34.1337020958671	2.0	2	2
34.23380092899281	2.0	2	2
34.33389976211852	2.0	2	2
34.433998595244226	2.0	2	2
34.53409742836994	2.0	2	2
34.634196261495646	2.0	2	2
34.73429509462136	2.0	2	2
34.83439392774707	2.0	2	2
34.93449276087278	2.0	2	2
35.03459159399849	2.0	2	2
35.1346904271242	2.0	2	2
35.23478926024991	2.0	2	2
35.33488809337562	2.0	2	2
35.43498692650133	2.0	2	2
35.53508575962704	2.0	2	2
35.63518459275275	2.0	2	2
35.73528342587846	2.0	2	2
35.83538225900417	2.0	2	2
35.935481092129876	2.0	2	2
36.03557992525559	2.0	2	2
36.135678758381296	2.0	2	2
36.23577759150701	2.0	2	2
36.335876424632715	2.0	2	2
36.43597525775843	2.0	2	2
36.536074090884135	2.0	2	2
36.63617292400985	2.0	2	2
36.73627175713556	2.0	2	2
36.83637059026127	2.0	2	2
36.93646942338698	2.0	2	2
37.03656825651269	2.0	2	2
37.1366670896384	2.0	2	2
37.23676592276411	2.0	2	2
37.33686475588982	2.0	2	2
37.43696358901553	2.0	2	2
37.53706242214124	2.0	2	2
37.637161255266946	2.0	2	2
37.73726008839266	2.0	2	2
37.837358921518366	2.0	2	2
37.93745775464408	3.0	3	3
38.037556587769785	4.0	4	4
38.1376554208955	4.0	4	4
38.237754254021205	4.0	4	4
38.33785308714692	4.0	4	4
38.437951920272624	4.0	4	4
38.53805075339834	4.0	4	4
38.63814958652405	4.0	4	4
38.73824841964976	4.0	4	4
38.83834725277547	7.0	7	7
38.93844608590118	8.0	8	8
39.03854491902689	8.0	8	8
39.138643752152596	8.0	8	8
39.23874258527831	10.0	10	10
39.338841418404016	11.0	11	11
39.43894025152973	13.0	13	13
39.539039084655435	13.0	13	13
39.63913791778115	13.0	13	13
39.739236750906855	13.0	13	13
39.83933558403257	13.0	13	13
39.939434417158274	13.0	13	13
40.03953325028399	13.0	13	13
40.139632083409694	13.0	13	13
40.23973091653541	14.0	14	14
40.33982974966112	14.0	14	14
40.43992858278683	14.0	14	14
40.54002741591254	14.0	14	14
40.640126249038246	14.0	14	14
40.74022508216396	14.0	14	14
40.840323915289666	14.0	14	14
40.94042274841538	14.0	14	14
41.040521581541086	14.0	14	14
41.1406204146668	14.0	14	14
41.240719247792505	14.0	14	14
41.34081808091822	14.0	14	14
41.440916914043925	14.0	14	14
41.54101574716964	14.0	14	14
41.641114580295344	14.0	14	14
41.74121341342106	14.0	14	14
41.841312246546764	14.0	14	14
41.94141107967248	14.0	14	14
42.04150991279818	14.0	14	14
42.1416087459239	14.0	14	14
42.24170757904961	14.0	14	14
42.341806412175316	14.0	14	14
42.44190524530103	14.0	14	14
42.542004078426736	14.0	14	14
42.64210291155245	14.0	14	14
42.742201744678155	14.0	14	14
42.84230057780387	14.0	14	14
42.942399410929575	14.0	14	14
43.04249824405529	14.0	14	14
43.142597077180994	14.0	14	14
43.24269591030671	14.0	14	14
43.342794743432414	14.0	14	14
43.44289357655813	14.0	14	14
43.54299240968383	14.0	14	14
43.64309124280955	14.0	14	14
43.74319007593525	14.0	14	14
43.843288909060966	14.0	14	14
43.94338774218668	14.0	14	14
44.043486575312386	14.0	14	14
44.1435854084381	14.0	14	14
44.243684241563805	14.0	14	14
44.34378307468952	15.0	15	15
44.443881907815225	15.0	15	15
44.54398074094094	15.0	15	15
44.644079574066645	15.0	15	15
44.74417840719236	15.0	15	15
44.844277240318064	15.0	15	15
44.94437607344378	15.0	15	15
45.044474906569484	15.0	15	15
45.1445737396952	15.0	15	15
45.2446725728209	15.0	15	15
45.34477140594662	15.0	15	15
45.44487023907232	15.0	15	15
45.544969072198036	15.0	15	15
45.64506790532374	15.0	15	15
45.745166738449456	15.0	15	15
45.84526557157517	15.0	15	15
45.945364404700875	15.0	15	15
46.04546323782659	17.0	17	17
46.145562070952295	17.0	17	17
46.24566090407801	18.0	18	18
46.345759737203714	18.0	18	18
46.44585857032943	18.0	18	18
46.545957403455134	18.0	18	18
46.64605623658085	18.0	18	18
46.74615506970655	18.0	18	18
46.84625390283227	18.0	18	18
46.94635273595797	18.0	18	18
47.046451569083686	18.0	18	18
47.14655040220939	18.0	18	18
47.246649235335106	19.0	19	19
47.34674806846081	19.0	19	19
47.446846901586525	19.0	19	19
47.54694573471223	18.0	18	18
47.647044567837945	18.0	18	18
47.74714340096366	18.0	18	18
47.847242234089364	18.0	18	18
47.94734106721508	18.0	18	18
48.047439900340784	18.0	18	18
48.1475387334665	18.0	18	18
48.2476375665922	18.0	18	18
48.34773639971792	18.0	18	18
48.44783523284362	18.0	18	18
48.547934065969336	18.0	18	18
48.64803289909504	18.0	18	18
48.748131732220756	18.0	18	18
48.84823056534646	18.0	18	18
48.948329398472175	17.0	17	17
49.04842823159788	17.0	17	17
49.148527064723595	17.0	17	17
49.2486258978493	17.0	17	17
49.348724730975015	17.0	17	17
49.44882356410073	17.0	17	17
49.548922397226434	17.0	17	17
49.64902123035215	17.0	17	17
49.749120063477854	17.0	17	17
49.84921889660357	17.0	17	17
49.94931772972927	17.0	17	17
50.04941656285499	17.0	17	17
50.14951539598069	17.0	17	17
50.249614229106406	18.0	18	18
50.34971306223211	18.0	18	18
50.449811895357826	18.0	18	18
50.54991072848353	18.0	18	18
50.650009561609245	17.0	17	17
50.75010839473495	17.0	17	17
50.850207227860665	17.0	17	17
50.95030606098637	17.0	17	17
51.050404894112084	16.0	16	16
51.15050372723779	14.0	14	14
51.250602560363504	14.0	14	14
51.35070139348922	15.0	15	15
51.45080022661492	14.0	14	14
51.55089905974064	14.0	14	14
51.65099789286634	14.0	14	14
51.751096725992056	14.0	14	14
51.85119555911776	14.0	14	14
51.951294392243476	15.0	15	15
52.05139322536918	14.0	14	14
52.151492058494895	14.0	14	14
52.2515908916206	14.0	14	14
52.351689724746315	14.0	14	14
52.45178855787202	14.0	14	14
52.551887390997734	14.0	14	14
52.65198622412344	14.0	14	14
52.752085057249154	14.0	14	14
52.85218389037486	14.0	14	14
52.95228272350057	14.0	14	14
53.05238155662628	14.0	14	14
53.15248038975199	14.0	14	14
53.252579222877706	14.0	14	14
53.35267805600341	14.0	14	14
53.452776889129126	14.0	14	14
53.55287572225483	14.0	14	14
53.652974555380545	14.0	14	14
53.75307338850625	14.0	14	14
53.853172221631965	13.0	13	13
53.95327105475767	13.0	13	13
54.053369887883385	13.0	13	13
54.15346872100909	13.0	13	13
54.253567554134804	12.0	12	12
54.35366638726051	12.0	12	12
54.453765220386224	12.0	12	12
54.55386405351193	12.0	12	12
54.65396288663764	12.0	12	12
54.75406171976335	12.0	12	12
54.85416055288906	13.0	13	13
54.954259386014776	12.0	12	12
55.05435821914048	12.0	12	12
55.154457052266196	12.0	12	12
55.2545558853919	11.0	11	11
55.354654718517615	12.0	12	12
55.45475355164332	12.0	12	12
55.554852384769035	12.0	12	12
55.65495121789474	13.0	13	13
55.755050051020454	14.0	14	14
55.85514888414616	14.0	14	14
55.955247717271874	13.0	13	13
56.05534655039758	12.0	12	12
56.15544538352329	11.0	11	11
56.255544216649	11.0	11	11
56.35564304977471	9.0	9	9
56.45574188290042	9.0	9	9
56.55584071602613	10.0	10	10
56.65593954915184	10.0	10	10
56.75603838227755	9.0	9	9
56.856137215403265	8.0	8	8
56.95623604852897	8.0	8	8
57.056334881654685	9.0	9	9
57.15643371478039	9.0	9	9
57.256532547906104	8.0	8	8
57.35663138103181	7.0	7	7
57.456730214157524	7.0	7	7
57.55682904728323	8.0	8	8
57.656927880408944	7.0	7	7
57.75702671353465	7.0	7	7
57.85712554666036	8.0	8	8
57.95722437978607	8.0	8	8
58.05732321291178	8.0	8	8
58.15742204603749	8.0	8	8
58.2575208791632	8.0	8	8
58.35761971228891	8.0	8	8
58.45771854541462	6.0	6	6
58.55781737854033	6.0	6	6
58.65791621166604	6.0	6	6
58.758015044791755	6.0	6	6
58.85811387791746	5.0	5	5
58.958212711043174	5.0	5	5
59.05831154416888	6.0	6	6
59.158410377294594	6.0	6	6
59.2585092104203	5.0	5	5
59.35860804354601	5.0	5	5
59.45870687667172	5.0	5	5
59.55880570979743	5.0	5	5
59.65890454292314	5.0	5	5
59.75900337604885	5.0	5	5
59.85910220917456	5.0	5	5
59.95920104230027	4.0	4	4
60.05929987542598	4.0	4	4
60.15939870855169	5.0	5	5
60.2594975416774	5.0	5	5
60.35959637480311	5.0	5	5
60.459695207928824	5.0	5	5
60.55979404105453	5.0	5	5
60.659892874180244	5.0	5	5
60.75999170730595	5.0	5	5
60.86009054043166	5.0	5	5
60.96018937355737	6.0	6	6
61.06028820668308	5.0	5	5
61.16038703980879	5.0	5	5
61.2604858729345	5.0	5	5
61.36058470606021	7.0	7	7
61.46068353918592	8.0	8	8
61.56078237231163	8.0	8	8
61.66088120543734	8.0	8	8
61.76098003856305	8.0	8	8
61.86107887168876	8.0	8	8
61.96117770481447	8.0	8	8
62.06127653794018	8.0	8	8
62.16137537106589	8.0	8	8
62.2614742041916	7.0	7	7
62.361573037317314	7.0	7	7
62.46167187044302	6.0	6	6
62.56177070356873	6.0	6	6
62.66186953669444	6.0	6	6
62.76196836982015	6.0	6	6
62.86206720294586	6.0	6	6
62.96216603607157	6.0	6	6
63.06226486919728	6.0	6	6
63.16236370232299	6.0	6	6
63.2624625354487	6.0	6	6
63.36256136857441	6.0	6	6
63.46266020170012	6.0	6	6
63.56275903482583	7.0	7	7
63.66285786795154	7.0	7	7
63.76295670107725	6.0	6	6
63.86305553420296	6.0	6	6
63.96315436732867	6.0	6	6
64.06325320045438	5.0	5	5
64.1633520335801	5.0	5	5
64.2634508667058	5.0	5	5
64.36354969983151	5.0	5	5
64.46364853295722	5.0	5	5
64.56374736608294	5.0	5	5
64.66384619920863	5.0	5	5
64.76394503233435	5.0	5	5
64.86404386546006	5.0	5	5
64.96414269858577	5.0	5	5
65.06424153171147	5.0	5	5
65.16434036483719	5.0	5	5
65.2644391979629	6.0	6	6
65.36453803108861	7.0	7	7
65.46463686421431	8.0	8	8
65.56473569734003	9.0	9	9
65.66483453046574	10.0	10	10
65.76493336359145	14.0	14	14
65.86503219671715	15.0	15	15
65.96513102984287	15.0	15	15
66.06522986296858	17.0	17	17
66.16532869609429	18.0	18	18
66.26542752922	18.0	18	18
66.3655263623457	18.0	18	18
66.46562519547142	18.0	18	18
66.56572402859713	18.0	18	18
66.66582286172284	19.0	19	19
66.76592169484854	18.0	18	18
66.86602052797426	19.0	19	19
66.96611936109997	19.0	19	19
67.06621819422568	20.0	20	20
67.16631702735138	20.0	20	20
67.2664158604771	18.0	18	18
67.36651469360281	16.0	16	16
67.46661352672852	16.0	16	16
67.56671235985422	16.0	16	16
67.66681119297994	16.0	16	16
67.76691002610565	16.0	16	16
67.86700885923136	16.0	16	16
67.96710769235708	16.0	16	16
68.06720652548277	16.0	16	16
68.16730535860849	17.0	17	17
68.2674041917342	17.0	17	17
68.36750302485991	17.0	17	17
68.46760185798561	17.0	17	17
68.56770069111133	17.0	17	17
68.66779952423704	17.0	17	17
68.76789835736275	17.0	17	17
68.86799719048845	17.0	17	17
68.96809602361417	17.0	17	17
69.06819485673988	17.0	17	17
69.16829368986559	18.0	18	18
69.26839252299129	19.0	19	19
69.368491356117	20.0	20	20
69.46859018924272	20.0	20	20
69.56868902236843	20.0	20	20
69.66878785549414	20.0	20	20
69.76888668861984	20.0	20	20
69.86898552174556	20.0	20	20
69.96908435487127	19.0	19	19
70.06918318799698	19.0	19	19
70.16928202112268	21.0	21	21
70.2693808542484	24.0	24	24
70.36947968737411	24.0	24	24
70.46957852049982	23.0	23	23
70.56967735362552	23.0	23	23
70.66977618675124	23.0	23	23
70.76987501987695	23.0	23	23
70.86997385300266	23.0	23	23
70.97007268612836	23.0	23	23
71.07017151925407	23.0	23	23
71.17027035237979	22.0	22	22
71.2703691855055	23.0	23	23
71.3704680186312	23.0	23	23
71.47056685175691	21.0	21	21
71.57066568488263	21.0	21	21
71.67076451800834	19.0	19	19
71.77086335113405	19.0	19	19
71.87096218425975	19.0	19	19
71.97106101738547	19.0	19	19
72.07115985051118	19.0	19	19
72.17125868363689	19.0	19	19
72.27135751676259	19.0	19	19
72.3714563498883	19.0	19	19
72.47155518301402	19.0	19	19
72.57165401613973	18.0	18	18
72.67175284926543	18.0	18	18
72.77185168239114	17.0	17	17
72.87195051551686	16.0	16	16
72.97204934864257	16.0	16	16
73.07214818176827	17.0	17	17
73.17224701489398	16.0	16	16
73.2723458480197	16.0	16	16
73.37244468114541	16.0	16	16
73.47254351427112	15.0	15	15
73.57264234739682	15.0	15	15
73.67274118052254	15.0	15	15
73.77284001364825	15.0	15	15
73.87293884677396	15.0	15	15
73.97303767989966	15.0	15	15
74.07313651302537	15.0	15	15
74.17323534615109	15.0	15	15
74.2733341792768	15.0	15	15
74.3734330124025	15.0	15	15
74.47353184552821	14.0	14	14
74.57363067865393	14.0	14	14
74.67372951177964	14.0	14	14
74.77382834490534	13.0	13	13
74.87392717803105	13.0	13	13
74.97402601115677	13.0	13	13
75.07412484428248	13.0	13	13
75.1742236774082	13.0	13	13
75.27432251053389	13.0	13	13
75.3744213436596	13.0	13	13
75.47452017678532	13.0	13	13
75.57461900991103	13.0	13	13
75.67471784303673	13.0	13	13
75.77481667616244	13.0	13	13
75.87491550928816	13.0	13	13
75.97501434241387	13.0	13	13
76.07511317553957	13.0	13	13
76.17521200866528	12.0	12	12
76.275310841791	12.0	12	12
76.37540967491671	12.0	12	12
76.47550850804241	12.0	12	12
76.57560734116812	12.0	12	12
76.67570617429384	12.0	12	12
76.77580500741955	12.0	12	12
76.87590384054525	12.0	12	12
76.97600267367096	12.0	12	12
77.07610150679668	12.0	12	12
77.17620033992239	12.0	12	12
77.2762991730481	12.0	12	12
77.3763980061738	12.0	12	12
77.47649683929951	12.0	12	12
77.57659567242523	12.0	12	12
77.67669450555094	12.0	12	12
77.77679333867664	12.0	12	12
77.87689217180235	12.0	12	12
77.97699100492807	12.0	12	12
78.07708983805378	12.0	12	12
78.17718867117948	11.0	11	11
78.27728750430519	11.0	11	11
78.3773863374309	11.0	11	11
78.47748517055662	11.0	11	11
78.57758400368232	11.0	11	11
78.67768283680803	11.0	11	11
78.77778166993374	11.0	11	11
78.87788050305946	11.0	11	11
78.97797933618517	11.0	11	11
79.07807816931087	11.0	11	11
79.17817700243658	11.0	11	11
79.2782758355623	11.0	11	11
79.37837466868801	11.0	11	11
79.47847350181371	11.0	11	11
79.57857233493942	11.0	11	11
79.67867116806514	11.0	11	11
79.77877000119085	11.0	11	11
79.87886883431655	11.0	11	11
79.97896766744226	11.0	11	11
80.07906650056798	10.0	10	10
80.17916533369369	10.0	10	10
80.27926416681939	10.0	10	10
80.3793629999451	10.0	10	10
80.47946183307081	11.0	11	11
80.57956066619653	11.0	11	11
80.67965949932224	11.0	11	11
80.77975833244794	12.0	12	12
80.87985716557365	12.0	12	12
80.97995599869937	12.0	12	12
81.08005483182508	12.0	12	12
81.18015366495078	12.0	12	12
81.28025249807649	12.0	12	12
81.3803513312022	12.0	12	12
81.48045016432792	12.0	12	12
81.58054899745362	12.0	12	12
81.68064783057933	12.0	12	12
81.78074666370505	12.0	12	12
81.88084549683076	12.0	12	12
81.98094432995646	13.0	13	13
82.08104316308217	12.0	12	12
82.18114199620788	12.0	12	12
82.2812408293336	12.0	12	12
82.38133966245931	11.0	11	11
82.48143849558501	11.0	11	11
82.58153732871072	11.0	11	11
82.68163616183644	11.0	11	11
82.78173499496215	11.0	11	11
82.88183382808785	11.0	11	11
82.98193266121356	11.0	11	11
83.08203149433928	11.0	11	11
83.18213032746499	11.0	11	11
83.28222916059069	11.0	11	11
83.3823279937164	10.0	10	10
83.48242682684212	10.0	10	10
83.58252565996783	10.0	10	10
83.68262449309353	11.0	11	11
83.78272332621924	11.0	11	11
83.88282215934495	12.0	12	12
83.98292099247067	13.0	13	13
84.08301982559637	13.0	13	13
84.18311865872208	14.0	14	14
84.2832174918478	14.0	14	14
84.3833163249735	14.0	14	14
84.48341515809922	13.0	13	13
84.58351399122492	14.0	14	14
84.68361282435063	13.0	13	13
84.78371165747635	13.0	13	13
84.88381049060206	13.0	13	13
84.98390932372776	12.0	12	12
85.08400815685347	11.0	11	11
85.18410698997918	10.0	10	10
85.2842058231049	10.0	10	10
85.3843046562306	9.0	9	9
85.48440348935631	8.0	8	8
85.58450232248202	7.0	7	7
85.68460115560774	7.0	7	7
85.78469998873344	7.0	7	7
85.88479882185915	7.0	7	7
85.98489765498486	8.0	8	8
86.08499648811058	7.0	7	7
86.18509532123629	7.0	7	7
86.28519415436199	7.0	7	7
86.3852929874877	6.0	6	6
86.48539182061342	5.0	5	5
86.58549065373913	5.0	5	5
86.68558948686483	5.0	5	5
86.78568831999054	5.0	5	5
86.88578715311625	5.0	5	5
86.98588598624197	5.0	5	5
87.08598481936767	5.0	5	5
87.18608365249338	5.0	5	5
87.2861824856191	6.0	6	6
87.3862813187448	6.0	6	6
87.4863801518705	6.0	6	6
87.58647898499622	6.0	6	6
87.68657781812193	6.0	6	6
87.78667665124765	6.0	6	6
87.88677548437336	6.0	6	6
87.98687431749906	6.0	6	6
88.08697315062477	6.0	6	6
88.18707198375049	6.0	6	6
88.2871708168762	6.0	6	6
88.3872696500019	6.0	6	6
88.48736848312761	5.0	5	5
88.58746731625332	5.0	5	5
88.68756614937904	5.0	5	5
88.78766498250474	5.0	5	5
88.88776381563045	5.0	5	5
88.98786264875616	5.0	5	5
89.08796148188188	5.0	5	5
89.18806031500758	5.0	5	5
89.28815914813329	5.0	5	5
89.388257981259	5.0	5	5
89.48835681438472	5.0	5	5
89.58845564751041	4.0	4	4
89.68855448063613	4.0	4	4
89.78865331376184	5.0	5	5
89.88875214688755	4.0	4	4
89.98885098001327	6.0	6	6
90.08894981313897	6.0	6	6
90.18904864626468	6.0	6	6
90.2891474793904	6.0	6	6
90.38924631251611	6.0	6	6
90.4893451456418	6.0	6	6
90.58944397876752	6.0	6	6
90.68954281189323	6.0	6	6
90.78964164501895	6.0	6	6
90.88974047814465	6.0	6	6
90.98983931127036	6.0	6	6
91.08993814439607	5.0	5	5
91.19003697752179	5.0	5	5
91.29013581064748	5.0	5	5
91.3902346437732	5.0	5	5
91.49033347689891	5.0	5	5
91.59043231002462	5.0	5	5
91.69053114315034	6.0	6	6
91.79062997627604	6.0	6	6
91.89072880940175	6.0	6	6
91.99082764252746	6.0	6	6
92.09092647565318	6.0	6	6
92.19102530877888	6.0	6	6
92.29112414190459	6.0	6	6
92.3912229750303	6.0	6	6
92.49132180815602	6.0	6	6
92.59142064128172	6.0	6	6
92.69151947440743	6.0	6	6
92.79161830753314	5.0	5	5
92.89171714065886	5.0	5	5
92.99181597378455	4.0	4	4
93.09191480691027	4.0	4	4
93.19201364003598	4.0	4	4
93.2921124731617	4.0	4	4
93.39221130628741	5.0	5	5
93.4923101394131	5.0	5	5
93.59240897253882	6.0	6	6
93.69250780566453	6.0	6	6
93.79260663879025	7.0	7	7
93.89270547191595	7.0	7	7
93.99280430504166	6.0	6	6
94.09290313816737	6.0	6	6
94.19300197129309	6.0	6	6
94.29310080441878	6.0	6	6
94.3931996375445	7.0	7	7
94.49329847067021	7.0	7	7
94.59339730379592	6.0	6	6
94.69349613692162	6.0	6	6
94.79359497004734	5.0	5	5
94.89369380317305	5.0	5	5
94.99379263629876	5.0	5	5
95.09389146942446	5.0	5	5
95.19399030255018	6.0	6	6
95.29408913567589	7.0	7	7
95.3941879688016	7.0	7	7
95.49428680192732	6.0	6	6
95.59438563505302	6.0	6	6
95.69448446817873	6.0	6	6
95.79458330130444	6.0	6	6
95.89468213443016	6.0	6	6
95.99478096755585	6.0	6	6
96.09487980068157	6.0	6	6
96.19497863380728	6.0	6	6
96.295077466933	6.0	6	6
96.3951763000587	5.0	5	5
96.4952751331844	4.0	4	4
96.59537396631012	4.0	4	4
96.69547279943583	3.0	3	3
96.79557163256153	3.0	3	3
96.89567046568725	3.0	3	3
96.99576929881296	3.0	3	3
97.09586813193867	3.0	3	3
97.19596696506439	4.0	4	4
97.29606579819009	4.0	4	4
97.3961646313158	4.0	4	4
97.49626346444151	5.0	5	5
97.59636229756723	5.0	5	5
97.69646113069292	5.0	5	5
97.79655996381864	5.0	5	5
97.89665879694435	5.0	5	5
97.99675763007006	5.0	5	5
98.09685646319576	5.0	5	5
98.19695529632148	5.0	5	5
98.29705412944719	5.0	5	5
98.3971529625729	5.0	5	5
98.4972517956986	5.0	5	5
98.59735062882432	5.0	5	5
98.69744946195003	5.0	5	5
98.79754829507574	5.0	5	5
98.89764712820146	5.0	5	5
98.99774596132715	5.0	5	5
99.09784479445287	5.0	5	5
99.19794362757858	6.0	6	6
99.2980424607043	6.0	6	6
99.39814129383	7.0	7	7
99.49824012695571	7.0	7	7
99.59833896008142	7.0	7	7
99.69843779320713	7.0	7	7
99.79853662633283	7.0	7	7
99.89863545945855	7.0	7	7
99.99873429258426	7.0	7	7
100.09883312570997	7.0	7	7
100.19893195883567	7.0	7	7
100.29903079196139	7.0	7	7
100.3991296250871	7.0	7	7
100.49922845821281	7.0	7	7
100.59932729133851	6.0	6	6
100.69942612446422	6.0	6	6
100.79952495758994	6.0	6	6
100.89962379071565	6.0	6	6
100.99972262384136	5.0	5	5
101.09982145696706	5.0	5	5
101.19992029009278	5.0	5	5
101.30001912321849	5.0	5	5
101.4001179563442	5.0	5	5
101.5002167894699	5.0	5	5
101.60031562259562	5.0	5	5
101.70041445572133	5.0	5	5
101.80051328884704	4.0	4	4
101.90061212197274	4.0	4	4
102.00071095509846	4.0	4	4
102.10080978822417	4.0	4	4
102.20090862134988	4.0	4	4
102.30100745447558	4.0	4	4
102.4011062876013	3.0	3	3
102.50120512072701	3.0	3	3
102.60130395385272	3.0	3	3
102.70140278697843	3.0	3	3
102.80150162010413	3.0	3	3
102.90160045322985	3.0	3	3
103.00169928635556	3.0	3	3
103.10179811948127	4.0	4	4
103.20189695260697	4.0	4	4
103.30199578573269	4.0	4	4
103.4020946188584	4.0	4	4
103.50219345198411	4.0	4	4
103.60229228510981	4.0	4	4
103.70239111823552	4.0	4	4
103.80248995136124	4.0	4	4
103.90258878448695	4.0	4	4
104.00268761761265	4.0	4	4
104.10278645073836	4.0	4	4
104.20288528386408	4.0	4	4
104.30298411698979	4.0	4	4
104.4030829501155	4.0	4	4
104.5031817832412	4.0	4	4
104.60328061636692	4.0	4	4
104.70337944949263	4.0	4	4
104.80347828261834	4.0	4	4
104.90357711574404	4.0	4	4
105.00367594886976	4.0	4	4
105.10377478199547	4.0	4	4
105.20387361512118	4.0	4	4
105.30397244824688	4.0	4	4
105.4040712813726	4.0	4	4
105.50417011449831	4.0	4	4
105.60426894762402	4.0	4	4
105.70436778074972	4.0	4	4
105.80446661387543	4.0	4	4
105.90456544700115	4.0	4	4
106.00466428012686	4.0	4	4
106.10476311325256	4.0	4	4
106.20486194637827	4.0	4	4
106.30496077950399	4.0	4	4
106.4050596126297	4.0	4	4
106.50515844575541	4.0	4	4
106.60525727888111	4.0	4	4
106.70535611200683	4.0	4	4
106.80545494513254	4.0	4	4
106.90555377825825	4.0	4	4
107.00565261138395	4.0	4	4
107.10575144450966	4.0	4	4
107.20585027763538	4.0	4	4
107.30594911076109	4.0	4	4
107.40604794388679	4.0	4	4
107.5061467770125	4.0	4	4
107.60624561013822	4.0	4	4
107.70634444326393	4.0	4	4
107.80644327638963	4.0	4	4
107.90654210951534	4.0	4	4
108.00664094264106	4.0	4	4
108.10673977576677	4.0	4	4
108.20683860889248	4.0	4	4
108.30693744201818	4.0	4	4
108.4070362751439	4.0	4	4
108.50713510826961	4.0	4	4
108.60723394139532	4.0	4	4
108.70733277452102	4.0	4	4
108.80743160764673	4.0	4	4
108.90753044077245	3.0	3	3
109.00762927389816	3.0	3	3
109.10772810702386	3.0	3	3
109.20782694014957	3.0	3	3
109.30792577327529	3.0	3	3
109.408024606401	3.0	3	3
109.5081234395267	3.0	3	3
109.60822227265241	3.0	3	3
109.70832110577813	3.0	3	3
109.80841993890384	3.0	3	3
109.90851877202955	3.0	3	3
110.00861760515525	3.0	3	3
110.10871643828096	3.0	3	3
110.20881527140668	3.0	3	3
110.30891410453239	3.0	3	3
110.40901293765809	3.0	3	3
110.5091117707838	3.0	3	3
110.60921060390952	3.0	3	3
110.70930943703523	3.0	3	3
110.80940827016093	3.0	3	3
110.90950710328664	3.0	3	3
111.00960593641236	3.0	3	3
111.10970476953807	3.0	3	3
111.20980360266377	3.0	3	3
111.30990243578948	3.0	3	3
111.4100012689152	3.0	3	3
111.51010010204091	3.0	3	3
111.61019893516661	3.0	3	3
111.71029776829232	3.0	3	3
111.81039660141803	3.0	3	3
111.91049543454375	3.0	3	3
112.01059426766946	3.0	3	3
112.11069310079516	3.0	3	3
112.21079193392087	3.0	3	3
112.31089076704659	2.0	2	2
112.4109896001723	2.0	2	2
112.511088433298	2.0	2	2
112.61118726642371	2.0	2	2
112.71128609954943	2.0	2	2
112.81138493267514	2.0	2	2
112.91148376580084	2.0	2	2
113.01158259892655	2.0	2	2
113.11168143205226	2.0	2	2
113.21178026517798	2.0	2	2
113.31187909830368	2.0	2	2
113.41197793142939	2.0	2	2
113.5120767645551	2.0	2	2
113.61217559768082	2.0	2	2
113.71227443080653	2.0	2	2
113.81237326393223	2.0	2	2
113.91247209705794	2.0	2	2
114.01257093018366	2.0	2	2
114.11266976330937	2.0	2	2
114.21276859643507	1.0	1	1
114.31286742956078	1.0	1	1
114.4129662626865	1.0	1	1
114.51306509581221	0.0	0	0
114.61316392893791	0.0	0	0
114.71326276206362	0.0	0	0
114.81336159518933	0.0	0	0
114.91346042831505	0.0	0	0
115.01355926144075	0.0	0	0
115.11365809456646	0.0	0	0
115.21375692769217	0.0	0	0
115.31385576081789	0.0	0	0
115.4139545939436	0.0	0	0
115.5140534270693	0.0	0	0
115.61415226019501	0.0	0	0
115.71425109332073	0.0	0	0
115.81434992644644	0.0	0	0
115.91444875957214	0.0	0	0
116.01454759269785	0.0	0	0
116.11464642582357	0.0	0	0
116.21474525894928	0.0	0	0
116.31484409207498	0.0	0	0
116.41494292520069	0.0	0	0
116.5150417583264	0.0	0	0
116.61514059145212	0.0	0	0
116.71523942457782	0.0	0	0
116.81533825770353	0.0	0	0
116.91543709082924	0.0	0	0
117.01553592395496	0.0	0	0
117.11563475708066	0.0	0	0
117.21573359020637	0.0	0	0
117.31583242333208	0.0	0	0
117.4159312564578	0.0	0	0
117.51603008958351	0.0	0	0
117.61612892270921	0.0	0	0
117.71622775583492	0.0	0	0
117.81632658896064	0.0	0	0
117.91642542208635	0.0	0	0
118.01652425521205	0.0	0	0
118.11662308833776	0.0	0	0
118.21672192146347	0.0	0	0
118.31682075458919	0.0	0	0
118.41691958771489	0.0	0	0
118.5170184208406	0.0	0	0
118.61711725396631	0.0	0	0
118.71721608709203	0.0	0	0
118.81731492021773	0.0	0	0
118.91741375334344	0.0	0	0
119.01751258646915	0.0	0	0
119.11761141959487	0.0	0	0
119.21771025272058	0.0	0	0
119.31780908584628	0.0	0	0
119.41790791897199	0.0	0	0
119.5180067520977	0.0	0	0
119.61810558522342	0.0	0	0
119.71820441834912	0.0	0	0
119.81830325147483	0.0	0	0
119.91840208460054	0.0	0	0
120.01850091772626	0.0	0	0
120.11859975085196	0.0	0	0
120.21869858397767	0.0	0	0
120.31879741710338	0.0	0	0
120.4188962502291	0.0	0	0
120.5189950833548	0.0	0	0
120.61909391648051	0.0	0	0
120.71919274960622	0.0	0	0
120.81929158273194	0.0	0	0
120.91939041585765	0.0	0	0
121.01948924898335	0.0	0	0
121.11958808210906	0.0	0	0
121.21968691523477	0.0	0	0
121.31978574836049	0.0	0	0
121.41988458148619	0.0	0	0
121.5199834146119	0.0	0	0
121.62008224773761	0.0	0	0
121.72018108086333	0.0	0	0
121.82027991398903	0.0	0	0
121.92037874711474	0.0	0	0
122.02047758024045	0.0	0	0
122.12057641336617	0.0	0	0
122.22067524649187	0.0	0	0
122.32077407961758	0.0	0	0
122.42087291274329	0.0	0	0
122.520971745869	0.0	0	0
122.6210705789947	0.0	0	0
122.72116941212042	0.0	0	0
122.82126824524613	0.0	0	0
122.92136707837184	0.0	0	0
123.02146591149756	0.0	0	0
123.12156474462326	0.0	0	0
123.22166357774897	0.0	0	0
123.32176241087468	0.0	0	0
123.4218612440004	0.0	0	0
123.5219600771261	0.0	0	0
123.62205891025181	0.0	0	0
123.72215774337752	0.0	0	0
123.82225657650324	1.0	1	1
123.92235540962893	1.0	1	1
124.02245424275465	1.0	1	1
124.12255307588036	1.0	1	1
124.22265190900607	1.0	1	1
124.32275074213177	1.0	1	1
124.42284957525749	1.0	1	1
124.5229484083832	1.0	1	1
124.62304724150891	1.0	1	1
124.72314607463463	1.0	1	1
124.82324490776033	1.0	1	1
124.92334374088604	1.0	1	1
125.02344257401175	1.0	1	1
125.12354140713747	1.0	1	1
125.22364024026317	1.0	1	1
125.32373907338888	1.0	1	1
125.42383790651459	1.0	1	1
125.5239367396403	1.0	1	1
125.624035572766	1.0	1	1
125.72413440589172	0.0	0	0
125.82423323901743	0.0	0	0
125.92433207214314	0.0	0	0
126.02443090526884	0.0	0	0
126.12452973839456	0.0	0	0
126.22462857152027	0.0	0	0
126.32472740464598	0.0	0	0
126.4248262377717	0.0	0	0
126.5249250708974	0.0	0	0
126.62502390402311	0.0	0	0
126.72512273714882	0.0	0	0
126.82522157027454	2.0	2	2
126.92532040340024	2.0	2	2
127.02541923652595	3.0	3	3
127.12551806965166	3.0	3	3
127.22561690277738	4.0	4	4
127.32571573590307	4.0	4	4
127.42581456902879	4.0	4	4
127.5259134021545	4.0	4	4
127.62601223528021	4.0	4	4
127.72611106840591	4.0	4	4
127.82620990153163	4.0	4	4
127.92630873465734	4.0	4	4
128.02640756778305	4.0	4	4
128.12650640090877	4.0	4	4
128.22660523403448	4.0	4	4
128.3267040671602	4.0	4	4
128.42680290028588	4.0	4	4
128.5269017334116	4.0	4	4
128.6270005665373	4.0	4	4
128.72709939966302	2.0	2	2
128.82719823278873	2.0	2	2
128.92729706591444	2.0	2	2
129.02739589904016	2.0	2	2
129.12749473216587	2.0	2	2
129.22759356529156	1.0	1	1
129.32769239841727	1.0	1	1
129.42779123154298	1.0	1	1
129.5278900646687	1.0	1	1
129.6279888977944	1.0	1	1
129.72808773092012	1.0	1	1
129.82818656404584	1.0	1	1
129.92828539717155	1.0	1	1
130.02838423029726	1.0	1	1
130.12848306342295	1.0	1	1
130.22858189654866	1.0	1	1
130.32868072967437	1.0	1	1
130.4287795628001	1.0	1	1
130.5288783959258	1.0	1	1
130.62897722905151	1.0	1	1
130.72907606217723	1.0	1	1
130.82917489530294	1.0	1	1
130.92927372842863	1.0	1	1
131.02937256155434	1.0	1	1
131.12947139468005	1.0	1	1
131.22957022780577	1.0	1	1
131.32966906093148	1.0	1	1
131.4297678940572	1.0	1	1
131.5298667271829	1.0	1	1
131.62996556030862	1.0	1	1
131.7300643934343	1.0	1	1
131.83016322656002	1.0	1	1
131.93026205968573	1.0	1	1
132.03036089281144	1.0	1	1
132.13045972593716	1.0	1	1
132.23055855906287	1.0	1	1
132.33065739218858	1.0	1	1
132.4307562253143	1.0	1	1
132.53085505844	1.0	1	1
132.6309538915657	1.0	1	1
132.7310527246914	1.0	1	1
132.83115155781712	1.0	1	1
132.93125039094284	1.0	1	1
133.03134922406855	1.0	1	1
133.13144805719426	1.0	1	1
133.23154689031998	1.0	1	1
133.3316457234457	1.0	1	1
133.43174455657137	1.0	1	1
133.5318433896971	1.0	1	1
133.6319422228228	1.0	1	1
133.7320410559485	1.0	1	1
133.83213988907423	1.0	1	1
133.93223872219994	2.0	2	2
134.03233755532565	2.0	2	2
134.13243638845137	2.0	2	2
134.23253522157708	2.0	2	2
134.33263405470277	2.0	2	2
134.43273288782848	3.0	3	3
134.5328317209542	3.0	3	3
134.6329305540799	3.0	3	3
134.73302938720562	3.0	3	3
134.83312822033133	2.0	2	2
134.93322705345705	2.0	2	2
135.03332588658276	2.0	2	2
135.13342471970844	2.0	2	2
135.23352355283416	2.0	2	2
135.33362238595987	2.0	2	2
135.43372121908558	3.0	3	3
135.5338200522113	3.0	3	3
135.633918885337	3.0	3	3
135.73401771846272	3.0	3	3
135.83411655158844	3.0	3	3
135.93421538471415	3.0	3	3
136.03431421783984	2.0	2	2
136.13441305096555	2.0	2	2
136.23451188409126	2.0	2	2
136.33461071721698	2.0	2	2
136.4347095503427	2.0	2	2
136.5348083834684	2.0	2	2
136.63490721659412	3.0	3	3
136.73500604971983	3.0	3	3
136.8351048828455	3.0	3	3
136.93520371597123	3.0	3	3
137.03530254909694	3.0	3	3
137.13540138222265	3.0	3	3
137.23550021534837	3.0	3	3
137.33559904847408	3.0	3	3
137.4356978815998	2.0	2	2
137.5357967147255	2.0	2	2
137.63589554785122	2.0	2	2
137.7359943809769	2.0	2	2
137.83609321410262	1.0	1	1
137.93619204722833	1.0	1	1
138.03629088035404	1.0	1	1
138.13638971347976	1.0	1	1
138.23648854660547	1.0	1	1
138.33658737973118	1.0	1	1
138.4366862128569	1.0	1	1
138.53678504598258	0.0	0	0
138.6368838791083	0.0	0	0
138.736982712234	0.0	0	0
138.83708154535972	0.0	0	0
138.93718037848544	0.0	0	0
139.03727921161115	0.0	0	0
139.13737804473686	0.0	0	0
139.23747687786258	0.0	0	0
139.3375757109883	0.0	0	0
139.43767454411397	0.0	0	0
139.5377733772397	0.0	0	0
139.6378722103654	0.0	0	0
139.73797104349111	0.0	0	0
139.83806987661683	0.0	0	0
139.93816870974254	0.0	0	0
140.03826754286825	0.0	0	0
140.13836637599397	0.0	0	0
140.23846520911965	0.0	0	0
140.33856404224537	0.0	0	0
140.43866287537108	0.0	0	0
140.5387617084968	0.0	0	0
140.6388605416225	0.0	0	0
140.73895937474822	0.0	0	0
140.83905820787393	0.0	0	0
140.93915704099965	0.0	0	0
141.03925587412536	0.0	0	0
141.13935470725104	0.0	0	0
141.23945354037676	1.0	1	1
141.33955237350247	1.0	1	1
141.43965120662818	1.0	1	1
141.5397500397539	1.0	1	1
141.6398488728796	1.0	1	1
141.73994770600532	1.0	1	1
141.84004653913104	1.0	1	1
141.94014537225672	1.0	1	1
142.04024420538244	1.0	1	1
142.14034303850815	1.0	1	1
142.24044187163386	1.0	1	1
142.34054070475958	1.0	1	1
142.4406395378853	1.0	1	1
142.540738371011	1.0	1	1
142.64083720413672	1.0	1	1
142.7409360372624	1.0	1	1
142.8410348703881	1.0	1	1
142.94113370351383	1.0	1	1
143.04123253663954	1.0	1	1
143.14133136976525	1.0	1	1
143.24143020289097	1.0	1	1
143.34152903601668	1.0	1	1
143.4416278691424	1.0	1	1
143.5417267022681	1.0	1	1
143.6418255353938	1.0	1	1
143.7419243685195	1.0	1	1
143.84202320164522	1.0	1	1
143.94212203477093	1.0	1	1
144.04222086789665	1.0	1	1
144.14231970102236	1.0	1	1
144.24241853414807	1.0	1	1
144.34251736727379	1.0	1	1
144.44261620039947	1.0	1	1
144.54271503352518	1.0	1	1
144.6428138666509	1.0	1	1
144.7429126997766	1.0	1	1
144.84301153290232	1.0	1	1
144.94311036602804	1.0	1	1
145.04320919915375	1.0	1	1
145.14330803227946	1.0	1	1
145.24340686540518	1.0	1	1
145.34350569853086	1.0	1	1
145.44360453165658	1.0	1	1
145.5437033647823	1.0	1	1
145.643802197908	1.0	1	1
145.74390103103372	1.0	1	1
145.84399986415943	1.0	1	1
145.94409869728514	1.0	1	1
146.04419753041086	1.0	1	1
146.14429636353654	1.0	1	1
146.24439519666225	1.0	1	1
146.34449402978797	1.0	1	1
146.44459286291368	1.0	1	1
146.5446916960394	1.0	1	1
146.6447905291651	1.0	1	1
146.74488936229082	1.0	1	1
146.84498819541653	1.0	1	1
146.94508702854225	1.0	1	1
147.04518586166793	1.0	1	1
147.14528469479365	1.0	1	1
147.24538352791936	1.0	1	1
147.34548236104507	1.0	1	1
147.44558119417079	1.0	1	1
147.5456800272965	1.0	1	1
147.6457788604222	1.0	1	1
147.74587769354792	1.0	1	1
147.8459765266736	1.0	1	1
147.94607535979932	1.0	1	1
148.04617419292504	1.0	1	1
148.14627302605075	1.0	1	1
148.24637185917646	1.0	1	1
148.34647069230218	1.0	1	1
148.4465695254279	2.0	2	2
148.5466683585536	2.0	2	2
148.64676719167932	2.0	2	2
148.746866024805	2.0	2	2
148.84696485793071	3.0	3	3
148.94706369105643	3.0	3	3
149.04716252418214	3.0	3	3
149.14726135730785	3.0	3	3
149.24736019043357	3.0	3	3
149.34745902355928	3.0	3	3
149.447557856685	3.0	3	3
149.54765668981068	3.0	3	3
149.6477555229364	3.0	3	3
149.7478543560621	3.0	3	3
149.84795318918782	3.0	3	3
149.94805202231353	3.0	3	3
150.04815085543925	3.0	3	3
150.14824968856496	3.0	3	3
150.24834852169067	3.0	3	3
150.3484473548164	3.0	3	3
150.44854618794207	3.0	3	3
150.54864502106778	3.0	3	3
150.6487438541935	2.0	2	2
150.7488426873192	2.0	2	2
150.84894152044492	2.0	2	2
150.94904035357064	2.0	2	2
151.04913918669635	2.0	2	2
151.14923801982206	2.0	2	2
151.24933685294775	2.0	2	2
151.34943568607346	2.0	2	2
151.44953451919918	2.0	2	2
151.5496333523249	2.0	2	2
151.6497321854506	2.0	2	2
151.74983101857632	2.0	2	2
151.84992985170203	2.0	2	2
151.95002868482774	2.0	2	2
152.05012751795346	2.0	2	2
152.15022635107914	2.0	2	2
152.25032518420485	2.0	2	2
152.35042401733057	2.0	2	2
152.45052285045628	2.0	2	2
152.550621683582	2.0	2	2
152.6507205167077	2.0	2	2
152.75081934983342	2.0	2	2
152.85091818295913	2.0	2	2
152.95101701608482	2.0	2	2
153.05111584921053	2.0	2	2
153.15121468233625	2.0	2	2
153.25131351546196	2.0	2	2
153.35141234858767	2.0	2	2
153.45151118171339	2.0	2	2
153.5516100148391	2.0	2	2
153.6517088479648	2.0	2	2
153.7518076810905	2.0	2	2
153.8519065142162	2.0	2	2
153.95200534734192	2.0	2	2
154.05210418046764	2.0	2	2
154.15220301359335	2.0	2	2
154.25230184671906	2.0	2	2
154.35240067984478	2.0	2	2
154.4524995129705	2.0	2	2
154.5525983460962	2.0	2	2
154.6526971792219	2.0	2	2
154.7527960123476	2.0	2	2
154.85289484547332	2.0	2	2
154.95299367859903	2.0	2	2
155.05309251172474	2.0	2	2
155.15319134485046	2.0	2	2
155.25329017797617	1.0	1	1
155.35338901110188	1.0	1	1
155.45348784422757	1.0	1	1
155.55358667735328	1.0	1	1
155.653685510479	1.0	1	1
155.7537843436047	1.0	1	1
155.85388317673042	1.0	1	1
155.95398200985613	1.0	1	1
156.05408084298185	1.0	1	1
156.15417967610756	1.0	1	1
156.25427850923327	1.0	1	1
156.35437734235896	1.0	1	1
156.45447617548467	1.0	1	1
156.55457500861039	1.0	1	1
156.6546738417361	1.0	1	1
156.7547726748618	1.0	1	1
156.85487150798753	1.0	1	1
156.95497034111324	1.0	1	1
157.05506917423895	1.0	1	1
157.15516800736464	1.0	1	1
157.25526684049035	1.0	1	1
157.35536567361606	1.0	1	1
157.45546450674178	1.0	1	1
157.5555633398675	1.0	1	1
157.6556621729932	1.0	1	1
157.75576100611892	1.0	1	1
157.85585983924463	1.0	1	1
157.95595867237034	1.0	1	1
158.05605750549603	1.0	1	1
158.15615633862174	1.0	1	1
158.25625517174745	0.0	0	0
158.35635400487317	0.0	0	0
158.45645283799888	0.0	0	0
158.5565516711246	0.0	0	0
158.6566505042503	0.0	0	0
158.75674933737602	0.0	0	0
158.8568481705017	0.0	0	0
158.95694700362742	0.0	0	0
159.05704583675313	0.0	0	0
159.15714466987885	0.0	0	0
159.25724350300456	0.0	0	0
159.35734233613027	0.0	0	0
159.457441169256	0.0	0	0
159.5575400023817	0.0	0	0
159.6576388355074	0.0	0	0
159.7577376686331	0.0	0	0
159.8578365017588	0.0	0	0
159.95793533488452	0.0	0	0
160.05803416801024	0.0	0	0
160.15813300113595	0.0	0	0
160.25823183426166	0.0	0	0
160.35833066738738	0.0	0	0
160.4584295005131	0.0	0	0
160.55852833363878	0.0	0	0
160.6586271667645	0.0	0	0
160.7587259998902	0.0	0	0
160.85882483301592	0.0	0	0
160.95892366614163	0.0	0	0
161.05902249926734	0.0	0	0
161.15912133239306	0.0	0	0
161.25922016551877	0.0	0	0
161.35931899864448	0.0	0	0
161.45941783177017	0.0	0	0
161.55951666489588	0.0	0	0
161.6596154980216	1.0	1	1
161.7597143311473	1.0	1	1
161.85981316427302	1.0	1	1
161.95991199739873	2.0	2	2
162.06001083052445	2.0	2	2
162.16010966365016	2.0	2	2
162.26020849677585	2.0	2	2
162.36030732990156	2.0	2	2
162.46040616302727	2.0	2	2
162.56050499615299	2.0	2	2
162.6606038292787	3.0	3	3
162.7607026624044	3.0	3	3
162.86080149553013	3.0	3	3
162.96090032865584	3.0	3	3
163.06099916178155	3.0	3	3
163.16109799490724	3.0	3	3
163.26119682803295	3.0	3	3
163.36129566115866	4.0	4	4
163.46139449428438	4.0	4	4
163.5614933274101	4.0	4	4
163.6615921605358	4.0	4	4
163.76169099366152	4.0	4	4
163.86178982678723	4.0	4	4
163.96188865991292	4.0	4	4
164.06198749303863	4.0	4	4
164.16208632616434	4.0	4	4
164.26218515929006	5.0	5	5
164.36228399241577	4.0	4	4
164.46238282554148	4.0	4	4
164.5624816586672	4.0	4	4
164.6625804917929	4.0	4	4
164.76267932491862	4.0	4	4
164.8627781580443	4.0	4	4
164.96287699117002	4.0	4	4
165.06297582429573	3.0	3	3
165.16307465742145	3.0	3	3
165.26317349054716	3.0	3	3
165.36327232367287	4.0	4	4
165.4633711567986	4.0	4	4
165.5634699899243	4.0	4	4
165.66356882304999	5.0	5	5
165.7636676561757	5.0	5	5
165.8637664893014	5.0	5	5
165.96386532242713	5.0	5	5
166.06396415555284	4.0	4	4
166.16406298867855	4.0	4	4
166.26416182180427	4.0	4	4
166.36426065492998	4.0	4	4
166.46435948805566	4.0	4	4
166.56445832118138	4.0	4	4
166.6645571543071	5.0	5	5
166.7646559874328	5.0	5	5
166.86475482055852	5.0	5	5
166.96485365368423	4.0	4	4
167.06495248680994	5.0	5	5
167.16505131993566	5.0	5	5
167.26515015306137	5.0	5	5
167.36524898618705	5.0	5	5
167.46534781931277	5.0	5	5
167.56544665243848	5.0	5	5
167.6655454855642	5.0	5	5
167.7656443186899	5.0	5	5
167.86574315181562	5.0	5	5
167.96584198494133	5.0	5	5
168.06594081806705	5.0	5	5
168.16603965119273	5.0	5	5
168.26613848431845	5.0	5	5
168.36623731744416	5.0	5	5
168.46633615056987	4.0	4	4
168.5664349836956	3.0	3	3
168.6665338168213	3.0	3	3
168.766632649947	3.0	3	3
168.86673148307273	3.0	3	3
168.96683031619844	3.0	3	3
169.06692914932412	3.0	3	3
169.16702798244984	3.0	3	3
169.26712681557555	2.0	2	2
169.36722564870126	2.0	2	2
169.46732448182698	2.0	2	2
169.5674233149527	2.0	2	2
169.6675221480784	2.0	2	2
169.76762098120412	2.0	2	2
169.8677198143298	2.0	2	2
169.96781864745552	2.0	2	2
170.06791748058123	2.0	2	2
170.16801631370694	2.0	2	2
170.26811514683266	2.0	2	2
170.36821397995837	2.0	2	2
170.46831281308408	2.0	2	2
170.5684116462098	2.0	2	2
170.6685104793355	2.0	2	2
170.7686093124612	2.0	2	2
170.8687081455869	2.0	2	2
170.96880697871262	3.0	3	3
171.06890581183833	3.0	3	3
171.16900464496405	3.0	3	3
171.26910347808976	3.0	3	3
171.36920231121547	3.0	3	3
171.4693011443412	3.0	3	3
171.56939997746687	3.0	3	3
171.6694988105926	3.0	3	3
171.7695976437183	3.0	3	3
171.869696476844	3.0	3	3
171.96979530996973	3.0	3	3
172.06989414309544	3.0	3	3
172.16999297622115	3.0	3	3
172.27009180934687	3.0	3	3
172.37019064247258	3.0	3	3
172.47028947559826	3.0	3	3
172.57038830872398	3.0	3	3
172.6704871418497	3.0	3	3
172.7705859749754	4.0	4	4
172.87068480810112	3.0	3	3
172.97078364122683	3.0	3	3
173.07088247435254	3.0	3	3
173.17098130747826	3.0	3	3
173.27108014060394	3.0	3	3
173.37117897372966	3.0	3	3
173.47127780685537	3.0	3	3
173.57137663998108	3.0	3	3
173.6714754731068	3.0	3	3
173.7715743062325	3.0	3	3
173.87167313935822	3.0	3	3
173.97177197248394	3.0	3	3
174.07187080560965	3.0	3	3
174.17196963873533	3.0	3	3
174.27206847186105	3.0	3	3
174.37216730498676	3.0	3	3
174.47226613811247	3.0	3	3
174.5723649712382	3.0	3	3
174.6724638043639	3.0	3	3
174.7725626374896	4.0	4	4
174.87266147061533	4.0	4	4
174.972760303741	4.0	4	4
175.07285913686673	4.0	4	4
175.17295796999244	4.0	4	4
175.27305680311815	4.0	4	4
175.37315563624387	4.0	4	4
175.47325446936958	4.0	4	4
175.5733533024953	4.0	4	4
175.673452135621	4.0	4	4
175.77355096874672	4.0	4	4
175.8736498018724	4.0	4	4
175.97374863499812	4.0	4	4
176.07384746812383	4.0	4	4
176.17394630124954	4.0	4	4
176.27404513437526	4.0	4	4
176.37414396750097	4.0	4	4
176.47424280062668	4.0	4	4
176.5743416337524	4.0	4	4
176.67444046687808	4.0	4	4
176.7745393000038	4.0	4	4
176.8746381331295	4.0	4	4
176.97473696625522	4.0	4	4
177.07483579938093	4.0	4	4
177.17493463250665	4.0	4	4
177.27503346563236	4.0	4	4
177.37513229875807	4.0	4	4
177.47523113188376	4.0	4	4
177.57532996500947	4.0	4	4
177.6754287981352	4.0	4	4
177.7755276312609	4.0	4	4
177.8756264643866	4.0	4	4
177.97572529751233	4.0	4	4
178.07582413063804	4.0	4	4
178.17592296376375	3.0	3	3
178.27602179688947	3.0	3	3
178.37612063001515	3.0	3	3
178.47621946314086	3.0	3	3
178.57631829626658	3.0	3	3
178.6764171293923	3.0	3	3
178.776515962518	3.0	3	3
178.87661479564372	3.0	3	3
178.97671362876943	3.0	3	3
179.07681246189514	3.0	3	3
179.17691129502083	3.0	3	3
179.27701012814654	3.0	3	3
179.37710896127226	2.0	2	2
179.47720779439797	2.0	2	2
179.57730662752368	2.0	2	2
179.6774054606494	1.0	1	1
179.7775042937751	1.0	1	1
179.87760312690082	1.0	1	1
179.97770196002654	1.0	1	1
180.07780079315222	1.0	1	1
180.17789962627793	1.0	1	1
180.27799845940365	1.0	1	1
180.37809729252936	1.0	1	1
180.47819612565507	1.0	1	1
180.5782949587808	1.0	1	1
180.6783937919065	1.0	1	1
180.77849262503221	1.0	1	1
180.8785914581579	1.0	1	1
180.9786902912836	1.0	1	1
181.07878912440933	1.0	1	1
181.17888795753504	1.0	1	1
181.27898679066075	1.0	1	1
181.37908562378647	1.0	1	1
181.47918445691218	1.0	1	1
181.5792832900379	1.0	1	1
181.6793821231636	1.0	1	1
181.7794809562893	1.0	1	1
181.879579789415	1.0	1	1
