time	diversity	m_div	M_div
0.0	38.0	38	38
0.10008520573785645	38.0	38	38
0.2001704114757129	38.0	38	38
0.30025561721356936	38.0	38	38
0.4003408229514258	38.0	38	38
0.5004260286892823	37.0	37	37
0.6005112344271387	37.0	37	37
0.7005964401649951	37.0	37	37
0.8006816459028516	37.0	37	37
0.9007668516407081	37.0	37	37
1.0008520573785646	37.0	37	37
1.100937263116421	37.0	37	37
1.2010224688542774	37.0	37	37
1.301107674592134	35.0	35	35
1.4011928803299902	35.0	35	35
1.5012780860678467	35.0	35	35
1.6013632918057032	35.0	35	35
1.7014484975435598	35.0	35	35
1.8015337032814163	35.0	35	35
1.9016189090192726	33.0	33	33
2.0017041147571293	33.0	33	33
2.1017893204949853	31.0	31	31
2.201874526232842	31.0	31	31
2.3019597319706984	31.0	31	31
2.402044937708555	31.0	31	31
2.5021301434464114	31.0	31	31
2.602215349184268	31.0	31	31
2.7023005549221244	31.0	31	31
2.8023857606599805	31.0	31	31
2.902470966397837	32.0	32	32
3.0025561721356935	32.0	32	32
3.10264137787355	32.0	32	32
3.2027265836114065	30.0	30	30
3.302811789349263	27.0	27	27
3.4028969950871195	27.0	27	27
3.502982200824976	28.0	28	28
3.6030674065628325	28.0	28	28
3.7031526123006886	28.0	28	28
3.803237818038545	28.0	28	28
3.9033230237764016	28.0	28	28
4.003408229514259	28.0	28	28
4.103493435252115	28.0	28	28
4.203578640989971	28.0	28	28
4.303663846727828	26.0	26	26
4.403749052465684	26.0	26	26
4.503834258203541	26.0	26	26
4.603919463941397	25.0	25	25
4.704004669679254	25.0	25	25
4.80408987541711	24.0	24	24
4.904175081154966	24.0	24	24
5.004260286892823	20.0	20	20
5.104345492630679	20.0	20	20
5.204430698368536	18.0	18	18
5.304515904106392	18.0	18	18
5.404601109844249	18.0	18	18
5.504686315582105	18.0	18	18
5.604771521319961	18.0	18	18
5.704856727057818	18.0	18	18
5.804941932795674	17.0	17	17
5.905027138533531	17.0	17	17
6.005112344271387	17.0	17	17
6.105197550009244	17.0	17	17
6.2052827557471	17.0	17	17
6.305367961484957	17.0	17	17
6.405453167222813	17.0	17	17
6.505538372960669	17.0	17	17
6.605623578698526	16.0	16	16
6.705708784436382	14.0	14	14
6.805793990174239	14.0	14	14
6.905879195912095	3.0	3	3
7.005964401649952	3.0	3	3
7.106049607387808	3.0	3	3
7.206134813125665	3.0	3	3
7.306220018863521	3.0	3	3
7.406305224601377	3.0	3	3
7.506390430339234	3.0	3	3
7.60647563607709	3.0	3	3
7.706560841814947	3.0	3	3
7.806646047552803	3.0	3	3
7.90673125329066	3.0	3	3
8.006816459028517	3.0	3	3
8.106901664766372	3.0	3	3
8.20698687050423	3.0	3	3
8.307072076242086	3.0	3	3
8.407157281979941	3.0	3	3
8.507242487717798	3.0	3	3
8.607327693455655	3.0	3	3
8.707412899193512	3.0	3	3
8.807498104931367	3.0	3	3
8.907583310669224	3.0	3	3
9.007668516407081	3.0	3	3
9.107753722144937	3.0	3	3
9.207838927882793	3.0	3	3
9.30792413362065	3.0	3	3
9.408009339358507	3.0	3	3
9.508094545096363	3.0	3	3
9.60817975083422	3.0	3	3
9.708264956572076	3.0	3	3
9.808350162309932	3.0	3	3
9.908435368047789	3.0	3	3
10.008520573785646	3.0	3	3
10.108605779523502	3.0	3	3
10.208690985261358	3.0	3	3
10.308776190999215	3.0	3	3
10.408861396737072	3.0	3	3
10.508946602474927	3.0	3	3
10.609031808212784	3.0	3	3
10.70911701395064	3.0	3	3
10.809202219688498	3.0	3	3
10.909287425426353	3.0	3	3
11.00937263116421	3.0	3	3
11.109457836902067	3.0	3	3
11.209543042639922	3.0	3	3
11.309628248377779	3.0	3	3
11.409713454115636	3.0	3	3
11.509798659853493	3.0	3	3
11.609883865591348	3.0	3	3
11.709969071329205	3.0	3	3
11.810054277067062	3.0	3	3
11.910139482804919	3.0	3	3
12.010224688542774	3.0	3	3
12.11030989428063	3.0	3	3
12.210395100018488	3.0	3	3
12.310480305756343	3.0	3	3
12.4105655114942	3.0	3	3
12.510650717232057	3.0	3	3
12.610735922969914	4.0	4	4
12.710821128707769	4.0	4	4
12.810906334445626	4.0	4	4
12.910991540183483	4.0	4	4
13.011076745921338	4.0	4	4
13.111161951659195	4.0	4	4
13.211247157397052	4.0	4	4
13.311332363134909	4.0	4	4
13.411417568872764	4.0	4	4
13.511502774610621	4.0	4	4
13.611587980348478	4.0	4	4
13.711673186086333	4.0	4	4
13.81175839182419	4.0	4	4
13.911843597562047	4.0	4	4
14.011928803299904	4.0	4	4
14.11201400903776	4.0	4	4
14.212099214775616	4.0	4	4
14.312184420513473	4.0	4	4
14.41226962625133	4.0	4	4
14.512354831989185	4.0	4	4
14.612440037727042	4.0	4	4
14.7125252434649	4.0	4	4
14.812610449202754	4.0	4	4
14.912695654940611	4.0	4	4
15.012780860678468	4.0	4	4
15.112866066416325	4.0	4	4
15.21295127215418	4.0	4	4
15.313036477892037	4.0	4	4
15.413121683629894	4.0	4	4
15.51320688936775	4.0	4	4
15.613292095105606	4.0	4	4
15.713377300843463	4.0	4	4
15.81346250658132	4.0	4	4
15.913547712319176	4.0	4	4
16.013632918057034	4.0	4	4
16.11371812379489	4.0	4	4
16.213803329532745	4.0	4	4
16.313888535270603	4.0	4	4
16.41397374100846	4.0	4	4
16.514058946746314	4.0	4	4
16.614144152484172	4.0	4	4
16.714229358222028	4.0	4	4
16.814314563959883	5.0	5	5
16.91439976969774	5.0	5	5
17.014484975435597	5.0	5	5
17.114570181173452	5.0	5	5
17.21465538691131	5.0	5	5
17.314740592649166	5.0	5	5
17.414825798387024	5.0	5	5
17.51491100412488	5.0	5	5
17.614996209862735	5.0	5	5
17.715081415600594	5.0	5	5
17.81516662133845	5.0	5	5
17.915251827076304	5.0	5	5
18.015337032814163	5.0	5	5
18.115422238552018	5.0	5	5
18.215507444289873	5.0	5	5
18.31559265002773	5.0	5	5
18.415677855765587	5.0	5	5
18.515763061503442	5.0	5	5
18.6158482672413	5.0	5	5
18.715933472979156	5.0	5	5
18.816018678717015	5.0	5	5
18.91610388445487	5.0	5	5
19.016189090192725	5.0	5	5
19.116274295930584	5.0	5	5
19.21635950166844	5.0	5	5
19.316444707406294	5.0	5	5
19.416529913144153	5.0	5	5
19.516615118882008	5.0	5	5
19.616700324619863	5.0	5	5
19.716785530357722	5.0	5	5
19.816870736095577	5.0	5	5
19.916955941833436	5.0	5	5
20.01704114757129	5.0	5	5
20.117126353309146	5.0	5	5
20.217211559047005	5.0	5	5
20.31729676478486	5.0	5	5
20.417381970522715	5.0	5	5
20.517467176260574	5.0	5	5
20.61755238199843	5.0	5	5
20.717637587736284	5.0	5	5
20.817722793474143	5.0	5	5
20.917807999212	4.0	4	4
21.017893204949853	3.0	3	3
21.117978410687712	3.0	3	3
21.218063616425567	3.0	3	3
21.318148822163426	3.0	3	3
21.41823402790128	3.0	3	3
21.518319233639136	3.0	3	3
21.618404439376995	3.0	3	3
21.71848964511485	3.0	3	3
21.818574850852706	3.0	3	3
21.918660056590564	3.0	3	3
22.01874526232842	3.0	3	3
22.118830468066275	3.0	3	3
22.218915673804133	3.0	3	3
22.31900087954199	3.0	3	3
22.419086085279844	3.0	3	3
22.519171291017702	3.0	3	3
22.619256496755558	3.0	3	3
22.719341702493416	3.0	3	3
22.81942690823127	3.0	3	3
22.919512113969127	3.0	3	3
23.019597319706985	3.0	3	3
23.11968252544484	3.0	3	3
23.219767731182696	3.0	3	3
23.319852936920554	3.0	3	3
23.41993814265841	3.0	3	3
23.520023348396265	3.0	3	3
23.620108554134124	3.0	3	3
23.72019375987198	3.0	3	3
23.820278965609837	2.0	2	2
23.920364171347693	2.0	2	2
24.020449377085548	2.0	2	2
24.120534582823407	2.0	2	2
24.22061978856126	2.0	2	2
24.320704994299117	2.0	2	2
24.420790200036976	2.0	2	2
24.52087540577483	2.0	2	2
24.620960611512686	2.0	2	2
24.721045817250545	2.0	2	2
24.8211310229884	2.0	2	2
24.921216228726255	2.0	2	2
25.021301434464114	2.0	2	2
25.12138664020197	2.0	2	2
25.221471845939828	2.0	2	2
25.321557051677683	2.0	2	2
25.421642257415538	2.0	2	2
25.521727463153397	2.0	2	2
25.621812668891252	2.0	2	2
25.721897874629107	2.0	2	2
25.821983080366966	2.0	2	2
25.92206828610482	2.0	2	2
26.022153491842676	2.0	2	2
26.122238697580535	2.0	2	2
26.22232390331839	2.0	2	2
26.32240910905625	2.0	2	2
26.422494314794104	2.0	2	2
26.52257952053196	2.0	2	2
26.622664726269818	2.0	2	2
26.722749932007673	1.0	1	1
26.82283513774553	1.0	1	1
26.922920343483387	1.0	1	1
27.023005549221242	1.0	1	1
27.123090754959097	1.0	1	1
27.223175960696956	1.0	1	1
27.32326116643481	1.0	1	1
27.423346372172666	1.0	1	1
27.523431577910525	1.0	1	1
27.62351678364838	1.0	1	1
27.72360198938624	1.0	1	1
27.823687195124094	1.0	1	1
27.92377240086195	1.0	1	1
28.023857606599808	1.0	1	1
28.123942812337663	1.0	1	1
28.22402801807552	1.0	1	1
28.324113223813377	1.0	1	1
28.424198429551232	1.0	1	1
28.524283635289088	1.0	1	1
28.624368841026946	1.0	1	1
28.7244540467648	1.0	1	1
28.82453925250266	1.0	1	1
28.924624458240515	1.0	1	1
29.02470966397837	1.0	1	1
29.12479486971623	1.0	1	1
29.224880075454085	1.0	1	1
29.32496528119194	1.0	1	1
29.4250504869298	1.0	1	1
29.525135692667654	1.0	1	1
29.62522089840551	1.0	1	1
29.725306104143367	1.0	1	1
29.825391309881223	1.0	1	1
29.925476515619078	1.0	1	1
30.025561721356937	1.0	1	1
30.12564692709479	1.0	1	1
30.22573213283265	1.0	1	1
30.325817338570506	1.0	1	1
30.42590254430836	1.0	1	1
30.52598775004622	1.0	1	1
30.626072955784075	1.0	1	1
30.72615816152193	1.0	1	1
30.82624336725979	1.0	1	1
30.926328572997644	1.0	1	1
31.0264137787355	1.0	1	1
31.126498984473358	1.0	1	1
31.226584190211213	1.0	1	1
31.326669395949068	1.0	1	1
31.426754601686927	1.0	1	1
31.526839807424782	1.0	1	1
31.62692501316264	1.0	1	1
31.727010218900496	1.0	1	1
31.82709542463835	1.0	1	1
31.92718063037621	1.0	1	1
32.02726583611407	1.0	1	1
32.127351041851924	1.0	1	1
32.22743624758978	1.0	1	1
32.327521453327634	1.0	1	1
32.42760665906549	1.0	1	1
32.527691864803344	1.0	1	1
32.62777707054121	1.0	1	1
32.72786227627906	1.0	1	1
32.82794748201692	1.0	1	1
32.92803268775477	1.0	1	1
33.02811789349263	1.0	1	1
33.12820309923048	1.0	1	1
33.228288304968345	1.0	1	1
33.3283735107062	1.0	1	1
33.428458716444055	1.0	1	1
33.52854392218191	1.0	1	1
33.628629127919766	1.0	1	1
33.72871433365763	1.0	1	1
33.82879953939548	1.0	1	1
33.92888474513334	0.0	0	0
34.02896995087119	0.0	0	0
34.12905515660905	0.0	0	0
34.229140362346904	0.0	0	0
34.329225568084766	0.0	0	0
34.42931077382262	0.0	0	0
34.529395979560476	0.0	0	0
34.62948118529833	0.0	0	0
34.72956639103619	0.0	0	0
34.82965159677405	0.0	0	0
34.929736802511904	0.0	0	0
35.02982200824976	0.0	0	0
35.129907213987615	1.0	1	1
35.22999241972547	1.0	1	1
35.330077625463325	1.0	1	1
35.43016283120119	1.0	1	1
35.53024803693904	1.0	1	1
35.6303332426769	1.0	1	1
35.73041844841475	1.0	1	1
35.83050365415261	1.0	1	1
35.93058885989047	1.0	1	1
36.030674065628325	1.0	1	1
36.13075927136618	1.0	1	1
36.230844477104036	1.0	1	1
36.33092968284189	1.0	1	1
36.431014888579746	1.0	1	1
36.53110009431761	1.0	1	1
36.63118530005546	1.0	1	1
36.73127050579332	1.0	1	1
36.831355711531174	1.0	1	1
36.93144091726903	1.0	1	1
37.031526123006884	1.0	1	1
37.13161132874475	1.0	1	1
37.2316965344826	1.0	1	1
37.33178174022046	1.0	1	1
37.43186694595831	1.0	1	1
37.53195215169617	1.0	1	1
37.63203735743403	1.0	1	1
37.732122563171885	1.0	1	1
37.83220776890974	1.0	1	1
37.932292974647595	1.0	1	1
38.03237818038545	1.0	1	1
38.132463386123305	2.0	2	2
38.23254859186117	2.0	2	2
38.33263379759902	2.0	2	2
38.43271900333688	2.0	2	2
38.53280420907473	3.0	3	3
38.63288941481259	3.0	3	3
38.73297462055045	3.0	3	3
38.833059826288306	4.0	4	4
38.93314503202616	5.0	5	5
39.033230237764016	5.0	5	5
39.13331544350187	5.0	5	5
39.23340064923973	6.0	6	6
39.33348585497759	7.0	7	7
39.433571060715444	9.0	9	9
39.5336562664533	9.0	9	9
39.633741472191154	9.0	9	9
39.73382667792901	9.0	9	9
39.83391188366687	10.0	10	10
39.93399708940473	10.0	10	10
40.03408229514258	11.0	11	11
40.13416750088044	11.0	11	11
40.23425270661829	11.0	11	11
40.33433791235615	11.0	11	11
40.43442311809401	10.0	10	10
40.534508323831865	10.0	10	10
40.63459352956972	11.0	11	11
40.734678735307575	11.0	11	11
40.83476394104543	11.0	11	11
40.934849146783286	11.0	11	11
41.03493435252115	11.0	11	11
41.135019558259	11.0	11	11
41.23510476399686	11.0	11	11
41.335189969734714	11.0	11	11
41.43527517547257	11.0	11	11
41.53536038121043	11.0	11	11
41.635445586948286	11.0	11	11
41.73553079268614	11.0	11	11
41.835615998424	11.0	11	11
41.93570120416185	11.0	11	11
42.03578640989971	11.0	11	11
42.13587161563757	11.0	11	11
42.235956821375424	11.0	11	11
42.33604202711328	11.0	11	11
42.436127232851135	11.0	11	11
42.53621243858899	11.0	11	11
42.63629764432685	11.0	11	11
42.73638285006471	11.0	11	11
42.83646805580256	11.0	11	11
42.93655326154042	11.0	11	11
43.03663846727827	11.0	11	11
43.13672367301613	11.0	11	11
43.23680887875399	11.0	11	11
43.336894084491846	11.0	11	11
43.4369792902297	11.0	11	11
43.537064495967556	11.0	11	11
43.63714970170541	11.0	11	11
43.73723490744327	11.0	11	11
43.83732011318113	12.0	12	12
43.937405318918984	12.0	12	12
44.03749052465684	12.0	12	12
44.137575730394694	12.0	12	12
44.23766093613255	12.0	12	12
44.33774614187041	12.0	12	12
44.43783134760827	12.0	12	12
44.53791655334612	12.0	12	12
44.63800175908398	12.0	12	12
44.73808696482183	12.0	12	12
44.83817217055969	12.0	12	12
44.93825737629755	12.0	12	12
45.038342582035405	12.0	12	12
45.13842778777326	12.0	12	12
45.238512993511115	11.0	11	11
45.33859819924897	11.0	11	11
45.43868340498683	11.0	11	11
45.53876861072469	11.0	11	11
45.63885381646254	11.0	11	11
45.7389390222004	10.0	10	10
45.83902422793825	10.0	10	10
45.93910943367611	10.0	10	10
46.03919463941397	10.0	10	10
46.139279845151826	10.0	10	10
46.23936505088968	10.0	10	10
46.339450256627536	10.0	10	10
46.43953546236539	10.0	10	10
46.539620668103254	11.0	11	11
46.63970587384111	11.0	11	11
46.739791079578964	11.0	11	11
46.83987628531682	12.0	12	12
46.939961491054675	12.0	12	12
47.04004669679253	12.0	12	12
47.14013190253039	12.0	12	12
47.24021710826825	11.0	11	11
47.3403023140061	11.0	11	11
47.44038751974396	11.0	11	11
47.54047272548181	12.0	12	12
47.640557931219675	12.0	12	12
47.74064313695753	12.0	12	12
47.840728342695385	12.0	12	12
47.94081354843324	12.0	12	12
48.040898754171096	12.0	12	12
48.14098395990895	12.0	12	12
48.24106916564681	12.0	12	12
48.34115437138467	12.0	12	12
48.44123957712252	12.0	12	12
48.54132478286038	12.0	12	12
48.641409988598234	12.0	12	12
48.741495194336096	11.0	11	11
48.84158040007395	11.0	11	11
48.94166560581181	11.0	11	11
49.04175081154966	11.0	11	11
49.14183601728752	11.0	11	11
49.24192122302537	11.0	11	11
49.342006428763234	11.0	11	11
49.44209163450109	11.0	11	11
49.542176840238945	11.0	11	11
49.6422620459768	11.0	11	11
49.742347251714655	12.0	12	12
49.84243245745251	12.0	12	12
49.94251766319037	13.0	13	13
50.04260286892823	13.0	13	13
50.14268807466608	13.0	13	13
50.24277328040394	13.0	13	13
50.34285848614179	13.0	13	13
50.442943691879655	13.0	13	13
50.54302889761751	13.0	13	13
50.643114103355366	13.0	13	13
50.74319930909322	13.0	13	13
50.843284514831076	13.0	13	13
50.94336972056893	13.0	13	13
51.043454926306794	13.0	13	13
51.14354013204465	13.0	13	13
51.243625337782504	13.0	13	13
51.34371054352036	13.0	13	13
51.443795749258214	13.0	13	13
51.54388095499608	13.0	13	13
51.64396616073393	13.0	13	13
51.74405136647179	13.0	13	13
51.84413657220964	13.0	13	13
51.9442217779475	13.0	13	13
52.04430698368535	13.0	13	13
52.144392189423215	13.0	13	13
52.24447739516107	13.0	13	13
52.344562600898925	14.0	14	14
52.44464780663678	14.0	14	14
52.544733012374635	14.0	14	14
52.6448182181125	15.0	15	15
52.74490342385035	15.0	15	15
52.84498862958821	14.0	14	14
52.94507383532606	14.0	14	14
53.04515904106392	14.0	14	14
53.145244246801774	13.0	13	13
53.245329452539636	12.0	12	12
53.34541465827749	12.0	12	12
53.445499864015346	12.0	12	12
53.5455850697532	12.0	12	12
53.64567027549106	11.0	11	11
53.74575548122891	11.0	11	11
53.845840686966774	10.0	10	10
53.94592589270463	10.0	10	10
54.046011098442484	9.0	9	9
54.14609630418034	9.0	9	9
54.246181509918195	9.0	9	9
54.34626671565606	9.0	9	9
54.44635192139391	9.0	9	9
54.54643712713177	8.0	8	8
54.64652233286962	8.0	8	8
54.74660753860748	9.0	9	9
54.84669274434533	9.0	9	9
54.946777950083195	9.0	9	9
55.04686315582105	8.0	8	8
55.146948361558906	7.0	7	7
55.24703356729676	8.0	8	8
55.347118773034616	8.0	8	8
55.44720397877248	7.0	7	7
55.54728918451033	7.0	7	7
55.64737439024819	7.0	7	7
55.747459595986044	7.0	7	7
55.8475448017239	7.0	7	7
55.947630007461754	7.0	7	7
56.047715213199616	7.0	7	7
56.14780041893747	9.0	9	9
56.24788562467533	8.0	8	8
56.34797083041318	8.0	8	8
56.44805603615104	8.0	8	8
56.5481412418889	8.0	8	8
56.648226447626755	8.0	8	8
56.74831165336461	6.0	6	6
56.848396859102465	6.0	6	6
56.94848206484032	6.0	6	6
57.048567270578175	7.0	7	7
57.14865247631604	7.0	7	7
57.24873768205389	7.0	7	7
57.34882288779175	6.0	6	6
57.4489080935296	6.0	6	6
57.54899329926746	7.0	7	7
57.64907850500532	7.0	7	7
57.749163710743176	7.0	7	7
57.84924891648103	7.0	7	7
57.949334122218886	7.0	7	7
58.04941932795674	6.0	6	6
58.149504533694596	6.0	6	6
58.24958973943246	6.0	6	6
58.349674945170314	6.0	6	6
58.44976015090817	5.0	5	5
58.549845356646024	6.0	6	6
58.64993056238388	7.0	7	7
58.750015768121735	8.0	8	8
58.8501009738596	8.0	8	8
58.95018617959745	8.0	8	8
59.05027138533531	8.0	8	8
59.15035659107316	8.0	8	8
59.25044179681102	8.0	8	8
59.35052700254888	8.0	8	8
59.450612208286735	7.0	7	7
59.55069741402459	6.0	6	6
59.650782619762445	5.0	5	5
59.7508678255003	4.0	4	4
59.850953031238156	4.0	4	4
59.95103823697602	4.0	4	4
60.05112344271387	4.0	4	4
60.15120864845173	4.0	4	4
60.25129385418958	4.0	4	4
60.35137905992744	4.0	4	4
60.4514642656653	4.0	4	4
60.551549471403156	4.0	4	4
60.65163467714101	4.0	4	4
60.75171988287887	4.0	4	4
60.85180508861672	4.0	4	4
60.95189029435458	4.0	4	4
61.05197550009244	5.0	5	5
61.152060705830294	7.0	7	7
61.25214591156815	8.0	8	8
61.352231117306005	8.0	8	8
61.45231632304386	8.0	8	8
61.55240152878172	8.0	8	8
61.65248673451958	9.0	9	9
61.75257194025743	10.0	10	10
61.85265714599529	10.0	10	10
61.95274235173314	10.0	10	10
62.052827557471	10.0	10	10
62.15291276320886	10.0	10	10
62.252997968946715	8.0	8	8
62.35308317468457	8.0	8	8
62.453168380422426	8.0	8	8
62.55325358616028	8.0	8	8
62.653338791898136	7.0	7	7
62.753423997636	7.0	7	7
62.853509203373854	7.0	7	7
62.95359440911171	7.0	7	7
63.053679614849564	7.0	7	7
63.15376482058742	7.0	7	7
63.25385002632528	7.0	7	7
63.35393523206314	7.0	7	7
63.45402043780099	7.0	7	7
63.55410564353885	7.0	7	7
63.6541908492767	7.0	7	7
63.75427605501456	7.0	7	7
63.85436126075242	6.0	6	6
63.954446466490275	6.0	6	6
64.05453167222814	6.0	6	6
64.15461687796599	6.0	6	6
64.25470208370385	6.0	6	6
64.3547872894417	6.0	6	6
64.45487249517956	6.0	6	6
64.55495770091741	6.0	6	6
64.65504290665527	6.0	6	6
64.75512811239312	6.0	6	6
64.85521331813098	6.0	6	6
64.95529852386883	6.0	6	6
65.05538372960669	6.0	6	6
65.15546893534454	5.0	5	5
65.25555414108241	6.0	6	6
65.35563934682027	6.0	6	6
65.45572455255812	7.0	7	7
65.55580975829598	8.0	8	8
65.65589496403383	9.0	9	9
65.75598016977169	12.0	12	12
65.85606537550954	13.0	13	13
65.9561505812474	15.0	15	15
66.05623578698525	15.0	15	15
66.15632099272311	15.0	15	15
66.25640619846097	16.0	16	16
66.35649140419883	17.0	17	17
66.45657660993669	17.0	17	17
66.55666181567454	17.0	17	17
66.6567470214124	18.0	18	18
66.75683222715026	19.0	19	19
66.85691743288811	19.0	19	19
66.95700263862597	18.0	18	18
67.05708784436382	18.0	18	18
67.15717305010168	19.0	19	19
67.25725825583953	19.0	19	19
67.35734346157739	19.0	19	19
67.45742866731526	17.0	17	17
67.55751387305311	17.0	17	17
67.65759907879097	17.0	17	17
67.75768428452882	17.0	17	17
67.85776949026668	17.0	17	17
67.95785469600453	17.0	17	17
68.05793990174239	17.0	17	17
68.15802510748024	17.0	17	17
68.2581103132181	17.0	17	17
68.35819551895595	17.0	17	17
68.45828072469381	17.0	17	17
68.55836593043168	16.0	16	16
68.65845113616953	16.0	16	16
68.75853634190739	16.0	16	16
68.85862154764524	16.0	16	16
68.9587067533831	18.0	18	18
69.05879195912095	18.0	18	18
69.15887716485881	18.0	18	18
69.25896237059666	18.0	18	18
69.35904757633452	18.0	18	18
69.45913278207237	18.0	18	18
69.55921798781023	18.0	18	18
69.6593031935481	18.0	18	18
69.75938839928595	18.0	18	18
69.85947360502381	18.0	18	18
69.95955881076166	18.0	18	18
70.05964401649952	18.0	18	18
70.15972922223737	18.0	18	18
70.25981442797523	18.0	18	18
70.35989963371308	18.0	18	18
70.45998483945094	18.0	18	18
70.5600700451888	19.0	19	19
70.66015525092665	19.0	19	19
70.76024045666452	18.0	18	18
70.86032566240237	18.0	18	18
70.96041086814023	17.0	17	17
71.06049607387808	18.0	18	18
71.16058127961594	16.0	16	16
71.2606664853538	16.0	16	16
71.36075169109165	16.0	16	16
71.4608368968295	14.0	14	14
71.56092210256736	14.0	14	14
71.66100730830522	13.0	13	13
71.76109251404307	14.0	14	14
71.86117771978094	14.0	14	14
71.9612629255188	14.0	14	14
72.06134813125665	13.0	13	13
72.1614333369945	13.0	13	13
72.26151854273236	13.0	13	13
72.36160374847022	13.0	13	13
72.46168895420807	13.0	13	13
72.56177415994593	13.0	13	13
72.66185936568378	12.0	12	12
72.76194457142164	13.0	13	13
72.86202977715949	13.0	13	13
72.96211498289735	13.0	13	13
73.06220018863522	12.0	12	12
73.16228539437307	11.0	11	11
73.26237060011093	11.0	11	11
73.36245580584878	12.0	12	12
73.46254101158664	12.0	12	12
73.56262621732449	12.0	12	12
73.66271142306235	12.0	12	12
73.7627966288002	12.0	12	12
73.86288183453806	13.0	13	13
73.96296704027591	15.0	15	15
74.06305224601377	15.0	15	15
74.16313745175164	15.0	15	15
74.2632226574895	15.0	15	15
74.36330786322735	15.0	15	15
74.4633930689652	14.0	14	14
74.56347827470306	14.0	14	14
74.66356348044091	14.0	14	14
74.76364868617877	15.0	15	15
74.86373389191662	15.0	15	15
74.96381909765448	16.0	16	16
75.06390430339233	16.0	16	16
75.16398950913019	16.0	16	16
75.26407471486806	16.0	16	16
75.36415992060591	16.0	16	16
75.46424512634377	16.0	16	16
75.56433033208162	16.0	16	16
75.66441553781948	16.0	16	16
75.76450074355733	15.0	15	15
75.86458594929519	15.0	15	15
75.96467115503305	15.0	15	15
76.0647563607709	15.0	15	15
76.16484156650876	15.0	15	15
76.26492677224661	15.0	15	15
76.36501197798448	15.0	15	15
76.46509718372234	15.0	15	15
76.56518238946019	14.0	14	14
76.66526759519805	14.0	14	14
76.7653528009359	14.0	14	14
76.86543800667376	14.0	14	14
76.96552321241161	14.0	14	14
77.06560841814947	14.0	14	14
77.16569362388732	14.0	14	14
77.26577882962518	14.0	14	14
77.36586403536303	14.0	14	14
77.4659492411009	14.0	14	14
77.56603444683876	13.0	13	13
77.66611965257661	13.0	13	13
77.76620485831447	13.0	13	13
77.86629006405232	13.0	13	13
77.96637526979018	13.0	13	13
78.06646047552803	13.0	13	13
78.16654568126589	13.0	13	13
78.26663088700374	13.0	13	13
78.3667160927416	13.0	13	13
78.46680129847945	13.0	13	13
78.56688650421732	13.0	13	13
78.66697170995518	13.0	13	13
78.76705691569303	13.0	13	13
78.86714212143089	13.0	13	13
78.96722732716874	13.0	13	13
79.0673125329066	13.0	13	13
79.16739773864445	13.0	13	13
79.26748294438231	13.0	13	13
79.36756815012016	13.0	13	13
79.46765335585802	13.0	13	13
79.56773856159587	12.0	12	12
79.66782376733374	11.0	11	11
79.7679089730716	11.0	11	11
79.86799417880945	11.0	11	11
79.96807938454731	11.0	11	11
80.06816459028516	11.0	11	11
80.16824979602302	12.0	12	12
80.26833500176087	12.0	12	12
80.36842020749873	11.0	11	11
80.46850541323658	11.0	11	11
80.56859061897444	11.0	11	11
80.6686758247123	11.0	11	11
80.76876103045016	11.0	11	11
80.86884623618802	11.0	11	11
80.96893144192587	11.0	11	11
81.06901664766373	11.0	11	11
81.16910185340159	11.0	11	11
81.26918705913944	11.0	11	11
81.3692722648773	11.0	11	11
81.46935747061515	11.0	11	11
81.569442676353	11.0	11	11
81.66952788209086	11.0	11	11
81.76961308782872	11.0	11	11
81.86969829356657	11.0	11	11
81.96978349930444	11.0	11	11
82.0698687050423	11.0	11	11
82.16995391078015	11.0	11	11
82.270039116518	11.0	11	11
82.37012432225586	11.0	11	11
82.47020952799372	11.0	11	11
82.57029473373157	12.0	12	12
82.67037993946943	12.0	12	12
82.77046514520728	12.0	12	12
82.87055035094514	12.0	12	12
82.97063555668299	11.0	11	11
83.07072076242086	11.0	11	11
83.17080596815872	11.0	11	11
83.27089117389657	11.0	11	11
83.37097637963443	11.0	11	11
83.47106158537228	11.0	11	11
83.57114679111014	11.0	11	11
83.671231996848	11.0	11	11
83.77131720258585	12.0	12	12
83.8714024083237	12.0	12	12
83.97148761406156	10.0	10	10
84.07157281979941	10.0	10	10
84.17165802553728	10.0	10	10
84.27174323127514	11.0	11	11
84.371828437013	11.0	11	11
84.47191364275085	11.0	11	11
84.5719988484887	10.0	10	10
84.67208405422656	10.0	10	10
84.77216925996441	10.0	10	10
84.87225446570227	10.0	10	10
84.97233967144012	10.0	10	10
85.07242487717798	12.0	12	12
85.17251008291584	12.0	12	12
85.2725952886537	11.0	11	11
85.37268049439156	11.0	11	11
85.47276570012941	11.0	11	11
85.57285090586727	11.0	11	11
85.67293611160513	10.0	10	10
85.77302131734298	8.0	8	8
85.87310652308084	8.0	8	8
85.97319172881869	8.0	8	8
86.07327693455655	9.0	9	9
86.1733621402944	9.0	9	9
86.27344734603226	9.0	9	9
86.37353255177013	9.0	9	9
86.47361775750798	8.0	8	8
86.57370296324584	9.0	9	9
86.67378816898369	8.0	8	8
86.77387337472155	6.0	6	6
86.8739585804594	6.0	6	6
86.97404378619726	6.0	6	6
87.07412899193511	6.0	6	6
87.17421419767297	6.0	6	6
87.27429940341082	6.0	6	6
87.37438460914868	6.0	6	6
87.47446981488655	6.0	6	6
87.5745550206244	6.0	6	6
87.67464022636226	6.0	6	6
87.77472543210011	6.0	6	6
87.87481063783797	6.0	6	6
87.97489584357582	6.0	6	6
88.07498104931368	6.0	6	6
88.17506625505153	5.0	5	5
88.27515146078939	5.0	5	5
88.37523666652724	4.0	4	4
88.4753218722651	4.0	4	4
88.57540707800297	4.0	4	4
88.67549228374082	4.0	4	4
88.77557748947868	4.0	4	4
88.87566269521653	4.0	4	4
88.97574790095439	4.0	4	4
89.07583310669224	4.0	4	4
89.1759183124301	4.0	4	4
89.27600351816795	4.0	4	4
89.37608872390581	4.0	4	4
89.47617392964366	4.0	4	4
89.57625913538152	5.0	5	5
89.67634434111937	5.0	5	5
89.77642954685724	5.0	5	5
89.8765147525951	5.0	5	5
89.97659995833295	5.0	5	5
90.07668516407081	5.0	5	5
90.17677036980866	6.0	6	6
90.27685557554652	6.0	6	6
90.37694078128438	6.0	6	6
90.47702598702223	6.0	6	6
90.57711119276009	6.0	6	6
90.67719639849794	6.0	6	6
90.7772816042358	6.0	6	6
90.87736680997367	7.0	7	7
90.97745201571152	7.0	7	7
91.07753722144938	7.0	7	7
91.17762242718723	6.0	6	6
91.27770763292509	6.0	6	6
91.37779283866294	6.0	6	6
91.4778780444008	6.0	6	6
91.57796325013865	6.0	6	6
91.6780484558765	6.0	6	6
91.77813366161436	6.0	6	6
91.87821886735222	6.0	6	6
91.97830407309009	6.0	6	6
92.07838927882794	6.0	6	6
92.1784744845658	6.0	6	6
92.27855969030365	7.0	7	7
92.37864489604151	7.0	7	7
92.47873010177936	7.0	7	7
92.57881530751722	6.0	6	6
92.67890051325507	7.0	7	7
92.77898571899293	7.0	7	7
92.87907092473078	6.0	6	6
92.97915613046864	6.0	6	6
93.07924133620651	6.0	6	6
93.17932654194436	6.0	6	6
93.27941174768222	6.0	6	6
93.37949695342007	5.0	5	5
93.47958215915793	5.0	5	5
93.57966736489578	6.0	6	6
93.67975257063364	6.0	6	6
93.7798377763715	5.0	5	5
93.87992298210935	4.0	4	4
93.9800081878472	5.0	5	5
94.08009339358506	5.0	5	5
94.18017859932293	6.0	6	6
94.28026380506078	6.0	6	6
94.38034901079864	7.0	7	7
94.4804342165365	7.0	7	7
94.58051942227435	8.0	8	8
94.6806046280122	7.0	7	7
94.78068983375006	7.0	7	7
94.88077503948792	7.0	7	7
94.98086024522577	7.0	7	7
95.08094545096363	6.0	6	6
95.18103065670148	6.0	6	6
95.28111586243935	6.0	6	6
95.3812010681772	6.0	6	6
95.48128627391506	6.0	6	6
95.58137147965292	6.0	6	6
95.68145668539077	5.0	5	5
95.78154189112863	5.0	5	5
95.88162709686648	5.0	5	5
95.98171230260434	5.0	5	5
96.08179750834219	4.0	4	4
96.18188271408005	4.0	4	4
96.2819679198179	4.0	4	4
96.38205312555577	4.0	4	4
96.48213833129363	4.0	4	4
96.58222353703148	4.0	4	4
96.68230874276934	4.0	4	4
96.78239394850719	4.0	4	4
96.88247915424505	4.0	4	4
96.9825643599829	4.0	4	4
97.08264956572076	4.0	4	4
97.18273477145861	3.0	3	3
97.28281997719647	3.0	3	3
97.38290518293432	3.0	3	3
97.48299038867219	3.0	3	3
97.58307559441005	3.0	3	3
97.6831608001479	3.0	3	3
97.78324600588576	4.0	4	4
97.88333121162361	4.0	4	4
97.98341641736147	4.0	4	4
98.08350162309932	4.0	4	4
98.18358682883718	4.0	4	4
98.28367203457503	4.0	4	4
98.38375724031289	4.0	4	4
98.48384244605074	4.0	4	4
98.5839276517886	4.0	4	4
98.68401285752647	4.0	4	4
98.78409806326432	5.0	5	5
98.88418326900218	5.0	5	5
98.98426847474003	4.0	4	4
99.08435368047789	4.0	4	4
99.18443888621574	4.0	4	4
99.2845240919536	4.0	4	4
99.38460929769145	4.0	4	4
99.48469450342931	5.0	5	5
99.58477970916717	5.0	5	5
99.68486491490502	5.0	5	5
99.78495012064289	5.0	5	5
99.88503532638074	5.0	5	5
99.9851205321186	5.0	5	5
100.08520573785646	6.0	6	6
100.18529094359431	6.0	6	6
100.28537614933217	6.0	6	6
100.38546135507002	6.0	6	6
100.48554656080788	6.0	6	6
100.58563176654573	6.0	6	6
100.68571697228359	6.0	6	6
100.78580217802144	6.0	6	6
100.88588738375931	6.0	6	6
100.98597258949717	6.0	6	6
101.08605779523502	5.0	5	5
101.18614300097288	5.0	5	5
101.28622820671073	5.0	5	5
101.38631341244859	5.0	5	5
101.48639861818644	5.0	5	5
101.5864838239243	5.0	5	5
101.68656902966215	5.0	5	5
101.78665423540001	4.0	4	4
101.88673944113786	4.0	4	4
101.98682464687573	4.0	4	4
102.08690985261359	4.0	4	4
102.18699505835144	4.0	4	4
102.2870802640893	4.0	4	4
102.38716546982715	4.0	4	4
102.48725067556501	4.0	4	4
102.58733588130286	4.0	4	4
102.68742108704072	4.0	4	4
102.78750629277857	4.0	4	4
102.88759149851643	4.0	4	4
102.98767670425428	4.0	4	4
103.08776190999215	4.0	4	4
103.18784711573001	4.0	4	4
103.28793232146786	5.0	5	5
103.38801752720572	5.0	5	5
103.48810273294357	5.0	5	5
103.58818793868143	5.0	5	5
103.68827314441928	5.0	5	5
103.78835835015714	5.0	5	5
103.888443555895	5.0	5	5
103.98852876163285	5.0	5	5
104.0886139673707	5.0	5	5
104.18869917310857	5.0	5	5
104.28878437884643	5.0	5	5
104.38886958458428	5.0	5	5
104.48895479032214	5.0	5	5
104.58903999606	5.0	5	5
104.68912520179785	5.0	5	5
104.7892104075357	5.0	5	5
104.88929561327356	5.0	5	5
104.98938081901142	5.0	5	5
105.08946602474927	5.0	5	5
105.18955123048713	5.0	5	5
105.289636436225	5.0	5	5
105.38972164196285	5.0	5	5
105.4898068477007	5.0	5	5
105.58989205343856	5.0	5	5
105.68997725917642	5.0	5	5
105.79006246491427	5.0	5	5
105.89014767065213	5.0	5	5
105.99023287638998	5.0	5	5
106.09031808212784	5.0	5	5
106.19040328786569	5.0	5	5
106.29048849360355	4.0	4	4
106.39057369934142	4.0	4	4
106.49065890507927	4.0	4	4
106.59074411081713	4.0	4	4
106.69082931655498	4.0	4	4
106.79091452229284	4.0	4	4
106.89099972803069	4.0	4	4
106.99108493376855	4.0	4	4
107.0911701395064	4.0	4	4
107.19125534524426	4.0	4	4
107.29134055098211	4.0	4	4
107.39142575671997	4.0	4	4
107.49151096245782	4.0	4	4
107.5915961681957	4.0	4	4
107.69168137393355	4.0	4	4
107.7917665796714	4.0	4	4
107.89185178540926	4.0	4	4
107.99193699114711	4.0	4	4
108.09202219688497	4.0	4	4
108.19210740262282	4.0	4	4
108.29219260836068	4.0	4	4
108.39227781409853	4.0	4	4
108.49236301983639	4.0	4	4
108.59244822557424	4.0	4	4
108.69253343131211	4.0	4	4
108.79261863704997	4.0	4	4
108.89270384278782	4.0	4	4
108.99278904852568	4.0	4	4
109.09287425426353	4.0	4	4
109.19295946000139	4.0	4	4
109.29304466573925	4.0	4	4
109.3931298714771	4.0	4	4
109.49321507721496	4.0	4	4
109.59330028295281	4.0	4	4
109.69338548869067	4.0	4	4
109.79347069442854	4.0	4	4
109.89355590016639	4.0	4	4
109.99364110590425	4.0	4	4
110.0937263116421	4.0	4	4
110.19381151737996	4.0	4	4
110.29389672311781	4.0	4	4
110.39398192885567	4.0	4	4
110.49406713459352	4.0	4	4
110.59415234033138	4.0	4	4
110.69423754606923	3.0	3	3
110.79432275180709	3.0	3	3
110.89440795754496	3.0	3	3
110.99449316328281	3.0	3	3
111.09457836902067	3.0	3	3
111.19466357475852	3.0	3	3
111.29474878049638	3.0	3	3
111.39483398623423	3.0	3	3
111.49491919197209	3.0	3	3
111.59500439770994	3.0	3	3
111.6950896034478	3.0	3	3
111.79517480918565	3.0	3	3
111.89526001492351	3.0	3	3
111.99534522066138	2.0	2	2
112.09543042639923	2.0	2	2
112.19551563213709	2.0	2	2
112.29560083787494	2.0	2	2
112.3956860436128	2.0	2	2
112.49577124935065	2.0	2	2
112.59585645508851	2.0	2	2
112.69594166082636	2.0	2	2
112.79602686656422	2.0	2	2
112.89611207230207	2.0	2	2
112.99619727803993	2.0	2	2
113.0962824837778	1.0	1	1
113.19636768951565	0.0	0	0
113.29645289525351	0.0	0	0
113.39653810099136	0.0	0	0
113.49662330672922	0.0	0	0
113.59670851246707	0.0	0	0
113.69679371820493	0.0	0	0
113.79687892394278	0.0	0	0
113.89696412968064	0.0	0	0
113.9970493354185	1.0	1	1
114.09713454115635	1.0	1	1
114.19721974689422	1.0	1	1
114.29730495263208	1.0	1	1
114.39739015836993	1.0	1	1
114.49747536410779	1.0	1	1
114.59756056984564	1.0	1	1
114.6976457755835	1.0	1	1
114.79773098132135	1.0	1	1
114.8978161870592	1.0	1	1
114.99790139279706	1.0	1	1
115.09798659853492	1.0	1	1
115.19807180427277	1.0	1	1
115.29815701001064	1.0	1	1
115.3982422157485	1.0	1	1
115.49832742148635	1.0	1	1
115.5984126272242	1.0	1	1
115.69849783296206	1.0	1	1
115.79858303869992	1.0	1	1
115.89866824443777	1.0	1	1
115.99875345017563	0.0	0	0
116.09883865591348	0.0	0	0
116.19892386165134	0.0	0	0
116.29900906738919	0.0	0	0
116.39909427312705	0.0	0	0
116.49917947886492	0.0	0	0
116.59926468460277	0.0	0	0
116.69934989034063	0.0	0	0
116.79943509607848	0.0	0	0
116.89952030181634	0.0	0	0
116.9996055075542	0.0	0	0
117.09969071329205	0.0	0	0
117.1997759190299	0.0	0	0
117.29986112476776	0.0	0	0
117.39994633050561	0.0	0	0
117.50003153624347	0.0	0	0
117.60011674198134	0.0	0	0
117.7002019477192	0.0	0	0
117.80028715345705	0.0	0	0
117.9003723591949	0.0	0	0
118.00045756493276	0.0	0	0
118.10054277067061	0.0	0	0
118.20062797640847	0.0	0	0
118.30071318214632	0.0	0	0
118.40079838788418	0.0	0	0
118.50088359362204	0.0	0	0
118.60096879935989	0.0	0	0
118.70105400509776	0.0	0	0
118.80113921083561	0.0	0	0
118.90122441657347	0.0	0	0
119.00130962231133	0.0	0	0
119.10139482804918	0.0	0	0
119.20148003378704	0.0	0	0
119.30156523952489	0.0	0	0
119.40165044526275	0.0	0	0
119.5017356510006	0.0	0	0
119.60182085673846	0.0	0	0
119.70190606247631	0.0	0	0
119.80199126821418	0.0	0	0
119.90207647395204	0.0	0	0
120.00216167968989	0.0	0	0
120.10224688542775	0.0	0	0
120.2023320911656	0.0	0	0
120.30241729690346	0.0	0	0
120.40250250264131	0.0	0	0
120.50258770837917	0.0	0	0
120.60267291411702	0.0	0	0
120.70275811985488	0.0	0	0
120.80284332559273	0.0	0	0
120.9029285313306	0.0	0	0
121.00301373706846	0.0	0	0
121.10309894280631	0.0	0	0
121.20318414854417	0.0	0	0
121.30326935428202	0.0	0	0
121.40335456001988	0.0	0	0
121.50343976575773	0.0	0	0
121.60352497149559	0.0	0	0
121.70361017723344	0.0	0	0
121.8036953829713	0.0	0	0
121.90378058870915	0.0	0	0
122.00386579444702	0.0	0	0
122.10395100018488	0.0	0	0
122.20403620592273	0.0	0	0
122.30412141166059	0.0	0	0
122.40420661739844	0.0	0	0
122.5042918231363	0.0	0	0
122.60437702887415	0.0	0	0
122.70446223461201	0.0	0	0
122.80454744034986	0.0	0	0
122.90463264608772	0.0	0	0
123.00471785182557	0.0	0	0
123.10480305756344	0.0	0	0
123.2048882633013	0.0	0	0
123.30497346903915	0.0	0	0
123.40505867477701	0.0	0	0
123.50514388051486	0.0	0	0
123.60522908625272	0.0	0	0
123.70531429199058	0.0	0	0
123.80539949772843	0.0	0	0
123.90548470346629	0.0	0	0
124.00556990920414	0.0	0	0
124.105655114942	0.0	0	0
124.20574032067985	0.0	0	0
124.30582552641772	0.0	0	0
124.40591073215558	0.0	0	0
124.50599593789343	0.0	0	0
124.60608114363129	0.0	0	0
124.70616634936914	0.0	0	0
124.806251555107	0.0	0	0
124.90633676084485	0.0	0	0
125.0064219665827	0.0	0	0
125.10650717232056	0.0	0	0
125.20659237805842	0.0	0	0
125.30667758379627	0.0	0	0
125.40676278953414	0.0	0	0
125.506847995272	0.0	0	0
125.60693320100985	0.0	0	0
125.70701840674771	0.0	0	0
125.80710361248556	0.0	0	0
125.90718881822342	0.0	0	0
126.00727402396127	0.0	0	0
126.10735922969913	0.0	0	0
126.20744443543698	0.0	0	0
126.30752964117484	0.0	0	0
126.4076148469127	0.0	0	0
126.50770005265056	0.0	0	0
126.60778525838842	1.0	1	1
126.70787046412627	1.0	1	1
126.80795566986413	1.0	1	1
126.90804087560198	1.0	1	1
127.00812608133984	1.0	1	1
127.1082112870777	1.0	1	1
127.20829649281555	1.0	1	1
127.3083816985534	1.0	1	1
127.40846690429126	1.0	1	1
127.50855211002911	1.0	1	1
127.60863731576698	1.0	1	1
127.70872252150484	1.0	1	1
127.8088077272427	1.0	1	1
127.90889293298055	2.0	2	2
128.0089781387184	2.0	2	2
128.10906334445627	3.0	3	3
128.20914855019413	3.0	3	3
128.30923375593198	3.0	3	3
128.40931896166984	3.0	3	3
128.5094041674077	3.0	3	3
128.60948937314555	3.0	3	3
128.7095745788834	3.0	3	3
128.80965978462126	3.0	3	3
128.90974499035912	3.0	3	3
129.00983019609697	3.0	3	3
129.10991540183483	3.0	3	3
129.21000060757268	3.0	3	3
129.31008581331054	3.0	3	3
129.4101710190484	3.0	3	3
129.51025622478625	3.0	3	3
129.6103414305241	3.0	3	3
129.71042663626196	3.0	3	3
129.8105118419998	4.0	4	4
129.91059704773767	4.0	4	4
130.01068225347552	4.0	4	4
130.11076745921338	3.0	3	3
130.21085266495123	3.0	3	3
130.3109378706891	2.0	2	2
130.41102307642697	2.0	2	2
130.51110828216483	2.0	2	2
130.61119348790268	2.0	2	2
130.71127869364054	2.0	2	2
130.8113638993784	2.0	2	2
130.91144910511625	2.0	2	2
131.0115343108541	2.0	2	2
131.11161951659196	2.0	2	2
131.2117047223298	2.0	2	2
131.31178992806767	2.0	2	2
131.41187513380552	2.0	2	2
131.51196033954338	2.0	2	2
131.61204554528123	2.0	2	2
131.7121307510191	2.0	2	2
131.81221595675694	2.0	2	2
131.9123011624948	2.0	2	2
132.01238636823265	1.0	1	1
132.1124715739705	1.0	1	1
132.21255677970836	1.0	1	1
132.31264198544622	1.0	1	1
132.41272719118408	1.0	1	1
132.51281239692193	1.0	1	1
132.6128976026598	1.0	1	1
132.71298280839767	1.0	1	1
132.81306801413552	1.0	1	1
132.91315321987338	1.0	1	1
133.01323842561123	1.0	1	1
133.1133236313491	1.0	1	1
133.21340883708694	0.0	0	0
133.3134940428248	0.0	0	0
133.41357924856266	0.0	0	0
133.5136644543005	0.0	0	0
133.61374966003837	0.0	0	0
133.71383486577622	1.0	1	1
133.81392007151408	1.0	1	1
133.91400527725193	1.0	1	1
134.0140904829898	1.0	1	1
134.11417568872764	1.0	1	1
134.2142608944655	1.0	1	1
134.31434610020335	1.0	1	1
134.4144313059412	1.0	1	1
134.51451651167906	1.0	1	1
134.61460171741692	1.0	1	1
134.71468692315477	1.0	1	1
134.81477212889266	1.0	1	1
134.9148573346305	2.0	2	2
135.01494254036837	2.0	2	2
135.11502774610622	2.0	2	2
135.21511295184408	2.0	2	2
135.31519815758193	2.0	2	2
135.4152833633198	2.0	2	2
135.51536856905764	2.0	2	2
135.6154537747955	2.0	2	2
135.71553898053335	2.0	2	2
135.8156241862712	2.0	2	2
135.91570939200906	2.0	2	2
136.01579459774692	2.0	2	2
136.11587980348477	2.0	2	2
136.21596500922263	2.0	2	2
136.31605021496048	2.0	2	2
136.41613542069834	2.0	2	2
136.5162206264362	2.0	2	2
136.61630583217405	2.0	2	2
136.7163910379119	2.0	2	2
136.81647624364976	2.0	2	2
136.91656144938761	2.0	2	2
137.01664665512547	2.0	2	2
137.11673186086335	1.0	1	1
137.2168170666012	1.0	1	1
137.31690227233906	2.0	2	2
137.41698747807692	2.0	2	2
137.51707268381477	3.0	3	3
137.61715788955263	3.0	3	3
137.71724309529048	3.0	3	3
137.81732830102834	3.0	3	3
137.9174135067662	3.0	3	3
138.01749871250405	3.0	3	3
138.1175839182419	3.0	3	3
138.21766912397976	3.0	3	3
138.31775432971762	3.0	3	3
138.41783953545547	3.0	3	3
138.51792474119333	3.0	3	3
138.61800994693118	3.0	3	3
138.71809515266904	3.0	3	3
138.8181803584069	3.0	3	3
138.91826556414475	3.0	3	3
139.0183507698826	3.0	3	3
139.11843597562046	3.0	3	3
139.2185211813583	3.0	3	3
139.3186063870962	3.0	3	3
139.41869159283405	2.0	2	2
139.5187767985719	2.0	2	2
139.61886200430976	2.0	2	2
139.71894721004762	2.0	2	2
139.81903241578547	1.0	1	1
139.91911762152333	1.0	1	1
140.01920282726118	1.0	1	1
140.11928803299904	1.0	1	1
140.2193732387369	1.0	1	1
140.31945844447475	1.0	1	1
140.4195436502126	1.0	1	1
140.51962885595046	1.0	1	1
140.6197140616883	1.0	1	1
140.71979926742617	1.0	1	1
140.81988447316402	1.0	1	1
140.91996967890188	1.0	1	1
141.02005488463973	1.0	1	1
141.1201400903776	1.0	1	1
141.22022529611544	0.0	0	0
141.3203105018533	0.0	0	0
141.42039570759115	0.0	0	0
141.52048091332904	0.0	0	0
141.6205661190669	0.0	0	0
141.72065132480475	0.0	0	0
141.8207365305426	0.0	0	0
141.92082173628046	0.0	0	0
142.0209069420183	0.0	0	0
142.12099214775617	0.0	0	0
142.22107735349402	0.0	0	0
142.32116255923188	0.0	0	0
142.42124776496973	0.0	0	0
142.5213329707076	0.0	0	0
142.62141817644545	0.0	0	0
142.7215033821833	0.0	0	0
142.82158858792116	0.0	0	0
142.921673793659	1.0	1	1
143.02175899939687	1.0	1	1
143.12184420513472	1.0	1	1
143.22192941087258	1.0	1	1
143.32201461661043	1.0	1	1
143.4220998223483	1.0	1	1
143.52218502808614	1.0	1	1
143.622270233824	1.0	1	1
143.72235543956188	1.0	1	1
143.82244064529974	2.0	2	2
143.9225258510376	2.0	2	2
144.02261105677545	2.0	2	2
144.1226962625133	2.0	2	2
144.22278146825116	2.0	2	2
144.322866673989	2.0	2	2
144.42295187972687	2.0	2	2
144.52303708546472	2.0	2	2
144.62312229120258	2.0	2	2
144.72320749694043	2.0	2	2
144.8232927026783	2.0	2	2
144.92337790841614	2.0	2	2
145.023463114154	2.0	2	2
145.12354831989185	2.0	2	2
145.2236335256297	2.0	2	2
145.32371873136756	2.0	2	2
145.42380393710542	2.0	2	2
145.52388914284327	2.0	2	2
145.62397434858113	2.0	2	2
145.72405955431898	2.0	2	2
145.82414476005684	2.0	2	2
145.9242299657947	2.0	2	2
146.02431517153258	2.0	2	2
146.12440037727043	2.0	2	2
146.2244855830083	2.0	2	2
146.32457078874614	2.0	2	2
146.424655994484	2.0	2	2
146.52474120022185	2.0	2	2
146.6248264059597	2.0	2	2
146.72491161169756	2.0	2	2
146.82499681743542	2.0	2	2
146.92508202317327	2.0	2	2
147.02516722891113	2.0	2	2
147.12525243464898	2.0	2	2
147.22533764038684	2.0	2	2
147.3254228461247	2.0	2	2
147.42550805186255	2.0	2	2
147.5255932576004	2.0	2	2
147.62567846333826	2.0	2	2
147.72576366907612	2.0	2	2
147.82584887481397	2.0	2	2
147.92593408055183	2.0	2	2
148.02601928628968	2.0	2	2
148.12610449202754	2.0	2	2
148.22618969776542	2.0	2	2
148.32627490350328	2.0	2	2
148.42636010924113	2.0	2	2
148.526445314979	2.0	2	2
148.62653052071684	2.0	2	2
148.7266157264547	2.0	2	2
148.82670093219255	2.0	2	2
148.9267861379304	2.0	2	2
149.02687134366826	2.0	2	2
149.12695654940612	2.0	2	2
149.22704175514397	2.0	2	2
149.32712696088183	2.0	2	2
149.42721216661968	2.0	2	2
149.52729737235754	2.0	2	2
149.6273825780954	2.0	2	2
149.72746778383325	2.0	2	2
149.8275529895711	2.0	2	2
149.92763819530896	3.0	3	3
150.0277234010468	3.0	3	3
150.12780860678467	3.0	3	3
150.22789381252252	3.0	3	3
150.32797901826038	3.0	3	3
150.42806422399826	3.0	3	3
150.52814942973612	3.0	3	3
150.62823463547397	3.0	3	3
150.72831984121183	3.0	3	3
150.82840504694968	3.0	3	3
150.92849025268754	3.0	3	3
151.0285754584254	3.0	3	3
151.12866066416325	3.0	3	3
151.2287458699011	3.0	3	3
151.32883107563896	3.0	3	3
151.42891628137681	3.0	3	3
151.52900148711467	3.0	3	3
151.62908669285252	3.0	3	3
151.72917189859038	3.0	3	3
151.82925710432824	3.0	3	3
151.9293423100661	3.0	3	3
152.02942751580395	3.0	3	3
152.1295127215418	3.0	3	3
152.22959792727966	3.0	3	3
152.3296831330175	2.0	2	2
152.42976833875537	2.0	2	2
152.52985354449322	2.0	2	2
152.6299387502311	2.0	2	2
152.73002395596896	2.0	2	2
152.83010916170682	2.0	2	2
152.93019436744467	2.0	2	2
153.03027957318253	2.0	2	2
153.13036477892038	2.0	2	2
153.23044998465824	2.0	2	2
153.3305351903961	2.0	2	2
153.43062039613395	2.0	2	2
153.5307056018718	2.0	2	2
153.63079080760966	2.0	2	2
153.7308760133475	2.0	2	2
153.83096121908537	2.0	2	2
153.93104642482322	2.0	2	2
154.03113163056108	2.0	2	2
154.13121683629893	2.0	2	2
154.2313020420368	2.0	2	2
154.33138724777464	2.0	2	2
154.4314724535125	2.0	2	2
154.53155765925035	2.0	2	2
154.6316428649882	2.0	2	2
154.73172807072606	2.0	2	2
154.83181327646392	2.0	2	2
154.9318984822018	2.0	2	2
155.03198368793966	2.0	2	2
155.1320688936775	2.0	2	2
155.23215409941537	2.0	2	2
155.33223930515322	2.0	2	2
155.43232451089108	2.0	2	2
155.53240971662893	2.0	2	2
155.6324949223668	2.0	2	2
155.73258012810464	2.0	2	2
155.8326653338425	2.0	2	2
155.93275053958035	2.0	2	2
156.0328357453182	2.0	2	2
156.13292095105606	2.0	2	2
156.23300615679392	2.0	2	2
156.33309136253177	2.0	2	2
156.43317656826963	2.0	2	2
156.53326177400749	2.0	2	2
156.63334697974534	2.0	2	2
156.7334321854832	2.0	2	2
156.83351739122105	2.0	2	2
156.9336025969589	2.0	2	2
157.03368780269676	2.0	2	2
157.13377300843464	2.0	2	2
157.2338582141725	2.0	2	2
157.33394341991036	2.0	2	2
157.4340286256482	1.0	1	1
157.53411383138607	1.0	1	1
157.63419903712392	1.0	1	1
157.73428424286178	1.0	1	1
157.83436944859963	1.0	1	1
157.9344546543375	1.0	1	1
158.03453986007534	1.0	1	1
158.1346250658132	1.0	1	1
158.23471027155105	1.0	1	1
158.3347954772889	1.0	1	1
158.43488068302676	1.0	1	1
158.53496588876462	1.0	1	1
158.63505109450247	1.0	1	1
158.73513630024033	1.0	1	1
158.83522150597818	1.0	1	1
158.93530671171604	0.0	0	0
159.0353919174539	0.0	0	0
159.13547712319175	0.0	0	0
159.2355623289296	0.0	0	0
159.3356475346675	0.0	0	0
159.43573274040534	0.0	0	0
159.5358179461432	0.0	0	0
159.63590315188105	0.0	0	0
159.7359883576189	0.0	0	0
159.83607356335676	0.0	0	0
159.93615876909462	0.0	0	0
160.03624397483247	0.0	0	0
160.13632918057033	0.0	0	0
160.23641438630818	0.0	0	0
160.33649959204604	0.0	0	0
160.4365847977839	0.0	0	0
160.53667000352175	0.0	0	0
160.6367552092596	0.0	0	0
160.73684041499746	0.0	0	0
160.83692562073531	0.0	0	0
160.93701082647317	0.0	0	0
161.03709603221102	0.0	0	0
161.13718123794888	1.0	1	1
161.23726644368674	1.0	1	1
161.3373516494246	1.0	1	1
161.43743685516245	1.0	1	1
161.53752206090033	1.0	1	1
161.63760726663818	2.0	2	2
161.73769247237604	2.0	2	2
161.8377776781139	2.0	2	2
161.93786288385175	2.0	2	2
162.0379480895896	2.0	2	2
162.13803329532746	2.0	2	2
162.23811850106532	2.0	2	2
162.33820370680317	2.0	2	2
162.43828891254103	2.0	2	2
162.53837411827888	2.0	2	2
162.63845932401674	2.0	2	2
162.7385445297546	2.0	2	2
162.83862973549245	2.0	2	2
162.9387149412303	3.0	3	3
163.03880014696816	3.0	3	3
163.138885352706	3.0	3	3
163.23897055844387	4.0	4	4
163.33905576418172	4.0	4	4
163.43914096991958	4.0	4	4
163.53922617565743	4.0	4	4
163.6393113813953	4.0	4	4
163.73939658713314	4.0	4	4
163.83948179287103	6.0	6	6
163.93956699860888	6.0	6	6
164.03965220434674	6.0	6	6
164.1397374100846	6.0	6	6
164.23982261582245	6.0	6	6
164.3399078215603	6.0	6	6
164.43999302729816	6.0	6	6
164.540078233036	6.0	6	6
164.64016343877387	6.0	6	6
164.74024864451172	6.0	6	6
164.84033385024958	6.0	6	6
164.94041905598743	6.0	6	6
165.0405042617253	7.0	7	7
165.14058946746314	7.0	7	7
165.240674673201	7.0	7	7
165.34075987893885	6.0	6	6
165.4408450846767	6.0	6	6
165.54093029041456	6.0	6	6
165.64101549615242	6.0	6	6
165.74110070189028	5.0	5	5
165.84118590762813	5.0	5	5
165.94127111336599	6.0	6	6
166.04135631910387	6.0	6	6
166.14144152484172	7.0	7	7
166.24152673057958	6.0	6	6
166.34161193631743	4.0	4	4
166.4416971420553	5.0	5	5
166.54178234779314	5.0	5	5
166.641867553531	5.0	5	5
166.74195275926886	5.0	5	5
166.8420379650067	5.0	5	5
166.94212317074457	5.0	5	5
167.04220837648242	5.0	5	5
167.14229358222028	5.0	5	5
167.24237878795813	5.0	5	5
167.342463993696	5.0	5	5
167.44254919943384	4.0	4	4
167.5426344051717	4.0	4	4
167.64271961090955	4.0	4	4
167.7428048166474	4.0	4	4
167.84289002238526	4.0	4	4
167.94297522812312	4.0	4	4
168.04306043386097	5.0	5	5
168.14314563959883	5.0	5	5
168.2432308453367	5.0	5	5
168.34331605107457	4.0	4	4
168.44340125681242	4.0	4	4
168.54348646255028	3.0	3	3
168.64357166828813	3.0	3	3
168.743656874026	2.0	2	2
168.84374207976384	2.0	2	2
168.9438272855017	3.0	3	3
169.04391249123955	3.0	3	3
169.1439976969774	3.0	3	3
169.24408290271526	3.0	3	3
169.34416810845312	3.0	3	3
169.44425331419097	3.0	3	3
169.54433851992883	3.0	3	3
169.64442372566668	3.0	3	3
169.74450893140454	3.0	3	3
169.8445941371424	3.0	3	3
169.94467934288025	3.0	3	3
170.0447645486181	3.0	3	3
170.14484975435596	3.0	3	3
170.24493496009381	4.0	4	4
170.34502016583167	4.0	4	4
170.44510537156955	4.0	4	4
170.5451905773074	4.0	4	4
170.64527578304526	4.0	4	4
170.74536098878312	4.0	4	4
170.84544619452097	4.0	4	4
170.94553140025883	4.0	4	4
171.04561660599668	4.0	4	4
171.14570181173454	4.0	4	4
171.2457870174724	4.0	4	4
171.34587222321025	4.0	4	4
171.4459574289481	4.0	4	4
171.54604263468596	4.0	4	4
171.64612784042382	4.0	4	4
171.74621304616167	4.0	4	4
171.84629825189953	4.0	4	4
171.94638345763738	4.0	4	4
172.04646866337524	4.0	4	4
172.1465538691131	4.0	4	4
172.24663907485095	4.0	4	4
172.3467242805888	4.0	4	4
172.44680948632666	4.0	4	4
172.5468946920645	4.0	4	4
172.64697989780237	4.0	4	4
172.74706510354025	4.0	4	4
172.8471503092781	4.0	4	4
172.94723551501596	4.0	4	4
173.04732072075382	4.0	4	4
173.14740592649167	4.0	4	4
173.24749113222953	4.0	4	4
173.34757633796738	4.0	4	4
173.44766154370524	4.0	4	4
173.5477467494431	4.0	4	4
173.64783195518095	4.0	4	4
173.7479171609188	4.0	4	4
173.84800236665666	4.0	4	4
173.9480875723945	4.0	4	4
174.04817277813237	4.0	4	4
174.14825798387022	4.0	4	4
174.24834318960808	4.0	4	4
174.34842839534593	4.0	4	4
174.4485136010838	4.0	4	4
174.54859880682164	4.0	4	4
174.6486840125595	5.0	5	5
174.74876921829735	5.0	5	5
174.8488544240352	5.0	5	5
174.9489396297731	5.0	5	5
175.04902483551095	5.0	5	5
175.1491100412488	5.0	5	5
175.24919524698666	5.0	5	5
175.3492804527245	5.0	5	5
175.44936565846237	4.0	4	4
175.54945086420022	4.0	4	4
175.64953606993808	4.0	4	4
175.74962127567593	4.0	4	4
175.8497064814138	4.0	4	4
175.94979168715165	4.0	4	4
176.0498768928895	4.0	4	4
176.14996209862736	4.0	4	4
176.2500473043652	4.0	4	4
176.35013251010307	4.0	4	4
176.45021771584092	4.0	4	4
176.55030292157878	4.0	4	4
176.65038812731663	4.0	4	4
176.7504733330545	4.0	4	4
176.85055853879234	4.0	4	4
176.9506437445302	4.0	4	4
177.05072895026805	4.0	4	4
177.15081415600594	4.0	4	4
177.2508993617438	4.0	4	4
177.35098456748165	4.0	4	4
177.4510697732195	4.0	4	4
177.55115497895736	4.0	4	4
177.6512401846952	4.0	4	4
177.75132539043307	4.0	4	4
177.85141059617092	4.0	4	4
177.95149580190878	4.0	4	4
178.05158100764663	4.0	4	4
178.1516662133845	4.0	4	4
178.25175141912234	4.0	4	4
178.3518366248602	4.0	4	4
178.45192183059805	4.0	4	4
178.5520070363359	4.0	4	4
178.65209224207376	4.0	4	4
178.75217744781162	4.0	4	4
178.85226265354947	4.0	4	4
178.95234785928733	4.0	4	4
179.05243306502518	4.0	4	4
179.15251827076304	4.0	4	4
179.2526034765009	4.0	4	4
179.35268868223875	4.0	4	4
179.45277388797663	4.0	4	4
179.5528590937145	4.0	4	4
179.65294429945234	4.0	4	4
179.7530295051902	4.0	4	4
179.85311471092805	4.0	4	4
179.9531999166659	4.0	4	4
180.05328512240376	4.0	4	4
180.15337032814162	4.0	4	4
180.25345553387947	4.0	4	4
180.35354073961733	4.0	4	4
180.45362594535518	4.0	4	4
180.55371115109304	4.0	4	4
180.6537963568309	4.0	4	4
180.75388156256875	4.0	4	4
180.8539667683066	4.0	4	4
180.95405197404446	4.0	4	4
181.05413717978232	4.0	4	4
181.15422238552017	4.0	4	4
181.25430759125803	4.0	4	4
181.35439279699588	4.0	4	4
181.45447800273374	4.0	4	4
181.5545632084716	4.0	4	4
181.65464841420948	4.0	4	4
181.75473361994733	4.0	4	4
181.8548188256852	4.0	4	4
181.95490403142304	4.0	4	4
182.0549892371609	4.0	4	4
182.15507444289875	4.0	4	4
182.2551596486366	4.0	4	4
182.35524485437446	4.0	4	4
182.45533006011232	4.0	4	4
182.55541526585017	4.0	4	4
182.65550047158803	4.0	4	4
182.75558567732588	4.0	4	4
182.85567088306374	4.0	4	4
182.9557560888016	4.0	4	4
183.05584129453945	4.0	4	4
183.1559265002773	4.0	4	4
183.25601170601516	3.0	3	3
183.356096911753	3.0	3	3
183.45618211749087	3.0	3	3
183.55626732322872	3.0	3	3
183.65635252896658	3.0	3	3
183.75643773470443	3.0	3	3
183.85652294044232	3.0	3	3
183.95660814618017	3.0	3	3
184.05669335191803	3.0	3	3
184.15677855765588	3.0	3	3
184.25686376339374	3.0	3	3
184.3569489691316	3.0	3	3
184.45703417486945	2.0	2	2
184.5571193806073	2.0	2	2
184.65720458634516	2.0	2	2
184.75728979208301	2.0	2	2
184.85737499782087	2.0	2	2
184.95746020355872	2.0	2	2
185.05754540929658	2.0	2	2
185.15763061503444	2.0	2	2
185.2577158207723	1.0	1	1
185.35780102651015	1.0	1	1
185.457886232248	1.0	1	1
