time	diversity	m_div	M_div
0.0	38.0	38	38
0.10005770386270356	38.0	38	38
0.20011540772540712	38.0	38	38
0.30017311158811066	38.0	38	38
0.40023081545081424	36.0	36	36
0.5002885193135178	36.0	36	36
0.6003462231762213	35.0	35	35
0.700403927038925	33.0	33	33
0.8004616309016285	33.0	33	33
0.900519334764332	33.0	33	33
1.0005770386270356	33.0	33	33
1.1006347424897391	33.0	33	33
1.2006924463524427	33.0	33	33
1.3007501502151462	33.0	33	33
1.40080785407785	31.0	31	31
1.5008655579405534	31.0	31	31
1.600923261803257	31.0	31	31
1.7009809656659605	31.0	31	31
1.801038669528664	31.0	31	31
1.9010963733913677	30.0	30	30
2.0011540772540712	31.0	31	31
2.1012117811167745	31.0	31	31
2.2012694849794783	31.0	31	31
2.301327188842182	31.0	31	31
2.4013848927048853	31.0	31	31
2.501442596567589	31.0	31	31
2.6015003004302923	31.0	31	31
2.701558004292996	31.0	31	31
2.8016157081557	31.0	31	31
2.901673412018403	31.0	31	31
3.001731115881107	30.0	30	30
3.10178881974381	31.0	31	31
3.201846523606514	31.0	31	31
3.3019042274692176	31.0	31	31
3.401961931331921	31.0	31	31
3.5020196351946247	31.0	31	31
3.602077339057328	29.0	29	29
3.7021350429200317	29.0	29	29
3.8021927467827354	29.0	29	29
3.9022504506454387	29.0	29	29
4.0023081545081425	29.0	29	29
4.102365858370846	29.0	29	29
4.202423562233549	29.0	29	29
4.302481266096253	29.0	29	29
4.4025389699589565	29.0	29	29
4.50259667382166	27.0	27	27
4.602654377684364	27.0	27	27
4.702712081547067	27.0	27	27
4.802769785409771	27.0	27	27
4.902827489272474	24.0	24	24
5.002885193135178	24.0	24	24
5.102942896997882	24.0	24	24
5.203000600860585	22.0	22	22
5.303058304723288	19.0	19	19
5.403116008585992	19.0	19	19
5.503173712448696	19.0	19	19
5.6032314163114	19.0	19	19
5.7032891201741025	19.0	19	19
5.803346824036806	19.0	19	19
5.90340452789951	19.0	19	19
6.003462231762214	19.0	19	19
6.1035199356249175	19.0	19	19
6.20357763948762	19.0	19	19
6.303635343350324	17.0	17	17
6.403693047213028	17.0	17	17
6.5037507510757315	14.0	14	14
6.603808454938435	14.0	14	14
6.703866158801138	14.0	14	14
6.803923862663842	13.0	13	13
6.903981566526546	3.0	3	3
7.004039270389249	3.0	3	3
7.104096974251953	3.0	3	3
7.204154678114656	4.0	4	4
7.30421238197736	4.0	4	4
7.404270085840063	4.0	4	4
7.504327789702767	4.0	4	4
7.604385493565471	4.0	4	4
7.704443197428174	4.0	4	4
7.8045009012908775	4.0	4	4
7.904558605153581	4.0	4	4
8.004616309016285	4.0	4	4
8.104674012878988	4.0	4	4
8.204731716741692	4.0	4	4
8.304789420604395	4.0	4	4
8.404847124467098	4.0	4	4
8.504904828329803	4.0	4	4
8.604962532192506	4.0	4	4
8.70502023605521	4.0	4	4
8.805077939917913	4.0	4	4
8.905135643780616	4.0	4	4
9.00519334764332	4.0	4	4
9.105251051506023	4.0	4	4
9.205308755368728	4.0	4	4
9.305366459231431	4.0	4	4
9.405424163094134	4.0	4	4
9.505481866956838	4.0	4	4
9.605539570819541	4.0	4	4
9.705597274682246	4.0	4	4
9.805654978544949	4.0	4	4
9.905712682407652	4.0	4	4
10.005770386270356	4.0	4	4
10.105828090133059	4.0	4	4
10.205885793995764	4.0	4	4
10.305943497858467	4.0	4	4
10.40600120172117	4.0	4	4
10.506058905583874	4.0	4	4
10.606116609446577	4.0	4	4
10.706174313309281	4.0	4	4
10.806232017171984	4.0	4	4
10.906289721034687	4.0	4	4
11.006347424897392	4.0	4	4
11.106405128760095	4.0	4	4
11.2064628326228	4.0	4	4
11.306520536485502	4.0	4	4
11.406578240348205	4.0	4	4
11.50663594421091	4.0	4	4
11.606693648073612	4.0	4	4
11.706751351936317	4.0	4	4
11.80680905579902	4.0	4	4
11.906866759661723	4.0	4	4
12.006924463524427	4.0	4	4
12.10698216738713	4.0	4	4
12.207039871249835	4.0	4	4
12.307097575112538	4.0	4	4
12.40715527897524	4.0	4	4
12.507212982837945	4.0	4	4
12.607270686700648	4.0	4	4
12.707328390563353	4.0	4	4
12.807386094426056	4.0	4	4
12.907443798288758	4.0	4	4
13.007501502151463	4.0	4	4
13.107559206014166	4.0	4	4
13.20761690987687	4.0	4	4
13.307674613739573	4.0	4	4
13.407732317602276	4.0	4	4
13.50779002146498	4.0	4	4
13.607847725327684	4.0	4	4
13.707905429190388	4.0	4	4
13.807963133053091	4.0	4	4
13.908020836915794	4.0	4	4
14.008078540778499	4.0	4	4
14.108136244641202	4.0	4	4
14.208193948503906	4.0	4	4
14.308251652366609	4.0	4	4
14.408309356229312	4.0	4	4
14.508367060092016	4.0	4	4
14.60842476395472	4.0	4	4
14.708482467817424	4.0	4	4
14.808540171680127	4.0	4	4
14.90859787554283	4.0	4	4
15.008655579405534	4.0	4	4
15.108713283268237	4.0	4	4
15.208770987130942	4.0	4	4
15.308828690993645	4.0	4	4
15.408886394856347	4.0	4	4
15.508944098719052	4.0	4	4
15.609001802581755	4.0	4	4
15.70905950644446	4.0	4	4
15.809117210307162	4.0	4	4
15.909174914169865	4.0	4	4
16.00923261803257	4.0	4	4
16.109290321895273	4.0	4	4
16.209348025757976	4.0	4	4
16.30940572962068	4.0	4	4
16.409463433483385	4.0	4	4
16.509521137346088	4.0	4	4
16.60957884120879	4.0	4	4
16.709636545071493	5.0	5	5
16.809694248934196	5.0	5	5
16.909751952796903	5.0	5	5
17.009809656659606	5.0	5	5
17.10986736052231	5.0	5	5
17.20992506438501	5.0	5	5
17.309982768247714	5.0	5	5
17.41004047211042	5.0	5	5
17.510098175973123	5.0	5	5
17.610155879835826	5.0	5	5
17.71021358369853	5.0	5	5
17.810271287561232	5.0	5	5
17.91032899142394	5.0	5	5
18.01038669528664	5.0	5	5
18.110444399149344	5.0	5	5
18.210502103012047	5.0	5	5
18.31055980687475	5.0	5	5
18.410617510737456	5.0	5	5
18.51067521460016	5.0	5	5
18.610732918462862	5.0	5	5
18.710790622325565	5.0	5	5
18.810848326188268	5.0	5	5
18.910906030050974	5.0	5	5
19.010963733913677	5.0	5	5
19.11102143777638	5.0	5	5
19.211079141639082	5.0	5	5
19.311136845501785	5.0	5	5
19.41119454936449	5.0	5	5
19.511252253227195	5.0	5	5
19.611309957089897	5.0	5	5
19.7113676609526	5.0	5	5
19.811425364815303	5.0	5	5
19.91148306867801	5.0	5	5
20.011540772540712	5.0	5	5
20.111598476403415	5.0	5	5
20.211656180266118	5.0	5	5
20.31171388412882	5.0	5	5
20.411771587991527	5.0	5	5
20.51182929185423	5.0	5	5
20.611886995716933	5.0	5	5
20.711944699579636	5.0	5	5
20.81200240344234	5.0	5	5
20.912060107305045	5.0	5	5
21.012117811167748	5.0	5	5
21.11217551503045	4.0	4	4
21.212233218893154	4.0	4	4
21.312290922755857	4.0	4	4
21.412348626618563	4.0	4	4
21.512406330481266	4.0	4	4
21.61246403434397	4.0	4	4
21.71252173820667	4.0	4	4
21.812579442069374	4.0	4	4
21.91263714593208	4.0	4	4
22.012694849794784	3.0	3	3
22.112752553657486	3.0	3	3
22.21281025752019	3.0	3	3
22.312867961382892	3.0	3	3
22.4129256652456	3.0	3	3
22.5129833691083	3.0	3	3
22.613041072971004	3.0	3	3
22.713098776833707	3.0	3	3
22.81315648069641	3.0	3	3
22.913214184559116	3.0	3	3
23.01327188842182	3.0	3	3
23.113329592284522	3.0	3	3
23.213387296147225	3.0	3	3
23.313445000009928	3.0	3	3
23.413502703872634	3.0	3	3
23.513560407735337	2.0	2	2
23.61361811159804	2.0	2	2
23.713675815460743	1.0	1	1
23.813733519323446	1.0	1	1
23.913791223186152	1.0	1	1
24.013848927048855	1.0	1	1
24.113906630911558	1.0	1	1
24.21396433477426	1.0	1	1
24.314022038636963	1.0	1	1
24.41407974249967	1.0	1	1
24.514137446362373	1.0	1	1
24.614195150225076	1.0	1	1
24.71425285408778	1.0	1	1
24.81431055795048	1.0	1	1
24.914368261813188	1.0	1	1
25.01442596567589	1.0	1	1
25.114483669538593	1.0	1	1
25.214541373401296	1.0	1	1
25.314599077264	1.0	1	1
25.414656781126705	1.0	1	1
25.51471448498941	1.0	1	1
25.61477218885211	1.0	1	1
25.714829892714814	1.0	1	1
25.814887596577517	1.0	1	1
25.914945300440223	1.0	1	1
26.015003004302926	1.0	1	1
26.11506070816563	1.0	1	1
26.215118412028332	1.0	1	1
26.315176115891035	1.0	1	1
26.41523381975374	1.0	1	1
26.515291523616444	1.0	1	1
26.615349227479147	1.0	1	1
26.71540693134185	1.0	1	1
26.815464635204552	1.0	1	1
26.91552233906726	0.0	0	0
27.01558004292996	0.0	0	0
27.115637746792665	0.0	0	0
27.215695450655367	0.0	0	0
27.31575315451807	0.0	0	0
27.415810858380777	0.0	0	0
27.51586856224348	0.0	0	0
27.615926266106182	0.0	0	0
27.715983969968885	0.0	0	0
27.816041673831588	0.0	0	0
27.916099377694295	0.0	0	0
28.016157081556997	0.0	0	0
28.1162147854197	0.0	0	0
28.216272489282403	0.0	0	0
28.316330193145106	0.0	0	0
28.416387897007812	0.0	0	0
28.516445600870515	0.0	0	0
28.616503304733218	0.0	0	0
28.71656100859592	0.0	0	0
28.816618712458624	0.0	0	0
28.91667641632133	0.0	0	0
29.016734120184033	0.0	0	0
29.116791824046736	0.0	0	0
29.21684952790944	0.0	0	0
29.31690723177214	0.0	0	0
29.416964935634848	0.0	0	0
29.51702263949755	0.0	0	0
29.617080343360254	0.0	0	0
29.717138047222956	0.0	0	0
29.81719575108566	0.0	0	0
29.917253454948366	0.0	0	0
30.01731115881107	0.0	0	0
30.11736886267377	0.0	0	0
30.217426566536474	0.0	0	0
30.317484270399177	0.0	0	0
30.417541974261884	0.0	0	0
30.517599678124586	0.0	0	0
30.61765738198729	0.0	0	0
30.717715085849992	0.0	0	0
30.817772789712695	0.0	0	0
30.9178304935754	0.0	0	0
31.017888197438104	0.0	0	0
31.117945901300807	0.0	0	0
31.21800360516351	0.0	0	0
31.318061309026213	0.0	0	0
31.41811901288892	0.0	0	0
31.518176716751622	0.0	0	0
31.618234420614325	0.0	0	0
31.718292124477028	0.0	0	0
31.81834982833973	0.0	0	0
31.918407532202437	0.0	0	0
32.01846523606514	0.0	0	0
32.11852293992784	0.0	0	0
32.218580643790546	0.0	0	0
32.31863834765325	0.0	0	0
32.41869605151595	0.0	0	0
32.518753755378654	0.0	0	0
32.61881145924136	0.0	0	0
32.71886916310407	0.0	0	0
32.81892686696677	0.0	0	0
32.91898457082947	0.0	0	0
33.019042274692175	0.0	0	0
33.11909997855488	0.0	0	0
33.21915768241758	0.0	0	0
33.319215386280284	0.0	0	0
33.41927309014299	0.0	0	0
33.51933079400569	0.0	0	0
33.61938849786839	0.0	0	0
33.7194462017311	1.0	1	1
33.819503905593805	1.0	1	1
33.91956160945651	1.0	1	1
34.01961931331921	1.0	1	1
34.119677017181914	1.0	1	1
34.21973472104462	1.0	1	1
34.31979242490732	1.0	1	1
34.41985012877002	1.0	1	1
34.519907832632725	1.0	1	1
34.61996553649543	1.0	1	1
34.72002324035814	1.0	1	1
34.82008094422084	1.0	1	1
34.920138648083544	1.0	1	1
35.02019635194625	1.0	1	1
35.12025405580895	1.0	1	1
35.22031175967165	1.0	1	1
35.320369463534355	1.0	1	1
35.42042716739706	1.0	1	1
35.52048487125976	1.0	1	1
35.620542575122464	1.0	1	1
35.720600278985174	1.0	1	1
35.82065798284788	1.0	1	1
35.92071568671058	1.0	1	1
36.02077339057328	1.0	1	1
36.120831094435985	1.0	1	1
36.22088879829869	1.0	1	1
36.32094650216139	1.0	1	1
36.421004206024094	1.0	1	1
36.5210619098868	1.0	1	1
36.6211196137495	1.0	1	1
36.72117731761221	1.0	1	1
36.82123502147491	1.0	1	1
36.921292725337615	1.0	1	1
37.02135042920032	1.0	1	1
37.12140813306302	1.0	1	1
37.221465836925724	1.0	1	1
37.32152354078843	1.0	1	1
37.42158124465113	2.0	2	2
37.52163894851383	2.0	2	2
37.621696652376535	2.0	2	2
37.721754356239245	3.0	3	3
37.82181206010195	3.0	3	3
37.92186976396465	3.0	3	3
38.021927467827354	3.0	3	3
38.121985171690056	3.0	3	3
38.22204287555276	3.0	3	3
38.32210057941546	3.0	3	3
38.422158283278165	3.0	3	3
38.52221598714087	3.0	3	3
38.62227369100357	4.0	4	4
38.72233139486628	4.0	4	4
38.82238909872898	4.0	4	4
38.922446802591686	5.0	5	5
39.02250450645439	6.0	6	6
39.12256221031709	6.0	6	6
39.222619914179795	6.0	6	6
39.3226776180425	6.0	6	6
39.4227353219052	6.0	6	6
39.5227930257679	6.0	6	6
39.622850729630606	8.0	8	8
39.722908433493316	9.0	9	9
39.82296613735602	9.0	9	9
39.92302384121872	10.0	10	10
40.023081545081425	10.0	10	10
40.12313924894413	10.0	10	10
40.22319695280683	9.0	9	9
40.32325465666953	9.0	9	9
40.423312360532236	9.0	9	9
40.52337006439494	9.0	9	9
40.62342776825764	9.0	9	9
40.72348547212035	9.0	9	9
40.823543175983055	9.0	9	9
40.92360087984576	10.0	10	10
41.02365858370846	10.0	10	10
41.12371628757116	10.0	10	10
41.223773991433866	10.0	10	10
41.32383169529657	10.0	10	10
41.42388939915927	10.0	10	10
41.523947103021975	10.0	10	10
41.62400480688468	10.0	10	10
41.72406251074739	10.0	10	10
41.82412021461009	10.0	10	10
41.92417791847279	10.0	10	10
42.024235622335496	10.0	10	10
42.1242933261982	10.0	10	10
42.2243510300609	10.0	10	10
42.324408733923605	10.0	10	10
42.42446643778631	11.0	11	11
42.52452414164901	11.0	11	11
42.62458184551171	12.0	12	12
42.72463954937442	12.0	12	12
42.824697253237126	12.0	12	12
42.92475495709983	12.0	12	12
43.02481266096253	12.0	12	12
43.124870364825235	12.0	12	12
43.22492806868794	12.0	12	12
43.32498577255064	12.0	12	12
43.42504347641334	12.0	12	12
43.525101180276046	12.0	12	12
43.62515888413875	12.0	12	12
43.72521658800146	12.0	12	12
43.82527429186416	12.0	12	12
43.925331995726864	12.0	12	12
44.02538969958957	12.0	12	12
44.12544740345227	12.0	12	12
44.22550510731497	12.0	12	12
44.325562811177676	12.0	12	12
44.42562051504038	12.0	12	12
44.52567821890308	13.0	13	13
44.625735922765784	13.0	13	13
44.725793626628494	13.0	13	13
44.8258513304912	13.0	13	13
44.9259090343539	13.0	13	13
45.0259667382166	13.0	13	13
45.126024442079306	13.0	13	13
45.22608214594201	12.0	12	12
45.32613984980471	12.0	12	12
45.426197553667414	12.0	12	12
45.52625525753012	12.0	12	12
45.62631296139282	12.0	12	12
45.72637066525553	12.0	12	12
45.82642836911823	12.0	12	12
45.926486072980936	12.0	12	12
46.02654377684364	12.0	12	12
46.12660148070634	12.0	12	12
46.226659184569044	11.0	11	11
46.32671688843175	11.0	11	11
46.42677459229445	11.0	11	11
46.52683229615715	11.0	11	11
46.626890000019856	11.0	11	11
46.726947703882566	11.0	11	11
46.82700540774527	12.0	12	12
46.92706311160797	12.0	12	12
47.027120815470674	12.0	12	12
47.12717851933338	12.0	12	12
47.22723622319608	12.0	12	12
47.32729392705878	12.0	12	12
47.427351630921486	12.0	12	12
47.52740933478419	12.0	12	12
47.62746703864689	12.0	12	12
47.7275247425096	12.0	12	12
47.827582446372304	12.0	12	12
47.92764015023501	12.0	12	12
48.02769785409771	12.0	12	12
48.12775555796041	12.0	12	12
48.227813261823115	12.0	12	12
48.32787096568582	12.0	12	12
48.42792866954852	14.0	14	14
48.527986373411224	14.0	14	14
48.62804407727393	14.0	14	14
48.72810178113664	15.0	15	15
48.82815948499934	15.0	15	15
48.92821718886204	15.0	15	15
49.028274892724745	15.0	15	15
49.12833259658745	16.0	16	16
49.22839030045015	16.0	16	16
49.328448004312854	16.0	16	16
49.42850570817556	16.0	16	16
49.52856341203826	16.0	16	16
49.62862111590096	16.0	16	16
49.72867881976367	16.0	16	16
49.828736523626375	16.0	16	16
49.92879422748908	16.0	16	16
50.02885193135178	16.0	16	16
50.128909635214484	16.0	16	16
50.22896733907719	16.0	16	16
50.32902504293989	15.0	15	15
50.42908274680259	16.0	16	16
50.529140450665295	16.0	16	16
50.629198154528	16.0	16	16
50.72925585839071	15.0	15	15
50.82931356225341	15.0	15	15
50.929371266116114	15.0	15	15
51.02942896997882	15.0	15	15
51.12948667384152	15.0	15	15
51.22954437770422	15.0	15	15
51.329602081566925	15.0	15	15
51.42965978542963	15.0	15	15
51.52971748929233	15.0	15	15
51.629775193155034	15.0	15	15
51.72983289701774	15.0	15	15
51.82989060088045	15.0	15	15
51.92994830474315	15.0	15	15
52.03000600860585	15.0	15	15
52.130063712468555	15.0	15	15
52.23012141633126	15.0	15	15
52.33017912019396	15.0	15	15
52.430236824056664	15.0	15	15
52.53029452791937	15.0	15	15
52.63035223178207	15.0	15	15
52.73040993564477	15.0	15	15
52.83046763950748	15.0	15	15
52.930525343370185	15.0	15	15
53.03058304723289	14.0	14	14
53.13064075109559	15.0	15	15
53.230698454958294	15.0	15	15
53.330756158820996	15.0	15	15
53.4308138626837	15.0	15	15
53.5308715665464	15.0	15	15
53.630929270409105	16.0	16	16
53.73098697427181	16.0	16	16
53.83104467813452	15.0	15	15
53.93110238199722	15.0	15	15
54.03116008585992	15.0	15	15
54.131217789722626	15.0	15	15
54.23127549358533	14.0	14	14
54.33133319744803	14.0	14	14
54.431390901310735	14.0	14	14
54.53144860517344	14.0	14	14
54.63150630903614	14.0	14	14
54.73156401289884	13.0	13	13
54.83162171676155	13.0	13	13
54.931679420624256	13.0	13	13
55.03173712448696	13.0	13	13
55.13179482834966	13.0	13	13
55.231852532212365	14.0	14	14
55.33191023607507	12.0	12	12
55.43196793993777	11.0	11	11
55.53202564380047	11.0	11	11
55.632083347663176	11.0	11	11
55.73214105152588	11.0	11	11
55.83219875538859	10.0	10	10
55.93225645925129	10.0	10	10
56.032314163113995	10.0	10	10
56.1323718669767	9.0	9	9
56.2324295708394	8.0	8	8
56.3324872747021	11.0	11	11
56.432544978564806	11.0	11	11
56.53260268242751	11.0	11	11
56.63266038629021	11.0	11	11
56.732718090152915	10.0	10	10
56.832775794015625	10.0	10	10
56.93283349787833	11.0	11	11
57.03289120174103	11.0	11	11
57.13294890560373	11.0	11	11
57.233006609466436	11.0	11	11
57.33306431332914	10.0	10	10
57.43312201719184	10.0	10	10
57.533179721054545	10.0	10	10
57.63323742491725	8.0	8	8
57.73329512877995	8.0	8	8
57.83335283264266	7.0	7	7
57.93341053650536	7.0	7	7
58.033468240368066	7.0	7	7
58.13352594423077	8.0	8	8
58.23358364809347	8.0	8	8
58.333641351956175	7.0	7	7
58.43369905581888	7.0	7	7
58.53375675968158	6.0	6	6
58.63381446354428	7.0	7	7
58.733872167406986	7.0	7	7
58.833929871269696	7.0	7	7
58.9339875751324	8.0	8	8
59.0340452789951	7.0	7	7
59.134102982857804	7.0	7	7
59.23416068672051	7.0	7	7
59.33421839058321	7.0	7	7
59.43427609444591	7.0	7	7
59.534333798308616	6.0	6	6
59.63439150217132	6.0	6	6
59.73444920603402	6.0	6	6
59.83450690989673	7.0	7	7
59.934564613759434	6.0	6	6
60.03462231762214	6.0	6	6
60.13468002148484	6.0	6	6
60.23473772534754	6.0	6	6
60.334795429210246	6.0	6	6
60.43485313307295	6.0	6	6
60.53491083693565	6.0	6	6
60.634968540798354	6.0	6	6
60.73502624466106	6.0	6	6
60.83508394852377	5.0	5	5
60.93514165238647	5.0	5	5
61.03519935624917	5.0	5	5
61.135257060111876	5.0	5	5
61.23531476397458	5.0	5	5
61.33537246783728	5.0	5	5
61.435430171699984	5.0	5	5
61.53548787556269	5.0	5	5
61.63554557942539	5.0	5	5
61.73560328328809	5.0	5	5
61.8356609871508	6.0	6	6
61.935718691013506	6.0	6	6
62.03577639487621	7.0	7	7
62.13583409873891	7.0	7	7
62.235891802601614	7.0	7	7
62.33594950646432	7.0	7	7
62.43600721032702	7.0	7	7
62.53606491418972	7.0	7	7
62.636122618052426	7.0	7	7
62.73618032191513	7.0	7	7
62.83623802577784	7.0	7	7
62.93629572964054	7.0	7	7
63.036353433503244	7.0	7	7
63.13641113736595	7.0	7	7
63.23646884122865	7.0	7	7
63.33652654509135	7.0	7	7
63.436584248954055	7.0	7	7
63.53664195281676	6.0	6	6
63.63669965667946	6.0	6	6
63.736757360542164	7.0	7	7
63.836815064404874	7.0	7	7
63.93687276826758	7.0	7	7
64.03693047213028	7.0	7	7
64.13698817599298	7.0	7	7
64.23704587985569	7.0	7	7
64.33710358371839	7.0	7	7
64.43716128758109	7.0	7	7
64.5372189914438	7.0	7	7
64.6372766953065	7.0	7	7
64.7373343991692	7.0	7	7
64.8373921030319	6.0	6	6
64.9374498068946	6.0	6	6
65.03750751075731	6.0	6	6
65.13756521462001	6.0	6	6
65.23762291848271	8.0	8	8
65.33768062234543	8.0	8	8
65.43773832620813	8.0	8	8
65.53779603007084	9.0	9	9
65.63785373393354	9.0	9	9
65.73791143779624	9.0	9	9
65.83796914165895	11.0	11	11
65.93802684552165	12.0	12	12
66.03808454938435	13.0	13	13
66.13814225324705	13.0	13	13
66.23819995710976	14.0	14	14
66.33825766097246	15.0	15	15
66.43831536483516	16.0	16	16
66.53837306869787	16.0	16	16
66.63843077256057	16.0	16	16
66.73848847642327	16.0	16	16
66.83854618028597	16.0	16	16
66.93860388414868	16.0	16	16
67.03866158801138	15.0	15	15
67.13871929187408	14.0	14	14
67.23877699573679	13.0	13	13
67.3388346995995	13.0	13	13
67.4388924034622	14.0	14	14
67.53895010732491	13.0	13	13
67.63900781118761	13.0	13	13
67.73906551505031	13.0	13	13
67.83912321891302	12.0	12	12
67.93918092277572	13.0	13	13
68.03923862663842	14.0	14	14
68.13929633050112	14.0	14	14
68.23935403436383	14.0	14	14
68.33941173822653	15.0	15	15
68.43946944208923	16.0	16	16
68.53952714595194	16.0	16	16
68.63958484981464	16.0	16	16
68.73964255367734	16.0	16	16
68.83970025754004	16.0	16	16
68.93975796140275	16.0	16	16
69.03981566526545	16.0	16	16
69.13987336912815	16.0	16	16
69.23993107299086	15.0	15	15
69.33998877685357	16.0	16	16
69.44004648071628	17.0	17	17
69.54010418457898	17.0	17	17
69.64016188844168	17.0	17	17
69.74021959230438	17.0	17	17
69.84027729616709	17.0	17	17
69.94033500002979	17.0	17	17
70.0403927038925	17.0	17	17
70.1404504077552	17.0	17	17
70.2405081116179	16.0	16	16
70.3405658154806	16.0	16	16
70.4406235193433	16.0	16	16
70.54068122320601	16.0	16	16
70.64073892706871	17.0	17	17
70.74079663093141	20.0	20	20
70.84085433479412	20.0	20	20
70.94091203865682	20.0	20	20
71.04096974251952	20.0	20	20
71.14102744638222	20.0	20	20
71.24108515024493	20.0	20	20
71.34114285410764	20.0	20	20
71.44120055797035	21.0	21	21
71.54125826183305	21.0	21	21
71.64131596569575	20.0	20	20
71.74137366955846	19.0	19	19
71.84143137342116	19.0	19	19
71.94148907728386	19.0	19	19
72.04154678114656	19.0	19	19
72.14160448500927	18.0	18	18
72.24166218887197	18.0	18	18
72.34171989273467	18.0	18	18
72.44177759659738	18.0	18	18
72.54183530046008	16.0	16	16
72.64189300432278	16.0	16	16
72.74195070818548	15.0	15	15
72.84200841204819	15.0	15	15
72.94206611591089	16.0	16	16
73.0421238197736	16.0	16	16
73.1421815236363	16.0	16	16
73.242239227499	15.0	15	15
73.34229693136172	15.0	15	15
73.44235463522442	15.0	15	15
73.54241233908712	15.0	15	15
73.64247004294982	14.0	14	14
73.74252774681253	14.0	14	14
73.84258545067523	14.0	14	14
73.94264315453793	14.0	14	14
74.04270085840064	14.0	14	14
74.14275856226334	14.0	14	14
74.24281626612604	14.0	14	14
74.34287396998874	14.0	14	14
74.44293167385145	15.0	15	15
74.54298937771415	15.0	15	15
74.64304708157685	15.0	15	15
74.74310478543956	15.0	15	15
74.84316248930226	15.0	15	15
74.94322019316496	15.0	15	15
75.04327789702766	15.0	15	15
75.14333560089037	15.0	15	15
75.24339330475307	15.0	15	15
75.34345100861579	14.0	14	14
75.44350871247849	15.0	15	15
75.54356641634119	15.0	15	15
75.6436241202039	15.0	15	15
75.7436818240666	15.0	15	15
75.8437395279293	15.0	15	15
75.943797231792	15.0	15	15
76.04385493565471	15.0	15	15
76.14391263951741	15.0	15	15
76.24397034338011	15.0	15	15
76.34402804724282	15.0	15	15
76.44408575110552	15.0	15	15
76.54414345496822	15.0	15	15
76.64420115883092	15.0	15	15
76.74425886269363	15.0	15	15
76.84431656655633	15.0	15	15
76.94437427041903	15.0	15	15
77.04443197428174	15.0	15	15
77.14448967814444	15.0	15	15
77.24454738200714	15.0	15	15
77.34460508586984	15.0	15	15
77.44466278973256	16.0	16	16
77.54472049359526	15.0	15	15
77.64477819745797	15.0	15	15
77.74483590132067	15.0	15	15
77.84489360518337	15.0	15	15
77.94495130904608	15.0	15	15
78.04500901290878	15.0	15	15
78.14506671677148	15.0	15	15
78.24512442063418	15.0	15	15
78.34518212449689	15.0	15	15
78.44523982835959	15.0	15	15
78.54529753222229	15.0	15	15
78.645355236085	15.0	15	15
78.7454129399477	15.0	15	15
78.8454706438104	14.0	14	14
78.9455283476731	14.0	14	14
79.0455860515358	14.0	14	14
79.14564375539851	14.0	14	14
79.24570145926121	14.0	14	14
79.34575916312392	14.0	14	14
79.44581686698663	14.0	14	14
79.54587457084934	13.0	13	13
79.64593227471204	13.0	13	13
79.74598997857474	13.0	13	13
79.84604768243744	13.0	13	13
79.94610538630015	13.0	13	13
80.04616309016285	12.0	12	12
80.14622079402555	11.0	11	11
80.24627849788826	11.0	11	11
80.34633620175096	12.0	12	12
80.44639390561366	12.0	12	12
80.54645160947636	11.0	11	11
80.64650931333907	11.0	11	11
80.74656701720177	11.0	11	11
80.84662472106447	11.0	11	11
80.94668242492718	11.0	11	11
81.04674012878988	11.0	11	11
81.14679783265258	11.0	11	11
81.24685553651528	10.0	10	10
81.34691324037799	10.0	10	10
81.4469709442407	10.0	10	10
81.5470286481034	10.0	10	10
81.64708635196611	10.0	10	10
81.74714405582881	10.0	10	10
81.84720175969152	11.0	11	11
81.94725946355422	11.0	11	11
82.04731716741692	11.0	11	11
82.14737487127962	11.0	11	11
82.24743257514233	11.0	11	11
82.34749027900503	11.0	11	11
82.44754798286773	11.0	11	11
82.54760568673044	11.0	11	11
82.64766339059314	10.0	10	10
82.74772109445584	10.0	10	10
82.84777879831854	10.0	10	10
82.94783650218125	10.0	10	10
83.04789420604395	10.0	10	10
83.14795190990665	9.0	9	9
83.24800961376936	9.0	9	9
83.34806731763206	9.0	9	9
83.44812502149477	9.0	9	9
83.54818272535748	9.0	9	9
83.64824042922018	12.0	12	12
83.74829813308288	12.0	12	12
83.84835583694559	12.0	12	12
83.94841354080829	13.0	13	13
84.04847124467099	13.0	13	13
84.1485289485337	13.0	13	13
84.2485866523964	13.0	13	13
84.3486443562591	13.0	13	13
84.4487020601218	13.0	13	13
84.5487597639845	12.0	12	12
84.64881746784721	12.0	12	12
84.74887517170991	13.0	13	13
84.84893287557261	13.0	13	13
84.94899057943532	13.0	13	13
85.04904828329802	10.0	10	10
85.14910598716072	10.0	10	10
85.24916369102343	10.0	10	10
85.34922139488613	9.0	9	9
85.44927909874885	8.0	8	8
85.54933680261155	8.0	8	8
85.64939450647425	8.0	8	8
85.74945221033695	7.0	7	7
85.84950991419966	7.0	7	7
85.94956761806236	7.0	7	7
86.04962532192506	7.0	7	7
86.14968302578777	7.0	7	7
86.24974072965047	6.0	6	6
86.34979843351317	6.0	6	6
86.44985613737587	6.0	6	6
86.54991384123858	6.0	6	6
86.64997154510128	7.0	7	7
86.75002924896398	6.0	6	6
86.85008695282669	6.0	6	6
86.95014465668939	6.0	6	6
87.05020236055209	6.0	6	6
87.1502600644148	6.0	6	6
87.2503177682775	6.0	6	6
87.3503754721402	6.0	6	6
87.45043317600292	6.0	6	6
87.55049087986562	6.0	6	6
87.65054858372832	6.0	6	6
87.75060628759103	6.0	6	6
87.85066399145373	6.0	6	6
87.95072169531643	6.0	6	6
88.05077939917913	6.0	6	6
88.15083710304184	6.0	6	6
88.25089480690454	5.0	5	5
88.35095251076724	5.0	5	5
88.45101021462995	5.0	5	5
88.55106791849265	5.0	5	5
88.65112562235535	4.0	4	4
88.75118332621805	4.0	4	4
88.85124103008076	4.0	4	4
88.95129873394346	5.0	5	5
89.05135643780616	5.0	5	5
89.15141414166887	5.0	5	5
89.25147184553157	5.0	5	5
89.35152954939427	5.0	5	5
89.45158725325699	5.0	5	5
89.55164495711969	5.0	5	5
89.6517026609824	5.0	5	5
89.7517603648451	5.0	5	5
89.8518180687078	5.0	5	5
89.9518757725705	5.0	5	5
90.0519334764332	6.0	6	6
90.15199118029591	6.0	6	6
90.25204888415861	6.0	6	6
90.35210658802131	6.0	6	6
90.45216429188402	5.0	5	5
90.55222199574672	5.0	5	5
90.65227969960942	6.0	6	6
90.75233740347213	6.0	6	6
90.85239510733483	6.0	6	6
90.95245281119753	6.0	6	6
91.05251051506023	6.0	6	6
91.15256821892294	6.0	6	6
91.25262592278564	6.0	6	6
91.35268362664834	6.0	6	6
91.45274133051106	6.0	6	6
91.55279903437376	7.0	7	7
91.65285673823647	7.0	7	7
91.75291444209917	7.0	7	7
91.85297214596187	6.0	6	6
91.95302984982457	6.0	6	6
92.05308755368728	6.0	6	6
92.15314525754998	6.0	6	6
92.25320296141268	6.0	6	6
92.35326066527539	6.0	6	6
92.45331836913809	6.0	6	6
92.55337607300079	7.0	7	7
92.6534337768635	7.0	7	7
92.7534914807262	7.0	7	7
92.8535491845889	7.0	7	7
92.9536068884516	7.0	7	7
93.0536645923143	7.0	7	7
93.15372229617701	7.0	7	7
93.25378000003971	7.0	7	7
93.35383770390241	6.0	6	6
93.45389540776513	6.0	6	6
93.55395311162783	6.0	6	6
93.65401081549054	6.0	6	6
93.75406851935324	5.0	5	5
93.85412622321594	5.0	5	5
93.95418392707865	5.0	5	5
94.05424163094135	5.0	5	5
94.15429933480405	5.0	5	5
94.25435703866675	5.0	5	5
94.35441474252946	5.0	5	5
94.45447244639216	5.0	5	5
94.55453015025486	7.0	7	7
94.65458785411757	6.0	6	6
94.75464555798027	6.0	6	6
94.85470326184297	6.0	6	6
94.95476096570567	7.0	7	7
95.05481866956838	7.0	7	7
95.15487637343108	7.0	7	7
95.25493407729378	8.0	8	8
95.35499178115649	8.0	8	8
95.4550494850192	7.0	7	7
95.5551071888819	7.0	7	7
95.65516489274461	6.0	6	6
95.75522259660731	6.0	6	6
95.85528030047001	6.0	6	6
95.95533800433272	7.0	7	7
96.05539570819542	7.0	7	7
96.15545341205812	6.0	6	6
96.25551111592083	6.0	6	6
96.35556881978353	6.0	6	6
96.45562652364623	5.0	5	5
96.55568422750893	5.0	5	5
96.65574193137164	5.0	5	5
96.75579963523434	5.0	5	5
96.85585733909704	5.0	5	5
96.95591504295975	4.0	4	4
97.05597274682245	4.0	4	4
97.15603045068515	4.0	4	4
97.25608815454785	4.0	4	4
97.35614585841056	4.0	4	4
97.45620356227327	4.0	4	4
97.55626126613598	5.0	5	5
97.65631896999868	5.0	5	5
97.75637667386138	5.0	5	5
97.85643437772409	5.0	5	5
97.95649208158679	5.0	5	5
98.05654978544949	5.0	5	5
98.1566074893122	5.0	5	5
98.2566651931749	5.0	5	5
98.3567228970376	5.0	5	5
98.4567806009003	5.0	5	5
98.556838304763	5.0	5	5
98.65689600862571	5.0	5	5
98.75695371248841	5.0	5	5
98.85701141635111	5.0	5	5
98.95706912021382	5.0	5	5
99.05712682407652	4.0	4	4
99.15718452793922	4.0	4	4
99.25724223180192	4.0	4	4
99.35729993566463	4.0	4	4
99.45735763952734	4.0	4	4
99.55741534339005	4.0	4	4
99.65747304725275	3.0	3	3
99.75753075111545	3.0	3	3
99.85758845497816	3.0	3	3
99.95764615884086	3.0	3	3
100.05770386270356	4.0	4	4
100.15776156656626	4.0	4	4
100.25781927042897	4.0	4	4
100.35787697429167	4.0	4	4
100.45793467815437	4.0	4	4
100.55799238201708	4.0	4	4
100.65805008587978	4.0	4	4
100.75810778974248	4.0	4	4
100.85816549360518	4.0	4	4
100.95822319746789	4.0	4	4
101.05828090133059	4.0	4	4
101.1583386051933	5.0	5	5
101.258396309056	5.0	5	5
101.3584540129187	5.0	5	5
101.45851171678142	5.0	5	5
101.55856942064412	4.0	4	4
101.65862712450682	4.0	4	4
101.75868482836952	4.0	4	4
101.85874253223223	4.0	4	4
101.95880023609493	4.0	4	4
102.05885793995763	4.0	4	4
102.15891564382034	4.0	4	4
102.25897334768304	4.0	4	4
102.35903105154574	4.0	4	4
102.45908875540844	4.0	4	4
102.55914645927115	4.0	4	4
102.65920416313385	5.0	5	5
102.75926186699655	4.0	4	4
102.85931957085926	4.0	4	4
102.95937727472196	4.0	4	4
103.05943497858466	4.0	4	4
103.15949268244736	4.0	4	4
103.25955038631007	4.0	4	4
103.35960809017277	4.0	4	4
103.45966579403547	4.0	4	4
103.55972349789819	4.0	4	4
103.6597812017609	4.0	4	4
103.7598389056236	4.0	4	4
103.8598966094863	4.0	4	4
103.959954313349	4.0	4	4
104.0600120172117	4.0	4	4
104.16006972107441	4.0	4	4
104.26012742493711	4.0	4	4
104.36018512879981	4.0	4	4
104.46024283266252	4.0	4	4
104.56030053652522	4.0	4	4
104.66035824038792	4.0	4	4
104.76041594425062	4.0	4	4
104.86047364811333	4.0	4	4
104.96053135197603	4.0	4	4
105.06058905583873	4.0	4	4
105.16064675970144	4.0	4	4
105.26070446356414	4.0	4	4
105.36076216742684	4.0	4	4
105.46081987128954	4.0	4	4
105.56087757515226	4.0	4	4
105.66093527901496	4.0	4	4
105.76099298287767	4.0	4	4
105.86105068674037	4.0	4	4
105.96110839060307	4.0	4	4
106.06116609446578	4.0	4	4
106.16122379832848	4.0	4	4
106.26128150219118	4.0	4	4
106.36133920605388	4.0	4	4
106.46139690991659	4.0	4	4
106.56145461377929	4.0	4	4
106.66151231764199	4.0	4	4
106.7615700215047	4.0	4	4
106.8616277253674	4.0	4	4
106.9616854292301	4.0	4	4
107.0617431330928	4.0	4	4
107.1618008369555	4.0	4	4
107.26185854081821	4.0	4	4
107.36191624468091	4.0	4	4
107.46197394854362	4.0	4	4
107.56203165240633	4.0	4	4
107.66208935626904	4.0	4	4
107.76214706013174	4.0	4	4
107.86220476399444	4.0	4	4
107.96226246785714	4.0	4	4
108.06232017171985	4.0	4	4
108.16237787558255	4.0	4	4
108.26243557944525	4.0	4	4
108.36249328330796	4.0	4	4
108.46255098717066	4.0	4	4
108.56260869103336	4.0	4	4
108.66266639489606	3.0	3	3
108.76272409875877	3.0	3	3
108.86278180262147	3.0	3	3
108.96283950648417	3.0	3	3
109.06289721034688	3.0	3	3
109.16295491420958	3.0	3	3
109.26301261807228	3.0	3	3
109.36307032193498	3.0	3	3
109.46312802579769	3.0	3	3
109.5631857296604	3.0	3	3
109.6632434335231	3.0	3	3
109.76330113738581	3.0	3	3
109.86335884124851	3.0	3	3
109.96341654511122	3.0	3	3
110.06347424897392	3.0	3	3
110.16353195283662	3.0	3	3
110.26358965669932	3.0	3	3
110.36364736056203	3.0	3	3
110.46370506442473	3.0	3	3
110.56376276828743	3.0	3	3
110.66382047215014	3.0	3	3
110.76387817601284	3.0	3	3
110.86393587987554	3.0	3	3
110.96399358373824	3.0	3	3
111.06405128760095	3.0	3	3
111.16410899146365	3.0	3	3
111.26416669532635	3.0	3	3
111.36422439918906	3.0	3	3
111.46428210305176	3.0	3	3
111.56433980691448	3.0	3	3
111.66439751077718	3.0	3	3
111.76445521463988	3.0	3	3
111.86451291850258	3.0	3	3
111.96457062236529	3.0	3	3
112.06462832622799	3.0	3	3
112.16468603009069	3.0	3	3
112.2647437339534	3.0	3	3
112.3648014378161	3.0	3	3
112.4648591416788	3.0	3	3
112.5649168455415	2.0	2	2
112.6649745494042	2.0	2	2
112.76503225326691	2.0	2	2
112.86508995712961	2.0	2	2
112.96514766099232	2.0	2	2
113.06520536485502	2.0	2	2
113.16526306871772	2.0	2	2
113.26532077258042	2.0	2	2
113.36537847644313	2.0	2	2
113.46543618030583	2.0	2	2
113.56549388416855	2.0	2	2
113.66555158803125	2.0	2	2
113.76560929189395	2.0	2	2
113.86566699575665	2.0	2	2
113.96572469961936	2.0	2	2
114.06578240348206	1.0	1	1
114.16584010734476	1.0	1	1
114.26589781120747	1.0	1	1
114.36595551507017	1.0	1	1
114.46601321893287	1.0	1	1
114.56607092279557	1.0	1	1
114.66612862665828	1.0	1	1
114.76618633052098	1.0	1	1
114.86624403438368	0.0	0	0
114.96630173824639	0.0	0	0
115.06635944210909	0.0	0	0
115.16641714597179	0.0	0	0
115.2664748498345	0.0	0	0
115.3665325536972	0.0	0	0
115.4665902575599	0.0	0	0
115.56664796142262	0.0	0	0
115.66670566528532	0.0	0	0
115.76676336914802	0.0	0	0
115.86682107301073	1.0	1	1
115.96687877687343	1.0	1	1
116.06693648073613	1.0	1	1
116.16699418459883	1.0	1	1
116.26705188846154	1.0	1	1
116.36710959232424	1.0	1	1
116.46716729618694	1.0	1	1
116.56722500004965	1.0	1	1
116.66728270391235	1.0	1	1
116.76734040777505	1.0	1	1
116.86739811163775	1.0	1	1
116.96745581550046	1.0	1	1
117.06751351936316	1.0	1	1
117.16757122322586	1.0	1	1
117.26762892708857	1.0	1	1
117.36768663095127	1.0	1	1
117.46774433481397	1.0	1	1
117.56780203867669	1.0	1	1
117.66785974253939	1.0	1	1
117.7679174464021	1.0	1	1
117.8679751502648	0.0	0	0
117.9680328541275	0.0	0	0
118.0680905579902	0.0	0	0
118.1681482618529	0.0	0	0
118.26820596571561	0.0	0	0
118.36826366957831	0.0	0	0
118.46832137344101	0.0	0	0
118.56837907730372	0.0	0	0
118.66843678116642	0.0	0	0
118.76849448502912	0.0	0	0
118.86855218889183	0.0	0	0
118.96860989275453	0.0	0	0
119.06866759661723	0.0	0	0
119.16872530047993	0.0	0	0
119.26878300434264	0.0	0	0
119.36884070820534	0.0	0	0
119.46889841206804	0.0	0	0
119.56895611593076	0.0	0	0
119.66901381979346	0.0	0	0
119.76907152365617	0.0	0	0
119.86912922751887	0.0	0	0
119.96918693138157	0.0	0	0
120.06924463524427	0.0	0	0
120.16930233910698	0.0	0	0
120.26936004296968	0.0	0	0
120.36941774683238	0.0	0	0
120.46947545069509	0.0	0	0
120.56953315455779	0.0	0	0
120.66959085842049	0.0	0	0
120.7696485622832	0.0	0	0
120.8697062661459	0.0	0	0
120.9697639700086	0.0	0	0
121.0698216738713	0.0	0	0
121.169879377734	0.0	0	0
121.26993708159671	0.0	0	0
121.36999478545941	0.0	0	0
121.47005248932211	0.0	0	0
121.57011019318483	0.0	0	0
121.67016789704753	0.0	0	0
121.77022560091024	0.0	0	0
121.87028330477294	0.0	0	0
121.97034100863564	0.0	0	0
122.07039871249835	0.0	0	0
122.17045641636105	0.0	0	0
122.27051412022375	0.0	0	0
122.37057182408645	0.0	0	0
122.47062952794916	0.0	0	0
122.57068723181186	0.0	0	0
122.67074493567456	0.0	0	0
122.77080263953727	0.0	0	0
122.87086034339997	0.0	0	0
122.97091804726267	0.0	0	0
123.07097575112537	0.0	0	0
123.17103345498808	0.0	0	0
123.27109115885078	0.0	0	0
123.37114886271348	0.0	0	0
123.47120656657619	0.0	0	0
123.5712642704389	0.0	0	0
123.6713219743016	0.0	0	0
123.77137967816431	0.0	0	0
123.87143738202701	0.0	0	0
123.97149508588971	0.0	0	0
124.07155278975242	0.0	0	0
124.17161049361512	0.0	0	0
124.27166819747782	0.0	0	0
124.37172590134053	0.0	0	0
124.47178360520323	0.0	0	0
124.57184130906593	0.0	0	0
124.67189901292863	0.0	0	0
124.77195671679134	0.0	0	0
124.87201442065404	0.0	0	0
124.97207212451674	0.0	0	0
125.07212982837945	0.0	0	0
125.17218753224215	0.0	0	0
125.27224523610485	0.0	0	0
125.37230293996755	0.0	0	0
125.47236064383026	0.0	0	0
125.57241834769297	0.0	0	0
125.67247605155568	0.0	0	0
125.77253375541838	0.0	0	0
125.87259145928108	1.0	1	1
125.97264916314379	1.0	1	1
126.07270686700649	1.0	1	1
126.17276457086919	1.0	1	1
126.2728222747319	1.0	1	1
126.3728799785946	1.0	1	1
126.4729376824573	1.0	1	1
126.57299538632	2.0	2	2
126.6730530901827	2.0	2	2
126.77311079404541	2.0	2	2
126.87316849790811	2.0	2	2
126.97322620177081	2.0	2	2
127.07328390563352	2.0	2	2
127.17334160949622	2.0	2	2
127.27339931335892	2.0	2	2
127.37345701722163	2.0	2	2
127.47351472108433	2.0	2	2
127.57357242494705	2.0	2	2
127.67363012880975	2.0	2	2
127.77368783267245	2.0	2	2
127.87374553653515	2.0	2	2
127.97380324039786	1.0	1	1
128.07386094426056	1.0	1	1
128.17391864812325	1.0	1	1
128.27397635198597	1.0	1	1
128.37403405584865	1.0	1	1
128.47409175971137	1.0	1	1
128.57414946357406	1.0	1	1
128.67420716743678	1.0	1	1
128.7742648712995	2.0	2	2
128.87432257516218	2.0	2	2
128.9743802790249	2.0	2	2
129.0744379828876	2.0	2	2
129.1744956867503	2.0	2	2
129.274553390613	2.0	2	2
129.3746110944757	2.0	2	2
129.4746687983384	2.0	2	2
129.57472650220112	2.0	2	2
129.6747842060638	2.0	2	2
129.77484190992652	2.0	2	2
129.8748996137892	2.0	2	2
129.97495731765193	2.0	2	2
130.07501502151462	2.0	2	2
130.17507272537733	2.0	2	2
130.27513042924002	2.0	2	2
130.37518813310274	2.0	2	2
130.47524583696543	2.0	2	2
130.57530354082814	2.0	2	2
130.67536124469086	2.0	2	2
130.77541894855355	1.0	1	1
130.87547665241627	1.0	1	1
130.97553435627896	1.0	1	1
131.07559206014167	1.0	1	1
131.17564976400436	1.0	1	1
131.27570746786708	1.0	1	1
131.37576517172977	1.0	1	1
131.47582287559248	1.0	1	1
131.57588057945517	1.0	1	1
131.6759382833179	1.0	1	1
131.77599598718058	1.0	1	1
131.8760536910433	1.0	1	1
131.97611139490598	1.0	1	1
132.0761690987687	1.0	1	1
132.1762268026314	1.0	1	1
132.2762845064941	1.0	1	1
132.3763422103568	1.0	1	1
132.4763999142195	1.0	1	1
132.5764576180822	1.0	1	1
132.67651532194492	1.0	1	1
132.77657302580764	1.0	1	1
132.87663072967032	1.0	1	1
132.97668843353304	1.0	1	1
133.07674613739573	1.0	1	1
133.17680384125845	1.0	1	1
133.27686154512114	1.0	1	1
133.37691924898385	1.0	1	1
133.47697695284654	1.0	1	1
133.57703465670926	1.0	1	1
133.67709236057195	1.0	1	1
133.77715006443466	1.0	1	1
133.87720776829735	1.0	1	1
133.97726547216007	1.0	1	1
134.07732317602276	1.0	1	1
134.17738087988548	1.0	1	1
134.27743858374816	1.0	1	1
134.37749628761088	1.0	1	1
134.47755399147357	0.0	0	0
134.5776116953363	0.0	0	0
134.677669399199	0.0	0	0
134.7777271030617	0.0	0	0
134.8777848069244	0.0	0	0
134.9778425107871	0.0	0	0
135.07790021464982	2.0	2	2
135.1779579185125	2.0	2	2
135.27801562237522	2.0	2	2
135.3780733262379	2.0	2	2
135.47813103010063	2.0	2	2
135.57818873396332	2.0	2	2
135.67824643782603	2.0	2	2
135.77830414168872	2.0	2	2
135.87836184555144	2.0	2	2
135.97841954941413	2.0	2	2
136.07847725327684	2.0	2	2
136.17853495713953	2.0	2	2
136.27859266100225	2.0	2	2
136.37865036486494	2.0	2	2
136.47870806872766	3.0	3	3
136.57876577259034	3.0	3	3
136.67882347645306	3.0	3	3
136.77888118031578	3.0	3	3
136.87893888417847	3.0	3	3
136.97899658804118	3.0	3	3
137.07905429190387	2.0	2	2
137.1791119957666	3.0	3	3
137.27916969962928	3.0	3	3
137.379227403492	3.0	3	3
137.47928510735468	3.0	3	3
137.5793428112174	3.0	3	3
137.6794005150801	3.0	3	3
137.7794582189428	3.0	3	3
137.8795159228055	3.0	3	3
137.9795736266682	3.0	3	3
138.0796313305309	3.0	3	3
138.17968903439362	3.0	3	3
138.2797467382563	3.0	3	3
138.37980444211902	3.0	3	3
138.4798621459817	2.0	2	2
138.57991984984443	2.0	2	2
138.67997755370715	2.0	2	2
138.78003525756984	2.0	2	2
138.88009296143255	2.0	2	2
138.98015066529524	2.0	2	2
139.08020836915796	2.0	2	2
139.18026607302065	1.0	1	1
139.28032377688336	1.0	1	1
139.38038148074605	1.0	1	1
139.48043918460877	1.0	1	1
139.58049688847146	1.0	1	1
139.68055459233418	1.0	1	1
139.78061229619686	1.0	1	1
139.88067000005958	1.0	1	1
139.98072770392227	1.0	1	1
140.080785407785	1.0	1	1
140.18084311164768	1.0	1	1
140.2809008155104	1.0	1	1
140.38095851937308	1.0	1	1
140.4810162232358	0.0	0	0
140.5810739270985	1.0	1	1
140.6811316309612	1.0	1	1
140.78118933482392	1.0	1	1
140.8812470386866	1.0	1	1
140.98130474254933	1.0	1	1
141.08136244641202	1.0	1	1
141.18142015027473	1.0	1	1
141.28147785413742	1.0	1	1
141.38153555800014	1.0	1	1
141.48159326186283	1.0	1	1
141.58165096572554	1.0	1	1
141.68170866958823	1.0	1	1
141.78176637345095	1.0	1	1
141.88182407731364	1.0	1	1
141.98188178117636	1.0	1	1
142.08193948503904	1.0	1	1
142.18199718890176	1.0	1	1
142.28205489276445	1.0	1	1
142.38211259662717	1.0	1	1
142.48217030048986	1.0	1	1
142.58222800435257	1.0	1	1
142.6822857082153	1.0	1	1
142.78234341207798	1.0	1	1
142.8824011159407	1.0	1	1
142.98245881980338	1.0	1	1
143.0825165236661	1.0	1	1
143.1825742275288	1.0	1	1
143.2826319313915	1.0	1	1
143.3826896352542	1.0	1	1
143.4827473391169	1.0	1	1
143.5828050429796	1.0	1	1
143.68286274684232	1.0	1	1
143.782920450705	1.0	1	1
143.88297815456772	1.0	1	1
143.9830358584304	1.0	1	1
144.08309356229313	1.0	1	1
144.18315126615582	1.0	1	1
144.28320897001853	1.0	1	1
144.38326667388122	1.0	1	1
144.48332437774394	1.0	1	1
144.58338208160663	1.0	1	1
144.68343978546935	1.0	1	1
144.78349748933206	1.0	1	1
144.88355519319475	1.0	1	1
144.98361289705747	1.0	1	1
145.08367060092016	1.0	1	1
145.18372830478287	1.0	1	1
145.28378600864556	1.0	1	1
145.38384371250828	1.0	1	1
145.48390141637097	1.0	1	1
145.5839591202337	1.0	1	1
145.68401682409637	1.0	1	1
145.7840745279591	1.0	1	1
145.88413223182178	1.0	1	1
145.9841899356845	1.0	1	1
146.0842476395472	1.0	1	1
146.1843053434099	2.0	2	2
146.2843630472726	2.0	2	2
146.3844207511353	2.0	2	2
146.484478454998	2.0	2	2
146.58453615886071	2.0	2	2
146.68459386272343	2.0	2	2
146.78465156658612	2.0	2	2
146.88470927044884	2.0	2	2
146.98476697431153	2.0	2	2
147.08482467817424	2.0	2	2
147.18488238203693	2.0	2	2
147.28494008589965	2.0	2	2
147.38499778976234	2.0	2	2
147.48505549362505	2.0	2	2
147.58511319748774	2.0	2	2
147.68517090135046	2.0	2	2
147.78522860521315	2.0	2	2
147.88528630907587	2.0	2	2
147.98534401293855	2.0	2	2
148.08540171680127	2.0	2	2
148.18545942066396	2.0	2	2
148.28551712452668	3.0	3	3
148.38557482838937	3.0	3	3
148.48563253225208	3.0	3	3
148.58569023611477	3.0	3	3
148.6857479399775	3.0	3	3
148.7858056438402	3.0	3	3
148.8858633477029	3.0	3	3
148.9859210515656	3.0	3	3
149.0859787554283	3.0	3	3
149.18603645929102	3.0	3	3
149.2860941631537	3.0	3	3
149.38615186701642	3.0	3	3
149.4862095708791	3.0	3	3
149.58626727474183	3.0	3	3
149.68632497860452	3.0	3	3
149.78638268246723	3.0	3	3
149.88644038632992	3.0	3	3
149.98649809019264	3.0	3	3
150.08655579405533	3.0	3	3
150.18661349791805	3.0	3	3
150.28667120178073	3.0	3	3
150.38672890564345	3.0	3	3
150.48678660950614	3.0	3	3
150.58684431336886	2.0	2	2
150.68690201723157	2.0	2	2
150.78695972109426	2.0	2	2
150.88701742495698	2.0	2	2
150.98707512881967	2.0	2	2
151.08713283268239	2.0	2	2
151.18719053654507	2.0	2	2
151.2872482404078	2.0	2	2
151.38730594427048	2.0	2	2
151.4873636481332	2.0	2	2
151.58742135199589	2.0	2	2
151.6874790558586	2.0	2	2
151.7875367597213	2.0	2	2
151.887594463584	2.0	2	2
151.9876521674467	2.0	2	2
152.08770987130941	2.0	2	2
152.1877675751721	2.0	2	2
152.28782527903482	2.0	2	2
152.3878829828975	2.0	2	2
152.48794068676023	2.0	2	2
152.58799839062291	2.0	2	2
152.68805609448563	2.0	2	2
152.78811379834835	2.0	2	2
152.88817150221104	2.0	2	2
152.98822920607375	2.0	2	2
153.08828690993644	2.0	2	2
153.18834461379916	2.0	2	2
153.28840231766185	2.0	2	2
153.38846002152457	2.0	2	2
153.48851772538725	2.0	2	2
153.58857542924997	2.0	2	2
153.68863313311266	2.0	2	2
153.78869083697538	2.0	2	2
153.88874854083807	2.0	2	2
153.98880624470078	2.0	2	2
154.08886394856347	2.0	2	2
154.1889216524262	2.0	2	2
154.28897935628888	2.0	2	2
154.3890370601516	2.0	2	2
154.48909476401428	2.0	2	2
154.589152467877	2.0	2	2
154.6892101717397	2.0	2	2
154.7892678756024	2.0	2	2
154.88932557946512	2.0	2	2
154.9893832833278	2.0	2	2
155.08944098719053	2.0	2	2
155.18949869105322	2.0	2	2
155.28955639491593	2.0	2	2
155.38961409877862	1.0	1	1
155.48967180264134	1.0	1	1
155.58972950650403	1.0	1	1
155.68978721036675	1.0	1	1
155.78984491422943	1.0	1	1
155.88990261809215	1.0	1	1
155.98996032195484	1.0	1	1
156.09001802581756	1.0	1	1
156.19007572968025	1.0	1	1
156.29013343354296	1.0	1	1
156.39019113740565	1.0	1	1
156.49024884126837	1.0	1	1
156.59030654513106	1.0	1	1
156.69036424899377	1.0	1	1
156.7904219528565	1.0	1	1
156.89047965671918	1.0	1	1
156.9905373605819	1.0	1	1
157.09059506444459	1.0	1	1
157.1906527683073	1.0	1	1
157.29071047217	1.0	1	1
157.3907681760327	1.0	1	1
157.4908258798954	1.0	1	1
157.5908835837581	1.0	1	1
157.6909412876208	1.0	1	1
157.79099899148352	1.0	1	1
157.8910566953462	1.0	1	1
157.99111439920893	1.0	1	1
158.0911721030716	1.0	1	1
158.19122980693433	1.0	1	1
158.29128751079702	1.0	1	1
158.39134521465974	1.0	1	1
158.49140291852243	1.0	1	1
158.59146062238514	1.0	1	1
158.69151832624783	1.0	1	1
158.79157603011055	1.0	1	1
158.89163373397326	1.0	1	1
158.99169143783595	1.0	1	1
159.09174914169867	0.0	0	0
159.19180684556136	0.0	0	0
159.29186454942408	0.0	0	0
159.39192225328676	0.0	0	0
159.49197995714948	0.0	0	0
159.59203766101217	0.0	0	0
159.6920953648749	0.0	0	0
159.79215306873758	0.0	0	0
159.8922107726003	0.0	0	0
159.99226847646298	0.0	0	0
160.0923261803257	1.0	1	1
160.1923838841884	1.0	1	1
160.2924415880511	1.0	1	1
160.3924992919138	1.0	1	1
160.4925569957765	1.0	1	1
160.5926146996392	1.0	1	1
160.69267240350192	1.0	1	1
160.79273010736463	1.0	1	1
160.89278781122732	1.0	1	1
160.99284551509004	1.0	1	1
161.09290321895273	1.0	1	1
161.19296092281544	1.0	1	1
161.29301862667813	1.0	1	1
161.39307633054085	1.0	1	1
161.49313403440354	1.0	1	1
161.59319173826626	1.0	1	1
161.69324944212894	1.0	1	1
161.79330714599166	1.0	1	1
161.89336484985435	1.0	1	1
161.99342255371707	1.0	1	1
162.09348025757976	1.0	1	1
162.19353796144247	1.0	1	1
162.29359566530516	1.0	1	1
162.39365336916788	1.0	1	1
162.49371107303057	1.0	1	1
162.59376877689328	2.0	2	2
162.69382648075597	2.0	2	2
162.7938841846187	3.0	3	3
162.8939418884814	3.0	3	3
162.9939995923441	3.0	3	3
163.0940572962068	3.0	3	3
163.1941150000695	3.0	3	3
163.29417270393222	4.0	4	4
163.3942304077949	4.0	4	4
163.49428811165762	4.0	4	4
163.5943458155203	4.0	4	4
163.69440351938303	4.0	4	4
163.79446122324572	4.0	4	4
163.89451892710844	4.0	4	4
163.99457663097112	5.0	5	5
164.09463433483384	5.0	5	5
164.19469203869653	5.0	5	5
164.29474974255925	5.0	5	5
164.39480744642194	5.0	5	5
164.49486515028465	5.0	5	5
164.59492285414734	5.0	5	5
164.69498055801006	5.0	5	5
164.79503826187278	6.0	6	6
164.89509596573546	6.0	6	6
164.99515366959818	6.0	6	6
165.09521137346087	5.0	5	5
165.1952690773236	6.0	6	6
165.29532678118628	6.0	6	6
165.395384485049	6.0	6	6
165.49544218891168	5.0	5	5
165.5954998927744	5.0	5	5
165.6955575966371	5.0	5	5
165.7956153004998	5.0	5	5
165.8956730043625	5.0	5	5
165.9957307082252	5.0	5	5
166.0957884120879	5.0	5	5
166.19584611595062	4.0	4	4
166.2959038198133	4.0	4	4
166.39596152367602	5.0	5	5
166.4960192275387	5.0	5	5
166.59607693140143	5.0	5	5
166.69613463526412	5.0	5	5
166.79619233912683	6.0	6	6
166.89625004298955	5.0	5	5
166.99630774685224	4.0	4	4
167.09636545071496	5.0	5	5
167.19642315457764	5.0	5	5
167.29648085844036	4.0	4	4
167.39653856230305	4.0	4	4
167.49659626616577	4.0	4	4
167.59665397002846	4.0	4	4
167.69671167389117	5.0	5	5
167.79676937775386	5.0	5	5
167.89682708161658	5.0	5	5
167.99688478547927	5.0	5	5
168.09694248934198	5.0	5	5
168.19700019320467	5.0	5	5
168.2970578970674	5.0	5	5
168.39711560093008	5.0	5	5
168.4971733047928	5.0	5	5
168.59723100865548	4.0	4	4
168.6972887125182	4.0	4	4
168.79734641638092	4.0	4	4
168.8974041202436	4.0	4	4
168.99746182410632	3.0	3	3
169.097519527969	3.0	3	3
169.19757723183173	3.0	3	3
169.29763493569442	3.0	3	3
169.39769263955714	2.0	2	2
169.49775034341982	2.0	2	2
169.59780804728254	2.0	2	2
169.69786575114523	2.0	2	2
169.79792345500795	2.0	2	2
169.89798115887064	2.0	2	2
169.99803886273335	2.0	2	2
170.09809656659604	2.0	2	2
170.19815427045876	3.0	3	3
170.29821197432145	3.0	3	3
170.39826967818416	3.0	3	3
170.49832738204685	3.0	3	3
170.59838508590957	3.0	3	3
170.69844278977226	3.0	3	3
170.79850049363498	4.0	4	4
170.8985581974977	4.0	4	4
170.99861590136038	4.0	4	4
171.0986736052231	4.0	4	4
171.1987313090858	4.0	4	4
171.2987890129485	4.0	4	4
171.3988467168112	4.0	4	4
171.4989044206739	4.0	4	4
171.5989621245366	4.0	4	4
171.69901982839932	4.0	4	4
171.799077532262	4.0	4	4
171.89913523612472	4.0	4	4
171.9991929399874	4.0	4	4
172.09925064385013	4.0	4	4
172.19930834771282	4.0	4	4
172.29936605157553	4.0	4	4
172.39942375543822	4.0	4	4
172.49948145930094	4.0	4	4
172.59953916316363	4.0	4	4
172.69959686702634	4.0	4	4
172.79965457088906	4.0	4	4
172.89971227475175	4.0	4	4
172.99976997861447	4.0	4	4
173.09982768247716	4.0	4	4
173.19988538633987	4.0	4	4
173.29994309020256	4.0	4	4
173.40000079406528	5.0	5	5
173.50005849792797	5.0	5	5
173.60011620179068	5.0	5	5
173.70017390565337	5.0	5	5
173.8002316095161	5.0	5	5
173.90028931337878	5.0	5	5
174.0003470172415	5.0	5	5
174.10040472110418	5.0	5	5
174.2004624249669	5.0	5	5
174.3005201288296	5.0	5	5
174.4005778326923	5.0	5	5
174.500635536555	5.0	5	5
174.6006932404177	4.0	4	4
174.7007509442804	4.0	4	4
174.80080864814312	4.0	4	4
174.90086635200583	4.0	4	4
175.00092405586852	4.0	4	4
175.10098175973124	4.0	4	4
175.20103946359393	4.0	4	4
175.30109716745665	4.0	4	4
175.40115487131933	4.0	4	4
175.50121257518205	4.0	4	4
175.60127027904474	4.0	4	4
175.70132798290746	4.0	4	4
175.80138568677015	4.0	4	4
175.90144339063286	4.0	4	4
176.00150109449555	4.0	4	4
176.10155879835827	4.0	4	4
176.20161650222096	4.0	4	4
176.30167420608367	4.0	4	4
176.40173190994636	4.0	4	4
176.50178961380908	4.0	4	4
176.60184731767177	4.0	4	4
176.7019050215345	4.0	4	4
176.8019627253972	4.0	4	4
176.9020204292599	4.0	4	4
177.0020781331226	4.0	4	4
177.1021358369853	4.0	4	4
177.20219354084801	4.0	4	4
177.3022512447107	4.0	4	4
177.40230894857342	4.0	4	4
177.5023666524361	4.0	4	4
177.60242435629883	4.0	4	4
177.70248206016151	4.0	4	4
177.80253976402423	4.0	4	4
177.90259746788692	4.0	4	4
178.00265517174964	4.0	4	4
178.10271287561233	4.0	4	4
178.20277057947504	4.0	4	4
178.30282828333773	4.0	4	4
178.40288598720045	4.0	4	4
178.50294369106314	4.0	4	4
178.60300139492585	4.0	4	4
178.70305909878854	4.0	4	4
178.80311680265126	4.0	4	4
178.90317450651398	4.0	4	4
179.00323221037667	4.0	4	4
179.10328991423938	4.0	4	4
179.20334761810207	4.0	4	4
179.3034053219648	4.0	4	4
179.40346302582748	4.0	4	4
179.5035207296902	4.0	4	4
179.60357843355288	4.0	4	4
179.7036361374156	4.0	4	4
179.8036938412783	4.0	4	4
179.903751545141	4.0	4	4
180.0038092490037	4.0	4	4
180.1038669528664	4.0	4	4
180.2039246567291	4.0	4	4
180.30398236059182	4.0	4	4
180.4040400644545	3.0	3	3
180.50409776831722	3.0	3	3
180.6041554721799	3.0	3	3
180.70421317604263	3.0	3	3
180.80427087990532	3.0	3	3
180.90432858376803	3.0	3	3
181.00438628763075	3.0	3	3
181.10444399149344	3.0	3	3
181.20450169535616	3.0	3	3
181.30455939921885	3.0	3	3
181.40461710308156	3.0	3	3
181.50467480694425	3.0	3	3
181.60473251080697	3.0	3	3
181.70479021466966	3.0	3	3
181.80484791853237	3.0	3	3
181.90490562239506	3.0	3	3
182.00496332625778	3.0	3	3
182.10502103012047	3.0	3	3
182.20507873398319	3.0	3	3
182.30513643784587	3.0	3	3
182.4051941417086	2.0	2	2
182.50525184557128	2.0	2	2
182.605309549434	2.0	2	2
182.70536725329669	2.0	2	2
182.8054249571594	2.0	2	2
182.90548266102212	2.0	2	2
183.0055403648848	2.0	2	2
183.10559806874753	2.0	2	2
183.2056557726102	2.0	2	2
183.30571347647293	1.0	1	1
183.40577118033562	1.0	1	1
183.50582888419834	1.0	1	1
183.60588658806103	1.0	1	1
183.70594429192374	1.0	1	1
183.80600199578643	1.0	1	1
183.90605969964915	1.0	1	1
184.00611740351184	1.0	1	1
184.10617510737455	1.0	1	1
184.20623281123724	1.0	1	1
184.30629051509996	1.0	1	1
184.40634821896265	1.0	1	1
184.50640592282537	1.0	1	1
184.60646362668805	1.0	1	1
184.70652133055077	1.0	1	1
184.80657903441346	1.0	1	1
184.90663673827618	1.0	1	1
185.0066944421389	1.0	1	1
185.10675214600158	1.0	1	1
185.2068098498643	1.0	1	1
185.306867553727	1.0	1	1
