time	diversity	m_div	M_div
0.0	38.0	38	38
0.10009164953260141	38.0	38	38
0.20018329906520282	38.0	38	38
0.30027494859780424	38.0	38	38
0.40036659813040565	38.0	38	38
0.5004582476630071	38.0	38	38
0.6005498971956085	38.0	38	38
0.7006415467282099	38.0	38	38
0.8007331962608113	38.0	38	38
0.9008248457934127	37.0	37	37
1.0009164953260141	37.0	37	37
1.1010081448586155	37.0	37	37
1.201099794391217	37.0	37	37
1.3011914439238184	37.0	37	37
1.4012830934564198	37.0	37	37
1.5013747429890212	37.0	37	37
1.6014663925216226	37.0	37	37
1.701558042054224	37.0	37	37
1.8016496915868254	35.0	35	35
1.9017413411194268	36.0	36	36
2.0018329906520282	36.0	36	36
2.1019246401846297	34.0	34	34
2.202016289717231	34.0	34	34
2.3021079392498325	34.0	34	34
2.402199588782434	32.0	32	32
2.5022912383150353	32.0	32	32
2.6023828878476367	32.0	32	32
2.702474537380238	32.0	32	32
2.8025661869128395	32.0	32	32
2.902657836445441	32.0	32	32
3.0027494859780424	32.0	32	32
3.1028411355106438	32.0	32	32
3.202932785043245	32.0	32	32
3.3030244345758466	32.0	32	32
3.403116084108448	32.0	32	32
3.5032077336410494	32.0	32	32
3.603299383173651	32.0	32	32
3.7033910327062523	31.0	31	31
3.8034826822388537	32.0	32	32
3.903574331771455	32.0	32	32
4.0036659813040565	32.0	32	32
4.1037576308366575	32.0	32	32
4.203849280369259	30.0	30	30
4.303940929901861	30.0	30	30
4.404032579434462	30.0	30	30
4.504124228967063	30.0	30	30
4.604215878499665	30.0	30	30
4.704307528032267	30.0	30	30
4.804399177564868	30.0	30	30
4.904490827097469	30.0	30	30
5.004582476630071	30.0	30	30
5.1046741261626725	30.0	30	30
5.204765775695273	30.0	30	30
5.304857425227874	26.0	26	26
5.404949074760476	26.0	26	26
5.505040724293078	24.0	24	24
5.605132373825679	24.0	24	24
5.70522402335828	24.0	24	24
5.805315672890882	24.0	24	24
5.905407322423484	24.0	24	24
6.005498971956085	22.0	22	22
6.105590621488686	20.0	20	20
6.2056822710212876	20.0	20	20
6.305773920553889	19.0	19	19
6.40586557008649	19.0	19	19
6.505957219619091	15.0	15	15
6.606048869151693	15.0	15	15
6.706140518684295	15.0	15	15
6.806232168216896	15.0	15	15
6.906323817749497	4.0	4	4
7.006415467282099	4.0	4	4
7.106507116814701	4.0	4	4
7.206598766347302	4.0	4	4
7.306690415879903	4.0	4	4
7.4067820654125045	4.0	4	4
7.506873714945106	4.0	4	4
7.606965364477707	4.0	4	4
7.707057014010308	4.0	4	4
7.80714866354291	4.0	4	4
7.907240313075512	4.0	4	4
8.007331962608113	4.0	4	4
8.107423612140714	4.0	4	4
8.207515261673315	4.0	4	4
8.307606911205918	4.0	4	4
8.407698560738519	4.0	4	4
8.50779021027112	4.0	4	4
8.607881859803722	4.0	4	4
8.707973509336323	4.0	4	4
8.808065158868924	4.0	4	4
8.908156808401525	4.0	4	4
9.008248457934126	4.0	4	4
9.108340107466729	4.0	4	4
9.20843175699933	4.0	4	4
9.308523406531931	4.0	4	4
9.408615056064534	4.0	4	4
9.508706705597135	4.0	4	4
9.608798355129736	4.0	4	4
9.708890004662337	4.0	4	4
9.808981654194938	4.0	4	4
9.90907330372754	4.0	4	4
10.009164953260141	4.0	4	4
10.109256602792742	4.0	4	4
10.209348252325345	4.0	4	4
10.309439901857946	4.0	4	4
10.409531551390547	4.0	4	4
10.509623200923148	4.0	4	4
10.609714850455749	4.0	4	4
10.709806499988352	4.0	4	4
10.809898149520953	4.0	4	4
10.909989799053553	4.0	4	4
11.010081448586156	4.0	4	4
11.110173098118757	4.0	4	4
11.210264747651358	4.0	4	4
11.31035639718396	4.0	4	4
11.41044804671656	4.0	4	4
11.510539696249163	4.0	4	4
11.610631345781764	4.0	4	4
11.710722995314365	4.0	4	4
11.810814644846968	4.0	4	4
11.910906294379568	4.0	4	4
12.01099794391217	4.0	4	4
12.11108959344477	4.0	4	4
12.211181242977371	4.0	4	4
12.311272892509974	4.0	4	4
12.411364542042575	4.0	4	4
12.511456191575176	4.0	4	4
12.611547841107779	4.0	4	4
12.71163949064038	4.0	4	4
12.81173114017298	4.0	4	4
12.911822789705582	4.0	4	4
13.011914439238183	4.0	4	4
13.112006088770785	4.0	4	4
13.212097738303386	4.0	4	4
13.312189387835987	4.0	4	4
13.41228103736859	4.0	4	4
13.512372686901191	4.0	4	4
13.612464336433792	4.0	4	4
13.712555985966393	4.0	4	4
13.812647635498994	4.0	4	4
13.912739285031597	4.0	4	4
14.012830934564198	4.0	4	4
14.112922584096799	4.0	4	4
14.213014233629401	4.0	4	4
14.313105883162002	4.0	4	4
14.413197532694603	4.0	4	4
14.513289182227204	5.0	5	5
14.613380831759805	5.0	5	5
14.713472481292408	5.0	5	5
14.813564130825009	5.0	5	5
14.91365578035761	5.0	5	5
15.013747429890213	5.0	5	5
15.113839079422814	5.0	5	5
15.213930728955415	5.0	5	5
15.314022378488016	5.0	5	5
15.414114028020617	5.0	5	5
15.51420567755322	5.0	5	5
15.61429732708582	5.0	5	5
15.714388976618421	5.0	5	5
15.814480626151024	5.0	5	5
15.914572275683625	5.0	5	5
16.014663925216226	5.0	5	5
16.114755574748827	5.0	5	5
16.214847224281428	5.0	5	5
16.31493887381403	5.0	5	5
16.41503052334663	5.0	5	5
16.515122172879234	5.0	5	5
16.615213822411835	5.0	5	5
16.715305471944436	5.0	5	5
16.815397121477037	5.0	5	5
16.915488771009638	5.0	5	5
17.01558042054224	5.0	5	5
17.11567207007484	5.0	5	5
17.215763719607445	5.0	5	5
17.315855369140046	5.0	5	5
17.415947018672647	5.0	5	5
17.516038668205248	5.0	5	5
17.61613031773785	5.0	5	5
17.71622196727045	5.0	5	5
17.81631361680305	5.0	5	5
17.91640526633565	5.0	5	5
18.016496915868252	5.0	5	5
18.116588565400857	5.0	5	5
18.216680214933458	5.0	5	5
18.31677186446606	5.0	5	5
18.41686351399866	5.0	5	5
18.51695516353126	5.0	5	5
18.617046813063862	5.0	5	5
18.717138462596463	5.0	5	5
18.817230112129067	5.0	5	5
18.91732176166167	5.0	5	5
19.01741341119427	5.0	5	5
19.11750506072687	5.0	5	5
19.21759671025947	5.0	5	5
19.317688359792072	5.0	5	5
19.417780009324673	5.0	5	5
19.517871658857274	5.0	5	5
19.617963308389875	5.0	5	5
19.71805495792248	5.0	5	5
19.81814660745508	5.0	5	5
19.91823825698768	5.0	5	5
20.018329906520282	5.0	5	5
20.118421556052883	5.0	5	5
20.218513205585484	5.0	5	5
20.318604855118085	5.0	5	5
20.41869650465069	5.0	5	5
20.51878815418329	4.0	4	4
20.618879803715892	4.0	4	4
20.718971453248493	4.0	4	4
20.819063102781094	4.0	4	4
20.919154752313695	4.0	4	4
21.019246401846296	4.0	4	4
21.119338051378897	4.0	4	4
21.219429700911498	4.0	4	4
21.319521350444102	4.0	4	4
21.419612999976703	4.0	4	4
21.519704649509304	4.0	4	4
21.619796299041905	2.0	2	2
21.719887948574506	2.0	2	2
21.819979598107107	2.0	2	2
21.920071247639708	2.0	2	2
22.020162897172312	2.0	2	2
22.120254546704913	2.0	2	2
22.220346196237514	2.0	2	2
22.320437845770115	2.0	2	2
22.420529495302716	2.0	2	2
22.520621144835317	2.0	2	2
22.62071279436792	2.0	2	2
22.72080444390052	2.0	2	2
22.82089609343312	2.0	2	2
22.920987742965725	2.0	2	2
23.021079392498326	2.0	2	2
23.121171042030927	2.0	2	2
23.221262691563528	2.0	2	2
23.32135434109613	2.0	2	2
23.42144599062873	2.0	2	2
23.52153764016133	2.0	2	2
23.621629289693935	2.0	2	2
23.721720939226536	2.0	2	2
23.821812588759137	2.0	2	2
23.921904238291738	2.0	2	2
24.02199588782434	2.0	2	2
24.12208753735694	2.0	2	2
24.22217918688954	2.0	2	2
24.322270836422142	2.0	2	2
24.422362485954743	2.0	2	2
24.522454135487347	2.0	2	2
24.62254578501995	2.0	2	2
24.72263743455255	2.0	2	2
24.82272908408515	2.0	2	2
24.92282073361775	2.0	2	2
25.022912383150352	2.0	2	2
25.123004032682953	2.0	2	2
25.223095682215558	2.0	2	2
25.32318733174816	2.0	2	2
25.42327898128076	2.0	2	2
25.52337063081336	2.0	2	2
25.62346228034596	1.0	1	1
25.723553929878562	1.0	1	1
25.823645579411163	1.0	1	1
25.923737228943764	0.0	0	0
26.023828878476365	0.0	0	0
26.12392052800897	0.0	0	0
26.22401217754157	0.0	0	0
26.324103827074172	0.0	0	0
26.424195476606773	0.0	0	0
26.524287126139374	0.0	0	0
26.624378775671975	0.0	0	0
26.724470425204576	0.0	0	0
26.82456207473718	0.0	0	0
26.92465372426978	0.0	0	0
27.024745373802382	0.0	0	0
27.124837023334983	0.0	0	0
27.224928672867584	0.0	0	0
27.325020322400185	0.0	0	0
27.425111971932786	0.0	0	0
27.525203621465387	0.0	0	0
27.625295270997988	0.0	0	0
27.725386920530593	0.0	0	0
27.825478570063193	0.0	0	0
27.925570219595794	0.0	0	0
28.025661869128395	0.0	0	0
28.125753518660996	0.0	0	0
28.225845168193597	0.0	0	0
28.3259368177262	0.0	0	0
28.426028467258803	0.0	0	0
28.526120116791404	0.0	0	0
28.626211766324005	0.0	0	0
28.726303415856606	0.0	0	0
28.826395065389207	0.0	0	0
28.926486714921808	0.0	0	0
29.02657836445441	0.0	0	0
29.12667001398701	0.0	0	0
29.22676166351961	0.0	0	0
29.326853313052215	0.0	0	0
29.426944962584816	0.0	0	0
29.527036612117417	0.0	0	0
29.627128261650018	0.0	0	0
29.72721991118262	0.0	0	0
29.82731156071522	0.0	0	0
29.92740321024782	0.0	0	0
30.027494859780425	0.0	0	0
30.127586509313026	0.0	0	0
30.227678158845627	0.0	0	0
30.32776980837823	0.0	0	0
30.42786145791083	0.0	0	0
30.52795310744343	0.0	0	0
30.62804475697603	0.0	0	0
30.728136406508632	0.0	0	0
30.828228056041233	0.0	0	0
30.928319705573838	0.0	0	0
31.02841135510644	0.0	0	0
31.12850300463904	0.0	0	0
31.22859465417164	0.0	0	0
31.32868630370424	0.0	0	0
31.428777953236843	0.0	0	0
31.528869602769444	0.0	0	0
31.628961252302048	0.0	0	0
31.72905290183465	0.0	0	0
31.82914455136725	0.0	0	0
31.92923620089985	0.0	0	0
32.02932785043245	0.0	0	0
32.12941949996505	0.0	0	0
32.229511149497654	0.0	0	0
32.329602799030255	0.0	0	0
32.429694448562856	0.0	0	0
32.52978609809546	0.0	0	0
32.62987774762806	0.0	0	0
32.72996939716066	0.0	0	0
32.83006104669326	0.0	0	0
32.93015269622587	0.0	0	0
33.03024434575847	0.0	0	0
33.13033599529107	0.0	0	0
33.23042764482367	0.0	0	0
33.33051929435627	0.0	0	0
33.43061094388887	0.0	0	0
33.53070259342147	0.0	0	0
33.630794242954074	0.0	0	0
33.730885892486675	0.0	0	0
33.830977542019276	0.0	0	0
33.93106919155188	0.0	0	0
34.03116084108448	0.0	0	0
34.13125249061708	0.0	0	0
34.23134414014968	0.0	0	0
34.33143578968228	1.0	1	1
34.43152743921489	1.0	1	1
34.53161908874749	1.0	1	1
34.63171073828009	1.0	1	1
34.73180238781269	1.0	1	1
34.83189403734529	1.0	1	1
34.931985686877894	1.0	1	1
35.032077336410495	1.0	1	1
35.132168985943096	1.0	1	1
35.2322606354757	1.0	1	1
35.3323522850083	1.0	1	1
35.4324439345409	1.0	1	1
35.5325355840735	1.0	1	1
35.6326272336061	1.0	1	1
35.7327188831387	1.0	1	1
35.8328105326713	1.0	1	1
35.932902182203904	1.0	1	1
36.032993831736505	1.0	1	1
36.13308548126911	1.0	1	1
36.233177130801714	1.0	1	1
36.333268780334315	1.0	1	1
36.433360429866916	1.0	1	1
36.53345207939952	1.0	1	1
36.63354372893212	1.0	1	1
36.73363537846472	1.0	1	1
36.83372702799732	1.0	1	1
36.93381867752992	1.0	1	1
37.03391032706252	1.0	1	1
37.13400197659512	1.0	1	1
37.234093626127724	1.0	1	1
37.334185275660325	1.0	1	1
37.434276925192925	1.0	1	1
37.53436857472553	1.0	1	1
37.634460224258135	1.0	1	1
37.734551873790735	2.0	2	2
37.83464352332334	2.0	2	2
37.93473517285594	3.0	3	3
38.03482682238854	3.0	3	3
38.13491847192114	3.0	3	3
38.23501012145374	3.0	3	3
38.33510177098634	3.0	3	3
38.43519342051894	3.0	3	3
38.53528507005154	3.0	3	3
38.635376719584144	4.0	4	4
38.735468369116745	4.0	4	4
38.835560018649346	4.0	4	4
38.93565166818195	4.0	4	4
39.03574331771455	4.0	4	4
39.13583496724715	4.0	4	4
39.23592661677975	6.0	6	6
39.33601826631236	7.0	7	7
39.43610991584496	7.0	7	7
39.53620156537756	8.0	8	8
39.63629321491016	10.0	10	10
39.73638486444276	9.0	9	9
39.83647651397536	9.0	9	9
39.936568163507964	9.0	9	9
40.036659813040565	9.0	9	9
40.136751462573166	9.0	9	9
40.23684311210577	9.0	9	9
40.33693476163837	9.0	9	9
40.43702641117097	9.0	9	9
40.53711806070357	9.0	9	9
40.63720971023617	9.0	9	9
40.73730135976877	9.0	9	9
40.83739300930138	9.0	9	9
40.93748465883398	10.0	10	10
41.03757630836658	10.0	10	10
41.13766795789918	10.0	10	10
41.237759607431784	10.0	10	10
41.337851256964385	10.0	10	10
41.437942906496986	10.0	10	10
41.53803455602959	10.0	10	10
41.63812620556219	10.0	10	10
41.73821785509479	10.0	10	10
41.83830950462739	10.0	10	10
41.93840115415999	10.0	10	10
42.03849280369259	10.0	10	10
42.13858445322519	10.0	10	10
42.23867610275779	10.0	10	10
42.338767752290394	10.0	10	10
42.438859401822995	10.0	10	10
42.5389510513556	10.0	10	10
42.639042700888204	10.0	10	10
42.739134350420805	11.0	11	11
42.839225999953406	11.0	11	11
42.93931764948601	11.0	11	11
43.03940929901861	11.0	11	11
43.13950094855121	11.0	11	11
43.23959259808381	11.0	11	11
43.33968424761641	11.0	11	11
43.43977589714901	11.0	11	11
43.53986754668161	11.0	11	11
43.639959196214214	11.0	11	11
43.740050845746815	11.0	11	11
43.840142495279416	11.0	11	11
43.94023414481202	11.0	11	11
44.040325794344625	11.0	11	11
44.140417443877226	11.0	11	11
44.24050909340983	11.0	11	11
44.34060074294243	11.0	11	11
44.44069239247503	11.0	11	11
44.54078404200763	11.0	11	11
44.64087569154023	11.0	11	11
44.74096734107283	11.0	11	11
44.84105899060543	11.0	11	11
44.941150640138034	11.0	11	11
45.041242289670635	11.0	11	11
45.141333939203236	11.0	11	11
45.24142558873584	11.0	11	11
45.34151723826844	11.0	11	11
45.44160888780104	11.0	11	11
45.54170053733364	11.0	11	11
45.64179218686624	11.0	11	11
45.74188383639885	11.0	11	11
45.84197548593145	11.0	11	11
45.94206713546405	12.0	12	12
46.04215878499665	12.0	12	12
46.14225043452925	12.0	12	12
46.24234208406185	12.0	12	12
46.342433733594454	12.0	12	12
46.442525383127055	12.0	12	12
46.542617032659656	12.0	12	12
46.64270868219226	12.0	12	12
46.74280033172486	12.0	12	12
46.84289198125746	12.0	12	12
46.94298363079006	12.0	12	12
47.04307528032266	12.0	12	12
47.14316692985526	12.0	12	12
47.24325857938787	12.0	12	12
47.34335022892047	14.0	14	14
47.44344187845307	14.0	14	14
47.54353352798567	14.0	14	14
47.643625177518274	14.0	14	14
47.743716827050875	14.0	14	14
47.843808476583476	15.0	15	15
47.94390012611608	15.0	15	15
48.04399177564868	15.0	15	15
48.14408342518128	16.0	16	16
48.24417507471388	16.0	16	16
48.34426672424648	16.0	16	16
48.44435837377908	16.0	16	16
48.54445002331168	16.0	16	16
48.644541672844284	16.0	16	16
48.744633322376885	17.0	17	17
48.844724971909486	17.0	17	17
48.944816621442094	17.0	17	17
49.044908270974695	17.0	17	17
49.144999920507296	18.0	18	18
49.2450915700399	18.0	18	18
49.3451832195725	18.0	18	18
49.4452748691051	18.0	18	18
49.5453665186377	18.0	18	18
49.6454581681703	18.0	18	18
49.7455498177029	18.0	18	18
49.8456414672355	17.0	17	17
49.9457331167681	17.0	17	17
50.045824766300704	17.0	17	17
50.145916415833305	16.0	16	16
50.246008065365906	16.0	16	16
50.34609971489851	16.0	16	16
50.446191364431115	16.0	16	16
50.546283013963716	14.0	14	14
50.64637466349632	13.0	13	13
50.74646631302892	13.0	13	13
50.84655796256152	14.0	14	14
50.94664961209412	15.0	15	15
51.04674126162672	15.0	15	15
51.14683291115932	14.0	14	14
51.24692456069192	14.0	14	14
51.347016210224524	14.0	14	14
51.447107859757125	14.0	14	14
51.547199509289726	14.0	14	14
51.64729115882233	14.0	14	14
51.74738280835493	14.0	14	14
51.84747445788753	14.0	14	14
51.94756610742013	15.0	15	15
52.04765775695273	15.0	15	15
52.14774940648534	15.0	15	15
52.24784105601794	15.0	15	15
52.34793270555054	15.0	15	15
52.44802435508314	15.0	15	15
52.54811600461574	15.0	15	15
52.648207654148344	15.0	15	15
52.748299303680945	15.0	15	15
52.848390953213546	15.0	15	15
52.94848260274615	15.0	15	15
53.04857425227875	14.0	14	14
53.14866590181135	14.0	14	14
53.24875755134395	14.0	14	14
53.34884920087655	12.0	12	12
53.44894085040915	12.0	12	12
53.54903249994175	12.0	12	12
53.64912414947436	12.0	12	12
53.74921579900696	12.0	12	12
53.84930744853956	12.0	12	12
53.94939909807216	11.0	11	11
54.049490747604764	11.0	11	11
54.149582397137365	10.0	10	10
54.249674046669966	10.0	10	10
54.34976569620257	10.0	10	10
54.44985734573517	10.0	10	10
54.54994899526777	10.0	10	10
54.65004064480037	10.0	10	10
54.75013229433297	10.0	10	10
54.85022394386557	11.0	11	11
54.95031559339817	11.0	11	11
55.050407242930774	10.0	10	10
55.150498892463375	11.0	11	11
55.250590541995976	11.0	11	11
55.350682191528584	11.0	11	11
55.450773841061185	11.0	11	11
55.550865490593786	11.0	11	11
55.65095714012639	11.0	11	11
55.75104878965899	11.0	11	11
55.85114043919159	11.0	11	11
55.95123208872419	11.0	11	11
56.05132373825679	13.0	13	13
56.15141538778939	13.0	13	13
56.25150703732199	15.0	15	15
56.351598686854594	15.0	15	15
56.451690336387195	15.0	15	15
56.551781985919796	15.0	15	15
56.6518736354524	14.0	14	14
56.751965284985	13.0	13	13
56.852056934517606	13.0	13	13
56.95214858405021	12.0	12	12
57.05224023358281	13.0	13	13
57.15233188311541	13.0	13	13
57.25242353264801	13.0	13	13
57.35251518218061	9.0	9	9
57.45260683171321	9.0	9	9
57.55269848124581	7.0	7	7
57.65279013077841	6.0	6	6
57.752881780311014	5.0	5	5
57.852973429843615	5.0	5	5
57.953065079376216	5.0	5	5
58.05315672890882	5.0	5	5
58.15324837844142	5.0	5	5
58.25334002797402	5.0	5	5
58.35343167750662	5.0	5	5
58.45352332703922	5.0	5	5
58.55361497657183	6.0	6	6
58.65370662610443	6.0	6	6
58.75379827563703	6.0	6	6
58.85388992516963	6.0	6	6
58.95398157470223	5.0	5	5
59.054073224234834	4.0	4	4
59.154164873767435	5.0	5	5
59.254256523300036	5.0	5	5
59.35434817283264	5.0	5	5
59.45443982236524	5.0	5	5
59.55453147189784	5.0	5	5
59.65462312143044	5.0	5	5
59.75471477096304	5.0	5	5
59.85480642049564	6.0	6	6
59.95489807002824	6.0	6	6
60.05498971956085	6.0	6	6
60.15508136909345	5.0	5	5
60.25517301862605	5.0	5	5
60.355264668158654	5.0	5	5
60.455356317691255	5.0	5	5
60.555447967223856	5.0	5	5
60.65553961675646	5.0	5	5
60.75563126628906	5.0	5	5
60.85572291582166	5.0	5	5
60.95581456535426	5.0	5	5
61.05590621488686	6.0	6	6
61.15599786441946	6.0	6	6
61.25608951395206	6.0	6	6
61.35618116348466	5.0	5	5
61.456272813017264	5.0	5	5
61.556364462549865	5.0	5	5
61.656456112082466	5.0	5	5
61.756547761615074	5.0	5	5
61.856639411147675	5.0	5	5
61.956731060680276	5.0	5	5
62.05682271021288	5.0	5	5
62.15691435974548	5.0	5	5
62.25700600927808	5.0	5	5
62.35709765881068	5.0	5	5
62.45718930834328	5.0	5	5
62.55728095787588	5.0	5	5
62.65737260740848	5.0	5	5
62.757464256941084	5.0	5	5
62.857555906473685	6.0	6	6
62.957647556006286	6.0	6	6
63.05773920553889	6.0	6	6
63.15783085507149	7.0	7	7
63.257922504604096	7.0	7	7
63.3580141541367	7.0	7	7
63.4581058036693	8.0	8	8
63.5581974532019	7.0	7	7
63.6582891027345	7.0	7	7
63.7583807522671	7.0	7	7
63.8584724017997	7.0	7	7
63.9585640513323	6.0	6	6
64.0586557008649	6.0	6	6
64.1587473503975	6.0	6	6
64.2588389999301	6.0	6	6
64.3589306494627	6.0	6	6
64.45902229899531	5.0	5	5
64.55911394852791	5.0	5	5
64.65920559806051	5.0	5	5
64.75929724759311	5.0	5	5
64.85938889712571	5.0	5	5
64.95948054665831	5.0	5	5
65.05957219619091	5.0	5	5
65.15966384572351	5.0	5	5
65.25975549525612	5.0	5	5
65.35984714478872	7.0	7	7
65.45993879432132	8.0	8	8
65.56003044385392	9.0	9	9
65.66012209338652	9.0	9	9
65.76021374291913	11.0	11	11
65.86030539245174	14.0	14	14
65.96039704198434	15.0	15	15
66.06048869151694	15.0	15	15
66.16058034104954	15.0	15	15
66.26067199058214	15.0	15	15
66.36076364011474	15.0	15	15
66.46085528964734	16.0	16	16
66.56094693917994	16.0	16	16
66.66103858871254	17.0	17	17
66.76113023824514	16.0	16	16
66.86122188777775	16.0	16	16
66.96131353731035	17.0	17	17
67.06140518684295	17.0	17	17
67.16149683637555	17.0	17	17
67.26158848590815	17.0	17	17
67.36168013544075	17.0	17	17
67.46177178497335	16.0	16	16
67.56186343450595	18.0	18	18
67.66195508403855	18.0	18	18
67.76204673357115	19.0	19	19
67.86213838310375	19.0	19	19
67.96223003263636	19.0	19	19
68.06232168216896	19.0	19	19
68.16241333170156	19.0	19	19
68.26250498123416	19.0	19	19
68.36259663076676	19.0	19	19
68.46268828029936	19.0	19	19
68.56277992983196	19.0	19	19
68.66287157936456	19.0	19	19
68.76296322889716	19.0	19	19
68.86305487842978	20.0	20	20
68.96314652796238	20.0	20	20
69.06323817749498	19.0	19	19
69.16332982702758	17.0	17	17
69.26342147656018	17.0	17	17
69.36351312609278	16.0	16	16
69.46360477562538	16.0	16	16
69.56369642515799	16.0	16	16
69.66378807469059	16.0	16	16
69.76387972422319	16.0	16	16
69.86397137375579	16.0	16	16
69.96406302328839	16.0	16	16
70.06415467282099	15.0	15	15
70.16424632235359	16.0	16	16
70.26433797188619	15.0	15	15
70.3644296214188	15.0	15	15
70.4645212709514	15.0	15	15
70.564612920484	15.0	15	15
70.6647045700166	16.0	16	16
70.7647962195492	17.0	17	17
70.8648878690818	16.0	16	16
70.9649795186144	16.0	16	16
71.065071168147	16.0	16	16
71.1651628176796	16.0	16	16
71.2652544672122	16.0	16	16
71.3653461167448	16.0	16	16
71.4654377662774	16.0	16	16
71.56552941581	16.0	16	16
71.6656210653426	16.0	16	16
71.7657127148752	16.0	16	16
71.86580436440781	15.0	15	15
71.96589601394041	14.0	14	14
72.06598766347301	14.0	14	14
72.16607931300562	14.0	14	14
72.26617096253823	13.0	13	13
72.36626261207083	12.0	12	12
72.46635426160343	12.0	12	12
72.56644591113603	12.0	12	12
72.66653756066863	12.0	12	12
72.76662921020123	12.0	12	12
72.86672085973383	12.0	12	12
72.96681250926643	12.0	12	12
73.06690415879903	13.0	13	13
73.16699580833163	13.0	13	13
73.26708745786424	13.0	13	13
73.36717910739684	12.0	12	12
73.46727075692944	13.0	13	13
73.56736240646204	13.0	13	13
73.66745405599464	13.0	13	13
73.76754570552724	14.0	14	14
73.86763735505984	15.0	15	15
73.96772900459244	15.0	15	15
74.06782065412504	15.0	15	15
74.16791230365764	15.0	15	15
74.26800395319025	15.0	15	15
74.36809560272285	15.0	15	15
74.46818725225545	15.0	15	15
74.56827890178805	15.0	15	15
74.66837055132065	15.0	15	15
74.76846220085325	15.0	15	15
74.86855385038585	15.0	15	15
74.96864549991845	15.0	15	15
75.06873714945105	15.0	15	15
75.16882879898365	15.0	15	15
75.26892044851627	15.0	15	15
75.36901209804887	15.0	15	15
75.46910374758147	15.0	15	15
75.56919539711407	14.0	14	14
75.66928704664667	14.0	14	14
75.76937869617927	14.0	14	14
75.86947034571187	14.0	14	14
75.96956199524448	14.0	14	14
76.06965364477708	14.0	14	14
76.16974529430968	14.0	14	14
76.26983694384228	14.0	14	14
76.36992859337488	14.0	14	14
76.47002024290748	14.0	14	14
76.57011189244008	14.0	14	14
76.67020354197268	14.0	14	14
76.77029519150528	14.0	14	14
76.87038684103788	14.0	14	14
76.97047849057049	15.0	15	15
77.07057014010309	15.0	15	15
77.17066178963569	15.0	15	15
77.27075343916829	15.0	15	15
77.37084508870089	15.0	15	15
77.47093673823349	15.0	15	15
77.57102838776609	15.0	15	15
77.67112003729869	14.0	14	14
77.7712116868313	13.0	13	13
77.8713033363639	13.0	13	13
77.9713949858965	13.0	13	13
78.0714866354291	13.0	13	13
78.1715782849617	13.0	13	13
78.2716699344943	13.0	13	13
78.3717615840269	13.0	13	13
78.4718532335595	13.0	13	13
78.57194488309212	13.0	13	13
78.67203653262472	13.0	13	13
78.77212818215732	12.0	12	12
78.87221983168992	12.0	12	12
78.97231148122252	12.0	12	12
79.07240313075512	12.0	12	12
79.17249478028772	12.0	12	12
79.27258642982032	12.0	12	12
79.37267807935292	12.0	12	12
79.47276972888552	12.0	12	12
79.57286137841812	11.0	11	11
79.67295302795073	11.0	11	11
79.77304467748333	10.0	10	10
79.87313632701593	10.0	10	10
79.97322797654853	11.0	11	11
80.07331962608113	11.0	11	11
80.17341127561373	11.0	11	11
80.27350292514633	11.0	11	11
80.37359457467893	11.0	11	11
80.47368622421153	11.0	11	11
80.57377787374413	11.0	11	11
80.67386952327674	11.0	11	11
80.77396117280934	11.0	11	11
80.87405282234194	11.0	11	11
80.97414447187454	11.0	11	11
81.07423612140714	11.0	11	11
81.17432777093974	11.0	11	11
81.27441942047234	11.0	11	11
81.37451107000494	11.0	11	11
81.47460271953754	11.0	11	11
81.57469436907014	11.0	11	11
81.67478601860276	10.0	10	10
81.77487766813536	10.0	10	10
81.87496931766796	10.0	10	10
81.97506096720056	10.0	10	10
82.07515261673316	10.0	10	10
82.17524426626576	10.0	10	10
82.27533591579837	10.0	10	10
82.37542756533097	10.0	10	10
82.47551921486357	11.0	11	11
82.57561086439617	11.0	11	11
82.67570251392877	11.0	11	11
82.77579416346137	11.0	11	11
82.87588581299397	11.0	11	11
82.97597746252657	11.0	11	11
83.07606911205917	11.0	11	11
83.17616076159177	10.0	10	10
83.27625241112437	12.0	12	12
83.37634406065698	12.0	12	12
83.47643571018958	12.0	12	12
83.57652735972218	12.0	12	12
83.67661900925478	12.0	12	12
83.77671065878738	12.0	12	12
83.87680230831998	12.0	12	12
83.97689395785258	12.0	12	12
84.07698560738518	11.0	11	11
84.17707725691778	12.0	12	12
84.27716890645038	12.0	12	12
84.37726055598299	12.0	12	12
84.47735220551559	12.0	12	12
84.57744385504819	12.0	12	12
84.67753550458079	12.0	12	12
84.77762715411339	10.0	10	10
84.87771880364599	10.0	10	10
84.9778104531786	11.0	11	11
85.0779021027112	11.0	11	11
85.17799375224381	11.0	11	11
85.27808540177641	11.0	11	11
85.37817705130901	11.0	11	11
85.47826870084161	10.0	10	10
85.57836035037421	10.0	10	10
85.67845199990681	9.0	9	9
85.77854364943941	9.0	9	9
85.87863529897201	9.0	9	9
85.97872694850462	9.0	9	9
86.07881859803722	9.0	9	9
86.17891024756982	9.0	9	9
86.27900189710242	9.0	9	9
86.37909354663502	7.0	7	7
86.47918519616762	6.0	6	6
86.57927684570022	7.0	7	7
86.67936849523282	7.0	7	7
86.77946014476542	7.0	7	7
86.87955179429802	7.0	7	7
86.97964344383062	6.0	6	6
87.07973509336323	6.0	6	6
87.17982674289583	6.0	6	6
87.27991839242843	6.0	6	6
87.38001004196103	6.0	6	6
87.48010169149363	6.0	6	6
87.58019334102623	6.0	6	6
87.68028499055883	6.0	6	6
87.78037664009143	6.0	6	6
87.88046828962403	6.0	6	6
87.98055993915663	6.0	6	6
88.08065158868925	6.0	6	6
88.18074323822185	6.0	6	6
88.28083488775445	6.0	6	6
88.38092653728705	6.0	6	6
88.48101818681965	6.0	6	6
88.58110983635225	6.0	6	6
88.68120148588486	6.0	6	6
88.78129313541746	6.0	6	6
88.88138478495006	6.0	6	6
88.98147643448266	6.0	6	6
89.08156808401526	6.0	6	6
89.18165973354786	6.0	6	6
89.28175138308046	6.0	6	6
89.38184303261306	6.0	6	6
89.48193468214566	6.0	6	6
89.58202633167826	6.0	6	6
89.68211798121087	7.0	7	7
89.78220963074347	7.0	7	7
89.88230128027607	7.0	7	7
89.98239292980867	7.0	7	7
90.08248457934127	7.0	7	7
90.18257622887387	7.0	7	7
90.28266787840647	8.0	8	8
90.38275952793907	9.0	9	9
90.48285117747167	9.0	9	9
90.58294282700427	9.0	9	9
90.68303447653687	9.0	9	9
90.78312612606948	9.0	9	9
90.88321777560208	8.0	8	8
90.98330942513468	8.0	8	8
91.08340107466728	8.0	8	8
91.18349272419988	7.0	7	7
91.28358437373248	6.0	6	6
91.3836760232651	6.0	6	6
91.4837676727977	6.0	6	6
91.5838593223303	6.0	6	6
91.6839509718629	6.0	6	6
91.7840426213955	6.0	6	6
91.8841342709281	6.0	6	6
91.9842259204607	7.0	7	7
92.0843175699933	7.0	7	7
92.1844092195259	7.0	7	7
92.2845008690585	7.0	7	7
92.3845925185911	7.0	7	7
92.4846841681237	7.0	7	7
92.58477581765631	7.0	7	7
92.68486746718891	7.0	7	7
92.78495911672151	7.0	7	7
92.88505076625411	7.0	7	7
92.98514241578671	5.0	5	5
93.08523406531931	5.0	5	5
93.18532571485191	5.0	5	5
93.28541736438451	5.0	5	5
93.38550901391712	5.0	5	5
93.48560066344972	4.0	4	4
93.58569231298232	4.0	4	4
93.68578396251492	4.0	4	4
93.78587561204752	5.0	5	5
93.88596726158012	5.0	5	5
93.98605891111272	6.0	6	6
94.08615056064532	6.0	6	6
94.18624221017792	6.0	6	6
94.28633385971052	6.0	6	6
94.38642550924313	6.0	6	6
94.48651715877574	6.0	6	6
94.58660880830834	6.0	6	6
94.68670045784094	5.0	5	5
94.78679210737354	5.0	5	5
94.88688375690614	5.0	5	5
94.98697540643875	3.0	3	3
95.08706705597135	3.0	3	3
95.18715870550395	3.0	3	3
95.28725035503655	4.0	4	4
95.38734200456915	4.0	4	4
95.48743365410175	4.0	4	4
95.58752530363435	4.0	4	4
95.68761695316695	4.0	4	4
95.78770860269955	4.0	4	4
95.88780025223215	5.0	5	5
95.98789190176475	6.0	6	6
96.08798355129736	6.0	6	6
96.18807520082996	6.0	6	6
96.28816685036256	6.0	6	6
96.38825849989516	5.0	5	5
96.48835014942776	5.0	5	5
96.58844179896036	5.0	5	5
96.68853344849296	5.0	5	5
96.78862509802556	5.0	5	5
96.88871674755816	5.0	5	5
96.98880839709076	5.0	5	5
97.08890004662337	4.0	4	4
97.18899169615597	4.0	4	4
97.28908334568857	3.0	3	3
97.38917499522117	5.0	5	5
97.48926664475377	5.0	5	5
97.58935829428637	5.0	5	5
97.68944994381897	5.0	5	5
97.78954159335159	5.0	5	5
97.88963324288419	5.0	5	5
97.98972489241679	5.0	5	5
98.08981654194939	5.0	5	5
98.18990819148199	5.0	5	5
98.28999984101459	5.0	5	5
98.39009149054719	6.0	6	6
98.4901831400798	5.0	5	5
98.5902747896124	5.0	5	5
98.690366439145	5.0	5	5
98.7904580886776	5.0	5	5
98.8905497382102	5.0	5	5
98.9906413877428	5.0	5	5
99.0907330372754	5.0	5	5
99.190824686808	5.0	5	5
99.2909163363406	4.0	4	4
99.3910079858732	4.0	4	4
99.4910996354058	4.0	4	4
99.5911912849384	3.0	3	3
99.691282934471	3.0	3	3
99.7913745840036	3.0	3	3
99.8914662335362	3.0	3	3
99.99155788306881	3.0	3	3
100.09164953260141	3.0	3	3
100.19174118213401	3.0	3	3
100.29183283166661	3.0	3	3
100.39192448119921	3.0	3	3
100.49201613073181	3.0	3	3
100.59210778026441	3.0	3	3
100.69219942979701	4.0	4	4
100.79229107932962	4.0	4	4
100.89238272886223	4.0	4	4
100.99247437839483	4.0	4	4
101.09256602792743	4.0	4	4
101.19265767746003	4.0	4	4
101.29274932699263	4.0	4	4
101.39284097652524	4.0	4	4
101.49293262605784	4.0	4	4
101.59302427559044	4.0	4	4
101.69311592512304	4.0	4	4
101.79320757465564	4.0	4	4
101.89329922418824	4.0	4	4
101.99339087372084	4.0	4	4
102.09348252325344	3.0	3	3
102.19357417278604	3.0	3	3
102.29366582231864	3.0	3	3
102.39375747185125	3.0	3	3
102.49384912138385	3.0	3	3
102.59394077091645	3.0	3	3
102.69403242044905	3.0	3	3
102.79412406998165	3.0	3	3
102.89421571951425	3.0	3	3
102.99430736904685	3.0	3	3
103.09439901857945	3.0	3	3
103.19449066811205	3.0	3	3
103.29458231764465	3.0	3	3
103.39467396717725	3.0	3	3
103.49476561670986	3.0	3	3
103.59485726624246	3.0	3	3
103.69494891577506	3.0	3	3
103.79504056530766	3.0	3	3
103.89513221484026	3.0	3	3
103.99522386437286	4.0	4	4
104.09531551390546	4.0	4	4
104.19540716343808	4.0	4	4
104.29549881297068	4.0	4	4
104.39559046250328	4.0	4	4
104.49568211203588	4.0	4	4
104.59577376156848	4.0	4	4
104.69586541110108	4.0	4	4
104.79595706063368	4.0	4	4
104.89604871016628	4.0	4	4
104.99614035969888	4.0	4	4
105.09623200923149	4.0	4	4
105.19632365876409	4.0	4	4
105.29641530829669	4.0	4	4
105.39650695782929	4.0	4	4
105.49659860736189	4.0	4	4
105.59669025689449	4.0	4	4
105.69678190642709	4.0	4	4
105.79687355595969	4.0	4	4
105.8969652054923	4.0	4	4
105.9970568550249	4.0	4	4
106.0971485045575	4.0	4	4
106.1972401540901	4.0	4	4
106.2973318036227	4.0	4	4
106.3974234531553	4.0	4	4
106.4975151026879	4.0	4	4
106.5976067522205	4.0	4	4
106.6976984017531	4.0	4	4
106.7977900512857	4.0	4	4
106.8978817008183	4.0	4	4
106.9979733503509	4.0	4	4
107.0980649998835	4.0	4	4
107.1981566494161	4.0	4	4
107.29824829894872	4.0	4	4
107.39833994848132	4.0	4	4
107.49843159801392	4.0	4	4
107.59852324754652	4.0	4	4
107.69861489707912	4.0	4	4
107.79870654661173	4.0	4	4
107.89879819614433	4.0	4	4
107.99888984567693	4.0	4	4
108.09898149520953	4.0	4	4
108.19907314474213	4.0	4	4
108.29916479427473	4.0	4	4
108.39925644380733	4.0	4	4
108.49934809333993	4.0	4	4
108.59943974287253	4.0	4	4
108.69953139240513	4.0	4	4
108.79962304193774	4.0	4	4
108.89971469147034	4.0	4	4
108.99980634100294	3.0	3	3
109.09989799053554	3.0	3	3
109.19998964006814	3.0	3	3
109.30008128960074	3.0	3	3
109.40017293913334	3.0	3	3
109.50026458866594	3.0	3	3
109.60035623819854	3.0	3	3
109.70044788773114	3.0	3	3
109.80053953726375	3.0	3	3
109.90063118679635	3.0	3	3
110.00072283632895	3.0	3	3
110.10081448586155	3.0	3	3
110.20090613539415	3.0	3	3
110.30099778492675	3.0	3	3
110.40108943445935	3.0	3	3
110.50118108399195	3.0	3	3
110.60127273352457	3.0	3	3
110.70136438305717	3.0	3	3
110.80145603258977	3.0	3	3
110.90154768212237	3.0	3	3
111.00163933165497	3.0	3	3
111.10173098118757	3.0	3	3
111.20182263072017	3.0	3	3
111.30191428025277	3.0	3	3
111.40200592978537	3.0	3	3
111.50209757931798	3.0	3	3
111.60218922885058	3.0	3	3
111.70228087838318	3.0	3	3
111.80237252791578	3.0	3	3
111.90246417744838	3.0	3	3
112.00255582698098	3.0	3	3
112.10264747651358	3.0	3	3
112.20273912604618	3.0	3	3
112.30283077557878	2.0	2	2
112.40292242511138	2.0	2	2
112.50301407464399	2.0	2	2
112.60310572417659	2.0	2	2
112.70319737370919	2.0	2	2
112.80328902324179	2.0	2	2
112.90338067277439	2.0	2	2
113.00347232230699	2.0	2	2
113.10356397183959	2.0	2	2
113.20365562137219	2.0	2	2
113.3037472709048	2.0	2	2
113.4038389204374	2.0	2	2
113.50393056997	2.0	2	2
113.6040222195026	2.0	2	2
113.70411386903521	2.0	2	2
113.80420551856781	2.0	2	2
113.90429716810041	2.0	2	2
114.00438881763301	1.0	1	1
114.10448046716562	1.0	1	1
114.20457211669822	1.0	1	1
114.30466376623082	1.0	1	1
114.40475541576342	1.0	1	1
114.50484706529602	1.0	1	1
114.60493871482862	0.0	0	0
114.70503036436122	0.0	0	0
114.80512201389382	0.0	0	0
114.90521366342642	0.0	0	0
115.00530531295902	0.0	0	0
115.10539696249162	0.0	0	0
115.20548861202423	0.0	0	0
115.30558026155683	0.0	0	0
115.40567191108943	0.0	0	0
115.50576356062203	0.0	0	0
115.60585521015463	0.0	0	0
115.70594685968723	0.0	0	0
115.80603850921983	0.0	0	0
115.90613015875243	0.0	0	0
116.00622180828503	0.0	0	0
116.10631345781763	0.0	0	0
116.20640510735024	0.0	0	0
116.30649675688284	0.0	0	0
116.40658840641544	0.0	0	0
116.50668005594804	0.0	0	0
116.60677170548064	0.0	0	0
116.70686335501324	0.0	0	0
116.80695500454584	0.0	0	0
116.90704665407844	0.0	0	0
117.00713830361106	0.0	0	0
117.10722995314366	0.0	0	0
117.20732160267626	0.0	0	0
117.30741325220886	0.0	0	0
117.40750490174146	0.0	0	0
117.50759655127406	0.0	0	0
117.60768820080666	0.0	0	0
117.70777985033926	0.0	0	0
117.80787149987187	0.0	0	0
117.90796314940447	0.0	0	0
118.00805479893707	0.0	0	0
118.10814644846967	0.0	0	0
118.20823809800227	0.0	0	0
118.30832974753487	0.0	0	0
118.40842139706747	0.0	0	0
118.50851304660007	0.0	0	0
118.60860469613267	0.0	0	0
118.70869634566527	1.0	1	1
118.80878799519787	1.0	1	1
118.90887964473048	1.0	1	1
119.00897129426308	1.0	1	1
119.10906294379568	1.0	1	1
119.20915459332828	1.0	1	1
119.30924624286088	1.0	1	1
119.40933789239348	1.0	1	1
119.50942954192608	1.0	1	1
119.60952119145868	1.0	1	1
119.70961284099128	1.0	1	1
119.80970449052388	1.0	1	1
119.90979614005649	1.0	1	1
120.00988778958909	1.0	1	1
120.1099794391217	1.0	1	1
120.2100710886543	1.0	1	1
120.3101627381869	1.0	1	1
120.4102543877195	1.0	1	1
120.5103460372521	0.0	0	0
120.6104376867847	0.0	0	0
120.71052933631731	0.0	0	0
120.81062098584991	0.0	0	0
120.91071263538251	0.0	0	0
121.01080428491511	0.0	0	0
121.11089593444771	0.0	0	0
121.21098758398031	0.0	0	0
121.31107923351291	0.0	0	0
121.41117088304551	0.0	0	0
121.51126253257812	0.0	0	0
121.61135418211072	0.0	0	0
121.71144583164332	0.0	0	0
121.81153748117592	0.0	0	0
121.91162913070852	0.0	0	0
122.01172078024112	0.0	0	0
122.11181242977372	0.0	0	0
122.21190407930632	0.0	0	0
122.31199572883892	0.0	0	0
122.41208737837152	0.0	0	0
122.51217902790412	0.0	0	0
122.61227067743673	0.0	0	0
122.71236232696933	0.0	0	0
122.81245397650193	0.0	0	0
122.91254562603453	0.0	0	0
123.01263727556713	0.0	0	0
123.11272892509973	0.0	0	0
123.21282057463233	0.0	0	0
123.31291222416493	0.0	0	0
123.41300387369755	0.0	0	0
123.51309552323015	0.0	0	0
123.61318717276275	0.0	0	0
123.71327882229535	0.0	0	0
123.81337047182795	0.0	0	0
123.91346212136055	0.0	0	0
124.01355377089315	0.0	0	0
124.11364542042575	0.0	0	0
124.21373706995836	0.0	0	0
124.31382871949096	0.0	0	0
124.41392036902356	0.0	0	0
124.51401201855616	0.0	0	0
124.61410366808876	0.0	0	0
124.71419531762136	0.0	0	0
124.81428696715396	0.0	0	0
124.91437861668656	0.0	0	0
125.01447026621916	0.0	0	0
125.11456191575176	0.0	0	0
125.21465356528437	0.0	0	0
125.31474521481697	0.0	0	0
125.41483686434957	0.0	0	0
125.51492851388217	0.0	0	0
125.61502016341477	0.0	0	0
125.71511181294737	0.0	0	0
125.81520346247997	0.0	0	0
125.91529511201257	0.0	0	0
126.01538676154517	0.0	0	0
126.11547841107777	0.0	0	0
126.21557006061037	0.0	0	0
126.31566171014298	0.0	0	0
126.41575335967558	0.0	0	0
126.51584500920819	0.0	0	0
126.6159366587408	1.0	1	1
126.7160283082734	1.0	1	1
126.816119957806	1.0	1	1
126.9162116073386	1.0	1	1
127.0163032568712	1.0	1	1
127.1163949064038	1.0	1	1
127.2164865559364	1.0	1	1
127.316578205469	1.0	1	1
127.4166698550016	1.0	1	1
127.5167615045342	1.0	1	1
127.6168531540668	1.0	1	1
127.7169448035994	2.0	2	2
127.817036453132	2.0	2	2
127.9171281026646	2.0	2	2
128.0172197521972	2.0	2	2
128.1173114017298	2.0	2	2
128.2174030512624	2.0	2	2
128.317494700795	2.0	2	2
128.4175863503276	3.0	3	3
128.5176779998602	2.0	2	2
128.6177696493928	2.0	2	2
128.7178612989254	2.0	2	2
128.81795294845801	2.0	2	2
128.91804459799062	2.0	2	2
129.01813624752322	3.0	3	3
129.11822789705582	3.0	3	3
129.21831954658842	3.0	3	3
129.31841119612102	3.0	3	3
129.41850284565362	3.0	3	3
129.51859449518622	3.0	3	3
129.61868614471882	2.0	2	2
129.71877779425142	2.0	2	2
129.81886944378402	2.0	2	2
129.91896109331663	2.0	2	2
130.01905274284923	2.0	2	2
130.11914439238183	2.0	2	2
130.21923604191443	2.0	2	2
130.31932769144703	2.0	2	2
130.41941934097963	2.0	2	2
130.51951099051223	2.0	2	2
130.61960264004483	2.0	2	2
130.71969428957743	2.0	2	2
130.81978593911003	2.0	2	2
130.91987758864263	1.0	1	1
131.01996923817524	1.0	1	1
131.12006088770784	1.0	1	1
131.22015253724044	1.0	1	1
131.32024418677304	1.0	1	1
131.42033583630567	1.0	1	1
131.52042748583827	1.0	1	1
131.62051913537087	1.0	1	1
131.72061078490347	1.0	1	1
131.82070243443607	1.0	1	1
131.92079408396867	1.0	1	1
132.02088573350127	1.0	1	1
132.12097738303387	1.0	1	1
132.22106903256648	1.0	1	1
132.32116068209908	1.0	1	1
132.42125233163168	1.0	1	1
132.52134398116428	1.0	1	1
132.62143563069688	1.0	1	1
132.72152728022948	1.0	1	1
132.82161892976208	1.0	1	1
132.92171057929468	1.0	1	1
133.02180222882728	1.0	1	1
133.12189387835988	1.0	1	1
133.22198552789249	1.0	1	1
133.3220771774251	1.0	1	1
133.4221688269577	1.0	1	1
133.5222604764903	1.0	1	1
133.6223521260229	1.0	1	1
133.7224437755555	1.0	1	1
133.8225354250881	1.0	1	1
133.9226270746207	1.0	1	1
134.0227187241533	1.0	1	1
134.1228103736859	2.0	2	2
134.2229020232185	2.0	2	2
134.3229936727511	2.0	2	2
134.4230853222837	2.0	2	2
134.5231769718163	2.0	2	2
134.6232686213489	2.0	2	2
134.7233602708815	2.0	2	2
134.8234519204141	2.0	2	2
134.9235435699467	2.0	2	2
135.0236352194793	2.0	2	2
135.1237268690119	2.0	2	2
135.2238185185445	2.0	2	2
135.3239101680771	2.0	2	2
135.4240018176097	2.0	2	2
135.5240934671423	2.0	2	2
135.6241851166749	2.0	2	2
135.7242767662075	2.0	2	2
135.8243684157401	2.0	2	2
135.9244600652727	2.0	2	2
136.0245517148053	2.0	2	2
136.1246433643379	2.0	2	2
136.22473501387051	2.0	2	2
136.32482666340312	3.0	3	3
136.42491831293572	3.0	3	3
136.52500996246832	3.0	3	3
136.62510161200092	3.0	3	3
136.72519326153352	3.0	3	3
136.82528491106612	3.0	3	3
136.92537656059872	3.0	3	3
137.02546821013132	3.0	3	3
137.12555985966392	4.0	4	4
137.22565150919652	4.0	4	4
137.32574315872913	3.0	3	3
137.42583480826173	3.0	3	3
137.52592645779433	3.0	3	3
137.62601810732693	3.0	3	3
137.72610975685956	2.0	2	2
137.82620140639216	2.0	2	2
137.92629305592476	2.0	2	2
138.02638470545736	2.0	2	2
138.12647635498996	2.0	2	2
138.22656800452256	2.0	2	2
138.32665965405516	1.0	1	1
138.42675130358776	1.0	1	1
138.52684295312037	1.0	1	1
138.62693460265297	1.0	1	1
138.72702625218557	1.0	1	1
138.82711790171817	1.0	1	1
138.92720955125077	0.0	0	0
139.02730120078337	0.0	0	0
139.12739285031597	0.0	0	0
139.22748449984857	0.0	0	0
139.32757614938117	0.0	0	0
139.42766779891377	0.0	0	0
139.52775944844637	0.0	0	0
139.62785109797898	0.0	0	0
139.72794274751158	0.0	0	0
139.82803439704418	0.0	0	0
139.92812604657678	0.0	0	0
140.02821769610938	0.0	0	0
140.12830934564198	0.0	0	0
140.22840099517458	0.0	0	0
140.32849264470718	0.0	0	0
140.42858429423978	0.0	0	0
140.52867594377238	0.0	0	0
140.62876759330499	0.0	0	0
140.7288592428376	0.0	0	0
140.8289508923702	0.0	0	0
140.9290425419028	0.0	0	0
141.0291341914354	0.0	0	0
141.129225840968	0.0	0	0
141.2293174905006	0.0	0	0
141.3294091400332	0.0	0	0
141.4295007895658	0.0	0	0
141.5295924390984	0.0	0	0
141.629684088631	0.0	0	0
141.7297757381636	0.0	0	0
141.8298673876962	0.0	0	0
141.9299590372288	0.0	0	0
142.0300506867614	0.0	0	0
142.130142336294	0.0	0	0
142.2302339858266	0.0	0	0
142.3303256353592	0.0	0	0
142.4304172848918	0.0	0	0
142.5305089344244	0.0	0	0
142.630600583957	0.0	0	0
142.7306922334896	0.0	0	0
142.8307838830222	0.0	0	0
142.9308755325548	0.0	0	0
143.0309671820874	0.0	0	0
143.13105883162	0.0	0	0
143.2311504811526	0.0	0	0
143.3312421306852	0.0	0	0
143.4313337802178	0.0	0	0
143.5314254297504	0.0	0	0
143.63151707928301	1.0	1	1
143.73160872881562	1.0	1	1
143.83170037834822	1.0	1	1
143.93179202788082	1.0	1	1
144.03188367741342	1.0	1	1
144.13197532694602	1.0	1	1
144.23206697647865	1.0	1	1
144.33215862601125	1.0	1	1
144.43225027554385	1.0	1	1
144.53234192507645	1.0	1	1
144.63243357460905	1.0	1	1
144.73252522414165	1.0	1	1
144.83261687367425	1.0	1	1
144.93270852320686	1.0	1	1
145.03280017273946	1.0	1	1
145.13289182227206	1.0	1	1
145.23298347180466	1.0	1	1
145.33307512133726	1.0	1	1
145.43316677086986	1.0	1	1
145.53325842040246	1.0	1	1
145.63335006993506	1.0	1	1
145.73344171946766	1.0	1	1
145.83353336900026	1.0	1	1
145.93362501853287	2.0	2	2
146.03371666806547	2.0	2	2
146.13380831759807	2.0	2	2
146.23389996713067	2.0	2	2
146.33399161666327	2.0	2	2
146.43408326619587	2.0	2	2
146.53417491572847	2.0	2	2
146.63426656526107	2.0	2	2
146.73435821479367	2.0	2	2
146.83444986432627	2.0	2	2
146.93454151385887	2.0	2	2
147.03463316339148	2.0	2	2
147.13472481292408	2.0	2	2
147.23481646245668	2.0	2	2
147.33490811198928	2.0	2	2
147.43499976152188	2.0	2	2
147.53509141105448	2.0	2	2
147.63518306058708	2.0	2	2
147.73527471011968	2.0	2	2
147.83536635965228	2.0	2	2
147.93545800918488	2.0	2	2
148.03554965871749	2.0	2	2
148.1356413082501	2.0	2	2
148.2357329577827	2.0	2	2
148.3358246073153	2.0	2	2
148.4359162568479	2.0	2	2
148.5360079063805	2.0	2	2
148.6360995559131	2.0	2	2
148.7361912054457	2.0	2	2
148.8362828549783	2.0	2	2
148.9363745045109	2.0	2	2
149.0364661540435	2.0	2	2
149.1365578035761	2.0	2	2
149.2366494531087	2.0	2	2
149.3367411026413	2.0	2	2
149.4368327521739	2.0	2	2
149.5369244017065	2.0	2	2
149.6370160512391	2.0	2	2
149.7371077007717	2.0	2	2
149.8371993503043	2.0	2	2
149.9372909998369	2.0	2	2
150.0373826493695	2.0	2	2
150.1374742989021	2.0	2	2
150.2375659484347	2.0	2	2
150.3376575979673	2.0	2	2
150.4377492474999	2.0	2	2
150.53784089703254	2.0	2	2
150.63793254656514	2.0	2	2
150.73802419609774	2.0	2	2
150.83811584563034	2.0	2	2
150.93820749516294	3.0	3	3
151.03829914469554	3.0	3	3
151.13839079422814	3.0	3	3
151.23848244376074	3.0	3	3
151.33857409329335	3.0	3	3
151.43866574282595	3.0	3	3
151.53875739235855	3.0	3	3
151.63884904189115	3.0	3	3
151.73894069142375	3.0	3	3
151.83903234095635	3.0	3	3
151.93912399048895	3.0	3	3
152.03921564002155	3.0	3	3
152.13930728955415	3.0	3	3
152.23939893908675	3.0	3	3
152.33949058861936	3.0	3	3
152.43958223815196	3.0	3	3
152.53967388768456	3.0	3	3
152.63976553721716	3.0	3	3
152.73985718674976	3.0	3	3
152.83994883628236	3.0	3	3
152.94004048581496	3.0	3	3
153.04013213534756	3.0	3	3
153.14022378488016	2.0	2	2
153.24031543441276	2.0	2	2
153.34040708394537	2.0	2	2
153.44049873347797	2.0	2	2
153.54059038301057	2.0	2	2
153.64068203254317	2.0	2	2
153.74077368207577	2.0	2	2
153.84086533160837	1.0	1	1
153.94095698114097	0.0	0	0
154.04104863067357	0.0	0	0
154.14114028020617	0.0	0	0
154.24123192973877	0.0	0	0
154.34132357927137	0.0	0	0
154.44141522880398	0.0	0	0
154.54150687833658	0.0	0	0
154.64159852786918	0.0	0	0
154.74169017740178	0.0	0	0
154.84178182693438	0.0	0	0
154.94187347646698	0.0	0	0
155.04196512599958	0.0	0	0
155.14205677553218	0.0	0	0
155.24214842506478	0.0	0	0
155.34224007459738	0.0	0	0
155.44233172412999	0.0	0	0
155.5424233736626	0.0	0	0
155.6425150231952	0.0	0	0
155.7426066727278	0.0	0	0
155.8426983222604	0.0	0	0
155.942789971793	0.0	0	0
156.0428816213256	0.0	0	0
156.1429732708582	0.0	0	0
156.2430649203908	0.0	0	0
156.3431565699234	0.0	0	0
156.443248219456	0.0	0	0
156.5433398689886	0.0	0	0
156.6434315185212	0.0	0	0
156.7435231680538	0.0	0	0
156.8436148175864	0.0	0	0
156.943706467119	0.0	0	0
157.04379811665163	0.0	0	0
157.14388976618423	0.0	0	0
157.24398141571683	0.0	0	0
157.34407306524943	0.0	0	0
157.44416471478203	0.0	0	0
157.54425636431463	0.0	0	0
157.64434801384724	0.0	0	0
157.74443966337984	0.0	0	0
157.84453131291244	0.0	0	0
157.94462296244504	0.0	0	0
158.04471461197764	0.0	0	0
158.14480626151024	0.0	0	0
158.24489791104284	0.0	0	0
158.34498956057544	0.0	0	0
158.44508121010804	0.0	0	0
158.54517285964064	0.0	0	0
158.64526450917324	0.0	0	0
158.74535615870585	0.0	0	0
158.84544780823845	0.0	0	0
158.94553945777105	0.0	0	0
159.04563110730365	0.0	0	0
159.14572275683625	0.0	0	0
159.24581440636885	0.0	0	0
159.34590605590145	0.0	0	0
159.44599770543405	0.0	0	0
159.54608935496665	0.0	0	0
159.64618100449925	0.0	0	0
159.74627265403186	0.0	0	0
159.84636430356446	0.0	0	0
159.94645595309706	0.0	0	0
160.04654760262966	0.0	0	0
160.14663925216226	0.0	0	0
160.24673090169486	0.0	0	0
160.34682255122746	0.0	0	0
160.44691420076006	0.0	0	0
160.54700585029266	0.0	0	0
160.64709749982526	1.0	1	1
160.74718914935787	1.0	1	1
160.84728079889047	1.0	1	1
160.94737244842307	1.0	1	1
161.04746409795567	1.0	1	1
161.14755574748827	1.0	1	1
161.24764739702087	1.0	1	1
161.34773904655347	1.0	1	1
161.44783069608607	1.0	1	1
161.54792234561867	1.0	1	1
161.64801399515127	1.0	1	1
161.74810564468387	1.0	1	1
161.84819729421648	1.0	1	1
161.94828894374908	1.0	1	1
162.04838059328168	1.0	1	1
162.14847224281428	1.0	1	1
162.24856389234688	1.0	1	1
162.34865554187948	2.0	2	2
162.44874719141208	3.0	3	3
162.54883884094468	3.0	3	3
162.64893049047728	3.0	3	3
162.74902214000988	3.0	3	3
162.84911378954249	3.0	3	3
162.9492054390751	3.0	3	3
163.0492970886077	3.0	3	3
163.1493887381403	4.0	4	4
163.2494803876729	4.0	4	4
163.34957203720552	4.0	4	4
163.44966368673812	4.0	4	4
163.54975533627072	4.0	4	4
163.64984698580332	4.0	4	4
163.74993863533592	4.0	4	4
163.85003028486852	4.0	4	4
163.95012193440112	4.0	4	4
164.05021358393373	5.0	5	5
164.15030523346633	6.0	6	6
164.25039688299893	6.0	6	6
164.35048853253153	5.0	5	5
164.45058018206413	4.0	4	4
164.55067183159673	4.0	4	4
164.65076348112933	4.0	4	4
164.75085513066193	4.0	4	4
164.85094678019453	4.0	4	4
164.95103842972713	4.0	4	4
165.05113007925974	3.0	3	3
165.15122172879234	3.0	3	3
165.25131337832494	3.0	3	3
165.35140502785754	3.0	3	3
165.45149667739014	3.0	3	3
165.55158832692274	3.0	3	3
165.65167997645534	4.0	4	4
165.75177162598794	3.0	3	3
165.85186327552054	4.0	4	4
165.95195492505314	3.0	3	3
166.05204657458575	3.0	3	3
166.15213822411835	4.0	4	4
166.25222987365095	4.0	4	4
166.35232152318355	4.0	4	4
166.45241317271615	4.0	4	4
166.55250482224875	4.0	4	4
166.65259647178135	5.0	5	5
166.75268812131395	5.0	5	5
166.85277977084655	5.0	5	5
166.95287142037915	5.0	5	5
167.05296306991175	5.0	5	5
167.15305471944436	5.0	5	5
167.25314636897696	5.0	5	5
167.35323801850956	5.0	5	5
167.45332966804216	6.0	6	6
167.55342131757476	5.0	5	5
167.65351296710736	5.0	5	5
167.75360461663996	5.0	5	5
167.85369626617256	4.0	4	4
167.95378791570516	4.0	4	4
168.05387956523776	4.0	4	4
168.15397121477037	3.0	3	3
168.25406286430297	3.0	3	3
168.35415451383557	3.0	3	3
168.45424616336817	3.0	3	3
168.55433781290077	3.0	3	3
168.65442946243337	2.0	2	2
168.75452111196597	2.0	2	2
168.85461276149857	2.0	2	2
168.95470441103117	2.0	2	2
169.05479606056377	2.0	2	2
169.15488771009638	3.0	3	3
169.25497935962898	3.0	3	3
169.35507100916158	3.0	3	3
169.45516265869418	3.0	3	3
169.55525430822678	3.0	3	3
169.65534595775938	3.0	3	3
169.75543760729198	3.0	3	3
169.8555292568246	3.0	3	3
169.9556209063572	3.0	3	3
170.0557125558898	3.0	3	3
170.1558042054224	3.0	3	3
170.255895854955	3.0	3	3
170.35598750448762	3.0	3	3
170.45607915402022	3.0	3	3
170.55617080355282	3.0	3	3
170.65626245308542	3.0	3	3
170.75635410261802	3.0	3	3
170.85644575215062	3.0	3	3
170.95653740168322	3.0	3	3
171.05662905121582	3.0	3	3
171.15672070074842	3.0	3	3
171.25681235028102	3.0	3	3
171.35690399981362	3.0	3	3
171.45699564934623	3.0	3	3
171.55708729887883	3.0	3	3
171.65717894841143	4.0	4	4
171.75727059794403	4.0	4	4
171.85736224747663	4.0	4	4
171.95745389700923	4.0	4	4
172.05754554654183	4.0	4	4
172.15763719607443	4.0	4	4
172.25772884560703	4.0	4	4
172.35782049513963	4.0	4	4
172.45791214467224	4.0	4	4
172.55800379420484	4.0	4	4
172.65809544373744	4.0	4	4
172.75818709327004	4.0	4	4
172.85827874280264	4.0	4	4
172.95837039233524	4.0	4	4
173.05846204186784	4.0	4	4
173.15855369140044	4.0	4	4
173.25864534093304	4.0	4	4
173.35873699046564	4.0	4	4
173.45882863999825	4.0	4	4
173.55892028953085	4.0	4	4
173.65901193906345	4.0	4	4
173.75910358859605	4.0	4	4
173.85919523812865	4.0	4	4
173.95928688766125	4.0	4	4
174.05937853719385	4.0	4	4
174.15947018672645	4.0	4	4
174.25956183625905	4.0	4	4
174.35965348579165	4.0	4	4
174.45974513532425	4.0	4	4
174.55983678485686	4.0	4	4
174.65992843438946	4.0	4	4
174.76002008392206	4.0	4	4
174.86011173345466	3.0	3	3
174.96020338298726	3.0	3	3
175.06029503251986	3.0	3	3
175.16038668205246	3.0	3	3
175.26047833158506	3.0	3	3
175.36056998111766	3.0	3	3
175.46066163065026	3.0	3	3
175.56075328018287	3.0	3	3
175.66084492971547	3.0	3	3
175.76093657924807	3.0	3	3
175.86102822878067	3.0	3	3
175.96111987831327	3.0	3	3
176.06121152784587	3.0	3	3
176.1613031773785	3.0	3	3
176.2613948269111	3.0	3	3
176.3614864764437	3.0	3	3
176.4615781259763	3.0	3	3
176.5616697755089	3.0	3	3
176.6617614250415	3.0	3	3
176.7618530745741	3.0	3	3
176.8619447241067	3.0	3	3
176.9620363736393	3.0	3	3
177.0621280231719	3.0	3	3
177.1622196727045	3.0	3	3
177.2623113222371	3.0	3	3
177.3624029717697	3.0	3	3
177.4624946213023	3.0	3	3
177.5625862708349	3.0	3	3
177.6626779203675	3.0	3	3
177.76276956990012	3.0	3	3
177.86286121943272	3.0	3	3
177.96295286896532	3.0	3	3
178.06304451849792	3.0	3	3
178.16313616803052	3.0	3	3
178.26322781756312	3.0	3	3
178.36331946709572	3.0	3	3
178.46341111662832	3.0	3	3
178.56350276616092	3.0	3	3
178.66359441569352	3.0	3	3
178.76368606522612	3.0	3	3
178.86377771475873	3.0	3	3
178.96386936429133	3.0	3	3
179.06396101382393	3.0	3	3
179.16405266335653	3.0	3	3
179.26414431288913	3.0	3	3
179.36423596242173	3.0	3	3
179.46432761195433	3.0	3	3
179.56441926148693	3.0	3	3
179.66451091101953	3.0	3	3
179.76460256055213	3.0	3	3
179.86469421008474	4.0	4	4
179.96478585961734	4.0	4	4
180.06487750914994	4.0	4	4
180.16496915868254	4.0	4	4
180.26506080821514	4.0	4	4
180.36515245774774	4.0	4	4
180.46524410728034	4.0	4	4
180.56533575681294	4.0	4	4
180.66542740634554	4.0	4	4
180.76551905587814	4.0	4	4
180.86561070541075	4.0	4	4
180.96570235494335	4.0	4	4
181.06579400447595	4.0	4	4
181.16588565400855	4.0	4	4
181.26597730354115	4.0	4	4
181.36606895307375	4.0	4	4
181.46616060260635	4.0	4	4
181.56625225213895	4.0	4	4
181.66634390167155	4.0	4	4
181.76643555120415	4.0	4	4
181.86652720073675	4.0	4	4
181.96661885026936	3.0	3	3
182.06671049980196	3.0	3	3
182.16680214933456	3.0	3	3
182.26689379886716	3.0	3	3
182.36698544839976	3.0	3	3
182.46707709793236	3.0	3	3
182.56716874746496	3.0	3	3
182.6672603969976	3.0	3	3
182.7673520465302	3.0	3	3
182.8674436960628	3.0	3	3
182.9675353455954	3.0	3	3
183.067626995128	2.0	2	2
183.1677186446606	2.0	2	2
183.2678102941932	2.0	2	2
183.3679019437258	2.0	2	2
183.4679935932584	2.0	2	2
183.568085242791	2.0	2	2
183.6681768923236	2.0	2	2
183.7682685418562	2.0	2	2
183.8683601913888	2.0	2	2
183.9684518409214	1.0	1	1
184.068543490454	1.0	1	1
