time	diversity	m_div	M_div
0.0	38.0	38	38
0.100066798062533	38.0	38	38
0.200133596125066	38.0	38	38
0.30020039418759903	38.0	38	38
0.400267192250132	36.0	36	36
0.500333990312665	36.0	36	36
0.6004007883751981	36.0	36	36
0.700467586437731	36.0	36	36
0.800534384500264	36.0	36	36
0.9006011825627971	35.0	35	35
1.00066798062533	35.0	35	35
1.100734778687863	35.0	35	35
1.2008015767503961	35.0	35	35
1.300868374812929	35.0	35	35
1.400935172875462	35.0	35	35
1.5010019709379951	35.0	35	35
1.601068769000528	35.0	35	35
1.701135567063061	35.0	35	35
1.8012023651255942	35.0	35	35
1.901269163188127	35.0	35	35
2.00133596125066	35.0	35	35
2.101402759313193	35.0	35	35
2.201469557375726	33.0	33	33
2.3015363554382593	31.0	31	31
2.4016031535007922	32.0	32	32
2.501669951563325	32.0	32	32
2.601736749625858	32.0	32	32
2.701803547688391	32.0	32	32
2.801870345750924	33.0	33	33
2.9019371438134574	33.0	33	33
3.0020039418759903	33.0	33	33
3.1020707399385232	31.0	31	31
3.202137538001056	31.0	31	31
3.302204336063589	31.0	31	31
3.402271134126122	31.0	31	31
3.502337932188655	31.0	31	31
3.6024047302511883	31.0	31	31
3.7024715283137213	30.0	30	30
3.802538326376254	28.0	28	28
3.902605124438787	28.0	28	28
4.00267192250132	28.0	28	28
4.1027387205638535	27.0	27	27
4.202805518626386	26.0	26	26
4.302872316688919	25.0	25	25
4.402939114751452	25.0	25	25
4.503005912813985	25.0	25	25
4.603072710876519	25.0	25	25
4.703139508939051	25.0	25	25
4.8032063070015845	25.0	25	25
4.903273105064117	24.0	24	24
5.00333990312665	22.0	22	22
5.103406701189183	22.0	22	22
5.203473499251716	22.0	22	22
5.30354029731425	22.0	22	22
5.403607095376782	22.0	22	22
5.5036738934393155	20.0	20	20
5.603740691501848	20.0	20	20
5.703807489564381	20.0	20	20
5.803874287626915	20.0	20	20
5.903941085689447	18.0	18	18
6.004007883751981	18.0	18	18
6.104074681814513	17.0	17	17
6.2041414798770465	17.0	17	17
6.304208277939579	17.0	17	17
6.404275076002112	17.0	17	17
6.504341874064646	15.0	15	15
6.604408672127178	15.0	15	15
6.704475470189712	15.0	15	15
6.804542268252244	13.0	13	13
6.904609066314777	3.0	3	3
7.00467586437731	3.0	3	3
7.104742662439843	3.0	3	3
7.204809460502377	3.0	3	3
7.304876258564909	3.0	3	3
7.404943056627443	3.0	3	3
7.505009854689975	3.0	3	3
7.605076652752508	3.0	3	3
7.705143450815042	3.0	3	3
7.805210248877574	3.0	3	3
7.905277046940108	3.0	3	3
8.00534384500264	3.0	3	3
8.105410643065174	3.0	3	3
8.205477441127707	3.0	3	3
8.305544239190239	3.0	3	3
8.405611037252772	3.0	3	3
8.505677835315305	3.0	3	3
8.605744633377839	3.0	3	3
8.705811431440372	4.0	4	4
8.805878229502904	4.0	4	4
8.905945027565437	4.0	4	4
9.00601182562797	4.0	4	4
9.106078623690504	4.0	4	4
9.206145421753037	4.0	4	4
9.306212219815569	4.0	4	4
9.406279017878102	4.0	4	4
9.506345815940636	4.0	4	4
9.606412614003169	4.0	4	4
9.706479412065702	4.0	4	4
9.806546210128234	4.0	4	4
9.906613008190767	4.0	4	4
10.0066798062533	4.0	4	4
10.106746604315834	4.0	4	4
10.206813402378366	4.0	4	4
10.306880200440899	4.0	4	4
10.406946998503432	4.0	4	4
10.507013796565966	4.0	4	4
10.6070805946285	4.0	4	4
10.70714739269103	4.0	4	4
10.807214190753564	4.0	4	4
10.907280988816098	4.0	4	4
11.007347786878631	4.0	4	4
11.107414584941164	4.0	4	4
11.207481383003696	4.0	4	4
11.30754818106623	4.0	4	4
11.407614979128763	4.0	4	4
11.507681777191296	4.0	4	4
11.60774857525383	4.0	4	4
11.707815373316361	4.0	4	4
11.807882171378894	4.0	4	4
11.907948969441428	4.0	4	4
12.008015767503961	4.0	4	4
12.108082565566493	4.0	4	4
12.208149363629026	4.0	4	4
12.30821616169156	4.0	4	4
12.408282959754093	4.0	4	4
12.508349757816626	4.0	4	4
12.608416555879158	4.0	4	4
12.708483353941691	4.0	4	4
12.808550152004225	5.0	5	5
12.908616950066758	5.0	5	5
13.008683748129291	5.0	5	5
13.108750546191823	5.0	5	5
13.208817344254356	5.0	5	5
13.30888414231689	5.0	5	5
13.408950940379423	5.0	5	5
13.509017738441957	5.0	5	5
13.609084536504488	5.0	5	5
13.709151334567022	5.0	5	5
13.809218132629555	5.0	5	5
13.909284930692088	5.0	5	5
14.00935172875462	5.0	5	5
14.109418526817153	5.0	5	5
14.209485324879687	5.0	5	5
14.30955212294222	5.0	5	5
14.409618921004753	5.0	5	5
14.509685719067285	5.0	5	5
14.609752517129818	5.0	5	5
14.709819315192352	5.0	5	5
14.809886113254885	5.0	5	5
14.909952911317419	5.0	5	5
15.01001970937995	5.0	5	5
15.110086507442483	5.0	5	5
15.210153305505017	5.0	5	5
15.31022010356755	5.0	5	5
15.410286901630084	5.0	5	5
15.510353699692615	5.0	5	5
15.610420497755149	5.0	5	5
15.710487295817682	5.0	5	5
15.810554093880215	5.0	5	5
15.910620891942747	5.0	5	5
16.01068769000528	5.0	5	5
16.110754488067816	5.0	5	5
16.210821286130347	5.0	5	5
16.31088808419288	5.0	5	5
16.410954882255414	5.0	5	5
16.511021680317945	5.0	5	5
16.611088478380477	5.0	5	5
16.711155276443012	5.0	5	5
16.811222074505544	5.0	5	5
16.91128887256808	5.0	5	5
17.01135567063061	5.0	5	5
17.111422468693142	5.0	5	5
17.211489266755677	5.0	5	5
17.31155606481821	5.0	5	5
17.411622862880744	5.0	5	5
17.511689660943276	5.0	5	5
17.611756459005807	5.0	5	5
17.711823257068342	5.0	5	5
17.811890055130874	5.0	5	5
17.91195685319341	5.0	5	5
18.01202365125594	5.0	5	5
18.112090449318472	5.0	5	5
18.212157247381008	5.0	5	5
18.31222404544354	5.0	5	5
18.412290843506074	5.0	5	5
18.512357641568606	5.0	5	5
18.612424439631138	5.0	5	5
18.712491237693673	5.0	5	5
18.812558035756204	5.0	5	5
18.91262483381874	5.0	5	5
19.01269163188127	5.0	5	5
19.112758429943803	5.0	5	5
19.212825228006338	5.0	5	5
19.31289202606887	5.0	5	5
19.412958824131405	4.0	4	4
19.513025622193936	4.0	4	4
19.613092420256468	4.0	4	4
19.713159218319003	4.0	4	4
19.813226016381535	4.0	4	4
19.91329281444407	4.0	4	4
20.0133596125066	4.0	4	4
20.113426410569133	4.0	4	4
20.213493208631668	4.0	4	4
20.3135600066942	4.0	4	4
20.41362680475673	4.0	4	4
20.513693602819266	4.0	4	4
20.613760400881798	4.0	4	4
20.713827198944333	4.0	4	4
20.813893997006865	4.0	4	4
20.913960795069396	4.0	4	4
21.01402759313193	4.0	4	4
21.114094391194463	4.0	4	4
21.214161189257	4.0	4	4
21.31422798731953	4.0	4	4
21.41429478538206	4.0	4	4
21.514361583444597	4.0	4	4
21.61442838150713	4.0	4	4
21.714495179569663	4.0	4	4
21.814561977632195	4.0	4	4
21.914628775694727	3.0	3	3
22.014695573757262	3.0	3	3
22.114762371819793	3.0	3	3
22.21482916988233	3.0	3	3
22.31489596794486	3.0	3	3
22.414962766007392	3.0	3	3
22.515029564069927	3.0	3	3
22.61509636213246	3.0	3	3
22.715163160194994	3.0	3	3
22.815229958257525	3.0	3	3
22.915296756320057	3.0	3	3
23.015363554382592	3.0	3	3
23.115430352445124	3.0	3	3
23.21549715050766	3.0	3	3
23.31556394857019	3.0	3	3
23.415630746632722	3.0	3	3
23.515697544695257	2.0	2	2
23.61576434275779	2.0	2	2
23.715831140820324	2.0	2	2
23.815897938882856	2.0	2	2
23.915964736945387	2.0	2	2
24.016031535007922	2.0	2	2
24.116098333070454	2.0	2	2
24.216165131132986	2.0	2	2
24.31623192919552	2.0	2	2
24.416298727258052	2.0	2	2
24.516365525320587	2.0	2	2
24.61643232338312	2.0	2	2
24.71649912144565	2.0	2	2
24.816565919508186	2.0	2	2
24.916632717570717	2.0	2	2
25.016699515633253	2.0	2	2
25.116766313695784	2.0	2	2
25.216833111758316	2.0	2	2
25.31689990982085	2.0	2	2
25.416966707883383	2.0	2	2
25.517033505945918	2.0	2	2
25.61710030400845	2.0	2	2
25.71716710207098	2.0	2	2
25.817233900133516	2.0	2	2
25.917300698196048	2.0	2	2
26.017367496258583	2.0	2	2
26.117434294321114	2.0	2	2
26.217501092383646	2.0	2	2
26.31756789044618	2.0	2	2
26.417634688508713	2.0	2	2
26.517701486571248	2.0	2	2
26.61776828463378	2.0	2	2
26.71783508269631	1.0	1	1
26.817901880758846	1.0	1	1
26.917968678821378	1.0	1	1
27.018035476883913	1.0	1	1
27.118102274946445	1.0	1	1
27.218169073008976	1.0	1	1
27.31823587107151	1.0	1	1
27.418302669134043	1.0	1	1
27.518369467196575	1.0	1	1
27.61843626525911	1.0	1	1
27.71850306332164	1.0	1	1
27.818569861384177	1.0	1	1
27.918636659446708	1.0	1	1
28.01870345750924	1.0	1	1
28.118770255571775	1.0	1	1
28.218837053634306	1.0	1	1
28.31890385169684	1.0	1	1
28.418970649759373	1.0	1	1
28.519037447821905	1.0	1	1
28.61910424588444	1.0	1	1
28.71917104394697	1.0	1	1
28.819237842009507	1.0	1	1
28.91930464007204	1.0	1	1
29.01937143813457	1.0	1	1
29.119438236197105	1.0	1	1
29.219505034259637	1.0	1	1
29.319571832322172	1.0	1	1
29.419638630384704	1.0	1	1
29.519705428447235	1.0	1	1
29.61977222650977	1.0	1	1
29.719839024572302	1.0	1	1
29.819905822634837	1.0	1	1
29.91997262069737	1.0	1	1
30.0200394187599	1.0	1	1
30.120106216822435	1.0	1	1
30.220173014884967	1.0	1	1
30.320239812947502	1.0	1	1
30.420306611010034	1.0	1	1
30.520373409072565	1.0	1	1
30.6204402071351	1.0	1	1
30.720507005197632	1.0	1	1
30.820573803260167	1.0	1	1
30.9206406013227	1.0	1	1
31.02070739938523	1.0	1	1
31.120774197447766	1.0	1	1
31.220840995510297	1.0	1	1
31.32090779357283	1.0	1	1
31.420974591635364	1.0	1	1
31.521041389697896	1.0	1	1
31.62110818776043	1.0	1	1
31.721174985822962	1.0	1	1
31.821241783885494	1.0	1	1
31.92130858194803	1.0	1	1
32.02137538001056	1.0	1	1
32.121442178073096	1.0	1	1
32.22150897613563	1.0	1	1
32.32157577419816	1.0	1	1
32.421642572260694	1.0	1	1
32.52170937032323	1.0	1	1
32.62177616838576	1.0	1	1
32.72184296644829	1.0	1	1
32.82190976451083	1.0	1	1
32.921976562573356	1.0	1	1
33.02204336063589	1.0	1	1
33.122110158698426	1.0	1	1
33.222176956760954	1.0	1	1
33.32224375482349	1.0	1	1
33.422310552886024	1.0	1	1
33.52237735094856	1.0	1	1
33.62244414901109	1.0	1	1
33.72251094707362	1.0	1	1
33.82257774513616	0.0	0	0
33.922644543198686	0.0	0	0
34.02271134126122	0.0	0	0
34.122778139323756	0.0	0	0
34.222844937386284	0.0	0	0
34.32291173544882	1.0	1	1
34.422978533511355	1.0	1	1
34.52304533157389	1.0	1	1
34.62311212963642	1.0	1	1
34.72317892769895	1.0	1	1
34.82324572576149	1.0	1	1
34.923312523824016	1.0	1	1
35.02337932188655	1.0	1	1
35.12344611994909	1.0	1	1
35.223512918011615	1.0	1	1
35.32357971607415	1.0	1	1
35.423646514136685	1.0	1	1
35.52371331219922	1.0	1	1
35.62378011026175	1.0	1	1
35.72384690832428	1.0	1	1
35.82391370638682	1.0	1	1
35.92398050444935	1.0	1	1
36.02404730251188	1.0	1	1
36.12411410057442	1.0	1	1
36.224180898636945	1.0	1	1
36.32424769669948	1.0	1	1
36.424314494762015	1.0	1	1
36.52438129282455	1.0	1	1
36.62444809088708	1.0	1	1
36.724514888949614	1.0	1	1
36.82458168701215	1.0	1	1
36.92464848507468	1.0	1	1
37.02471528313721	1.0	1	1
37.12478208119975	1.0	1	1
37.224848879262275	1.0	1	1
37.32491567732481	2.0	2	2
37.424982475387345	2.0	2	2
37.52504927344987	2.0	2	2
37.62511607151241	2.0	2	2
37.725182869574944	2.0	2	2
37.82524966763748	3.0	3	3
37.92531646570001	3.0	3	3
38.02538326376254	3.0	3	3
38.12545006182508	4.0	4	4
38.225516859887605	4.0	4	4
38.32558365795014	5.0	5	5
38.425650456012676	6.0	6	6
38.525717254075204	6.0	6	6
38.62578405213774	6.0	6	6
38.725850850200274	6.0	6	6
38.82591764826281	6.0	6	6
38.92598444632534	6.0	6	6
39.02605124438787	6.0	6	6
39.12611804245041	6.0	6	6
39.226184840512936	6.0	6	6
39.32625163857547	6.0	6	6
39.426318436638006	7.0	7	7
39.526385234700534	8.0	8	8
39.62645203276307	8.0	8	8
39.726518830825604	9.0	9	9
39.82658562888814	9.0	9	9
39.92665242695067	9.0	9	9
40.0267192250132	9.0	9	9
40.12678602307574	9.0	9	9
40.226852821138266	9.0	9	9
40.3269196192008	9.0	9	9
40.426986417263336	9.0	9	9
40.527053215325864	9.0	9	9
40.6271200133884	10.0	10	10
40.727186811450935	11.0	11	11
40.82725360951346	11.0	11	11
40.927320407576	11.0	11	11
41.02738720563853	11.0	11	11
41.12745400370107	11.0	11	11
41.227520801763596	12.0	12	12
41.32758759982613	12.0	12	12
41.427654397888666	12.0	12	12
41.527721195951194	12.0	12	12
41.62778799401373	12.0	12	12
41.727854792076265	12.0	12	12
41.82792159013879	12.0	12	12
41.92798838820133	13.0	13	13
42.02805518626386	13.0	13	13
42.1281219843264	13.0	13	13
42.228188782388926	13.0	13	13
42.32825558045146	13.0	13	13
42.428322378514	13.0	13	13
42.528389176576525	13.0	13	13
42.62845597463906	13.0	13	13
42.728522772701595	13.0	13	13
42.82858957076412	13.0	13	13
42.92865636882666	13.0	13	13
43.02872316688919	13.0	13	13
43.12878996495173	13.0	13	13
43.22885676301426	13.0	13	13
43.32892356107679	13.0	13	13
43.42899035913933	13.0	13	13
43.529057157201855	13.0	13	13
43.62912395526439	13.0	13	13
43.729190753326925	13.0	13	13
43.82925755138945	13.0	13	13
43.92932434945199	13.0	13	13
44.029391147514524	12.0	12	12
44.12945794557705	12.0	12	12
44.22952474363959	12.0	12	12
44.32959154170212	12.0	12	12
44.42965833976466	12.0	12	12
44.529725137827185	12.0	12	12
44.62979193588972	11.0	11	11
44.729858733952256	11.0	11	11
44.829925532014784	11.0	11	11
44.92999233007732	11.0	11	11
45.030059128139854	11.0	11	11
45.13012592620238	12.0	12	12
45.23019272426492	12.0	12	12
45.33025952232745	12.0	12	12
45.43032632038999	12.0	12	12
45.530393118452515	12.0	12	12
45.63045991651505	12.0	12	12
45.730526714577586	12.0	12	12
45.830593512640114	12.0	12	12
45.93066031070265	12.0	12	12
46.030727108765184	12.0	12	12
46.13079390682771	12.0	12	12
46.23086070489025	13.0	13	13
46.33092750295278	13.0	13	13
46.43099430101532	13.0	13	13
46.531061099077846	13.0	13	13
46.63112789714038	13.0	13	13
46.731194695202916	13.0	13	13
46.831261493265444	13.0	13	13
46.93132829132798	13.0	13	13
47.031395089390514	13.0	13	13
47.13146188745304	14.0	14	14
47.23152868551558	14.0	14	14
47.33159548357811	14.0	14	14
47.43166228164065	14.0	14	14
47.531729079703176	14.0	14	14
47.63179587776571	14.0	14	14
47.731862675828246	14.0	14	14
47.831929473890774	14.0	14	14
47.93199627195331	14.0	14	14
48.032063070015845	14.0	14	14
48.13212986807837	15.0	15	15
48.23219666614091	15.0	15	15
48.33226346420344	15.0	15	15
48.43233026226597	15.0	15	15
48.532397060328506	15.0	15	15
48.63246385839104	16.0	16	16
48.73253065645358	16.0	16	16
48.832597454516105	17.0	17	17
48.93266425257864	17.0	17	17
49.032731050641175	16.0	16	16
49.1327978487037	16.0	16	16
49.23286464676624	16.0	16	16
49.33293144482877	16.0	16	16
49.4329982428913	17.0	17	17
49.533065040953836	17.0	17	17
49.63313183901637	17.0	17	17
49.73319863707891	17.0	17	17
49.833265435141435	17.0	17	17
49.93333223320397	17.0	17	17
50.033399031266505	17.0	17	17
50.13346582932903	17.0	17	17
50.23353262739157	16.0	16	16
50.3335994254541	16.0	16	16
50.43366622351663	16.0	16	16
50.53373302157917	17.0	17	17
50.6337998196417	17.0	17	17
50.73386661770424	17.0	17	17
50.833933415766765	17.0	17	17
50.9340002138293	16.0	16	16
51.034067011891835	16.0	16	16
51.13413380995436	15.0	15	15
51.2342006080169	15.0	15	15
51.334267406079434	15.0	15	15
51.43433420414196	15.0	15	15
51.5344010022045	14.0	14	14
51.63446780026703	14.0	14	14
51.73453459832956	14.0	14	14
51.834601396392095	15.0	15	15
51.93466819445463	15.0	15	15
52.034734992517166	15.0	15	15
52.134801790579694	15.0	15	15
52.23486858864223	15.0	15	15
52.334935386704764	15.0	15	15
52.43500218476729	15.0	15	15
52.53506898282983	15.0	15	15
52.63513578089236	15.0	15	15
52.73520257895489	15.0	15	15
52.835269377017426	15.0	15	15
52.93533617507996	15.0	15	15
53.035402973142496	15.0	15	15
53.135469771205024	14.0	14	14
53.23553656926756	14.0	14	14
53.335603367330094	14.0	14	14
53.43567016539262	14.0	14	14
53.53573696345516	14.0	14	14
53.63580376151769	14.0	14	14
53.73587055958022	14.0	14	14
53.835937357642756	14.0	14	14
53.93600415570529	14.0	14	14
54.036070953767826	14.0	14	14
54.136137751830354	14.0	14	14
54.23620454989289	14.0	14	14
54.336271347955424	13.0	13	13
54.43633814601795	12.0	12	12
54.53640494408049	12.0	12	12
54.63647174214302	13.0	13	13
54.73653854020555	12.0	12	12
54.836605338268086	12.0	12	12
54.93667213633062	11.0	11	11
55.03673893439315	11.0	11	11
55.136805732455684	12.0	12	12
55.23687253051822	12.0	12	12
55.336939328580755	12.0	12	12
55.43700612664328	11.0	11	11
55.53707292470582	12.0	12	12
55.63713972276835	12.0	12	12
55.73720652083088	12.0	12	12
55.837273318893416	12.0	12	12
55.93734011695595	11.0	11	11
56.03740691501848	11.0	11	11
56.137473713081015	10.0	10	10
56.23754051114355	9.0	9	9
56.337607309206085	9.0	9	9
56.43767410726861	9.0	9	9
56.53774090533115	9.0	9	9
56.63780770339368	8.0	8	8
56.73787450145621	8.0	8	8
56.83794129951875	8.0	8	8
56.93800809758128	7.0	7	7
57.03807489564381	5.0	5	5
57.138141693706345	4.0	4	4
57.23820849176888	4.0	4	4
57.338275289831415	4.0	4	4
57.43834208789394	5.0	5	5
57.53840888595648	7.0	7	7
57.638475684019014	8.0	8	8
57.73854248208154	9.0	9	9
57.83860928014408	9.0	9	9
57.93867607820661	9.0	9	9
58.03874287626914	9.0	9	9
58.138809674331675	9.0	9	9
58.23887647239421	9.0	9	9
58.338943270456745	10.0	10	10
58.43901006851927	10.0	10	10
58.53907686658181	10.0	10	10
58.639143664644344	10.0	10	10
58.73921046270687	12.0	12	12
58.83927726076941	11.0	11	11
58.93934405883194	10.0	10	10
59.03941085689447	8.0	8	8
59.139477654957005	9.0	9	9
59.23954445301954	9.0	9	9
59.33961125108207	9.0	9	9
59.439678049144604	9.0	9	9
59.53974484720714	9.0	9	9
59.639811645269674	8.0	8	8
59.7398784433322	8.0	8	8
59.83994524139474	8.0	8	8
59.94001203945727	8.0	8	8
60.0400788375198	7.0	7	7
60.140145635582336	6.0	6	6
60.24021243364487	5.0	5	5
60.3402792317074	5.0	5	5
60.440346029769934	5.0	5	5
60.54041282783247	5.0	5	5
60.640479625895004	5.0	5	5
60.74054642395753	5.0	5	5
60.84061322202007	5.0	5	5
60.9406800200826	5.0	5	5
61.04074681814513	5.0	5	5
61.140813616207666	6.0	6	6
61.2408804142702	6.0	6	6
61.34094721233273	6.0	6	6
61.441014010395264	6.0	6	6
61.5410808084578	6.0	6	6
61.641147606520335	6.0	6	6
61.74121440458286	6.0	6	6
61.8412812026454	6.0	6	6
61.94134800070793	5.0	5	5
62.04141479877046	5.0	5	5
62.141481596832996	6.0	6	6
62.24154839489553	7.0	7	7
62.34161519295806	7.0	7	7
62.441681991020594	7.0	7	7
62.54174878908313	7.0	7	7
62.64181558714566	7.0	7	7
62.74188238520819	8.0	8	8
62.84194918327073	8.0	8	8
62.94201598133326	8.0	8	8
63.04208277939579	8.0	8	8
63.142149577458326	8.0	8	8
63.24221637552086	8.0	8	8
63.34228317358339	8.0	8	8
63.442349971645925	8.0	8	8
63.54241676970846	7.0	7	7
63.64248356777099	7.0	7	7
63.74255036583352	7.0	7	7
63.84261716389606	7.0	7	7
63.94268396195859	7.0	7	7
64.04275076002112	7.0	7	7
64.14281755808365	7.0	7	7
64.24288435614619	7.0	7	7
64.34295115420872	6.0	6	6
64.44301795227126	6.0	6	6
64.54308475033379	6.0	6	6
64.64315154839632	6.0	6	6
64.74321834645886	6.0	6	6
64.84328514452139	6.0	6	6
64.94335194258392	6.0	6	6
65.04341874064646	6.0	6	6
65.14348553870899	7.0	7	7
65.24355233677151	6.0	6	6
65.34361913483406	7.0	7	7
65.44368593289659	8.0	8	8
65.54375273095911	9.0	9	9
65.64381952902166	10.0	10	10
65.74388632708418	11.0	11	11
65.84395312514671	11.0	11	11
65.94401992320925	13.0	13	13
66.04408672127178	15.0	15	15
66.14415351933431	16.0	16	16
66.24422031739685	17.0	17	17
66.34428711545938	16.0	16	16
66.44435391352191	17.0	17	17
66.54442071158445	18.0	18	18
66.64448750964698	21.0	21	21
66.74455430770952	21.0	21	21
66.84462110577205	21.0	21	21
66.94468790383458	21.0	21	21
67.04475470189712	21.0	21	21
67.14482149995965	21.0	21	21
67.24488829802218	20.0	20	20
67.34495509608472	19.0	19	19
67.44502189414725	19.0	19	19
67.54508869220977	19.0	19	19
67.64515549027232	18.0	18	18
67.74522228833484	19.0	19	19
67.84528908639737	19.0	19	19
67.94535588445991	19.0	19	19
68.04542268252244	19.0	19	19
68.14548948058497	19.0	19	19
68.24555627864751	18.0	18	18
68.34562307671004	17.0	17	17
68.44568987477257	16.0	16	16
68.54575667283511	16.0	16	16
68.64582347089764	16.0	16	16
68.74589026896018	16.0	16	16
68.84595706702271	16.0	16	16
68.94602386508524	16.0	16	16
69.04609066314778	16.0	16	16
69.14615746121031	16.0	16	16
69.24622425927284	16.0	16	16
69.34629105733538	16.0	16	16
69.4463578553979	16.0	16	16
69.54642465346043	16.0	16	16
69.64649145152298	16.0	16	16
69.7465582495855	16.0	16	16
69.84662504764803	16.0	16	16
69.94669184571057	16.0	16	16
70.0467586437731	16.0	16	16
70.14682544183563	16.0	16	16
70.24689223989817	15.0	15	15
70.3469590379607	16.0	16	16
70.44702583602323	17.0	17	17
70.54709263408577	16.0	16	16
70.6471594321483	17.0	17	17
70.74722623021083	16.0	16	16
70.84729302827337	17.0	17	17
70.9473598263359	17.0	17	17
71.04742662439844	17.0	17	17
71.14749342246097	17.0	17	17
71.2475602205235	16.0	16	16
71.34762701858604	16.0	16	16
71.44769381664857	16.0	16	16
71.5477606147111	17.0	17	17
71.64782741277364	17.0	17	17
71.74789421083617	18.0	18	18
71.8479610088987	17.0	17	17
71.94802780696124	17.0	17	17
72.04809460502376	16.0	16	16
72.14816140308629	19.0	19	19
72.24822820114883	18.0	18	18
72.34829499921136	19.0	19	19
72.44836179727389	19.0	19	19
72.54842859533643	19.0	19	19
72.64849539339896	19.0	19	19
72.74856219146149	19.0	19	19
72.84862898952403	18.0	18	18
72.94869578758656	18.0	18	18
73.0487625856491	17.0	17	17
73.14882938371163	16.0	16	16
73.24889618177416	16.0	16	16
73.3489629798367	16.0	16	16
73.44902977789923	16.0	16	16
73.54909657596176	17.0	17	17
73.6491633740243	17.0	17	17
73.74923017208683	17.0	17	17
73.84929697014935	17.0	17	17
73.9493637682119	17.0	17	17
74.04943056627442	17.0	17	17
74.14949736433695	17.0	17	17
74.2495641623995	17.0	17	17
74.34963096046202	17.0	17	17
74.44969775852455	16.0	16	16
74.54976455658709	16.0	16	16
74.64983135464962	16.0	16	16
74.74989815271215	16.0	16	16
74.84996495077469	16.0	16	16
74.95003174883722	16.0	16	16
75.05009854689975	16.0	16	16
75.15016534496229	16.0	16	16
75.25023214302482	16.0	16	16
75.35029894108736	16.0	16	16
75.45036573914989	16.0	16	16
75.55043253721242	15.0	15	15
75.65049933527496	15.0	15	15
75.75056613333749	15.0	15	15
75.85063293140001	15.0	15	15
75.95069972946256	15.0	15	15
76.05076652752508	15.0	15	15
76.15083332558761	15.0	15	15
76.25090012365015	14.0	14	14
76.35096692171268	14.0	14	14
76.45103371977521	14.0	14	14
76.55110051783775	14.0	14	14
76.65116731590028	14.0	14	14
76.75123411396281	13.0	13	13
76.85130091202535	13.0	13	13
76.95136771008788	13.0	13	13
77.05143450815041	13.0	13	13
77.15150130621295	13.0	13	13
77.25156810427548	13.0	13	13
77.351634902338	13.0	13	13
77.45170170040055	13.0	13	13
77.55176849846308	13.0	13	13
77.65183529652562	13.0	13	13
77.75190209458815	13.0	13	13
77.85196889265067	12.0	12	12
77.95203569071322	12.0	12	12
78.05210248877574	12.0	12	12
78.15216928683827	12.0	12	12
78.25223608490082	12.0	12	12
78.35230288296334	12.0	12	12
78.45236968102587	12.0	12	12
78.55243647908841	12.0	12	12
78.65250327715094	12.0	12	12
78.75257007521347	12.0	12	12
78.85263687327601	12.0	12	12
78.95270367133854	12.0	12	12
79.05277046940107	12.0	12	12
79.15283726746361	12.0	12	12
79.25290406552614	12.0	12	12
79.35297086358867	12.0	12	12
79.45303766165121	12.0	12	12
79.55310445971374	12.0	12	12
79.65317125777628	12.0	12	12
79.7532380558388	12.0	12	12
79.85330485390134	12.0	12	12
79.95337165196388	12.0	12	12
80.0534384500264	12.0	12	12
80.15350524808893	12.0	12	12
80.25357204615148	13.0	13	13
80.353638844214	13.0	13	13
80.45370564227653	13.0	13	13
80.55377244033907	13.0	13	13
80.6538392384016	12.0	12	12
80.75390603646413	12.0	12	12
80.85397283452667	12.0	12	12
80.9540396325892	12.0	12	12
81.05410643065173	11.0	11	11
81.15417322871427	11.0	11	11
81.2542400267768	11.0	11	11
81.35430682483933	11.0	11	11
81.45437362290187	11.0	11	11
81.5544404209644	11.0	11	11
81.65450721902693	11.0	11	11
81.75457401708947	11.0	11	11
81.854640815152	11.0	11	11
81.95470761321454	11.0	11	11
82.05477441127707	11.0	11	11
82.1548412093396	11.0	11	11
82.25490800740214	11.0	11	11
82.35497480546466	11.0	11	11
82.45504160352719	11.0	11	11
82.55510840158973	11.0	11	11
82.65517519965226	12.0	12	12
82.75524199771479	12.0	12	12
82.85530879577733	12.0	12	12
82.95537559383986	12.0	12	12
83.05544239190239	10.0	10	10
83.15550918996493	10.0	10	10
83.25557598802746	10.0	10	10
83.35564278608999	10.0	10	10
83.45570958415253	10.0	10	10
83.55577638221506	10.0	10	10
83.65584318027759	10.0	10	10
83.75590997834013	9.0	9	9
83.85597677640266	8.0	8	8
83.9560435744652	8.0	8	8
84.05611037252773	9.0	9	9
84.15617717059025	8.0	8	8
84.2562439686528	8.0	8	8
84.35631076671532	8.0	8	8
84.45637756477785	9.0	9	9
84.5564443628404	10.0	10	10
84.65651116090292	10.0	10	10
84.75657795896545	11.0	11	11
84.856644757028	11.0	11	11
84.95671155509052	11.0	11	11
85.05677835315305	12.0	12	12
85.15684515121559	12.0	12	12
85.25691194927812	12.0	12	12
85.35697874734065	12.0	12	12
85.45704554540319	11.0	11	11
85.55711234346572	11.0	11	11
85.65717914152825	11.0	11	11
85.75724593959079	11.0	11	11
85.85731273765332	11.0	11	11
85.95737953571584	10.0	10	10
86.05744633377839	9.0	9	9
86.15751313184091	9.0	9	9
86.25757992990346	7.0	7	7
86.35764672796599	7.0	7	7
86.45771352602851	7.0	7	7
86.55778032409106	6.0	6	6
86.65784712215358	5.0	5	5
86.75791392021611	5.0	5	5
86.85798071827865	5.0	5	5
86.95804751634118	5.0	5	5
87.05811431440371	5.0	5	5
87.15818111246625	5.0	5	5
87.25824791052878	5.0	5	5
87.35831470859131	5.0	5	5
87.45838150665385	5.0	5	5
87.55844830471638	5.0	5	5
87.6585151027789	5.0	5	5
87.75858190084145	5.0	5	5
87.85864869890398	5.0	5	5
87.9587154969665	5.0	5	5
88.05878229502905	5.0	5	5
88.15884909309158	6.0	6	6
88.2589158911541	6.0	6	6
88.35898268921665	6.0	6	6
88.45904948727917	6.0	6	6
88.55911628534172	6.0	6	6
88.65918308340424	6.0	6	6
88.75924988146677	6.0	6	6
88.85931667952931	6.0	6	6
88.95938347759184	6.0	6	6
89.05945027565437	6.0	6	6
89.15951707371691	6.0	6	6
89.25958387177944	7.0	7	7
89.35965066984197	7.0	7	7
89.45971746790451	6.0	6	6
89.55978426596704	6.0	6	6
89.65985106402957	6.0	6	6
89.75991786209211	6.0	6	6
89.85998466015464	6.0	6	6
89.96005145821717	6.0	6	6
90.06011825627971	7.0	7	7
90.16018505434224	8.0	8	8
90.26025185240476	8.0	8	8
90.3603186504673	8.0	8	8
90.46038544852983	7.0	7	7
90.56045224659238	7.0	7	7
90.6605190446549	7.0	7	7
90.76058584271743	7.0	7	7
90.86065264077997	7.0	7	7
90.9607194388425	7.0	7	7
91.06078623690503	7.0	7	7
91.16085303496757	7.0	7	7
91.2609198330301	6.0	6	6
91.36098663109263	6.0	6	6
91.46105342915517	6.0	6	6
91.5611202272177	6.0	6	6
91.66118702528023	6.0	6	6
91.76125382334277	6.0	6	6
91.8613206214053	6.0	6	6
91.96138741946783	6.0	6	6
92.06145421753037	6.0	6	6
92.1615210155929	6.0	6	6
92.26158781365542	6.0	6	6
92.36165461171797	6.0	6	6
92.4617214097805	6.0	6	6
92.56178820784302	6.0	6	6
92.66185500590557	6.0	6	6
92.7619218039681	7.0	7	7
92.86198860203064	6.0	6	6
92.96205540009316	6.0	6	6
93.06212219815569	6.0	6	6
93.16218899621823	6.0	6	6
93.26225579428076	6.0	6	6
93.36232259234329	5.0	5	5
93.46238939040583	6.0	6	6
93.56245618846836	6.0	6	6
93.66252298653089	6.0	6	6
93.76258978459343	8.0	8	8
93.86265658265596	8.0	8	8
93.96272338071849	7.0	7	7
94.06279017878103	6.0	6	6
94.16285697684356	7.0	7	7
94.26292377490608	7.0	7	7
94.36299057296863	7.0	7	7
94.46305737103116	7.0	7	7
94.56312416909368	7.0	7	7
94.66319096715623	7.0	7	7
94.76325776521875	6.0	6	6
94.8633245632813	5.0	5	5
94.96339136134382	5.0	5	5
95.06345815940635	4.0	4	4
95.1635249574689	5.0	5	5
95.26359175553142	5.0	5	5
95.36365855359395	5.0	5	5
95.46372535165649	4.0	4	4
95.56379214971902	4.0	4	4
95.66385894778155	5.0	5	5
95.76392574584409	5.0	5	5
95.86399254390662	6.0	6	6
95.96405934196915	6.0	6	6
96.06412614003169	6.0	6	6
96.16419293809422	6.0	6	6
96.26425973615675	6.0	6	6
96.36432653421929	5.0	5	5
96.46439333228182	5.0	5	5
96.56446013034434	5.0	5	5
96.66452692840689	5.0	5	5
96.76459372646941	5.0	5	5
96.86466052453194	5.0	5	5
96.96472732259448	5.0	5	5
97.06479412065701	5.0	5	5
97.16486091871955	5.0	5	5
97.26492771678208	5.0	5	5
97.36499451484461	5.0	5	5
97.46506131290715	5.0	5	5
97.56512811096968	5.0	5	5
97.66519490903221	5.0	5	5
97.76526170709475	5.0	5	5
97.86532850515728	5.0	5	5
97.96539530321981	5.0	5	5
98.06546210128235	5.0	5	5
98.16552889934488	5.0	5	5
98.2655956974074	5.0	5	5
98.36566249546995	5.0	5	5
98.46572929353248	5.0	5	5
98.565796091595	5.0	5	5
98.66586288965755	5.0	5	5
98.76592968772007	5.0	5	5
98.8659964857826	5.0	5	5
98.96606328384514	6.0	6	6
99.06613008190767	6.0	6	6
99.1661968799702	6.0	6	6
99.26626367803274	6.0	6	6
99.36633047609527	6.0	6	6
99.46639727415781	6.0	6	6
99.56646407222034	6.0	6	6
99.66653087028287	6.0	6	6
99.76659766834541	6.0	6	6
99.86666446640794	5.0	5	5
99.96673126447047	6.0	6	6
100.06679806253301	6.0	6	6
100.16686486059554	6.0	6	6
100.26693165865807	5.0	5	5
100.36699845672061	5.0	5	5
100.46706525478314	4.0	4	4
100.56713205284566	4.0	4	4
100.6671988509082	4.0	4	4
100.76726564897074	4.0	4	4
100.86733244703326	4.0	4	4
100.9673992450958	4.0	4	4
101.06746604315833	4.0	4	4
101.16753284122086	5.0	5	5
101.2675996392834	5.0	5	5
101.36766643734593	5.0	5	5
101.46773323540847	5.0	5	5
101.567800033471	5.0	5	5
101.66786683153353	5.0	5	5
101.76793362959607	5.0	5	5
101.8680004276586	5.0	5	5
101.96806722572113	5.0	5	5
102.06813402378367	5.0	5	5
102.1682008218462	5.0	5	5
102.26826761990873	5.0	5	5
102.36833441797127	5.0	5	5
102.4684012160338	5.0	5	5
102.56846801409633	5.0	5	5
102.66853481215887	5.0	5	5
102.7686016102214	5.0	5	5
102.86866840828392	5.0	5	5
102.96873520634647	5.0	5	5
103.068802004409	5.0	5	5
103.16886880247152	4.0	4	4
103.26893560053406	4.0	4	4
103.36900239859659	4.0	4	4
103.46906919665912	4.0	4	4
103.56913599472166	4.0	4	4
103.66920279278419	4.0	4	4
103.76926959084673	4.0	4	4
103.86933638890926	4.0	4	4
103.96940318697179	4.0	4	4
104.06946998503433	4.0	4	4
104.16953678309686	4.0	4	4
104.26960358115939	4.0	4	4
104.36967037922193	4.0	4	4
104.46973717728446	4.0	4	4
104.56980397534699	4.0	4	4
104.66987077340953	4.0	4	4
104.76993757147206	4.0	4	4
104.87000436953458	4.0	4	4
104.97007116759713	4.0	4	4
105.07013796565965	4.0	4	4
105.17020476372218	4.0	4	4
105.27027156178472	4.0	4	4
105.37033835984725	4.0	4	4
105.47040515790978	4.0	4	4
105.57047195597232	4.0	4	4
105.67053875403485	4.0	4	4
105.7706055520974	4.0	4	4
105.87067235015992	4.0	4	4
105.97073914822245	4.0	4	4
106.07080594628499	4.0	4	4
106.17087274434752	4.0	4	4
106.27093954241005	4.0	4	4
106.37100634047259	4.0	4	4
106.47107313853512	4.0	4	4
106.57113993659765	4.0	4	4
106.67120673466019	4.0	4	4
106.77127353272272	4.0	4	4
106.87134033078524	4.0	4	4
106.97140712884779	4.0	4	4
107.07147392691031	4.0	4	4
107.17154072497284	4.0	4	4
107.27160752303539	4.0	4	4
107.37167432109791	4.0	4	4
107.47174111916044	4.0	4	4
107.57180791722298	4.0	4	4
107.67187471528551	4.0	4	4
107.77194151334804	4.0	4	4
107.87200831141058	4.0	4	4
107.97207510947311	4.0	4	4
108.07214190753565	4.0	4	4
108.17220870559818	4.0	4	4
108.27227550366071	3.0	3	3
108.37234230172325	3.0	3	3
108.47240909978578	3.0	3	3
108.5724758978483	3.0	3	3
108.67254269591085	3.0	3	3
108.77260949397338	3.0	3	3
108.8726762920359	3.0	3	3
108.97274309009845	3.0	3	3
109.07280988816098	3.0	3	3
109.1728766862235	3.0	3	3
109.27294348428605	3.0	3	3
109.37301028234857	3.0	3	3
109.4730770804111	3.0	3	3
109.57314387847364	3.0	3	3
109.67321067653617	3.0	3	3
109.7732774745987	3.0	3	3
109.87334427266124	3.0	3	3
109.97341107072377	3.0	3	3
110.0734778687863	3.0	3	3
110.17354466684884	3.0	3	3
110.27361146491137	3.0	3	3
110.37367826297391	3.0	3	3
110.47374506103644	3.0	3	3
110.57381185909897	3.0	3	3
110.67387865716151	3.0	3	3
110.77394545522404	3.0	3	3
110.87401225328657	3.0	3	3
110.97407905134911	3.0	3	3
111.07414584941164	3.0	3	3
111.17421264747416	3.0	3	3
111.2742794455367	3.0	3	3
111.37434624359923	3.0	3	3
111.47441304166176	3.0	3	3
111.5744798397243	3.0	3	3
111.67454663778683	3.0	3	3
111.77461343584936	3.0	3	3
111.8746802339119	3.0	3	3
111.97474703197443	3.0	3	3
112.07481383003696	3.0	3	3
112.1748806280995	3.0	3	3
112.27494742616203	3.0	3	3
112.37501422422457	3.0	3	3
112.4750810222871	3.0	3	3
112.57514782034963	3.0	3	3
112.67521461841217	2.0	2	2
112.7752814164747	2.0	2	2
112.87534821453723	2.0	2	2
112.97541501259977	2.0	2	2
113.0754818106623	2.0	2	2
113.17554860872482	2.0	2	2
113.27561540678737	2.0	2	2
113.3756822048499	2.0	2	2
113.47574900291242	2.0	2	2
113.57581580097496	2.0	2	2
113.6758825990375	2.0	2	2
113.77594939710002	2.0	2	2
113.87601619516256	2.0	2	2
113.97608299322509	1.0	1	1
114.07614979128762	1.0	1	1
114.17621658935016	1.0	1	1
114.27628338741269	1.0	1	1
114.37635018547522	0.0	0	0
114.47641698353776	0.0	0	0
114.57648378160029	0.0	0	0
114.67655057966283	0.0	0	0
114.77661737772536	0.0	0	0
114.87668417578789	0.0	0	0
114.97675097385043	0.0	0	0
115.07681777191296	1.0	1	1
115.17688456997548	1.0	1	1
115.27695136803803	1.0	1	1
115.37701816610056	1.0	1	1
115.47708496416308	1.0	1	1
115.57715176222563	1.0	1	1
115.67721856028815	1.0	1	1
115.77728535835068	1.0	1	1
115.87735215641322	1.0	1	1
115.97741895447575	1.0	1	1
116.07748575253828	1.0	1	1
116.17755255060082	1.0	1	1
116.27761934866335	1.0	1	1
116.37768614672588	1.0	1	1
116.47775294478842	1.0	1	1
116.57781974285095	1.0	1	1
116.67788654091349	1.0	1	1
116.77795333897602	1.0	1	1
116.87802013703855	1.0	1	1
116.97808693510109	1.0	1	1
117.07815373316362	1.0	1	1
117.17822053122615	0.0	0	0
117.27828732928869	0.0	0	0
117.37835412735122	0.0	0	0
117.47842092541374	0.0	0	0
117.57848772347629	0.0	0	0
117.67855452153881	0.0	0	0
117.77862131960134	0.0	0	0
117.87868811766388	0.0	0	0
117.97875491572641	0.0	0	0
118.07882171378894	0.0	0	0
118.17888851185148	0.0	0	0
118.27895530991401	0.0	0	0
118.37902210797654	0.0	0	0
118.47908890603908	0.0	0	0
118.57915570410161	0.0	0	0
118.67922250216414	0.0	0	0
118.77928930022668	0.0	0	0
118.87935609828921	0.0	0	0
118.97942289635175	0.0	0	0
119.07948969441428	0.0	0	0
119.1795564924768	0.0	0	0
119.27962329053935	0.0	0	0
119.37969008860188	0.0	0	0
119.4797568866644	0.0	0	0
119.57982368472695	0.0	0	0
119.67989048278947	0.0	0	0
119.779957280852	0.0	0	0
119.88002407891454	0.0	0	0
119.98009087697707	0.0	0	0
120.0801576750396	0.0	0	0
120.18022447310214	0.0	0	0
120.28029127116467	0.0	0	0
120.3803580692272	0.0	0	0
120.48042486728974	0.0	0	0
120.58049166535227	0.0	0	0
120.6805584634148	0.0	0	0
120.78062526147734	0.0	0	0
120.88069205953987	0.0	0	0
120.9807588576024	0.0	0	0
121.08082565566494	0.0	0	0
121.18089245372747	0.0	0	0
121.28095925179001	0.0	0	0
121.38102604985254	0.0	0	0
121.48109284791506	0.0	0	0
121.5811596459776	0.0	0	0
121.68122644404013	0.0	0	0
121.78129324210266	0.0	0	0
121.8813600401652	0.0	0	0
121.98142683822773	0.0	0	0
122.08149363629026	0.0	0	0
122.1815604343528	0.0	0	0
122.28162723241533	0.0	0	0
122.38169403047786	0.0	0	0
122.4817608285404	0.0	0	0
122.58182762660293	0.0	0	0
122.68189442466546	0.0	0	0
122.781961222728	0.0	0	0
122.88202802079053	0.0	0	0
122.98209481885306	0.0	0	0
123.0821616169156	0.0	0	0
123.18222841497813	0.0	0	0
123.28229521304067	0.0	0	0
123.3823620111032	0.0	0	0
123.48242880916573	0.0	0	0
123.58249560722827	0.0	0	0
123.6825624052908	0.0	0	0
123.78262920335332	0.0	0	0
123.88269600141587	0.0	0	0
123.9827627994784	0.0	0	0
124.08282959754092	0.0	0	0
124.18289639560346	0.0	0	0
124.28296319366599	0.0	0	0
124.38302999172852	0.0	0	0
124.48309678979106	0.0	0	0
124.58316358785359	0.0	0	0
124.68323038591612	0.0	0	0
124.78329718397866	0.0	0	0
124.88336398204119	0.0	0	0
124.98343078010372	0.0	0	0
125.08349757816626	0.0	0	0
125.18356437622879	0.0	0	0
125.28363117429132	0.0	0	0
125.38369797235386	0.0	0	0
125.48376477041639	0.0	0	0
125.58383156847893	0.0	0	0
125.68389836654146	0.0	0	0
125.78396516460398	0.0	0	0
125.88403196266653	0.0	0	0
125.98409876072905	0.0	0	0
126.08416555879158	0.0	0	0
126.18423235685412	0.0	0	0
126.28429915491665	0.0	0	0
126.38436595297918	0.0	0	0
126.48443275104172	0.0	0	0
126.58449954910425	0.0	0	0
126.68456634716678	0.0	0	0
126.78463314522932	0.0	0	0
126.88469994329185	1.0	1	1
126.98476674135438	1.0	1	1
127.08483353941692	1.0	1	1
127.18490033747945	1.0	1	1
127.28496713554198	1.0	1	1
127.38503393360452	1.0	1	1
127.48510073166705	1.0	1	1
127.58516752972959	2.0	2	2
127.68523432779212	3.0	3	3
127.78530112585464	3.0	3	3
127.88536792391719	3.0	3	3
127.98543472197971	3.0	3	3
128.08550152004224	3.0	3	3
128.18556831810477	4.0	4	4
128.2856351161673	4.0	4	4
128.38570191422986	4.0	4	4
128.48576871229238	4.0	4	4
128.5858355103549	4.0	4	4
128.68590230841744	4.0	4	4
128.78596910647997	4.0	4	4
128.88603590454252	3.0	3	3
128.98610270260505	3.0	3	3
129.08616950066758	3.0	3	3
129.1862362987301	3.0	3	3
129.28630309679264	3.0	3	3
129.38636989485516	3.0	3	3
129.48643669291772	3.0	3	3
129.58650349098025	3.0	3	3
129.68657028904278	2.0	2	2
129.7866370871053	2.0	2	2
129.88670388516783	2.0	2	2
129.98677068323036	2.0	2	2
130.08683748129292	1.0	1	1
130.18690427935545	1.0	1	1
130.28697107741797	1.0	1	1
130.3870378754805	1.0	1	1
130.48710467354303	1.0	1	1
130.58717147160556	1.0	1	1
130.68723826966811	1.0	1	1
130.78730506773064	1.0	1	1
130.88737186579317	1.0	1	1
130.9874386638557	1.0	1	1
131.08750546191823	1.0	1	1
131.18757225998078	1.0	1	1
131.2876390580433	1.0	1	1
131.38770585610584	1.0	1	1
131.48777265416837	1.0	1	1
131.5878394522309	1.0	1	1
131.68790625029342	1.0	1	1
131.78797304835598	1.0	1	1
131.8880398464185	1.0	1	1
131.98810664448104	1.0	1	1
132.08817344254356	1.0	1	1
132.1882402406061	1.0	1	1
132.28830703866862	1.0	1	1
132.38837383673118	1.0	1	1
132.4884406347937	1.0	1	1
132.58850743285623	1.0	1	1
132.68857423091876	1.0	1	1
132.7886410289813	1.0	1	1
132.88870782704382	1.0	1	1
132.98877462510637	1.0	1	1
133.0888414231689	1.0	1	1
133.18890822123143	1.0	1	1
133.28897501929396	1.0	1	1
133.38904181735649	1.0	1	1
133.48910861541904	1.0	1	1
133.58917541348157	1.0	1	1
133.6892422115441	1.0	1	1
133.78930900960663	1.0	1	1
133.88937580766915	1.0	1	1
133.98944260573168	1.0	1	1
134.08950940379424	1.0	1	1
134.18957620185677	1.0	1	1
134.2896429999193	1.0	1	1
134.38970979798182	1.0	1	1
134.48977659604435	1.0	1	1
134.58984339410688	1.0	1	1
134.68991019216944	1.0	1	1
134.78997699023196	1.0	1	1
134.8900437882945	1.0	1	1
134.99011058635702	1.0	1	1
135.09017738441955	1.0	1	1
135.1902441824821	1.0	1	1
135.29031098054463	1.0	1	1
135.39037777860716	2.0	2	2
135.4904445766697	3.0	3	3
135.59051137473222	3.0	3	3
135.69057817279474	2.0	2	2
135.7906449708573	2.0	2	2
135.89071176891983	2.0	2	2
135.99077856698236	2.0	2	2
136.09084536504488	3.0	3	3
136.1909121631074	3.0	3	3
136.29097896116994	3.0	3	3
136.3910457592325	3.0	3	3
136.49111255729503	3.0	3	3
136.59117935535755	3.0	3	3
136.69124615342008	3.0	3	3
136.7913129514826	3.0	3	3
136.89137974954514	3.0	3	3
136.9914465476077	3.0	3	3
137.09151334567022	3.0	3	3
137.19158014373275	3.0	3	3
137.29164694179528	3.0	3	3
137.3917137398578	2.0	2	2
137.49178053792036	2.0	2	2
137.5918473359829	2.0	2	2
137.69191413404542	2.0	2	2
137.79198093210795	2.0	2	2
137.89204773017048	2.0	2	2
137.992114528233	2.0	2	2
138.09218132629556	1.0	1	1
138.1922481243581	1.0	1	1
138.29231492242062	1.0	1	1
138.39238172048314	2.0	2	2
138.49244851854567	2.0	2	2
138.5925153166082	2.0	2	2
138.69258211467076	2.0	2	2
138.79264891273328	2.0	2	2
138.8927157107958	2.0	2	2
138.99278250885834	2.0	2	2
139.09284930692087	2.0	2	2
139.1929161049834	2.0	2	2
139.29298290304595	2.0	2	2
139.39304970110848	2.0	2	2
139.493116499171	1.0	1	1
139.59318329723354	1.0	1	1
139.69325009529607	1.0	1	1
139.79331689335862	1.0	1	1
139.89338369142115	1.0	1	1
139.99345048948368	1.0	1	1
140.0935172875462	1.0	1	1
140.19358408560873	1.0	1	1
140.29365088367126	1.0	1	1
140.39371768173382	0.0	0	0
140.49378447979635	0.0	0	0
140.59385127785887	0.0	0	0
140.6939180759214	0.0	0	0
140.79398487398393	0.0	0	0
140.89405167204646	1.0	1	1
140.99411847010902	1.0	1	1
141.09418526817154	1.0	1	1
141.19425206623407	1.0	1	1
141.2943188642966	1.0	1	1
141.39438566235913	1.0	1	1
141.49445246042166	1.0	1	1
141.5945192584842	1.0	1	1
141.69458605654674	1.0	1	1
141.79465285460927	1.0	1	1
141.8947196526718	1.0	1	1
141.99478645073432	1.0	1	1
142.09485324879688	1.0	1	1
142.1949200468594	1.0	1	1
142.29498684492194	1.0	1	1
142.39505364298446	1.0	1	1
142.495120441047	1.0	1	1
142.59518723910952	1.0	1	1
142.69525403717208	1.0	1	1
142.7953208352346	1.0	1	1
142.89538763329713	1.0	1	1
142.99545443135966	1.0	1	1
143.0955212294222	1.0	1	1
143.19558802748472	1.0	1	1
143.29565482554727	1.0	1	1
143.3957216236098	1.0	1	1
143.49578842167233	1.0	1	1
143.59585521973486	1.0	1	1
143.6959220177974	1.0	1	1
143.79598881585991	1.0	1	1
143.89605561392247	1.0	1	1
143.996122411985	1.0	1	1
144.09618921004753	1.0	1	1
144.19625600811005	1.0	1	1
144.29632280617258	1.0	1	1
144.39638960423514	2.0	2	2
144.49645640229767	2.0	2	2
144.5965232003602	2.0	2	2
144.69658999842272	2.0	2	2
144.79665679648525	2.0	2	2
144.89672359454778	2.0	2	2
144.99679039261034	2.0	2	2
145.09685719067286	2.0	2	2
145.1969239887354	2.0	2	2
145.29699078679792	2.0	2	2
145.39705758486045	2.0	2	2
145.49712438292298	2.0	2	2
145.59719118098553	2.0	2	2
145.69725797904806	2.0	2	2
145.7973247771106	2.0	2	2
145.89739157517312	2.0	2	2
145.99745837323565	2.0	2	2
146.0975251712982	2.0	2	2
146.19759196936073	2.0	2	2
146.29765876742326	2.0	2	2
146.39772556548579	2.0	2	2
146.4977923635483	2.0	2	2
146.59785916161084	2.0	2	2
146.6979259596734	2.0	2	2
146.79799275773593	2.0	2	2
146.89805955579845	2.0	2	2
146.99812635386098	2.0	2	2
147.0981931519235	2.0	2	2
147.19825994998604	2.0	2	2
147.2983267480486	2.0	2	2
147.39839354611112	2.0	2	2
147.49846034417365	2.0	2	2
147.59852714223618	2.0	2	2
147.6985939402987	2.0	2	2
147.79866073836124	2.0	2	2
147.8987275364238	2.0	2	2
147.99879433448632	2.0	2	2
148.09886113254885	2.0	2	2
148.19892793061138	2.0	2	2
148.2989947286739	2.0	2	2
148.39906152673646	2.0	2	2
148.499128324799	2.0	2	2
148.59919512286152	2.0	2	2
148.69926192092404	2.0	2	2
148.79932871898657	2.0	2	2
148.8993955170491	2.0	2	2
148.99946231511166	2.0	2	2
149.09952911317419	2.0	2	2
149.1995959112367	2.0	2	2
149.29966270929924	2.0	2	2
149.39972950736177	2.0	2	2
149.4997963054243	2.0	2	2
149.59986310348685	2.0	2	2
149.69992990154938	2.0	2	2
149.7999966996119	2.0	2	2
149.90006349767444	2.0	2	2
150.00013029573697	2.0	2	2
150.1001970937995	3.0	3	3
150.20026389186205	3.0	3	3
150.30033068992458	3.0	3	3
150.4003974879871	3.0	3	3
150.50046428604963	3.0	3	3
150.60053108411216	3.0	3	3
150.70059788217472	3.0	3	3
150.80066468023725	3.0	3	3
150.90073147829978	3.0	3	3
151.0007982763623	3.0	3	3
151.10086507442483	3.0	3	3
151.20093187248736	3.0	3	3
151.30099867054992	3.0	3	3
151.40106546861244	3.0	3	3
151.50113226667497	3.0	3	3
151.6011990647375	3.0	3	3
151.70126586280003	3.0	3	3
151.80133266086256	3.0	3	3
151.9013994589251	3.0	3	3
152.00146625698764	3.0	3	3
152.10153305505017	3.0	3	3
152.2015998531127	3.0	3	3
152.30166665117522	2.0	2	2
152.40173344923775	2.0	2	2
152.5018002473003	2.0	2	2
152.60186704536284	2.0	2	2
152.70193384342537	2.0	2	2
152.8020006414879	2.0	2	2
152.90206743955042	2.0	2	2
153.00213423761298	2.0	2	2
153.1022010356755	2.0	2	2
153.20226783373803	2.0	2	2
153.30233463180056	2.0	2	2
153.4024014298631	2.0	2	2
153.50246822792562	2.0	2	2
153.60253502598817	2.0	2	2
153.7026018240507	2.0	2	2
153.80266862211323	2.0	2	2
153.90273542017576	2.0	2	2
154.0028022182383	2.0	2	2
154.10286901630082	2.0	2	2
154.20293581436337	2.0	2	2
154.3030026124259	2.0	2	2
154.40306941048843	2.0	2	2
154.50313620855096	2.0	2	2
154.60320300661348	2.0	2	2
154.703269804676	2.0	2	2
154.80333660273857	2.0	2	2
154.9034034008011	2.0	2	2
155.00347019886362	2.0	2	2
155.10353699692615	2.0	2	2
155.20360379498868	2.0	2	2
155.30367059305124	2.0	2	2
155.40373739111376	2.0	2	2
155.5038041891763	2.0	2	2
155.60387098723882	2.0	2	2
155.70393778530135	2.0	2	2
155.80400458336388	2.0	2	2
155.90407138142643	2.0	2	2
156.00413817948896	2.0	2	2
156.1042049775515	2.0	2	2
156.20427177561402	2.0	2	2
156.30433857367655	1.0	1	1
156.40440537173907	1.0	1	1
156.50447216980163	0.0	0	0
156.60453896786416	0.0	0	0
156.7046057659267	0.0	0	0
156.80467256398921	0.0	0	0
156.90473936205174	0.0	0	0
157.0048061601143	0.0	0	0
157.10487295817683	0.0	0	0
157.20493975623936	1.0	1	1
157.30500655430188	1.0	1	1
157.4050733523644	1.0	1	1
157.50514015042694	1.0	1	1
157.6052069484895	1.0	1	1
157.70527374655202	1.0	1	1
157.80534054461455	1.0	1	1
157.90540734267708	1.0	1	1
158.0054741407396	1.0	1	1
158.10554093880214	1.0	1	1
158.2056077368647	1.0	1	1
158.30567453492722	1.0	1	1
158.40574133298975	1.0	1	1
158.50580813105228	1.0	1	1
158.6058749291148	1.0	1	1
158.70594172717733	1.0	1	1
158.8060085252399	1.0	1	1
158.90607532330242	1.0	1	1
159.00614212136495	1.0	1	1
159.10620891942747	1.0	1	1
159.20627571749	1.0	1	1
159.30634251555256	1.0	1	1
159.4064093136151	1.0	1	1
159.5064761116776	1.0	1	1
159.60654290974014	1.0	1	1
159.70660970780267	1.0	1	1
159.8066765058652	1.0	1	1
159.90674330392775	1.0	1	1
160.00681010199028	1.0	1	1
160.1068769000528	1.0	1	1
160.20694369811534	1.0	1	1
160.30701049617787	1.0	1	1
160.4070772942404	1.0	1	1
160.50714409230295	1.0	1	1
160.60721089036548	1.0	1	1
160.707277688428	1.0	1	1
160.80734448649054	1.0	1	1
160.90741128455306	1.0	1	1
161.0074780826156	1.0	1	1
161.10754488067815	1.0	1	1
161.20761167874068	1.0	1	1
161.3076784768032	1.0	1	1
161.40774527486573	1.0	1	1
161.50781207292826	1.0	1	1
161.60787887099082	1.0	1	1
161.70794566905334	1.0	1	1
161.80801246711587	1.0	1	1
161.9080792651784	1.0	1	1
162.00814606324093	1.0	1	1
162.10821286130346	2.0	2	2
162.208279659366	2.0	2	2
162.30834645742854	2.0	2	2
162.40841325549107	2.0	2	2
162.5084800535536	2.0	2	2
162.60854685161613	2.0	2	2
162.70861364967865	3.0	3	3
162.8086804477412	3.0	3	3
162.90874724580374	3.0	3	3
163.00881404386627	3.0	3	3
163.1088808419288	3.0	3	3
163.20894763999132	3.0	3	3
163.30901443805385	3.0	3	3
163.4090812361164	3.0	3	3
163.50914803417893	3.0	3	3
163.60921483224146	3.0	3	3
163.709281630304	3.0	3	3
163.80934842836652	3.0	3	3
163.90941522642908	3.0	3	3
164.0094820244916	3.0	3	3
164.10954882255413	3.0	3	3
164.20961562061666	3.0	3	3
164.3096824186792	4.0	4	4
164.40974921674172	4.0	4	4
164.50981601480427	5.0	5	5
164.6098828128668	5.0	5	5
164.70994961092933	5.0	5	5
164.81001640899186	5.0	5	5
164.91008320705438	5.0	5	5
165.0101500051169	5.0	5	5
165.11021680317947	5.0	5	5
165.210283601242	5.0	5	5
165.31035039930453	7.0	7	7
165.41041719736705	7.0	7	7
165.51048399542958	7.0	7	7
165.6105507934921	7.0	7	7
165.71061759155467	7.0	7	7
165.8106843896172	7.0	7	7
165.91075118767972	7.0	7	7
166.01081798574225	7.0	7	7
166.11088478380478	7.0	7	7
166.21095158186733	7.0	7	7
166.31101837992986	7.0	7	7
166.4110851779924	6.0	6	6
166.51115197605492	6.0	6	6
166.61121877411745	5.0	5	5
166.71128557217997	5.0	5	5
166.81135237024253	5.0	5	5
166.91141916830506	6.0	6	6
167.0114859663676	8.0	8	8
167.11155276443012	7.0	7	7
167.21161956249264	6.0	6	6
167.31168636055517	5.0	5	5
167.41175315861773	5.0	5	5
167.51181995668026	4.0	4	4
167.61188675474278	4.0	4	4
167.7119535528053	4.0	4	4
167.81202035086784	4.0	4	4
167.9120871489304	4.0	4	4
168.01215394699292	4.0	4	4
168.11222074505545	4.0	4	4
168.21228754311798	4.0	4	4
168.3123543411805	4.0	4	4
168.41242113924304	4.0	4	4
168.5124879373056	4.0	4	4
168.61255473536812	4.0	4	4
168.71262153343065	4.0	4	4
168.81268833149318	4.0	4	4
168.9127551295557	4.0	4	4
169.01282192761823	4.0	4	4
169.1128887256808	4.0	4	4
169.21295552374332	3.0	3	3
169.31302232180585	2.0	2	2
169.41308911986837	2.0	2	2
169.5131559179309	2.0	2	2
169.61322271599343	2.0	2	2
169.713289514056	2.0	2	2
169.81335631211851	2.0	2	2
169.91342311018104	2.0	2	2
170.01348990824357	2.0	2	2
170.1135567063061	2.0	2	2
170.21362350436866	2.0	2	2
170.31369030243118	2.0	2	2
170.4137571004937	2.0	2	2
170.51382389855624	3.0	3	3
170.61389069661877	3.0	3	3
170.7139574946813	3.0	3	3
170.81402429274385	3.0	3	3
170.91409109080638	3.0	3	3
171.0141578888689	3.0	3	3
171.11422468693144	3.0	3	3
171.21429148499396	3.0	3	3
171.3143582830565	3.0	3	3
171.41442508111905	3.0	3	3
171.51449187918158	3.0	3	3
171.6145586772441	3.0	3	3
171.71462547530663	3.0	3	3
171.81469227336916	4.0	4	4
171.9147590714317	4.0	4	4
172.01482586949425	4.0	4	4
172.11489266755677	4.0	4	4
172.2149594656193	4.0	4	4
172.31502626368183	4.0	4	4
172.41509306174436	4.0	4	4
172.51515985980691	4.0	4	4
172.61522665786944	4.0	4	4
172.71529345593197	4.0	4	4
172.8153602539945	4.0	4	4
172.91542705205703	4.0	4	4
173.01549385011955	4.0	4	4
173.1155606481821	4.0	4	4
173.21562744624464	4.0	4	4
173.31569424430717	4.0	4	4
173.4157610423697	4.0	4	4
173.51582784043222	4.0	4	4
173.61589463849475	4.0	4	4
173.7159614365573	4.0	4	4
173.81602823461984	4.0	4	4
173.91609503268236	4.0	4	4
174.0161618307449	4.0	4	4
174.11622862880742	4.0	4	4
174.21629542686995	4.0	4	4
174.3163622249325	5.0	5	5
174.41642902299503	5.0	5	5
174.51649582105756	5.0	5	5
174.6165626191201	5.0	5	5
174.71662941718262	5.0	5	5
174.81669621524517	5.0	5	5
174.9167630133077	5.0	5	5
175.01682981137023	5.0	5	5
175.11689660943276	5.0	5	5
175.21696340749529	5.0	5	5
175.3170302055578	5.0	5	5
175.41709700362037	5.0	5	5
175.5171638016829	4.0	4	4
175.61723059974543	4.0	4	4
175.71729739780795	4.0	4	4
175.81736419587048	4.0	4	4
175.917430993933	4.0	4	4
176.01749779199557	4.0	4	4
176.1175645900581	4.0	4	4
176.21763138812062	4.0	4	4
176.31769818618315	4.0	4	4
176.41776498424568	4.0	4	4
176.5178317823082	4.0	4	4
176.61789858037076	4.0	4	4
176.7179653784333	4.0	4	4
176.81803217649582	4.0	4	4
176.91809897455835	4.0	4	4
177.01816577262088	4.0	4	4
177.11823257068343	3.0	3	3
177.21829936874596	3.0	3	3
177.3183661668085	3.0	3	3
177.41843296487102	3.0	3	3
177.51849976293354	3.0	3	3
177.61856656099607	3.0	3	3
177.71863335905863	3.0	3	3
177.81870015712116	3.0	3	3
177.91876695518368	3.0	3	3
178.0188337532462	3.0	3	3
178.11890055130874	3.0	3	3
178.21896734937127	3.0	3	3
178.31903414743383	3.0	3	3
178.41910094549635	3.0	3	3
178.51916774355888	3.0	3	3
178.6192345416214	3.0	3	3
178.71930133968394	3.0	3	3
178.8193681377465	2.0	2	2
178.91943493580902	2.0	2	2
179.01950173387155	2.0	2	2
179.11956853193408	2.0	2	2
179.2196353299966	2.0	2	2
179.31970212805913	2.0	2	2
179.4197689261217	2.0	2	2
179.51983572418422	2.0	2	2
179.61990252224675	2.0	2	2
179.71996932030927	2.0	2	2
179.8200361183718	2.0	2	2
179.92010291643433	2.0	2	2
180.0201697144969	2.0	2	2
180.12023651255942	2.0	2	2
180.22030331062194	2.0	2	2
180.32037010868447	2.0	2	2
180.420436906747	2.0	2	2
180.52050370480953	2.0	2	2
180.62057050287208	2.0	2	2
180.7206373009346	2.0	2	2
180.82070409899714	2.0	2	2
180.92077089705967	2.0	2	2
181.0208376951222	2.0	2	2
181.12090449318475	2.0	2	2
181.22097129124728	2.0	2	2
181.3210380893098	2.0	2	2
181.42110488737234	2.0	2	2
181.52117168543487	2.0	2	2
181.6212384834974	2.0	2	2
181.72130528155995	2.0	2	2
181.82137207962248	2.0	2	2
181.921438877685	2.0	2	2
182.02150567574753	2.0	2	2
182.12157247381006	2.0	2	2
182.2216392718726	2.0	2	2
182.32170606993515	2.0	2	2
182.42177286799767	2.0	2	2
182.5218396660602	2.0	2	2
182.62190646412273	2.0	2	2
182.72197326218526	2.0	2	2
182.8220400602478	2.0	2	2
182.92210685831034	2.0	2	2
183.02217365637287	2.0	2	2
183.1222404544354	2.0	2	2
183.22230725249793	2.0	2	2
183.32237405056046	2.0	2	2
183.422440848623	2.0	2	2
183.52250764668554	2.0	2	2
183.62257444474807	2.0	2	2
183.7226412428106	2.0	2	2
183.82270804087312	2.0	2	2
183.92277483893565	2.0	2	2
184.0228416369982	2.0	2	2
184.12290843506074	2.0	2	2
184.22297523312326	2.0	2	2
184.3230420311858	2.0	2	2
184.42310882924832	2.0	2	2
184.52317562731085	2.0	2	2
184.6232424253734	2.0	2	2
184.72330922343593	2.0	2	2
184.82337602149846	2.0	2	2
184.923442819561	1.0	1	1
