time	diversity	m_div	M_div
0.0	38.0	38	38
0.10008643288670754	38.0	38	38
0.2001728657734151	38.0	38	38
0.30025929866012263	38.0	38	38
0.4003457315468302	38.0	38	38
0.5004321644335377	38.0	38	38
0.6005185973202453	38.0	38	38
0.7006050302069529	36.0	36	36
0.8006914630936603	35.0	35	35
0.9007778959803678	35.0	35	35
1.0008643288670753	33.0	33	33
1.100950761753783	33.0	33	33
1.2010371946404905	33.0	33	33
1.301123627527198	31.0	31	31
1.4012100604139057	31.0	31	31
1.5012964933006132	31.0	31	31
1.6013829261873207	31.0	31	31
1.7014693590740282	31.0	31	31
1.8015557919607357	31.0	31	31
1.9016422248474434	31.0	31	31
2.0017286577341507	31.0	31	31
2.1018150906208586	31.0	31	31
2.201901523507566	31.0	31	31
2.3019879563942736	31.0	31	31
2.402074389280981	30.0	30	30
2.5021608221676885	31.0	31	31
2.602247255054396	31.0	31	31
2.7023336879411035	31.0	31	31
2.8024201208278114	31.0	31	31
2.902506553714519	31.0	31	31
3.0025929866012264	31.0	31	31
3.102679419487934	30.0	30	30
3.2027658523746414	31.0	31	31
3.302852285261349	31.0	31	31
3.4029387181480564	31.0	31	31
3.503025151034764	31.0	31	31
3.6031115839214714	31.0	31	31
3.7031980168081793	31.0	31	31
3.8032844496948868	31.0	31	31
3.9033708825815943	29.0	29	29
4.003457315468301	29.0	29	29
4.103543748355009	29.0	29	29
4.203630181241717	29.0	29	29
4.303716614128424	29.0	29	29
4.403803047015132	29.0	29	29
4.503889479901839	29.0	29	29
4.603975912788547	29.0	29	29
4.704062345675254	25.0	25	25
4.804148778561962	23.0	23	23
4.90423521144867	22.0	22	22
5.004321644335377	22.0	22	22
5.104408077222085	22.0	22	22
5.204494510108792	22.0	22	22
5.3045809429955	21.0	21	21
5.404667375882207	21.0	21	21
5.504753808768915	19.0	19	19
5.604840241655623	16.0	16	16
5.70492667454233	16.0	16	16
5.805013107429038	16.0	16	16
5.905099540315745	16.0	16	16
6.005185973202453	16.0	16	16
6.10527240608916	16.0	16	16
6.205358838975868	16.0	16	16
6.305445271862575	16.0	16	16
6.405531704749283	15.0	15	15
6.505618137635991	15.0	15	15
6.605704570522698	15.0	15	15
6.705791003409406	14.0	14	14
6.805877436296113	13.0	13	13
6.905963869182821	3.0	3	3
7.006050302069528	3.0	3	3
7.106136734956236	3.0	3	3
7.206223167842943	3.0	3	3
7.306309600729651	3.0	3	3
7.406396033616359	3.0	3	3
7.506482466503066	3.0	3	3
7.6065688993897735	3.0	3	3
7.706655332276481	3.0	3	3
7.8067417651631885	3.0	3	3
7.906828198049896	3.0	3	3
8.006914630936603	3.0	3	3
8.107001063823311	3.0	3	3
8.207087496710018	3.0	3	3
8.307173929596726	3.0	3	3
8.407260362483434	3.0	3	3
8.507346795370141	3.0	3	3
8.607433228256848	3.0	3	3
8.707519661143555	3.0	3	3
8.807606094030264	3.0	3	3
8.907692526916971	3.0	3	3
9.007778959803678	3.0	3	3
9.107865392690387	3.0	3	3
9.207951825577094	3.0	3	3
9.308038258463801	3.0	3	3
9.408124691350508	3.0	3	3
9.508211124237217	3.0	3	3
9.608297557123924	3.0	3	3
9.708383990010631	3.0	3	3
9.80847042289734	3.0	3	3
9.908556855784047	3.0	3	3
10.008643288670754	3.0	3	3
10.108729721557461	3.0	3	3
10.20881615444417	3.0	3	3
10.308902587330877	3.0	3	3
10.408989020217584	3.0	3	3
10.509075453104293	3.0	3	3
10.609161885991	3.0	3	3
10.709248318877707	3.0	3	3
10.809334751764414	3.0	3	3
10.909421184651123	3.0	3	3
11.00950761753783	3.0	3	3
11.109594050424537	3.0	3	3
11.209680483311246	3.0	3	3
11.309766916197953	3.0	3	3
11.40985334908466	3.0	3	3
11.509939781971367	3.0	3	3
11.610026214858076	3.0	3	3
11.710112647744783	3.0	3	3
11.81019908063149	3.0	3	3
11.910285513518197	3.0	3	3
12.010371946404906	3.0	3	3
12.110458379291613	3.0	3	3
12.21054481217832	3.0	3	3
12.310631245065029	3.0	3	3
12.410717677951736	3.0	3	3
12.510804110838443	3.0	3	3
12.61089054372515	3.0	3	3
12.710976976611859	3.0	3	3
12.811063409498566	3.0	3	3
12.911149842385273	3.0	3	3
13.011236275271981	3.0	3	3
13.111322708158688	3.0	3	3
13.211409141045396	3.0	3	3
13.311495573932103	3.0	3	3
13.411582006818811	3.0	3	3
13.511668439705518	4.0	4	4
13.611754872592225	4.0	4	4
13.711841305478934	4.0	4	4
13.811927738365641	4.0	4	4
13.912014171252348	4.0	4	4
14.012100604139055	5.0	5	5
14.112187037025764	5.0	5	5
14.212273469912471	5.0	5	5
14.312359902799178	5.0	5	5
14.412446335685885	5.0	5	5
14.512532768572594	5.0	5	5
14.612619201459301	5.0	5	5
14.712705634346008	5.0	5	5
14.812792067232717	5.0	5	5
14.912878500119424	5.0	5	5
15.012964933006131	5.0	5	5
15.113051365892838	5.0	5	5
15.213137798779547	5.0	5	5
15.313224231666254	5.0	5	5
15.413310664552961	5.0	5	5
15.51339709743967	5.0	5	5
15.613483530326377	5.0	5	5
15.713569963213084	5.0	5	5
15.813656396099791	5.0	5	5
15.9137428289865	5.0	5	5
16.013829261873205	5.0	5	5
16.113915694759914	5.0	5	5
16.214002127646623	5.0	5	5
16.314088560533328	5.0	5	5
16.414174993420037	5.0	5	5
16.514261426306746	5.0	5	5
16.61434785919345	5.0	5	5
16.71443429208016	5.0	5	5
16.81452072496687	5.0	5	5
16.914607157853574	5.0	5	5
17.014693590740283	5.0	5	5
17.11478002362699	5.0	5	5
17.214866456513697	5.0	5	5
17.314952889400406	5.0	5	5
17.41503932228711	5.0	5	5
17.51512575517382	5.0	5	5
17.61521218806053	5.0	5	5
17.715298620947234	5.0	5	5
17.815385053833943	5.0	5	5
17.91547148672065	5.0	5	5
18.015557919607357	5.0	5	5
18.115644352494066	5.0	5	5
18.215730785380774	5.0	5	5
18.31581721826748	5.0	5	5
18.41590365115419	5.0	5	5
18.515990084040897	5.0	5	5
18.616076516927603	5.0	5	5
18.71616294981431	5.0	5	5
18.816249382701017	5.0	5	5
18.916335815587725	5.0	5	5
19.016422248474434	5.0	5	5
19.11650868136114	4.0	4	4
19.21659511424785	4.0	4	4
19.316681547134557	4.0	4	4
19.416767980021262	4.0	4	4
19.51685441290797	4.0	4	4
19.61694084579468	4.0	4	4
19.717027278681385	4.0	4	4
19.817113711568094	4.0	4	4
19.9172001444548	4.0	4	4
20.01728657734151	4.0	4	4
20.117373010228217	4.0	4	4
20.217459443114922	4.0	4	4
20.31754587600163	4.0	4	4
20.41763230888834	4.0	4	4
20.517718741775045	4.0	4	4
20.617805174661754	4.0	4	4
20.717891607548463	4.0	4	4
20.817978040435168	4.0	4	4
20.918064473321877	4.0	4	4
21.018150906208586	4.0	4	4
21.11823733909529	4.0	4	4
21.218323771982	3.0	3	3
21.318410204868705	3.0	3	3
21.418496637755414	3.0	3	3
21.518583070642123	3.0	3	3
21.618669503528828	2.0	2	2
21.718755936415537	2.0	2	2
21.818842369302246	2.0	2	2
21.91892880218895	2.0	2	2
22.01901523507566	2.0	2	2
22.11910166796237	2.0	2	2
22.219188100849074	2.0	2	2
22.319274533735783	2.0	2	2
22.41936096662249	2.0	2	2
22.519447399509197	2.0	2	2
22.619533832395906	2.0	2	2
22.71962026528261	2.0	2	2
22.81970669816932	2.0	2	2
22.91979313105603	2.0	2	2
23.019879563942734	2.0	2	2
23.119965996829443	2.0	2	2
23.22005242971615	2.0	2	2
23.320138862602857	2.0	2	2
23.420225295489566	2.0	2	2
23.520311728376274	2.0	2	2
23.62039816126298	2.0	2	2
23.72048459414969	2.0	2	2
23.820571027036394	1.0	1	1
23.920657459923103	1.0	1	1
24.02074389280981	1.0	1	1
24.120830325696517	1.0	1	1
24.220916758583225	1.0	1	1
24.321003191469934	1.0	1	1
24.42108962435664	1.0	1	1
24.52117605724335	1.0	1	1
24.621262490130057	1.0	1	1
24.721348923016762	1.0	1	1
24.82143535590347	1.0	1	1
24.92152178879018	1.0	1	1
25.021608221676885	1.0	1	1
25.121694654563594	1.0	1	1
25.2217810874503	1.0	1	1
25.32186752033701	1.0	1	1
25.421953953223717	1.0	1	1
25.522040386110422	1.0	1	1
25.62212681899713	1.0	1	1
25.72221325188384	1.0	1	1
25.822299684770545	1.0	1	1
25.922386117657254	1.0	1	1
26.022472550543963	1.0	1	1
26.122558983430668	1.0	1	1
26.222645416317377	1.0	1	1
26.322731849204082	1.0	1	1
26.42281828209079	1.0	1	1
26.5229047149775	1.0	1	1
26.622991147864205	1.0	1	1
26.723077580750914	1.0	1	1
26.823164013637623	1.0	1	1
26.923250446524328	1.0	1	1
27.023336879411037	1.0	1	1
27.123423312297746	1.0	1	1
27.22350974518445	1.0	1	1
27.32359617807116	1.0	1	1
27.42368261095787	1.0	1	1
27.523769043844574	1.0	1	1
27.623855476731283	1.0	1	1
27.723941909617988	1.0	1	1
27.824028342504697	0.0	0	0
27.924114775391406	0.0	0	0
28.02420120827811	0.0	0	0
28.12428764116482	0.0	0	0
28.22437407405153	0.0	0	0
28.324460506938234	0.0	0	0
28.424546939824943	0.0	0	0
28.52463337271165	0.0	0	0
28.624719805598357	0.0	0	0
28.724806238485066	0.0	0	0
28.82489267137177	0.0	0	0
28.92497910425848	0.0	0	0
29.02506553714519	0.0	0	0
29.125151970031894	0.0	0	0
29.225238402918603	0.0	0	0
29.32532483580531	0.0	0	0
29.425411268692017	0.0	0	0
29.525497701578725	0.0	0	0
29.625584134465434	0.0	0	0
29.72567056735214	0.0	0	0
29.82575700023885	0.0	0	0
29.925843433125557	0.0	0	0
30.025929866012262	0.0	0	0
30.12601629889897	0.0	0	0
30.226102731785677	0.0	0	0
30.326189164672385	0.0	0	0
30.426275597559094	0.0	0	0
30.5263620304458	0.0	0	0
30.62644846333251	0.0	0	0
30.726534896219217	0.0	0	0
30.826621329105922	0.0	0	0
30.92670776199263	0.0	0	0
31.02679419487934	0.0	0	0
31.126880627766045	0.0	0	0
31.226967060652754	0.0	0	0
31.327053493539463	0.0	0	0
31.427139926426168	0.0	0	0
31.527226359312877	0.0	0	0
31.627312792199582	0.0	0	0
31.72739922508629	0.0	0	0
31.827485657973	0.0	0	0
31.927572090859705	0.0	0	0
32.02765852374641	0.0	0	0
32.12774495663312	0.0	0	0
32.22783138951983	0.0	0	0
32.32791782240653	0.0	0	0
32.428004255293246	0.0	0	0
32.52809068817995	0.0	0	0
32.628177121066656	0.0	0	0
32.72826355395337	0.0	0	0
32.828349986840074	0.0	0	0
32.92843641972678	0.0	0	0
33.02852285261349	0.0	0	0
33.1286092855002	0.0	0	0
33.2286957183869	0.0	0	0
33.328782151273614	0.0	0	0
33.42886858416032	0.0	0	0
33.528955017047025	0.0	0	0
33.62904144993374	0.0	0	0
33.72912788282044	1.0	1	1
33.82921431570715	1.0	1	1
33.92930074859386	1.0	1	1
34.029387181480566	1.0	1	1
34.12947361436727	1.0	1	1
34.22956004725398	1.0	1	1
34.32964648014069	1.0	1	1
34.429732913027394	1.0	1	1
34.529819345914106	1.0	1	1
34.62990577880081	1.0	1	1
34.72999221168752	1.0	1	1
34.83007864457422	1.0	1	1
34.930165077460934	1.0	1	1
35.03025151034764	1.0	1	1
35.130337943234345	1.0	1	1
35.23042437612106	1.0	1	1
35.33051080900776	1.0	1	1
35.43059724189447	1.0	1	1
35.53068367478118	1.0	1	1
35.630770107667885	1.0	1	1
35.73085654055459	1.0	1	1
35.8309429734413	1.0	1	1
35.93102940632801	1.0	1	1
36.03111583921471	1.0	1	1
36.131202272101426	1.0	1	1
36.23128870498813	1.0	1	1
36.331375137874836	1.0	1	1
36.43146157076155	1.0	1	1
36.531548003648254	1.0	1	1
36.63163443653496	1.0	1	1
36.73172086942167	1.0	1	1
36.83180730230838	1.0	1	1
36.93189373519508	1.0	1	1
37.031980168081795	1.0	1	1
37.1320666009685	1.0	1	1
37.232153033855205	1.0	1	1
37.33223946674191	1.0	1	1
37.43232589962862	1.0	1	1
37.53241233251533	1.0	1	1
37.63249876540203	1.0	1	1
37.732585198288746	2.0	2	2
37.83267163117545	2.0	2	2
37.932758064062156	2.0	2	2
38.03284449694887	2.0	2	2
38.132930929835574	2.0	2	2
38.23301736272228	2.0	2	2
38.33310379560899	3.0	3	3
38.4331902284957	3.0	3	3
38.5332766613824	3.0	3	3
38.633363094269114	4.0	4	4
38.73344952715582	4.0	4	4
38.833535960042525	4.0	4	4
38.93362239292924	4.0	4	4
39.03370882581594	4.0	4	4
39.13379525870265	5.0	5	5
39.23388169158936	5.0	5	5
39.333968124476065	5.0	5	5
39.43405455736277	6.0	6	6
39.53414099024948	8.0	8	8
39.63422742313619	8.0	8	8
39.734313856022894	8.0	8	8
39.8344002889096	8.0	8	8
39.93448672179631	9.0	9	9
40.03457315468302	9.0	9	9
40.13465958756972	10.0	10	10
40.234746020456434	10.0	10	10
40.33483245334314	10.0	10	10
40.434918886229845	10.0	10	10
40.53500531911656	10.0	10	10
40.63509175200326	10.0	10	10
40.73517818488997	11.0	11	11
40.83526461777668	11.0	11	11
40.935351050663385	11.0	11	11
41.03543748355009	11.0	11	11
41.1355239164368	11.0	11	11
41.23561034932351	11.0	11	11
41.33569678221021	11.0	11	11
41.435783215096926	11.0	11	11
41.53586964798363	11.0	11	11
41.635956080870336	11.0	11	11
41.73604251375705	10.0	10	10
41.836128946643754	10.0	10	10
41.93621537953046	10.0	10	10
42.03630181241717	11.0	11	11
42.13638824530388	11.0	11	11
42.23647467819058	11.0	11	11
42.33656111107729	11.0	11	11
42.436647543964	11.0	11	11
42.536733976850705	11.0	11	11
42.63682040973741	11.0	11	11
42.73690684262412	11.0	11	11
42.83699327551083	11.0	11	11
42.93707970839753	11.0	11	11
43.037166141284246	11.0	11	11
43.13725257417095	11.0	11	11
43.237339007057656	12.0	12	12
43.33742543994437	12.0	12	12
43.437511872831074	12.0	12	12
43.53759830571778	12.0	12	12
43.63768473860449	12.0	12	12
43.7377711714912	12.0	12	12
43.8378576043779	12.0	12	12
43.937944037264614	12.0	12	12
44.03803047015132	12.0	12	12
44.138116903038025	12.0	12	12
44.23820333592474	12.0	12	12
44.33828976881144	12.0	12	12
44.43837620169815	12.0	12	12
44.53846263458486	12.0	12	12
44.638549067471565	12.0	12	12
44.73863550035827	12.0	12	12
44.83872193324498	12.0	12	12
44.93880836613169	12.0	12	12
45.038894799018394	12.0	12	12
45.1389812319051	12.0	12	12
45.23906766479181	12.0	12	12
45.33915409767852	12.0	12	12
45.43924053056522	11.0	11	11
45.539326963451934	11.0	11	11
45.63941339633864	11.0	11	11
45.739499829225345	11.0	11	11
45.83958626211206	11.0	11	11
45.93967269499876	11.0	11	11
46.03975912788547	11.0	11	11
46.13984556077218	11.0	11	11
46.239931993658885	11.0	11	11
46.34001842654559	12.0	12	12
46.4401048594323	12.0	12	12
46.54019129231901	13.0	13	13
46.64027772520571	14.0	14	14
46.740364158092426	14.0	14	14
46.84045059097913	14.0	14	14
46.940537023865836	14.0	14	14
47.04062345675255	14.0	14	14
47.140709889639254	14.0	14	14
47.24079632252596	14.0	14	14
47.34088275541267	15.0	15	15
47.44096918829938	15.0	15	15
47.54105562118608	15.0	15	15
47.64114205407279	15.0	15	15
47.7412284869595	15.0	15	15
47.841314919846205	16.0	16	16
47.94140135273291	16.0	16	16
48.04148778561962	16.0	16	16
48.14157421850633	16.0	16	16
48.24166065139303	16.0	16	16
48.341747084279746	16.0	16	16
48.44183351716645	16.0	16	16
48.541919950053156	16.0	16	16
48.64200638293987	16.0	16	16
48.742092815826574	15.0	15	15
48.84217924871328	15.0	15	15
48.94226568159999	15.0	15	15
49.0423521144867	15.0	15	15
49.1424385473734	15.0	15	15
49.242524980260114	15.0	15	15
49.34261141314682	16.0	16	16
49.442697846033525	16.0	16	16
49.54278427892024	17.0	17	17
49.64287071180694	17.0	17	17
49.74295714469365	17.0	17	17
49.84304357758036	17.0	17	17
49.943130010467065	17.0	17	17
50.04321644335377	17.0	17	17
50.143302876240476	15.0	15	15
50.24338930912719	15.0	15	15
50.343475742013894	14.0	14	14
50.4435621749006	14.0	14	14
50.54364860778731	14.0	14	14
50.64373504067402	13.0	13	13
50.74382147356072	13.0	13	13
50.843907906447434	13.0	13	13
50.94399433933414	13.0	13	13
51.044080772220845	13.0	13	13
51.14416720510756	13.0	13	13
51.24425363799426	13.0	13	13
51.34434007088097	13.0	13	13
51.44442650376768	14.0	14	14
51.544512936654385	14.0	14	14
51.64459936954109	14.0	14	14
51.7446858024278	14.0	14	14
51.84477223531451	15.0	15	15
51.94485866820121	15.0	15	15
52.044945101087926	15.0	15	15
52.14503153397463	15.0	15	15
52.245117966861336	15.0	15	15
52.34520439974805	15.0	15	15
52.445290832634754	15.0	15	15
52.54537726552146	15.0	15	15
52.645463698408165	15.0	15	15
52.74555013129488	15.0	15	15
52.84563656418158	15.0	15	15
52.94572299706829	15.0	15	15
53.045809429955	15.0	15	15
53.145895862841705	14.0	14	14
53.24598229572841	14.0	14	14
53.34606872861512	14.0	14	14
53.44615516150183	14.0	14	14
53.54624159438853	14.0	14	14
53.646328027275246	13.0	13	13
53.74641446016195	12.0	12	12
53.846500893048656	10.0	10	10
53.94658732593537	10.0	10	10
54.046673758822074	11.0	11	11
54.14676019170878	11.0	11	11
54.24684662459549	11.0	11	11
54.3469330574822	11.0	11	11
54.4470194903689	11.0	11	11
54.547105923255614	11.0	11	11
54.64719235614232	11.0	11	11
54.747278789029025	11.0	11	11
54.84736522191574	12.0	12	12
54.94745165480244	11.0	11	11
55.04753808768915	11.0	11	11
55.14762452057585	11.0	11	11
55.247710953462565	11.0	11	11
55.34779738634927	11.0	11	11
55.447883819235976	12.0	12	12
55.54797025212269	11.0	11	11
55.648056685009394	11.0	11	11
55.7481431178961	12.0	12	12
55.84822955078281	12.0	12	12
55.94831598366952	10.0	10	10
56.04840241655622	11.0	11	11
56.148488849442934	11.0	11	11
56.24857528232964	11.0	11	11
56.348661715216345	11.0	11	11
56.44874814810306	11.0	11	11
56.54883458098976	12.0	12	12
56.64892101387647	12.0	12	12
56.74900744676318	10.0	10	10
56.849093879649885	10.0	10	10
56.94918031253659	10.0	10	10
57.0492667454233	9.0	9	9
57.14935317831001	7.0	7	7
57.24943961119671	7.0	7	7
57.349526044083426	8.0	8	8
57.44961247697013	8.0	8	8
57.549698909856836	7.0	7	7
57.64978534274354	7.0	7	7
57.749871775630254	7.0	7	7
57.84995820851696	7.0	7	7
57.950044641403665	7.0	7	7
58.05013107429038	7.0	7	7
58.15021750717708	7.0	7	7
58.25030394006379	7.0	7	7
58.3503903729505	7.0	7	7
58.450476805837205	7.0	7	7
58.55056323872391	7.0	7	7
58.65064967161062	6.0	6	6
58.75073610449733	6.0	6	6
58.85082253738403	6.0	6	6
58.950908970270746	5.0	5	5
59.05099540315745	5.0	5	5
59.151081836044156	5.0	5	5
59.25116826893087	6.0	6	6
59.351254701817574	6.0	6	6
59.45134113470428	6.0	6	6
59.55142756759099	5.0	5	5
59.6515140004777	5.0	5	5
59.7516004333644	5.0	5	5
59.851686866251114	5.0	5	5
59.95177329913782	5.0	5	5
60.051859732024525	5.0	5	5
60.15194616491124	5.0	5	5
60.25203259779794	5.0	5	5
60.35211903068465	5.0	5	5
60.45220546357135	5.0	5	5
60.552291896458065	5.0	5	5
60.65237832934477	5.0	5	5
60.752464762231476	5.0	5	5
60.85255119511819	4.0	4	4
60.952637628004894	5.0	5	5
61.0527240608916	6.0	6	6
61.15281049377831	7.0	7	7
61.25289692666502	7.0	7	7
61.35298335955172	7.0	7	7
61.453069792438434	7.0	7	7
61.55315622532514	7.0	7	7
61.653242658211845	8.0	8	8
61.75332909109856	8.0	8	8
61.85341552398526	8.0	8	8
61.95350195687197	7.0	7	7
62.05358838975868	7.0	7	7
62.153674822645385	7.0	7	7
62.25376125553209	7.0	7	7
62.3538476884188	8.0	8	8
62.45393412130551	8.0	8	8
62.55402055419221	7.0	7	7
62.654106987078926	7.0	7	7
62.75419341996563	7.0	7	7
62.854279852852336	7.0	7	7
62.95436628573904	7.0	7	7
63.054452718625754	7.0	7	7
63.15453915151246	7.0	7	7
63.254625584399164	7.0	7	7
63.35471201728588	6.0	6	6
63.45479845017258	6.0	6	6
63.55488488305929	6.0	6	6
63.654971315946	6.0	6	6
63.755057748832705	6.0	6	6
63.85514418171941	6.0	6	6
63.95523061460612	6.0	6	6
64.05531704749282	6.0	6	6
64.15540348037953	6.0	6	6
64.25548991326625	6.0	6	6
64.35557634615294	6.0	6	6
64.45566277903966	6.0	6	6
64.55574921192637	6.0	6	6
64.65583564481307	6.0	6	6
64.75592207769978	6.0	6	6
64.85600851058649	6.0	6	6
64.95609494347319	6.0	6	6
65.0561813763599	6.0	6	6
65.15626780924661	6.0	6	6
65.25635424213331	7.0	7	7
65.35644067502002	6.0	6	6
65.45652710790674	6.0	6	6
65.55661354079344	9.0	9	9
65.65669997368015	10.0	10	10
65.75678640656686	10.0	10	10
65.85687283945356	12.0	12	12
65.95695927234027	13.0	13	13
66.05704570522698	13.0	13	13
66.15713213811368	13.0	13	13
66.2572185710004	14.0	14	14
66.3573050038871	15.0	15	15
66.4573914367738	15.0	15	15
66.55747786966052	17.0	17	17
66.65756430254723	17.0	17	17
66.75765073543393	17.0	17	17
66.85773716832064	17.0	17	17
66.95782360120735	17.0	17	17
67.05791003409405	16.0	16	16
67.15799646698076	16.0	16	16
67.25808289986747	16.0	16	16
67.35816933275417	17.0	17	17
67.45825576564089	16.0	16	16
67.5583421985276	17.0	17	17
67.6584286314143	17.0	17	17
67.75851506430101	17.0	17	17
67.85860149718772	18.0	18	18
67.95868793007442	18.0	18	18
68.05877436296113	18.0	18	18
68.15886079584784	19.0	19	19
68.25894722873454	19.0	19	19
68.35903366162125	19.0	19	19
68.45912009450797	19.0	19	19
68.55920652739466	19.0	19	19
68.65929296028138	20.0	20	20
68.75937939316809	20.0	20	20
68.85946582605479	20.0	20	20
68.9595522589415	20.0	20	20
69.05963869182821	19.0	19	19
69.15972512471491	19.0	19	19
69.25981155760162	20.0	20	20
69.35989799048832	20.0	20	20
69.45998442337503	19.0	19	19
69.56007085626175	19.0	19	19
69.66015728914844	18.0	18	18
69.76024372203516	18.0	18	18
69.86033015492187	18.0	18	18
69.96041658780857	18.0	18	18
70.06050302069528	18.0	18	18
70.16058945358199	17.0	17	17
70.26067588646869	17.0	17	17
70.3607623193554	17.0	17	17
70.46084875224211	17.0	17	17
70.56093518512881	16.0	16	16
70.66102161801552	17.0	17	17
70.76110805090224	18.0	18	18
70.86119448378894	18.0	18	18
70.96128091667565	19.0	19	19
71.06136734956236	19.0	19	19
71.16145378244906	18.0	18	18
71.26154021533577	19.0	19	19
71.36162664822248	18.0	18	18
71.46171308110918	18.0	18	18
71.5617995139959	19.0	19	19
71.6618859468826	19.0	19	19
71.7619723797693	19.0	19	19
71.86205881265602	19.0	19	19
71.96214524554273	18.0	18	18
72.06223167842943	18.0	18	18
72.16231811131614	16.0	16	16
72.26240454420285	16.0	16	16
72.36249097708955	16.0	16	16
72.46257740997626	16.0	16	16
72.56266384286297	16.0	16	16
72.66275027574967	16.0	16	16
72.76283670863639	16.0	16	16
72.8629231415231	16.0	16	16
72.9630095744098	16.0	16	16
73.06309600729651	14.0	14	14
73.16318244018322	13.0	13	13
73.26326887306992	13.0	13	13
73.36335530595663	13.0	13	13
73.46344173884334	14.0	14	14
73.56352817173004	14.0	14	14
73.66361460461675	14.0	14	14
73.76370103750347	14.0	14	14
73.86378747039016	14.0	14	14
73.96387390327688	14.0	14	14
74.06396033616359	14.0	14	14
74.16404676905029	14.0	14	14
74.264133201937	15.0	15	15
74.3642196348237	15.0	15	15
74.46430606771041	15.0	15	15
74.56439250059712	15.0	15	15
74.66447893348382	16.0	16	16
74.76456536637053	16.0	16	16
74.86465179925725	16.0	16	16
74.96473823214394	16.0	16	16
75.06482466503066	16.0	16	16
75.16491109791737	16.0	16	16
75.26499753080407	16.0	16	16
75.36508396369078	16.0	16	16
75.46517039657749	16.0	16	16
75.56525682946419	15.0	15	15
75.6653432623509	15.0	15	15
75.76542969523761	15.0	15	15
75.86551612812431	15.0	15	15
75.96560256101102	15.0	15	15
76.06568899389774	15.0	15	15
76.16577542678444	15.0	15	15
76.26586185967115	15.0	15	15
76.36594829255786	15.0	15	15
76.46603472544456	14.0	14	14
76.56612115833127	14.0	14	14
76.66620759121798	14.0	14	14
76.76629402410468	14.0	14	14
76.8663804569914	13.0	13	13
76.9664668898781	13.0	13	13
77.0665533227648	13.0	13	13
77.16663975565152	13.0	13	13
77.26672618853823	13.0	13	13
77.36681262142493	13.0	13	13
77.46689905431164	13.0	13	13
77.56698548719835	13.0	13	13
77.66707192008505	12.0	12	12
77.76715835297176	12.0	12	12
77.86724478585847	12.0	12	12
77.96733121874517	12.0	12	12
78.06741765163189	12.0	12	12
78.1675040845186	12.0	12	12
78.2675905174053	12.0	12	12
78.36767695029201	12.0	12	12
78.46776338317872	12.0	12	12
78.56784981606542	12.0	12	12
78.66793624895213	12.0	12	12
78.76802268183884	12.0	12	12
78.86810911472554	11.0	11	11
78.96819554761225	11.0	11	11
79.06828198049897	11.0	11	11
79.16836841338566	11.0	11	11
79.26845484627238	11.0	11	11
79.36854127915909	11.0	11	11
79.46862771204579	11.0	11	11
79.5687141449325	11.0	11	11
79.6688005778192	11.0	11	11
79.76888701070591	11.0	11	11
79.86897344359262	11.0	11	11
79.96905987647932	10.0	10	10
80.06914630936603	10.0	10	10
80.16923274225275	10.0	10	10
80.26931917513944	9.0	9	9
80.36940560802616	9.0	9	9
80.46949204091287	10.0	10	10
80.56957847379957	10.0	10	10
80.66966490668628	10.0	10	10
80.76975133957299	10.0	10	10
80.86983777245969	10.0	10	10
80.9699242053464	10.0	10	10
81.07001063823311	10.0	10	10
81.17009707111981	10.0	10	10
81.27018350400652	10.0	10	10
81.37026993689324	10.0	10	10
81.47035636977994	10.0	10	10
81.57044280266665	10.0	10	10
81.67052923555336	11.0	11	11
81.77061566844006	11.0	11	11
81.87070210132677	11.0	11	11
81.97078853421348	11.0	11	11
82.07087496710018	11.0	11	11
82.1709613999869	11.0	11	11
82.2710478328736	11.0	11	11
82.3711342657603	11.0	11	11
82.47122069864702	11.0	11	11
82.57130713153373	11.0	11	11
82.67139356442043	11.0	11	11
82.77147999730714	11.0	11	11
82.87156643019385	12.0	12	12
82.97165286308055	12.0	12	12
83.07173929596726	11.0	11	11
83.17182572885397	11.0	11	11
83.27191216174067	11.0	11	11
83.37199859462739	11.0	11	11
83.4720850275141	10.0	10	10
83.5721714604008	11.0	11	11
83.67225789328751	11.0	11	11
83.77234432617422	12.0	12	12
83.87243075906092	13.0	13	13
83.97251719194763	13.0	13	13
84.07260362483434	13.0	13	13
84.17269005772104	14.0	14	14
84.27277649060775	14.0	14	14
84.37286292349447	14.0	14	14
84.47294935638116	14.0	14	14
84.57303578926788	14.0	14	14
84.67312222215457	15.0	15	15
84.77320865504129	15.0	15	15
84.873295087928	15.0	15	15
84.9733815208147	15.0	15	15
85.07346795370141	14.0	14	14
85.17355438658812	13.0	13	13
85.27364081947482	12.0	12	12
85.37372725236153	10.0	10	10
85.47381368524825	9.0	9	9
85.57390011813494	9.0	9	9
85.67398655102166	9.0	9	9
85.77407298390837	8.0	8	8
85.87415941679507	8.0	8	8
85.97424584968178	8.0	8	8
86.07433228256849	7.0	7	7
86.17441871545519	7.0	7	7
86.2745051483419	7.0	7	7
86.37459158122861	7.0	7	7
86.47467801411531	6.0	6	6
86.57476444700202	6.0	6	6
86.67485087988874	6.0	6	6
86.77493731277544	6.0	6	6
86.87502374566215	7.0	7	7
86.97511017854886	7.0	7	7
87.07519661143556	6.0	6	6
87.17528304432227	6.0	6	6
87.27536947720898	6.0	6	6
87.37545591009568	6.0	6	6
87.4755423429824	6.0	6	6
87.5756287758691	6.0	6	6
87.6757152087558	6.0	6	6
87.77580164164252	6.0	6	6
87.87588807452923	6.0	6	6
87.97597450741593	6.0	6	6
88.07606094030264	6.0	6	6
88.17614737318935	6.0	6	6
88.27623380607605	6.0	6	6
88.37632023896276	6.0	6	6
88.47640667184947	6.0	6	6
88.57649310473617	6.0	6	6
88.67657953762289	5.0	5	5
88.7766659705096	5.0	5	5
88.8767524033963	5.0	5	5
88.97683883628301	5.0	5	5
89.07692526916972	5.0	5	5
89.17701170205642	6.0	6	6
89.27709813494313	6.0	6	6
89.37718456782984	7.0	7	7
89.47727100071654	7.0	7	7
89.57735743360325	7.0	7	7
89.67744386648997	7.0	7	7
89.77753029937666	8.0	8	8
89.87761673226338	8.0	8	8
89.97770316515007	9.0	9	9
90.07778959803679	9.0	9	9
90.1778760309235	9.0	9	9
90.2779624638102	9.0	9	9
90.37804889669691	9.0	9	9
90.47813532958362	8.0	8	8
90.57822176247032	7.0	7	7
90.67830819535703	6.0	6	6
90.77839462824375	7.0	7	7
90.87848106113044	6.0	6	6
90.97856749401716	6.0	6	6
91.07865392690387	6.0	6	6
91.17874035979057	6.0	6	6
91.27882679267728	6.0	6	6
91.37891322556399	6.0	6	6
91.47899965845069	6.0	6	6
91.5790860913374	6.0	6	6
91.67917252422411	6.0	6	6
91.77925895711081	6.0	6	6
91.87934538999752	6.0	6	6
91.97943182288424	6.0	6	6
92.07951825577094	6.0	6	6
92.17960468865765	6.0	6	6
92.27969112154436	6.0	6	6
92.37977755443106	6.0	6	6
92.47986398731777	6.0	6	6
92.57995042020448	6.0	6	6
92.68003685309118	6.0	6	6
92.7801232859779	5.0	5	5
92.8802097188646	5.0	5	5
92.9802961517513	5.0	5	5
93.08038258463802	4.0	4	4
93.18046901752473	4.0	4	4
93.28055545041143	4.0	4	4
93.38064188329814	4.0	4	4
93.48072831618485	4.0	4	4
93.58081474907155	4.0	4	4
93.68090118195826	5.0	5	5
93.78098761484497	6.0	6	6
93.88107404773167	7.0	7	7
93.98116048061839	7.0	7	7
94.0812469135051	7.0	7	7
94.1813333463918	7.0	7	7
94.28141977927851	9.0	9	9
94.38150621216522	9.0	9	9
94.48159264505192	9.0	9	9
94.58167907793863	9.0	9	9
94.68176551082534	8.0	8	8
94.78185194371204	8.0	8	8
94.88193837659875	8.0	8	8
94.98202480948545	7.0	7	7
95.08211124237216	5.0	5	5
95.18219767525888	5.0	5	5
95.28228410814557	5.0	5	5
95.38237054103229	5.0	5	5
95.482456973919	3.0	3	3
95.5825434068057	3.0	3	3
95.68262983969241	3.0	3	3
95.78271627257912	2.0	2	2
95.88280270546582	2.0	2	2
95.98288913835253	2.0	2	2
96.08297557123925	2.0	2	2
96.18306200412594	2.0	2	2
96.28314843701266	3.0	3	3
96.38323486989937	4.0	4	4
96.48332130278607	4.0	4	4
96.58340773567278	4.0	4	4
96.68349416855949	4.0	4	4
96.78358060144619	4.0	4	4
96.8836670343329	4.0	4	4
96.98375346721961	4.0	4	4
97.08383990010631	4.0	4	4
97.18392633299302	4.0	4	4
97.28401276587974	4.0	4	4
97.38409919876644	4.0	4	4
97.48418563165315	4.0	4	4
97.58427206453986	4.0	4	4
97.68435849742656	4.0	4	4
97.78444493031327	4.0	4	4
97.88453136319998	4.0	4	4
97.98461779608668	4.0	4	4
98.0847042289734	5.0	5	5
98.1847906618601	5.0	5	5
98.2848770947468	5.0	5	5
98.38496352763352	5.0	5	5
98.48504996052023	5.0	5	5
98.58513639340693	5.0	5	5
98.68522282629364	5.0	5	5
98.78530925918035	5.0	5	5
98.88539569206705	5.0	5	5
98.98548212495376	5.0	5	5
99.08556855784047	5.0	5	5
99.18565499072717	5.0	5	5
99.28574142361389	5.0	5	5
99.3858278565006	5.0	5	5
99.4859142893873	4.0	4	4
99.58600072227401	4.0	4	4
99.68608715516072	4.0	4	4
99.78617358804742	4.0	4	4
99.88626002093413	4.0	4	4
99.98634645382083	4.0	4	4
100.08643288670754	5.0	5	5
100.18651931959425	5.0	5	5
100.28660575248095	6.0	6	6
100.38669218536766	6.0	6	6
100.48677861825438	6.0	6	6
100.58686505114107	6.0	6	6
100.68695148402779	6.0	6	6
100.7870379169145	6.0	6	6
100.8871243498012	6.0	6	6
100.98721078268791	6.0	6	6
101.08729721557462	6.0	6	6
101.18738364846132	6.0	6	6
101.28747008134803	6.0	6	6
101.38755651423475	5.0	5	5
101.48764294712144	5.0	5	5
101.58772938000816	5.0	5	5
101.68781581289487	5.0	5	5
101.78790224578157	5.0	5	5
101.88798867866828	4.0	4	4
101.98807511155499	4.0	4	4
102.08816154444169	4.0	4	4
102.1882479773284	4.0	4	4
102.28833441021511	4.0	4	4
102.38842084310181	4.0	4	4
102.48850727598852	4.0	4	4
102.58859370887524	4.0	4	4
102.68868014176194	4.0	4	4
102.78876657464865	4.0	4	4
102.88885300753536	4.0	4	4
102.98893944042206	4.0	4	4
103.08902587330877	4.0	4	4
103.18911230619548	4.0	4	4
103.28919873908218	4.0	4	4
103.3892851719689	4.0	4	4
103.4893716048556	4.0	4	4
103.5894580377423	4.0	4	4
103.68954447062902	4.0	4	4
103.78963090351573	4.0	4	4
103.88971733640243	4.0	4	4
103.98980376928914	4.0	4	4
104.08989020217585	4.0	4	4
104.18997663506255	4.0	4	4
104.29006306794926	4.0	4	4
104.39014950083597	4.0	4	4
104.49023593372267	4.0	4	4
104.59032236660939	5.0	5	5
104.6904087994961	5.0	5	5
104.7904952323828	5.0	5	5
104.89058166526951	5.0	5	5
104.99066809815622	5.0	5	5
105.09075453104292	5.0	5	5
105.19084096392963	5.0	5	5
105.29092739681633	5.0	5	5
105.39101382970304	5.0	5	5
105.49110026258975	5.0	5	5
105.59118669547645	5.0	5	5
105.69127312836316	5.0	5	5
105.79135956124988	5.0	5	5
105.89144599413657	5.0	5	5
105.99153242702329	5.0	5	5
106.09161885991	5.0	5	5
106.1917052927967	5.0	5	5
106.29179172568341	5.0	5	5
106.39187815857012	5.0	5	5
106.49196459145682	5.0	5	5
106.59205102434353	5.0	5	5
106.69213745723025	5.0	5	5
106.79222389011694	5.0	5	5
106.89231032300366	5.0	5	5
106.99239675589037	5.0	5	5
107.09248318877707	5.0	5	5
107.19256962166378	5.0	5	5
107.29265605455049	5.0	5	5
107.39274248743719	5.0	5	5
107.4928289203239	5.0	5	5
107.59291535321061	5.0	5	5
107.69300178609731	5.0	5	5
107.79308821898402	5.0	5	5
107.89317465187074	5.0	5	5
107.99326108475744	5.0	5	5
108.09334751764415	5.0	5	5
108.19343395053086	5.0	5	5
108.29352038341756	5.0	5	5
108.39360681630427	5.0	5	5
108.49369324919098	5.0	5	5
108.59377968207768	5.0	5	5
108.6938661149644	5.0	5	5
108.7939525478511	5.0	5	5
108.8940389807378	5.0	5	5
108.99412541362452	5.0	5	5
109.09421184651123	5.0	5	5
109.19429827939793	5.0	5	5
109.29438471228464	4.0	4	4
109.39447114517135	4.0	4	4
109.49455757805805	4.0	4	4
109.59464401094476	4.0	4	4
109.69473044383147	4.0	4	4
109.79481687671817	4.0	4	4
109.89490330960489	4.0	4	4
109.9949897424916	4.0	4	4
110.0950761753783	4.0	4	4
110.19516260826501	4.0	4	4
110.2952490411517	4.0	4	4
110.39533547403842	4.0	4	4
110.49542190692513	4.0	4	4
110.59550833981183	4.0	4	4
110.69559477269854	4.0	4	4
110.79568120558525	4.0	4	4
110.89576763847195	4.0	4	4
110.99585407135866	3.0	3	3
111.09594050424538	3.0	3	3
111.19602693713207	3.0	3	3
111.29611337001879	3.0	3	3
111.3961998029055	3.0	3	3
111.4962862357922	3.0	3	3
111.59637266867891	3.0	3	3
111.69645910156562	3.0	3	3
111.79654553445232	3.0	3	3
111.89663196733903	3.0	3	3
111.99671840022575	3.0	3	3
112.09680483311244	3.0	3	3
112.19689126599916	3.0	3	3
112.29697769888587	3.0	3	3
112.39706413177257	3.0	3	3
112.49715056465928	3.0	3	3
112.59723699754599	3.0	3	3
112.69732343043269	3.0	3	3
112.7974098633194	3.0	3	3
112.89749629620611	3.0	3	3
112.99758272909281	3.0	3	3
113.09766916197952	3.0	3	3
113.19775559486624	3.0	3	3
113.29784202775294	3.0	3	3
113.39792846063965	3.0	3	3
113.49801489352636	3.0	3	3
113.59810132641306	3.0	3	3
113.69818775929977	3.0	3	3
113.79827419218648	3.0	3	3
113.89836062507318	3.0	3	3
113.9984470579599	3.0	3	3
114.0985334908466	3.0	3	3
114.1986199237333	3.0	3	3
114.29870635662002	3.0	3	3
114.39879278950673	3.0	3	3
114.49887922239343	3.0	3	3
114.59896565528014	2.0	2	2
114.69905208816685	1.0	1	1
114.79913852105355	1.0	1	1
114.89922495394026	1.0	1	1
114.99931138682697	0.0	0	0
115.09939781971367	0.0	0	0
115.19948425260039	0.0	0	0
115.29957068548708	0.0	0	0
115.3996571183738	0.0	0	0
115.49974355126051	0.0	0	0
115.5998299841472	0.0	0	0
115.69991641703392	0.0	0	0
115.80000284992063	0.0	0	0
115.90008928280733	0.0	0	0
116.00017571569404	0.0	0	0
116.10026214858075	0.0	0	0
116.20034858146745	0.0	0	0
116.30043501435416	0.0	0	0
116.40052144724088	0.0	0	0
116.50060788012757	0.0	0	0
116.60069431301429	0.0	0	0
116.700780745901	0.0	0	0
116.8008671787877	0.0	0	0
116.90095361167441	0.0	0	0
117.00104004456112	0.0	0	0
117.10112647744782	0.0	0	0
117.20121291033453	0.0	0	0
117.30129934322125	0.0	0	0
117.40138577610794	0.0	0	0
117.50147220899466	0.0	0	0
117.60155864188137	0.0	0	0
117.70164507476807	0.0	0	0
117.80173150765478	0.0	0	0
117.90181794054149	0.0	0	0
118.00190437342819	0.0	0	0
118.1019908063149	0.0	0	0
118.20207723920161	1.0	1	1
118.30216367208831	1.0	1	1
118.40225010497502	1.0	1	1
118.50233653786174	1.0	1	1
118.60242297074844	1.0	1	1
118.70250940363515	1.0	1	1
118.80259583652186	1.0	1	1
118.90268226940856	1.0	1	1
119.00276870229527	1.0	1	1
119.10285513518198	1.0	1	1
119.20294156806868	1.0	1	1
119.3030280009554	1.0	1	1
119.4031144338421	1.0	1	1
119.5032008667288	1.0	1	1
119.60328729961552	1.0	1	1
119.70337373250223	1.0	1	1
119.80346016538893	1.0	1	1
119.90354659827564	1.0	1	1
120.00363303116235	1.0	1	1
120.10371946404905	1.0	1	1
120.20380589693576	1.0	1	1
120.30389232982247	1.0	1	1
120.40397876270917	1.0	1	1
120.50406519559589	0.0	0	0
120.60415162848258	0.0	0	0
120.7042380613693	0.0	0	0
120.80432449425601	0.0	0	0
120.9044109271427	0.0	0	0
121.00449736002942	0.0	0	0
121.10458379291613	0.0	0	0
121.20467022580283	0.0	0	0
121.30475665868954	0.0	0	0
121.40484309157625	0.0	0	0
121.50492952446295	0.0	0	0
121.60501595734966	0.0	0	0
121.70510239023638	0.0	0	0
121.80518882312307	0.0	0	0
121.90527525600979	0.0	0	0
122.0053616888965	0.0	0	0
122.1054481217832	0.0	0	0
122.20553455466991	0.0	0	0
122.30562098755662	0.0	0	0
122.40570742044332	0.0	0	0
122.50579385333003	0.0	0	0
122.60588028621675	0.0	0	0
122.70596671910344	0.0	0	0
122.80605315199016	0.0	0	0
122.90613958487687	0.0	0	0
123.00622601776357	0.0	0	0
123.10631245065028	0.0	0	0
123.20639888353699	0.0	0	0
123.30648531642369	0.0	0	0
123.4065717493104	0.0	0	0
123.50665818219711	0.0	0	0
123.60674461508381	0.0	0	0
123.70683104797052	0.0	0	0
123.80691748085724	0.0	0	0
123.90700391374394	0.0	0	0
124.00709034663065	0.0	0	0
124.10717677951736	0.0	0	0
124.20726321240406	0.0	0	0
124.30734964529077	0.0	0	0
124.40743607817748	0.0	0	0
124.50752251106418	0.0	0	0
124.6076089439509	0.0	0	0
124.7076953768376	0.0	0	0
124.8077818097243	0.0	0	0
124.90786824261102	0.0	0	0
125.00795467549773	0.0	0	0
125.10804110838443	0.0	0	0
125.20812754127114	0.0	0	0
125.30821397415785	0.0	0	0
125.40830040704455	0.0	0	0
125.50838683993126	0.0	0	0
125.60847327281796	0.0	0	0
125.70855970570467	0.0	0	0
125.80864613859139	0.0	0	0
125.90873257147808	0.0	0	0
126.0088190043648	1.0	1	1
126.10890543725151	1.0	1	1
126.2089918701382	1.0	1	1
126.30907830302492	1.0	1	1
126.40916473591163	1.0	1	1
126.50925116879833	1.0	1	1
126.60933760168504	1.0	1	1
126.70942403457175	1.0	1	1
126.80951046745845	1.0	1	1
126.90959690034516	1.0	1	1
127.00968333323188	1.0	1	1
127.10976976611857	1.0	1	1
127.20985619900529	1.0	1	1
127.309942631892	1.0	1	1
127.4100290647787	1.0	1	1
127.51011549766541	1.0	1	1
127.61020193055212	2.0	2	2
127.71028836343882	2.0	2	2
127.81037479632553	2.0	2	2
127.91046122921225	2.0	2	2
128.01054766209896	2.0	2	2
128.11063409498564	2.0	2	2
128.21072052787235	3.0	3	3
128.31080696075907	3.0	3	3
128.41089339364578	3.0	3	3
128.5109798265325	3.0	3	3
128.6110662594192	3.0	3	3
128.7111526923059	3.0	3	3
128.8112391251926	3.0	3	3
128.9113255580793	3.0	3	3
129.01141199096602	3.0	3	3
129.11149842385274	3.0	3	3
129.21158485673945	3.0	3	3
129.31167128962613	3.0	3	3
129.41175772251285	3.0	3	3
129.51184415539956	3.0	3	3
129.61193058828627	4.0	4	4
129.71201702117298	4.0	4	4
129.8121034540597	4.0	4	4
129.91218988694638	4.0	4	4
130.0122763198331	3.0	3	3
130.1123627527198	3.0	3	3
130.21244918560652	3.0	3	3
130.31253561849323	3.0	3	3
130.41262205137994	3.0	3	3
130.51270848426662	3.0	3	3
130.61279491715334	2.0	2	2
130.71288135004005	2.0	2	2
130.81296778292676	2.0	2	2
130.91305421581347	2.0	2	2
131.0131406487002	2.0	2	2
131.11322708158687	2.0	2	2
131.21331351447358	2.0	2	2
131.3133999473603	2.0	2	2
131.413486380247	2.0	2	2
131.51357281313372	2.0	2	2
131.61365924602043	2.0	2	2
131.71374567890712	2.0	2	2
131.81383211179383	2.0	2	2
131.91391854468054	1.0	1	1
132.01400497756725	1.0	1	1
132.11409141045397	1.0	1	1
132.21417784334068	1.0	1	1
132.31426427622736	1.0	1	1
132.41435070911407	1.0	1	1
132.5144371420008	1.0	1	1
132.6145235748875	1.0	1	1
132.7146100077742	1.0	1	1
132.81469644066092	1.0	1	1
132.9147828735476	1.0	1	1
133.01486930643432	1.0	1	1
133.11495573932103	1.0	1	1
133.21504217220775	1.0	1	1
133.31512860509446	1.0	1	1
133.41521503798114	1.0	1	1
133.51530147086785	1.0	1	1
133.61538790375457	1.0	1	1
133.71547433664128	1.0	1	1
133.815560769528	1.0	1	1
133.9156472024147	1.0	1	1
134.0157336353014	1.0	1	1
134.1158200681881	1.0	1	1
134.2159065010748	1.0	1	1
134.31599293396152	1.0	1	1
134.41607936684824	1.0	1	1
134.51616579973495	1.0	1	1
134.61625223262163	1.0	1	1
134.71633866550835	1.0	1	1
134.81642509839506	1.0	1	1
134.91651153128177	2.0	2	2
135.01659796416848	2.0	2	2
135.1166843970552	2.0	2	2
135.21677082994188	2.0	2	2
135.3168572628286	2.0	2	2
135.4169436957153	2.0	2	2
135.51703012860202	2.0	2	2
135.61711656148873	2.0	2	2
135.71720299437544	2.0	2	2
135.81728942726212	2.0	2	2
135.91737586014884	2.0	2	2
136.01746229303555	3.0	3	3
136.11754872592226	3.0	3	3
136.21763515880897	3.0	3	3
136.3177215916957	3.0	3	3
136.41780802458237	3.0	3	3
136.51789445746908	3.0	3	3
136.6179808903558	3.0	3	3
136.7180673232425	3.0	3	3
136.81815375612922	2.0	2	2
136.91824018901593	2.0	2	2
137.01832662190262	2.0	2	2
137.11841305478933	3.0	3	3
137.21849948767604	3.0	3	3
137.31858592056275	3.0	3	3
137.41867235344947	2.0	2	2
137.51875878633618	2.0	2	2
137.61884521922286	2.0	2	2
137.71893165210957	2.0	2	2
137.8190180849963	3.0	3	3
137.919104517883	4.0	4	4
138.0191909507697	4.0	4	4
138.11927738365642	4.0	4	4
138.2193638165431	4.0	4	4
138.31945024942982	4.0	4	4
138.41953668231653	4.0	4	4
138.51962311520325	4.0	4	4
138.61970954808996	4.0	4	4
138.71979598097664	4.0	4	4
138.81988241386335	4.0	4	4
138.91996884675007	4.0	4	4
139.02005527963678	4.0	4	4
139.1201417125235	4.0	4	4
139.2202281454102	4.0	4	4
139.3203145782969	4.0	4	4
139.4204010111836	3.0	3	3
139.5204874440703	3.0	3	3
139.62057387695702	2.0	2	2
139.72066030984374	2.0	2	2
139.82074674273045	2.0	2	2
139.92083317561713	2.0	2	2
140.02091960850385	2.0	2	2
140.12100604139056	2.0	2	2
140.22109247427727	2.0	2	2
140.32117890716398	2.0	2	2
140.4212653400507	2.0	2	2
140.52135177293738	1.0	1	1
140.6214382058241	1.0	1	1
140.7215246387108	1.0	1	1
140.82161107159752	1.0	1	1
140.92169750448423	1.0	1	1
141.02178393737094	1.0	1	1
141.12187037025762	1.0	1	1
141.22195680314434	1.0	1	1
141.32204323603105	1.0	1	1
141.42212966891776	1.0	1	1
141.52221610180447	1.0	1	1
141.6223025346912	1.0	1	1
141.72238896757787	1.0	1	1
141.82247540046458	1.0	1	1
141.9225618333513	1.0	1	1
142.022648266238	1.0	1	1
142.12273469912472	1.0	1	1
142.22282113201143	1.0	1	1
142.32290756489812	1.0	1	1
142.42299399778483	1.0	1	1
142.52308043067154	1.0	1	1
142.62316686355825	1.0	1	1
142.72325329644497	1.0	1	1
142.82333972933168	1.0	1	1
142.92342616221836	1.0	1	1
143.02351259510507	1.0	1	1
143.1235990279918	1.0	1	1
143.2236854608785	1.0	1	1
143.3237718937652	1.0	1	1
143.42385832665192	1.0	1	1
143.5239447595386	1.0	1	1
143.62403119242532	1.0	1	1
143.72411762531203	1.0	1	1
143.82420405819875	1.0	1	1
143.92429049108546	1.0	1	1
144.02437692397214	1.0	1	1
144.12446335685885	1.0	1	1
144.22454978974557	1.0	1	1
144.32463622263228	1.0	1	1
144.424722655519	1.0	1	1
144.5248090884057	1.0	1	1
144.6248955212924	1.0	1	1
144.7249819541791	1.0	1	1
144.8250683870658	1.0	1	1
144.92515481995252	1.0	1	1
145.02524125283924	1.0	1	1
145.12532768572595	1.0	1	1
145.22541411861263	1.0	1	1
145.32550055149935	1.0	1	1
145.42558698438606	1.0	1	1
145.52567341727277	1.0	1	1
145.62575985015948	1.0	1	1
145.7258462830462	1.0	1	1
145.82593271593288	1.0	1	1
145.9260191488196	1.0	1	1
146.0261055817063	1.0	1	1
146.12619201459302	1.0	1	1
146.22627844747973	1.0	1	1
146.32636488036644	1.0	1	1
146.42645131325312	1.0	1	1
146.52653774613984	1.0	1	1
146.62662417902655	1.0	1	1
146.72671061191326	1.0	1	1
146.82679704479997	1.0	1	1
146.9268834776867	1.0	1	1
147.02696991057337	1.0	1	1
147.12705634346008	1.0	1	1
147.2271427763468	1.0	1	1
147.3272292092335	1.0	1	1
147.42731564212022	1.0	1	1
147.52740207500693	1.0	1	1
147.62748850789362	1.0	1	1
147.72757494078033	1.0	1	1
147.82766137366704	1.0	1	1
147.92774780655375	1.0	1	1
148.02783423944047	1.0	1	1
148.12792067232718	1.0	1	1
148.22800710521386	1.0	1	1
148.32809353810057	1.0	1	1
148.4281799709873	1.0	1	1
148.528266403874	1.0	1	1
148.6283528367607	1.0	1	1
148.7284392696474	2.0	2	2
148.8285257025341	2.0	2	2
148.92861213542082	2.0	2	2
149.02869856830753	2.0	2	2
149.12878500119425	2.0	2	2
149.22887143408096	2.0	2	2
149.32895786696764	2.0	2	2
149.42904429985435	2.0	2	2
149.52913073274107	2.0	2	2
149.62921716562778	2.0	2	2
149.7293035985145	2.0	2	2
149.8293900314012	2.0	2	2
149.9294764642879	2.0	2	2
150.0295628971746	2.0	2	2
150.1296493300613	3.0	3	3
150.22973576294802	3.0	3	3
150.32982219583474	3.0	3	3
150.42990862872145	3.0	3	3
150.52999506160813	3.0	3	3
150.63008149449485	3.0	3	3
150.73016792738156	3.0	3	3
150.83025436026827	3.0	3	3
150.93034079315498	3.0	3	3
151.0304272260417	3.0	3	3
151.13051365892838	3.0	3	3
151.2306000918151	3.0	3	3
151.3306865247018	3.0	3	3
151.43077295758852	3.0	3	3
151.53085939047523	3.0	3	3
151.63094582336194	3.0	3	3
151.73103225624862	3.0	3	3
151.83111868913534	3.0	3	3
151.93120512202205	3.0	3	3
152.03129155490876	3.0	3	3
152.13137798779547	3.0	3	3
152.2314644206822	3.0	3	3
152.33155085356887	2.0	2	2
152.43163728645558	2.0	2	2
152.5317237193423	2.0	2	2
152.631810152229	2.0	2	2
152.73189658511572	2.0	2	2
152.83198301800243	2.0	2	2
152.93206945088912	2.0	2	2
153.03215588377583	2.0	2	2
153.13224231666254	2.0	2	2
153.23232874954925	2.0	2	2
153.33241518243597	2.0	2	2
153.43250161532268	2.0	2	2
153.53258804820936	2.0	2	2
153.63267448109607	2.0	2	2
153.7327609139828	2.0	2	2
153.8328473468695	2.0	2	2
153.9329337797562	2.0	2	2
154.0330202126429	2.0	2	2
154.1331066455296	2.0	2	2
154.23319307841632	2.0	2	2
154.33327951130303	2.0	2	2
154.43336594418975	2.0	2	2
154.53345237707646	2.0	2	2
154.63353880996314	2.0	2	2
154.73362524284985	2.0	2	2
154.83371167573657	2.0	2	2
154.93379810862328	2.0	2	2
155.03388454151	2.0	2	2
155.1339709743967	2.0	2	2
155.2340574072834	2.0	2	2
155.3341438401701	2.0	2	2
155.4342302730568	2.0	2	2
155.53431670594352	2.0	2	2
155.63440313883024	2.0	2	2
155.73448957171695	2.0	2	2
155.83457600460363	2.0	2	2
155.93466243749035	2.0	2	2
156.03474887037706	2.0	2	2
156.13483530326377	2.0	2	2
156.23492173615048	2.0	2	2
156.3350081690372	2.0	2	2
156.43509460192388	2.0	2	2
156.5351810348106	2.0	2	2
156.6352674676973	2.0	2	2
156.73535390058402	2.0	2	2
156.83544033347073	2.0	2	2
156.93552676635744	2.0	2	2
157.03561319924412	2.0	2	2
157.13569963213084	2.0	2	2
157.23578606501755	2.0	2	2
157.33587249790426	2.0	2	2
157.43595893079097	2.0	2	2
157.5360453636777	2.0	2	2
157.63613179656437	2.0	2	2
157.73621822945108	2.0	2	2
157.8363046623378	2.0	2	2
157.9363910952245	2.0	2	2
158.03647752811122	2.0	2	2
158.13656396099793	2.0	2	2
158.23665039388462	1.0	1	1
158.33673682677133	1.0	1	1
158.43682325965804	1.0	1	1
158.53690969254475	1.0	1	1
158.63699612543147	2.0	2	2
158.73708255831818	2.0	2	2
158.83716899120486	1.0	1	1
158.93725542409157	1.0	1	1
159.0373418569783	1.0	1	1
159.137428289865	1.0	1	1
159.2375147227517	1.0	1	1
159.3376011556384	1.0	1	1
159.4376875885251	1.0	1	1
159.53777402141182	1.0	1	1
159.63786045429853	1.0	1	1
159.73794688718525	1.0	1	1
159.83803332007196	1.0	1	1
159.93811975295864	1.0	1	1
160.03820618584535	1.0	1	1
160.13829261873207	1.0	1	1
160.23837905161878	1.0	1	1
160.3384654845055	1.0	1	1
160.4385519173922	1.0	1	1
160.5386383502789	1.0	1	1
160.6387247831656	1.0	1	1
160.7388112160523	1.0	1	1
160.83889764893902	1.0	1	1
160.93898408182574	1.0	1	1
161.03907051471245	1.0	1	1
161.13915694759913	1.0	1	1
161.23924338048585	1.0	1	1
161.33932981337256	1.0	1	1
161.43941624625927	1.0	1	1
161.53950267914598	1.0	1	1
161.6395891120327	1.0	1	1
161.73967554491938	1.0	1	1
161.8397619778061	1.0	1	1
161.9398484106928	1.0	1	1
162.03993484357952	1.0	1	1
162.14002127646623	2.0	2	2
162.24010770935294	2.0	2	2
162.34019414223962	2.0	2	2
162.44028057512634	2.0	2	2
162.54036700801305	2.0	2	2
162.64045344089976	2.0	2	2
162.74053987378647	2.0	2	2
162.8406263066732	2.0	2	2
162.94071273955987	2.0	2	2
163.04079917244658	2.0	2	2
163.1408856053333	2.0	2	2
163.24097203822	2.0	2	2
163.34105847110672	2.0	2	2
163.44114490399343	3.0	3	3
163.54123133688012	3.0	3	3
163.64131776976683	3.0	3	3
163.74140420265354	3.0	3	3
163.84149063554025	3.0	3	3
163.94157706842697	3.0	3	3
164.04166350131365	3.0	3	3
164.14174993420036	4.0	4	4
164.24183636708707	4.0	4	4
164.3419227999738	4.0	4	4
164.4420092328605	5.0	5	5
164.5420956657472	5.0	5	5
164.6421820986339	5.0	5	5
164.7422685315206	5.0	5	5
164.84235496440732	5.0	5	5
164.94244139729403	6.0	6	6
165.04252783018075	6.0	6	6
165.14261426306746	6.0	6	6
165.24270069595414	6.0	6	6
165.34278712884085	6.0	6	6
165.44287356172757	6.0	6	6
165.54295999461428	7.0	7	7
165.643046427501	7.0	7	7
165.7431328603877	8.0	8	8
165.8432192932744	7.0	7	7
165.9433057261611	7.0	7	7
166.0433921590478	8.0	8	8
166.14347859193452	8.0	8	8
166.24356502482124	8.0	8	8
166.34365145770795	7.0	7	7
166.44373789059463	7.0	7	7
166.54382432348135	6.0	6	6
166.64391075636806	6.0	6	6
166.74399718925477	7.0	7	7
166.84408362214148	6.0	6	6
166.9441700550282	6.0	6	6
167.04425648791488	6.0	6	6
167.1443429208016	6.0	6	6
167.2444293536883	5.0	5	5
167.34451578657502	5.0	5	5
167.44460221946173	5.0	5	5
167.54468865234844	5.0	5	5
167.64477508523512	4.0	4	4
167.74486151812184	4.0	4	4
167.84494795100855	4.0	4	4
167.94503438389526	3.0	3	3
168.04512081678197	3.0	3	3
168.1452072496687	3.0	3	3
168.24529368255537	2.0	2	2
168.34538011544208	2.0	2	2
168.4454665483288	2.0	2	2
168.5455529812155	3.0	3	3
168.64563941410222	3.0	3	3
168.74572584698893	3.0	3	3
168.84581227987562	3.0	3	3
168.94589871276233	3.0	3	3
169.04598514564904	2.0	2	2
169.14607157853575	2.0	2	2
169.24615801142247	2.0	2	2
169.34624444430915	2.0	2	2
169.44633087719586	2.0	2	2
169.54641731008257	2.0	2	2
169.6465037429693	2.0	2	2
169.746590175856	2.0	2	2
169.8466766087427	2.0	2	2
169.9467630416294	2.0	2	2
170.0468494745161	2.0	2	2
170.14693590740282	2.0	2	2
170.24702234028953	2.0	2	2
170.34710877317625	3.0	3	3
170.44719520606296	3.0	3	3
170.54728163894964	3.0	3	3
170.64736807183635	3.0	3	3
170.74745450472307	3.0	3	3
170.84754093760978	3.0	3	3
170.9476273704965	4.0	4	4
171.0477138033832	4.0	4	4
171.1478002362699	4.0	4	4
171.2478866691566	4.0	4	4
171.3479731020433	4.0	4	4
171.44805953493002	4.0	4	4
171.54814596781674	4.0	4	4
171.64823240070345	4.0	4	4
171.74831883359013	4.0	4	4
171.84840526647685	4.0	4	4
171.94849169936356	4.0	4	4
172.04857813225027	4.0	4	4
172.14866456513698	4.0	4	4
172.2487509980237	4.0	4	4
172.34883743091038	4.0	4	4
172.4489238637971	4.0	4	4
172.5490102966838	4.0	4	4
172.64909672957052	4.0	4	4
172.74918316245723	4.0	4	4
172.84926959534394	4.0	4	4
172.94935602823062	4.0	4	4
173.04944246111734	4.0	4	4
173.14952889400405	4.0	4	4
173.24961532689076	4.0	4	4
173.34970175977747	4.0	4	4
173.4497881926642	4.0	4	4
173.54987462555087	4.0	4	4
173.64996105843758	4.0	4	4
173.7500474913243	4.0	4	4
173.850133924211	4.0	4	4
173.95022035709772	4.0	4	4
174.05030678998443	4.0	4	4
174.15039322287112	4.0	4	4
174.25047965575783	4.0	4	4
174.35056608864454	4.0	4	4
174.45065252153125	4.0	4	4
174.55073895441797	4.0	4	4
174.65082538730465	5.0	5	5
174.75091182019136	5.0	5	5
174.85099825307807	5.0	5	5
174.9510846859648	5.0	5	5
175.0511711188515	5.0	5	5
175.1512575517382	5.0	5	5
175.2513439846249	5.0	5	5
175.3514304175116	5.0	5	5
175.45151685039832	5.0	5	5
175.55160328328503	5.0	5	5
175.65168971617175	5.0	5	5
175.75177614905846	5.0	5	5
175.85186258194514	5.0	5	5
175.95194901483185	4.0	4	4
176.05203544771857	4.0	4	4
176.15212188060528	4.0	4	4
176.252208313492	3.0	3	3
176.3522947463787	3.0	3	3
176.4523811792654	3.0	3	3
176.5524676121521	3.0	3	3
176.6525540450388	3.0	3	3
176.75264047792552	3.0	3	3
176.85272691081224	3.0	3	3
176.95281334369895	3.0	3	3
177.05289977658563	3.0	3	3
177.15298620947235	3.0	3	3
177.25307264235906	3.0	3	3
177.35315907524577	3.0	3	3
177.45324550813248	3.0	3	3
177.5533319410192	3.0	3	3
177.65341837390588	3.0	3	3
177.7535048067926	3.0	3	3
177.8535912396793	3.0	3	3
177.95367767256602	3.0	3	3
178.05376410545273	3.0	3	3
178.15385053833944	3.0	3	3
178.25393697122612	3.0	3	3
178.35402340411284	3.0	3	3
178.45410983699955	3.0	3	3
178.55419626988626	3.0	3	3
178.65428270277297	3.0	3	3
178.7543691356597	3.0	3	3
178.85445556854637	3.0	3	3
178.95454200143308	3.0	3	3
179.0546284343198	3.0	3	3
179.1547148672065	3.0	3	3
179.25480130009322	3.0	3	3
179.35488773297993	3.0	3	3
179.45497416586662	3.0	3	3
179.55506059875333	3.0	3	3
179.65514703164004	3.0	3	3
179.75523346452675	3.0	3	3
179.85531989741347	3.0	3	3
179.95540633030015	3.0	3	3
180.05549276318686	3.0	3	3
180.15557919607357	3.0	3	3
180.2556656289603	3.0	3	3
180.355752061847	3.0	3	3
180.4558384947337	3.0	3	3
180.5559249276204	3.0	3	3
180.6560113605071	3.0	3	3
180.75609779339382	3.0	3	3
180.85618422628053	2.0	2	2
180.95627065916725	2.0	2	2
181.05635709205396	2.0	2	2
181.15644352494064	2.0	2	2
181.25652995782735	2.0	2	2
181.35661639071407	2.0	2	2
181.45670282360078	2.0	2	2
181.5567892564875	2.0	2	2
181.6568756893742	2.0	2	2
181.7569621222609	2.0	2	2
181.8570485551476	2.0	2	2
181.9571349880343	2.0	2	2
182.05722142092102	2.0	2	2
182.15730785380774	2.0	2	2
182.25739428669445	2.0	2	2
182.35748071958113	2.0	2	2
182.45756715246785	2.0	2	2
182.55765358535456	2.0	2	2
182.65774001824127	2.0	2	2
182.75782645112798	2.0	2	2
182.8579128840147	2.0	2	2
182.95799931690138	2.0	2	2
183.0580857497881	2.0	2	2
183.1581721826748	2.0	2	2
183.25825861556152	2.0	2	2
183.35834504844823	2.0	2	2
183.45843148133494	2.0	2	2
183.55851791422162	2.0	2	2
183.65860434710834	2.0	2	2
183.75869077999505	2.0	2	2
183.85877721288176	2.0	2	2
183.95886364576847	2.0	2	2
184.0589500786552	2.0	2	2
184.15903651154187	1.0	1	1
184.25912294442858	1.0	1	1
184.3592093773153	1.0	1	1
184.459295810202	1.0	1	1
